0 0 2.2 5.8 10.2 0 10 0.4 15.6 5.6 7.8 3.6 0 7.6 9.6 0 0 9.2 5 0.6 8 0 0 0 33.8 0 0.2 4.8 8.8 0.2
2.6 0 0 0 0.2 0 0 10.4 0 0 0 9 0 0 0.4 0 0 0 7.2 0 12.8 0 0 0.4 0 0 0 0 0 0
10 0 0 0 0 0 0 0 0 0 0 0 0 0 0 0.2 0 0 2.4 0 0.2 0 0 3.2 0 0 0 0 0 0
5 0 0 0 0 0 0 0 0 0 0 0 0 4 0 0 0 0 0 0 0 0 0 0 0 0 0 0 0 0
0 0 8.8 0 9.6 11.6 7 0 0 0 0 0.4 3.6 0 0 0 12.6 5 0 6.4 0 0 0 0 0 0 0 0 0 0
0 0 0 0 0.8 0 0 0 0 0 0 0 0 6.4 0.2 9.8 0 4 15 0 0 26.6 22 0 11 5 0 10.2 0 0
0 17.6 14.2 7 2.6 17.4 34 0 11.2 0 4.2 0 2.6 0.2 5.2 0 23.6 0 0 0.2 0 17.4 0 0 0 32.2 17.2 0 21 0.2
0.4 0 8 0 0.2 0 0 0 5.4 0 0 1.6 0 0.4 0 0 0 1 0 0 0 0 7 0 0 0 0 0 0 0
0 0 0 0 0 0 0 0 0 0 0 0 0 0 0 0 0 0 4 0 0 0 0 0 0 5 0 0 0 0
0 13.4 0 13.6 0 0.2 0 2.8 0 21.4 0 0 0.4 0.2 0 0 0 0 0 0 7 0 0 0 0 5.2 0 0.2 9.6 0
0 0 6.4 0 0 9.4 6.2 0 8.2 0.2 0 13.2 3.8 0 0 0 0.2 0 3.4 0 0 10.6 0.8 5 0.6 7.4 0.2 0 0 2.4
0 0 0 0 0.8 0 0 0 0 0 0 0 7.4 0 0 0 0 0 0 1 0 0 0 0 0.2 0 6.6 15 0 0
16.6 21.8 26.8 5.8 0.2 11.4 0 0 16.8 12 0 8 1.6 8.8 1 0.6 23.2 0.2 12.4 16 0 7 0 8.6 21.6 9.6 15.2 0.2 20.8 16.8
2.8 5 0.2 0 0 1.8 0 0 0 0 0 0 0 0 0 3 0 0.6 2 0 0 5.4 0 0 0.2 0 0 8 0 0
0 0 0 0 0 0 0 0.2 0 0 0 17.8 0 0 0 0 0 0 0 0 0 0 0 0 0 0 0 0 0 3
4.2 0 0.2 0 23 0 3 0 0 1.8 0 7.6 0 0 0 0 12.2 0 0 0 0 6.4 0.6 0 19.6 4 0 5.4 0 0
0 0.2 0 0 0 0 0 13.6 0 0 3.2 3.8 0 0 0 0.2 0 0 0 0 0 0 0 0 0 0 0 0 0 0
0 21 0 11.4 0 22 6.2 0.2 9.2 29.8 0.6 3 0.8 0.4 0 0 0 0 0 0 7 8.4 0.8 0 11.4 1.4 0 0 0.2 0.2
0 0 0 0 0 0 0.2 0 0 0 0 0 0 0 0 0 0 0 0 0 0 0 0 0 0 0 0 3.6 0.2 0
0 0 0 0 0 0 0 0 0 0 0 0.6 19.2 0 0 0 0 0 0 0 0 0 0 0 0 0 0 0 0.2 0
0 0 0 0 0 0 4.8 0 0 0 0 0 0 12.2 0 0 18 0 2.4 0 0 5 0.2 5.4 0 0 0.2 0 0 4.8
1 0 0 0 0 0 3 0 0 0 0 0.4 0 0 0 0 0.2 0 0 4 0 0.2 0 0 0 10.6 20.6 23 0 0
0 6.6 11 0 0 7.2 0 0 21.4 12.8 8 0 0.2 0 0 0 0 0 0 7.2 0.4 0.2 0.2 0 0 0.6 0 0 4.2 0
0.2 0 0 0 8.2 0 0.2 0 0 0 0 0 0 0.2 0 0 0 0 0 0 0 0 0.2 0.2 1.2 0 0.6 11.6 11.4 0
0 10.2 0 0 0 0.2 0 0 0 1.8 0 4 0 0 0 0 13 0 0 0 0 0 0 0 0 6.8 0 0 0 0
2.6 0 0 0 0.2 0 0 2.8 0 0 0 18.4 1 0 0 2 0 0 0 0 5 0 0 0 0 0 0 0 0 5
0 0 0 0 3.6 0.2 0 0 0 0 0 0 0 0 0 0 15.8 0.2 0 0 0 0 0 5.2 0 0 0 0 0 0
0 0 0 0 0 0.4 0 0 0 0 0 0 0 2.6 0 6.2 0 0 0 0 0 0 0 3.8 1.8 0 0.2 0 4 0
8.6 0 0 0 5.6 0 0 1.6 0 0 0 6.4 0 0.2 3 0 0 0 0 0 0 0 0 0 0 0 0.4 0.2 0 0
1 6.4 0 0 0 0.6 0 0 4.2 0.8 8 0 0 0 0 0 0 0 7 0 0 0 0 0 0 0 0 0 0 0
5 0 0 0 0 0 0 4.2 0 0 0 3.2 0 0.6 0 0 0 0 0 0 0 0 0 0 0 0 0 0 0 0
4 0 0 0 0 0 0 0 0 0 0.2 0 0 0 0 0 0 0 0 0 0 0 0 6.8 0 0 0 0 0 0
0 0 0 0 0 0 0 0 0 0 0 0 0 0 0 0 0 0 5 0 0 0 0 0 0 0 0 0 0 0
5.2 0 0 0 0 0 0 0 0 0 0 0 0 0 0 0 0 0 0 0 0 0 0 8.8 0 0 0 0 0 0
0 0 0 0 0 0 0 0 0 0 0 4.2 0 0 0 0 0 0.2 0 0 0 0.2 0 0 0 0 6.8 10.2 0 10.4
0 0 0.2 0 0 0 16.2 0.4 0 0 0 0.8 0 4.8 0 0 1.6 0 0 20.2 0 0 0 0 0 0.2 0 0 0 3.6
2.6 0 0 0 0 0 0 0 0 0 0 0 0 0 0 0 0 0 0 0 0 0 0 10.4 0 0 0 0 0 0
12 0 0 0 0 0 0 0 0 0 0 0 0 0 0 0 0 0 6 0 0 0 0 9 0 0 0 0 0 0
0 0 0 0 0 15.4 0 0 1 0 0 0 7.6 0 0 0 0 0 0 0 0 0 0 0 1 0 0 0 0 0
0 0 0 1.8 2.4 0 0.2 14.2 0 0 0 0.4 6.4 0.4 0 0 0 0.4 0 0 0 0 20.4 0 0 0 18.8 0.2 1.8 7.6
10 0 11 0 0.2 21.2 7.8 0 0 0 0.2 0.2 0 0.2 0 8.6 0 0 4.4 0 0.2 8 0.8 1.4 0 0 8.2 36 0 3.6
0 0 11.4 0 0.2 0 0.4 0.4 0.4 15.4 0 0 3.2 13.4 0 0.4 5 0 0 0 0 0 0 0 1.4 0 0 0 0.4 0
0 0 0 0 0 0 0 19.4 0 0 0 0 0.2 0 0 0 0 0 0 0.4 0 0 0 0 0 0 0 0 0 5
4.6 0 0 0.4 0 0 0 0.2 0 0 3.6 0 0 0 0 0 0 0 0 0 0 0 0 0 0 0 0 0 0.2 0
7.2 0 0 0 0 0 0 0 0 0 0 0 0 0 0 0 0 0 0.2 0 0 0 0 1.6 0 0 0 0 0 0
0 9 0 0 0 0 0 0 0 0 0 0 0.2 0.6 0 0 0 0 0.6 0 0 0 4 0 0 0.2 0 2.6 2.8 0
0 0.4 1.8 0 6.6 16.8 0.2 4.4 0 0 11.8 0 0 0 6.8 10.4 6.6 7.4 0 7.8 0.6 0 0.2 0.6 3.4 0 0 0 0.2 1
2.4 0 0 0 0.2 0 0 0.2 0 0 0 0 0 0 0 7.2 0 0 0 0 0 0 0 0 0 0 0 0 0 0
0 0.2 0.4 0 0 0.4 0.2 0 4 0 0 0 0 0 0 0 3 0 0 0 0 0 0 0 0 0 0 17.4 0.4 0
0 0.2 0 0 0 0 0 0 0 0.2 3.2 0 8.6 0 2.6 17.8 0 0 0.6 0 1.4 0 0 0 0.2 0 0 0.2 0 0
0 0 0 0 0 0 0 10 0 0 4.2 0 0 0 0 7.4 0 0 0 0.2 0 0 0.2 0 0 0 0 0 0 0
8 0 0 0 0 0 0 13 0 0 0 0 0 0 0 0 0 0 0 0 0 0 0 0 0 0 0 0 0 0
0 0 0.2 0 0 0 0 0 0 0 0 0 0 0 0 0 0 0 0 0 0 0 0 0 0 0 0 16.8 0 0
0 0 25.4 0 0.2 0.2 13.8 0 0.2 1.6 0 9 0 0 0 0 0.2 1 0 13.4 0 0 0 0.2 0.2 0 9.4 34 0.2 0
0 0 0 0 0.2 0 0 6.8 0 4 0 0 0 0 0 9 0 0.2 0 0 0 0 0 7.8 0 0 0 0 0 0
0 0 0 2.2 0 13 0 0.2 0 0.6 0 8.6 0 9.4 4 0 3.4 17.2 0 0 0 12.8 15.2 0 0 0 0 2.2 0.2 0
0.6 17.6 0 18.6 6.8 0 1.6 0.8 19.8 0 15 0 0 11.4 0.4 7.6 11.6 1.6 0 16.2 10.2 8.6 23.8 0 9.6 16 2.2 0 4.2 8.8
0 15 0 0 18.6 0.4 0 0 19.4 3.2 0.2 6.6 14.4 0.4 0.2 0 10.4 0 0 0.8 5.2 28.8 0 0 8.4 7 2.8 0.2 0 0
5 0 0 0 0 0 0 0 0 0 0 0 0 0 0 0 0 0 0.2 0 0 0 0 1.8 0 0 0 0 0 0
0.2 0 3 11.4 21.2 10.4 8.2 0 0 0 0 3 0.8 0 9.8 5.2 0 0 0 0 0 0 16.4 0 0 0 0 0 3.2 0.2
2.6 0 0 0 0 0 0 0 3.2 0.2 0 0.2 0 0 4.6 17.8 0 0.2 0 0.8 6.4 0 0 0 0 0 0 0 0 0
0 0 0 0 20.6 3.4 4.4 11.6 0 0 0 0 0 0.4 0 0 11.2 4.2 0 0.4 0 4 0 0.4 0 0 0 8.4 0 0
0 0 0 7.2 0.8 8 5.4 0 2.6 0 0.2 5.4 24 0 0 0 0 0 0 0 0 0 0.2 0 0 0 5.2 0 0 0
0 0 0 0 0 0 0 0 0 0 0 0.2 0 0 0 0 0 0 0.6 0 0.2 0 0 0 0 0 0 0 0 7
0 0 0 0 0 0 0 0 0 0 0 6.4 0.2 0 0 0 0 0 0 0.4 0 0 0 0 0 0 0 0 0 4
0 0 0 0 0 0 0 0.4 0 0 0 0 0 0 0 0 0 0 0 3 0 0 0 0 0 0 0 0 0 0.6
0.6 2.2 0 0 0 1.2 0 0 0 0 0.2 0 0 19.4 0.2 2.4 0.2 0 11.2 0 4.2 0 0 0 0.6 0 0 0 5.4 0.2
2.8 0 7.6 0 24.8 0 0 0 4.6 8 0 0 0.2 0 0.2 0 0 10.8 0 13.4 0 0 0 6 0 0 0 0 0 0.6
0 0 0 0 0 0 0 0 7 0 0 0 0 0 0 0 0 0.4 0 0 4 0 0.6 0 0 0 0 0 0 0
0 8.8 0.2 0 1.8 0 0 0 1.4 0 0 0 15 16 0 0 0 0.2 0 0.2 0 0 7.6 0 5.2 0 7 1 0 0.6
2.4 0 0 0 0 0.8 0.4 0 0.4 0 0.6 0 0 0 2 0.4 0 8.4 0 0 0 0 3.4 1.8 0 0 0 7.2 1.2 0
12.4 0 0 0 0 0 0 0 0 0 0 0 0 0 0 8.4 0 0 9.8 0 0 0 0 0 0.4 0 0 0 0 0
0 0 0 0 0 0 0 0 0 0 0.2 0 0 0 0 0 2.6 0 0 0 0 0 0 1 0 2.2 0 0 0 3
0.4 0 0 0 0 0 0 0 0 0 0 0 0 0.4 3.4 0 3 0 5 0 0 0 0 0.2 11.6 12 0 0 0 0
0 0 0 0 0 0 0 0.2 9 0 0 6.6 0 0 0 0 0 1.2 0 0.2 0 0 0 0 0 4.6 0 0 0.2 0
7.6 0 0 0 0.4 0 0 0 0 0 0 15 0 0 4 0 0 0 0 0 0 0 0 0 0 0 0 0 0 0
10 0 0 0 0 0 0 0 0.6 0 0 0.4 0 0 0 5.2 0 0 0 0 5.6 0 0 0 0.2 0 0 0 0 0
0 6.6 0 0 0 0 0 3.4 5.6 0 0 0 0 0 0 0.4 0 0 0 0 0 0 0.2 0 4.4 0.4 0 0 0 0
2.4 0 0 0 0 5.4 0 0 0 0 0 0 0 0 0 15.4 0 0 0 0 0.6 0 0 0.4 0.2 0 0 0 0 4.6
0.2 0 0.8 0 15.2 6.6 0 0.2 7.8 0 9.6 0 0 0 0.8 0.6 0 7.4 9.4 11 0 0 0 0 0 0.2 0.2 0 0 4
0 0 0 0 0 0 0 0 0 0 0 12 0 5.6 0 0 0.2 0 0.8 15.6 0.2 0 0 4.6 0 0 13.6 0 0 7.4
1.6 0 0 0 0 0 0 9.8 0 0 0 0 0 0 0 2.4 0 0.4 0.4 0 7 5.4 0 0 10.6 0 0 0 0 1.4
0 11.8 0 1.8 8.8 9.8 0 0.2 27 0.6 7.4 6.8 3.6 0 3 0.6 0 0 3 3.2 0 30.8 9 2.6 17.2 5.2 4.2 0.8 0.6 0
0.2 0 0 0 0 0 0 0 0 0 0 0 0 0 0 0 0 0 9.8 0 0 0 0 2 0 0 0 0 0 0
0 2.4 4.6 0.2 0.2 10 18.6 0 0 0 0 0 0.8 0 0 11.2 0 0.2 0 5 0 0 0 0 1.2 4.2 14 6.2 5.8 20.4
17 0 0 0 0 0 0 0 0 0 0 0 0 0 0 0 0 0 0 0 0 0 0 0 0 0 0 0 0 0
0 0.4 0 0 0 2.8 13 26.8 0.4 0 0 0 2.6 0 0 0.2 0 0 0 0 7 0.2 0 0 0.4 0 0 0 0 0.2
4.2 0 0 7 6 4.2 0 0 0 14.6 0 0 43.4 0 0 0 11 0.4 0.4 0.2 17.4 26.4 32.4 0.6 0 21.8 4.8 0.2 0 0
7.6 0 0 0 0 0 0 0 0 0 0 0 15.6 0 0 0 0 0 0 2 0 0 4.6 0.8 6.6 6 0 2.2 1.6 0
7.4 0 10.8 0 0 23 11.4 0 0 0 0 16.2 23.2 11 0 1.4 9.2 13.4 0 0.4 4.4 0 0 5.2 3.4 7 14.2 9.2 0.8 7.4
0 0 0.2 0 0 0 0 0.2 0 0 0 2.6 0 0 0 0 0 0 0 0 0 0 0 0 0 0 0 0 0 0
0.4 3 7.8 0 0 43.4 15.2 0.6 0.2 0 0 0 20.6 0 0.2 24.4 5 6.2 0 11.2 0.2 0 12.4 0.8 15.4 4 5 1.8 14 7.2
0 9.6 16.4 0 10.4 0.4 0.8 0.4 24.2 0 3.2 0 18.2 0 0 0.2 0 0 0 10.6 0 3.2 0 0 0 4.8 0 1.6 0 0
0 0.2 2 0 0.2 0 0 0.4 0.4 0 0 0 0 0 0 0 0 2.8 0 0 0 0 9.2 0 0 0 0 0 5.8 0
0 0 0 0 0 0 0 1.2 0.6 6.4 0 0 0.2 0 0 0 0 5.8 0 0.2 0 0.8 0.6 0 5.2 0 0 11 0 0
0 2.4 0 0 0 0 0 0 0 0 0 0 0 0 0 0 0 0 0 0 0 0 2.8 0 0 4.8 0 0 0 0
5 0 0 0 0 0 8 8.6 0.2 0 0 0.2 1 0 0 0 0 0 0 6.2 0 0 0 0 0 0 4.2 4.4 0 18.2
21.4 0 0 0.2 0 0 0 0 0 0 0 0 0 0 0 0 0 0 0 0 0 0 0 11.2 0 0 0 0.2 0 0
0 0 0 0 0 0 0 5 0 0 0 15.8 0 0 0 3 0 0 0 0 0 0 0 0 0 0 0 0 0 14.2
0.4 5.6 10.6 0 2 0.2 7.4 3 0 0 0.2 14.6 0 0.2 0 0 7.2 0.6 0 6.8 4.8 0 0.4 3.4 6.2 0 0 0.4 0 0
0 2.6 0 0 0.2 0 0 0.2 0 0 0 6.4 0.2 0.2 0 0 0 0 0 0 0 3.8 0.4 0 0 0 0 0 0 0
18.8 0 0 0 0 0 0 13.4 0 0 0 12 0 0 0.2 0 0 0 0 0 2.8 0.2 0 0.2 0 0 0 0 0 1.4
0 4 0 0 9.8 0 0 0.2 6.8 0 0 0 0 0 0 0 0 0 0 0 8.2 0.8 0 0 0 0 1.2 0 0 0
4.4 0 0 0 0 0 0 0 0 0 0 0 0 0 0 0 0 0 0 0 0 0 0 4.6 0 0 0 0 0 0
0 0 0 0 0 0 0 0 0 0 0 0 0 0 0 0.2 0 0 0 0 7 0 0 0 0 0 0 0 0 4.8
0 0 36.2 0 0 13.8 12.6 4.8 0 0 0 14 0 7 0 0 10.6 4.2 0 15.8 0 0 0 0 0 0 0.2 13.8 3 0
9.2 0.6 0 0 9.6 0 0 0 0 0 0 0 0.8 0 0 0 2.2 0 0 10.2 0 0 0 2.8 0 0 24.6 0 0 0
16 0 0 0 0 0 0 0 0 0 0 0 0 0 0 0 0 0 0 0 0 0 0 0 0 0 0 0 0 0
11 0 0 0 0 0 0 0 0 0 0 0.2 0 0 0 0 0 0 3.8 0 0 0 0 4 0 0 0 0 0 0
0.2 0 0 0 0 0 0 0.2 0 0 0 16.2 0 0 0.6 7 0 0 0 0 0 0 0 1.8 0 0 0 0 0 0
0 0 0 0 0 0 0 0 0 2.6 1.8 0 0.2 0.2 0 0 0 0 0 0 0 0 4 0 0 0 0 5 0.2 0
0.2 0 1 0 0 0 0 2.6 0 0 0.2 0.4 0 0 0 11 0 0 3 0 9.6 0 0 0 24 0 5.2 1.6 0 0.2
15.4 7.8 0 0 0 0 0 0 3.6 0.2 0 0 0 8.6 0 0 0 4.2 13.2 0 10.8 2 2.2 7 0.2 0 0 0.8 0 0
0 0 0 0 0 0 0 0 0 0 7 0.2 0 0 0 0 0 0 0 4.4 0 0 0.2 0 0 0 4.2 3 0 6
0 0 0 0 0 0.8 0 0.2 0 0 4.2 0 0 0 0 0 18.6 0 4.2 0 0 0.2 0 0.8 0 0 0 0 0 0
9.6 0 0 0 0.2 0 0 0 0 0 0 16.4 0 0 0 0.6 0 0 0 0.4 14.2 0 0 1.2 0.2 7.8 0 0 4.8 14.6
3.8 0 0 3.8 0 0 0 0 0 0 8.4 19.6 0.2 0.2 0 4.8 0 0 0 0 0 0 0.6 0.2 6 0 0.4 0 3.4 0.6
0 0 2.6 0 0 6.8 0 0 0.2 0 0 0 0 0 0 0 5.2 13 0 0 0 0 0.4 0 0.4 0 3.8 0 9.6 0
0 0 0 0 0 0 0 0 0 0 0 0 0.2 0 0 0 0.2 5 0 0 0 0 0 0 1.6 0 0 0 5 0
0 0 0 0 0 0 0 0 0 0 0 0 0 7 0 0 0 0 0 0.4 0 0 0 0 0 0 0 5.6 0 0
0.2 0 8 0 0 0 25.8 0 0 0 0 6.2 1 0.2 0 0 0 0 0.8 10.2 0.2 1.2 0 0 0 13.8 0 0 2.6 6.8
0 0 0 5 0 0 0 0 0 0 0 0 0 0 0 0 0 0 0 0 0 0 0 7 0 0 0 0 0 0
0 0 0 0 3.2 0 0 0 1.6 0 0 0 0 0 0 0 0 0 0 0 0 0 0 5 0 0 0 0.2 0 0
0 3.2 0 0 7 13.2 19.6 0 0 0.2 0 9.2 23.8 0 0 0 0 0 0 6.4 0 4.6 0 0.2 0.2 0 0 1.4 0 0
0 0 0 0 0 0 0 0 0 0 2 0 0 0 0 0 0 0 11.4 0 0 0 0 2.6 0 0 0 0 0 0
5.6 0 16 0 0 4.6 16 4.4 0 0 10.2 6.6 0 1.4 5.8 6.8 0 0 0.2 12.6 7.6 0 3 11.8 6.8 0 11.8 0.2 0 15.6
0 0 0 0 0 0 0 0 0 0 0 0 0 0 4.4 0 0 0 0 0 9.6 0 0 0 0 0 0 0 0 0
0 0 0 0 0 0 0 0 3.2 0 0 0.4 0 0.8 0 0 0 0 4.8 0 6.8 0 4.8 0 0.2 0 0 0 0 0
19.2 0 0 0 0 0 0 0 0 0 0 0 0 0 0 0 0 0 0 0 0.2 0 0 3.6 0 0 0 0 0 0
6.4 0 0 0 0 0 0 0.2 0 0 0 0 0 0 0 0 0 4.8 0.4 0 0 0 0 0 0.2 0 0 0 0 0
10.6 0 4 0 0 0 0 0 0 0 0 0 0 0 0 0 1 0 0 1.2 0.2 0 0 0 0 0 10 0 0 0
0 0 0 0 0 0 0 0 0 0 0 0.6 0 0 1 0 0 0 0 0 22.2 0 0 0 0 0 0 0 0.2 0
0 0 0 0 0 0 0 0.6 0 0 0 9.6 0 0 0 0 0 0 0 0 0 0 0 0 0 0 0 0 0 2.8
0 6.2 0 6.4 0 0 0 0 0 0.4 0 0 0 0 0 0 0 0 0 0 5 0 0 0 0 0 0 0 0 0
0 0 0 0 0 0 0 0 0 0 0 0 0 0 0 11.2 0 0 5.6 0 0 0 0 6.8 0.2 0 0 0 0.2 0
0 0 0 0 0 0 0 0 0 0 0 0 0 0 0 0 0 0 0.2 0 0 0 0 8.8 0 0 0 0 0 0
1 0 0.2 0 0 0 0 0.2 0 0 0 37.4 0 0.4 0 14.6 0 0 0 0 1.4 0 0 0 0 0 0 0 0 11.8
3 0 0 0 0 0.2 0.2 4.8 0 0 0 0 0 0 0 0 0 0 0 0 0 4 0 5.2 0 3.6 0 0 0 0
6 0 0 0 0 0 0 0 0 0 0 0 0 0 0 0 0 0 0 0 0 0 0 9 0 0 0 0 0 0
0 5 0 0 0 0 0 0 0 11 0 0.4 0 12.8 4.2 6 0 0 0 0 12.2 0 1.4 5 0 0 2.2 0.4 20.4 2
17.2 0 8 0 10 0 8.4 0 0 0 5.8 11.8 5.4 1.4 0.2 3.2 16.2 0.4 8.2 0 0 0 0 8.8 0 0 20.4 0.4 0 9.2
23.8 0 0 0 0 0 0 0 0 0 0 0 0 0 0 0 0 0 9.2 0 0 0 0 0 0 0 0 0 0 0
9.2 0 0 0 0 0 0 0 0 0 0 0 0 0 0 0 0 0 10.6 0 0.2 0 0 0 0 0 0 0 0 0
0 9 0.4 0 12.2 0 0 0 2 0.8 3.6 0 5 0 0 0 0 0 0 1.8 0 0 0 0 0 0.2 0 0.6 17.4 0
15.6 0 0 0 0 0 0 0 0 0 0.2 0 0 0 0 0 0 0 0 0 0 0 0 8.2 0 0 0 0 0 0
0 0 0 0 0 0 0 0 0 0 0.2 0 0 0 0 0.2 0 0 0 0 4.6 0 0 0 0 0 0 0 0 0
0 0.8 0.8 17 0.4 6 0 2.4 21 14 0 0 14 0 0 16.8 0 12.4 0.6 0 0 15.4 0 2 4.2 9.6 13.6 0 0 0
0 0 0 0 0 8 3.4 0 0 0.2 0 12.8 48.2 0 4 0 0 2.8 0 0 4.6 0 0 0 0 0 0 0 0 9
0.2 0 0 0 0 0 0 2 0 0 0 0 0 0 0 0 0 0 0 0 0 0 11.2 0 0 0 0.2 5 0.4 0
0.4 4.2 0 0 0.4 1.4 0 2.6 0 0.4 0.2 0 0 0 0 0 0 0 2.4 0 0.4 0 7.2 0.2 0 0 0 0.2 3 0
2 0 0 0 0 0 0 0 0 0 0 0 0 0 0 0 0 0 0 0 0 0 0 3 0 0 0 0 0 0
0 0 0 0 0 0.6 0 0.2 5.8 0 0 0 0 0 0 0 0 0 0 0 4.4 0 0 0 0 0 0 0 3 0
0 0 0 0 0 0 0 0 0 0 0 0 0 0 0 7.4 0 0 0 0.2 0 0 0 0 0 0 0 0 0 5.4
0 0 0.2 0.2 0.6 15.4 3.8 20.2 1 0 0 0 0 0 0 0 0 8.4 0 3.4 9.8 0.4 3.8 0 0 0 27.8 0 0 8
2.6 0 0 0 0 0 2.2 7.2 0 0 0 16.4 0 0 0 21.4 0 0 0 0 0 0 0 7 0 0 2.2 0 0 5
0 8 0 4 0 0 0 0 0 10.8 5 0 0.2 0 0 6.6 0 0 5 0 13.8 0 0 0 5 0.6 0 0 0 2
15 0 0 1.2 0 1.8 0 0 2.8 0 0 0 13 0 0 1 0 0 0 0 0.6 2.4 0 0 0 1.8 0 0 0.4 0
0 0 2.8 0 0 0.4 0 0 0 0 0 0 0 2.6 0 5.2 0 0 0 0 0 0 0 0 0 0 4 0 0 0
2 0 0 0 3 0 0 0 0 0 0 0 0 0 0 0 0 0 0 0 0 0 2.4 0 0.8 0 0 0 0.8 0
5.8 0 3 0 0 0 0 8 0 0 0 0.2 0 15.2 0 0 0 0 0 0 0 0 0 3.2 0 0 0 0 0 1.6
0 0 0 0 0 0 0 0 0 0 0 0 0 0 0 0 0 5 0 0 0 0 0 3 0 0 0 4.8 0.2 0
10 0 0 0 0 0 0 0 0 0 0 0 0 0 0 0 0 0 0 0 0 0 0 0 0 0 0 0 0 0
0 20.4 0 0.2 0 3.8 0.4 0 0 16 0 0 4.4 0 0 0 0 0.2 0 0 0 7.6 0 3 0 0 0 0 0 3
0 0 0 0 0 0 0 0 0 0 0 16.8 0 0 0 11 0 0 0 0 0 0 0 6 0 0 0 0.2 0 0
2.8 0.4 0 0 0 0 0 0 0 2.8 0 0 0 0 3 0 0 0 0 0 0 0.8 0.2 0 0 0 0 12 0 0
5 0 0 0 0 0 0 0 0 0 0 0 0 0 0 0 0 0 3.6 0 0.2 0 0 1.2 0 0 0 0 0 0
18.6 0 0 0 0 0 0 0 0 0 0 0 0 0 0 0 0 0 11.2 0 0.2 0 0 0 0 0 0 0 0 0
0 4 0 0 0 0 0 0.2 0 0 0 0 0 0 0 0 0 0 0 0 3.8 0.6 0 0 0 0 0.4 0 0 0
35.4 0 0 0 0 0 0 0 0 0 0 0 0 0 0.6 0 0 0 0 0 0 0 0 1 0 0 0 0 0 0
0.4 0 0 6.4 5.2 0.6 5.4 11.2 0 0.2 0 3.8 13.6 3.8 0 8.4 0 0 6.6 3.2 3.4 0 0 0 5.6 0 0 0 0 0.2
0 0 0 0 0 0 0 0 1.8 0 0 0 0 6.8 0 0 0 0 0 0 0 0 6.4 0 0 0 0 8 0 0
11.6 0 0 0 0 0 0 14.8 0 0 0 0 0 0 0 22 0 0 0.4 0 0 0 0 3 0.2 0 0 0 0 0
11.6 0 0 4 0 5.6 0 4.4 0 0 0.6 0.2 0.4 0 0 0 0 0.2 0 0 0 0 0.2 0.4 8 0.4 0 0 0 0
0 0.6 0 0 0.4 11.8 0 0 0 0 0 7 11.2 3.8 0 16.8 0 5 0 0 0 10.6 12 8 0 0 27 1.4 13.6 8.8
7.8 0 0 0 0 0 0 0 0 0 0 0 0 0 0 0 0 0 0 0 0 0 0 11.2 0 0 0 0 0 0
0 0 0 5 0.4 8.8 0 2.8 0 0 0 0 16.8 5.6 5 0 0 0 0 0 0 0 0 0 0 0 0 0.4 0.2 0
12 0 0 0.6 0 0 0 1.2 0 1 0.2 19.4 0.8 0 7.6 12 1.4 0 7.2 0 7 0 0 2.8 0 0 0 0 0 10.6
0 0 0 0 0 0 0 0.6 0.2 0 0 0 0 0 0 9 0 0 0 0.4 0 0 0 0 8 0 0 2.6 0.2 0
0 0 12.8 0 4.6 0 5.2 0 5.8 0 0 0 0.4 0 0 0 0 0 0 0 0 0 0 0 0 0 0.2 0 0 0
0 21 2.2 0 0 19.8 0 0.6 0 20.6 0 1 20 1.2 0 20.8 0.2 2.2 0 0.2 0 16 0 0 0 0 0 0.2 0 0
0 0 0 0 0 0 0 0 0 3 0 0 0 0 0 0 0 0 0 0 12.8 0 0 0 0.2 0 0 0 1 0
4 0 0 0 0 0 0.2 3.6 0 0 0 0.4 0 0 0.4 0 0.2 0.2 0 7.2 0.2 0 0 0.2 0 0 12.2 0 0 7.2
0.2 0 0 6.4 0 0.6 0 0 0.4 0 0.4 0 0 0 0 0 0 0 0 0 0 0 5 0 0 0 0 0.2 16.8 0
0 4.6 0 0 0 0 3.2 20.4 0 7 0.2 0.2 0.8 0.4 0 0 0.2 0 0 0 0 0.2 0.8 0 0 0 9 0 17.8 5.2
1.6 11.2 0 7 6.6 6.6 0 0.6 0 0.2 0 4.6 0 0 0 13.4 0 6.2 6.2 0 3.2 16.6 0 0 8 0 0 0 0 0
0.2 0 0 0 0 0 0 4.6 0 0 0 12.8 0 0 0 0 0 0 0 0 0 0 0 3.8 0 0 0 0.2 0 0.4
16.8 0 0 0 0 0 0 0 0 0 0 0 0 0 0 0 0 0 0 0 0 0 0 0.2 0 0 0 0 0 0
0 0.4 0 0 0 0.2 0 12.2 0 0 0.2 4.8 0 0 3.8 0 0 0 0 0 0.2 0.2 0 0 0 0 0 0 0 0
0 0.6 0 0 0.8 0 0 0 0 0.2 0 0 0.2 0 0 0 0.2 0 0 3.8 0 0 0.4 0 0 0 14.8 7 0 1
0 0.2 8.6 0 2 2 11.2 2.6 0 0 4.2 2.6 0.2 0.2 0 0.6 2 0 0 18.6 0 5.6 0.2 0.4 0 9 0 2 28.8 0
0 1.8 0 6.4 0 0 7 0 0 0 0.2 0.2 0.2 0 0 1.2 0.8 0 0 0 2 0 7.8 2 0 0 0 0.2 0.2 0
0 0 0 0 0 0 0 0 0 0 0 0.2 0 0 6.2 5.6 0 6.2 0 0.2 0 0 0 0 0 0 0 0 0.8 3.8
0 0 10 0 0 0 0 0 0 0 0 0 0.2 0 0 1 0 0.2 0 0 0 0 0 9 0 0 21.6 0.6 2.4 0
0 0 6.2 7.4 0 9.8 0.4 3.6 4.2 2.2 0 0.8 0 0.6 0 0 1.4 0 0 0 0 4.6 14.8 0 2.2 2 7.8 6.6 7 8.4
0.2 0 0 0 0 0 0 0 0 0 0 0 0 0 0 0 0 8 1 0 8.6 0 0 3.8 0.4 0 0 0 0 0
0 0.4 11 11 16 0 0 0 15.2 0.4 0 14.6 0 0 0 0.6 0.4 2.2 0 20.2 0 0 0 2.4 0 0 0 0 0 10.6
12.6 14.8 0 10.6 0 18.8 3.8 0 0 0 0 0 0 10.6 11.4 3.4 24.8 2.8 0 0 10.6 5.2 0.2 0 30.2 0.8 8.8 16 15.4 0.2
0 4 0 0 0 0 0 0 0 0 0 0 0.8 0 0 0 0 0 4 0 0 0 2.6 0 0 0 0.4 2.2 0 0
0 0 0 0 0 0 0 0 0 0 0 8.6 0 0 0 0.2 0 0 0.6 0 0 0 0 1.4 0 0 0 0.2 0 0
11.8 0 0 0 0 0 0 0 0 0 0.2 0 0 0 0 4.8 0 0 0 0 0 0 0 3.2 0 0 0 0 0 0
0.2 0 0 0 0 0 0 0 0 0 0 0.2 0 0 0 0 0 0 4 0 0.2 0 0 2.4 0 0 0 0 0 0
15.6 0 0 0 0 0 0 0 0 0 0 0 0 0 1 0 0 0 0 0 0 0 0 3.4 0 0 0 0 0 0
0 0 1.8 0 0 7 4 15 0 0.2 0 0 13 8.2 3 3.8 0.2 0 10 0.2 3.6 0 20.4 0 9 0 10 2.2 28.2 0.2
0 2 0 0 0 0 4 0 0 0 0 0 0 0 0 0 0 0 0 0 0 0 0 0 0 0 0 0 0 0
0 0 0 0 0 0 0 0 0 0 0 0 0 0 14 0 0 0 0 0 0 0 0 2 0 0 0 0 0 0
5 0 0 0 0.2 8.4 0.6 0.2 0 0 0 0 0 0 0 0 7.2 0 0 8.6 0 0 0 0 0 0 6 0 0 1.8
0 0 0 0 0 0 0 0 0 4.6 0 0 0 0.2 0 0 0 0 0 0 2 0 12.2 3 0 0 0 0 0 0
0 12.8 0 0 0.2 0 0 0 0 0 6.4 0 0 0 0.2 1.6 0 0 0.2 0 2.8 0 0 0 6.8 0 0 0 0 0
0 0 0.2 13.8 0.2 0 0 5.8 0 0 0 0 2.8 0 0.8 0.2 9 0 0 0 1.8 0 0 0 0 0 0 0 0.2 14.2
0 0 0 3 0 0 0 14.8 0.4 0 0 0 3.8 0 0 0 0 0 0 0 0.2 0 1.2 0 0 0 0 8.2 0.4 0
0 5.2 0 0 13.8 0.2 0 0 0 0 0 0 0 0 0 0 0 0 0 0 0 0 0 0 0 0 0 22.4 5.4 0
0 0 0 0 0.4 1.6 11.4 0 0 0 0 0 9.6 0.2 0 0 7.4 4 0 0.2 0 0 0 0 17.4 0 2.2 21.6 2 4
0 0 22.6 0 0 0 0 0.4 0 0.2 0 0 0 0 0 0 0 0.2 0 0 0 0 1.2 0 0 0 4.4 0 0 0
0 1 0.2 0 0 0 0 0 0 3.8 0.2 0.4 0 0 0 0 0 0 0 0 0 0 0 0 6.2 0 0 13 4.2 0
0 6.2 0 0 0 0 0 0 0 0 0 0 0 0 0 0 0 0 0 1 4 0 0 0 12.6 0 0.2 0 0 0
14.2 0 0 0 0 0 0 0 0 0 0 0 0 0 0 0 0 0 0 0 0 0 0 0.8 0 0 0 0 0 0
0 0 10.6 0 0 0 9.4 0 0 0.6 0 0 0 0.2 0 9.4 0 0 6.8 2.4 0.2 0 0 0.6 0 0 23 14.4 4.2 0.2
0 0 7 0 5 4.2 27.4 0 0 0 0.6 29.2 0 3.6 0 0 12.2 0.2 0 7.2 0 0.8 6.8 3 0 3.6 25.8 0.2 0 5.2
8 0 0 0 0 0 0 0 0 0 0 0 0.2 2.6 0 6.8 0 0 0 0.2 0 0 0.8 6 0 2.4 0 0 0 19
0.2 0 0 2.8 4.4 2.6 0 0 1 0 2 0.2 1.2 0 0.6 1.8 0 5.4 0 0 3.4 0 0 5.4 0 0 10 0 8 0
0 0.2 0 0 0 0 0 0 3.4 3.4 0 0 0 0 0 0 0 0.6 0 0 2.6 13.2 7.4 0 1.2 2 0 0 0 0
0 0 0 0.6 0 0 0 0 0 0 0 0 0.4 0 0 0 0.4 0 0 0 5.4 0 0 0 0 0 0 0 13.2 0
0.2 0 0 0 0.4 0 0 13.8 0 0 0 0.2 0.8 0 0 5.8 0 0 0 0 9.2 0 0 0 0 0 0 0 4.6 0
2.2 0 0 0 0 0 0 0 0 0 0 0 0 0 0 0 0 0 4 0 0 0 0 2.8 0 0 0 0 0 0
0 0 0.4 0 0 0 0 1.8 6.2 11.6 6 4.6 0 0 0 1 0 0 0 15 0 0.2 26.4 7.2 0.4 4.2 0 1 0 0
0 0 0 0 0 0 0 1 0 0 0 2.6 0 0 0 0 0 0 0 0 0 0 0.2 0 0 0 0 2.2 0 1
0 14.6 0 4.4 3 0.4 0.2 0 0 0 0 0 6.8 0 0 6.6 0 0.6 0 0 0 0 0 0 6.8 0 0 0 0.6 0
0 0 0 0 18.8 0 0 6.4 0.4 15.6 0 0.4 0 0 0 0 0.2 0 0 7 0 0 24.6 0 12.4 0.2 0 0 0 0
0.2 13.8 15.8 26.6 10.4 6.6 13.2 0.2 0 44.6 0 7.6 5.8 10.8 7.8 0.4 7.6 0.4 5 21.4 10.8 16.4 9 0 17.2 0.2 0 0 7.6 3.6
0 5.8 0 8 0 0 0 0 0 1 8.8 0.2 0 0 5 0 0 0 0 0 0 6.6 0 0 0 0 0 15.6 0 0
6.2 0.8 0 0 0 1 1.2 0 4 0.2 0 18.4 0 0 0 0.2 0 0.6 0 0 0 2.8 36.8 0.6 0 0 0 0.2 0 0
0 0 0 0 0.2 0 0 0 0 3.6 3.4 0 0 0 0 0 0 0 0 0 0 8.8 7.6 0 4.4 0 0 0 0 0
0 0 0 0 0 0 0 0 0 0 0 2.4 0 0.8 0 0 0 0 0 0 0 0 0 6.8 0 0 0 0 0 1
0 10.8 0 10.2 0 0 0 0.2 9 8.4 20.8 0 0 0 0 0 0 0 5 0 0.4 1.8 0 0 10.2 0 0 6 13.2 0
0 0 0 0 0 0 0 0 0 0 0 0 0 0 0 0 0 0.4 6 0 0 0 0 2.6 0 0 0 0 0 0
16.4 0 0 0 0 0 0 0 0 0 0 0 0 0 0 0 0 0 0 0 0 0 0 3.6 0 0 0 0 0 0
0 0 0 0 0 0 0 0 0 0 0.6 0 0 0 0 7.4 0 0 0 0 9 0 0 0 0 0 0 0 0 0
0 0 0 0 0.2 0 0 0 0 0 0 6.6 11 0 0 0 0 6.6 0 2.8 4.8 0 0 0 0 0 0 0 0 0
0 0 6.4 0 1.2 33.6 22 0 0 0 0.8 21.6 0.2 0 0 5.2 4 0.6 0 0 0.2 0 0 0 0 9.8 5.4 0 0 0
0 0 0 0 0 0 0 0 0 0 0 0 0 0 0 0 0 0 0 7 0 0 0 5 0 0 0 0 0 4
0 0 13.4 0 0 0 5 0.6 0 0 0 0.2 5.6 6.6 0 0 9 8.8 0 0.2 0 0 0 1.8 0 3.6 0 12.4 0 0.8
0.4 0 0 0 0 0 0 0 0 0 0 0 0 4.6 0 0 0 0 7.6 0 0 0 0.2 0 0.2 0 0 0 0 0
0 0 0 0 0 0 0 5.4 0 0 3 0.2 0 0.2 0 0 0 0 0 0 1 0 0 0 0 0 0 1.6 10.6 0
5.2 0 1.6 0 0 12.6 0.4 0 0 0 1.4 9 0 18 0 0 0 0.2 6.6 3.8 3.2 0 0 0 0 3 1.2 11.6 0.2 0
0 0 0 0 0.2 0 0 5.8 0 0 5.6 0 0 0 0 14.4 6.6 1.2 4 2 4.2 0 0 3 0 2.2 5 22.8 0 0
0 0 0 4 0 0 0 2 0 0 1.8 0.6 0 2.2 0 0 0 0 0.8 0 0 0 0 2.2 0 0 0 4.4 0 0
0 0 0 0 0 0 0 0 0 0 0 0 0 0 0 0 0 0 0 0 10 0 0 0 0 3 0 0 0 0
0 4.6 0 0 0 0 0 0 0 0 0 0 0 0 0 0 0 18.6 0 0 0 0 4.8 3 1 0 0 0 0 0
0 0 10.4 0 5.6 0 16.2 0 3 0.2 0 12.8 0 0 0 0 0 0 0 14.8 0 0 0.4 3 0 3.4 0 0.2 0 0
14.4 0 0 0 0 0 0 1 0 0.8 0.2 0 0 12.4 0 3.8 0.2 0 0 0 0 0 0 0 0 0 0 0 0 3.2
0 0 4 0 0.6 0.2 5 0.4 0 0 6.6 0 0.2 14.8 0.2 15.8 0.2 0 0 0 5.4 0 6.6 18 0 0 14.2 0 0 7.8
4.6 0 0 5 0 0 0 0 0 0 0 3.6 0 0 0 0 0 0.4 3.6 0 11.4 0.2 0 0 0 0 0 0.2 0 0
0 0 0 0 0 0 0 0 0 0 0 0 0 0 0 0 0 0 3.6 0 1.4 0 0 0 0 0 0 0 0 0
0 0 0 0 0 0 0.2 7.6 0 0 0 0 0.2 0.2 0 0 0 0 0 0.2 0 3.6 0.4 0 2.6 0 0 0 0 0
15.6 0 0 0 0 0 0 0 0 0 0 0 0 0 0 0.2 0 0 0 0 0 0 0 0.2 0 0 0 0 0 0
2 0 0 0 0 0 0 0 0 0 0 0.6 0 0 0 0 0 0 0 0 0 0 0 1.4 0 0 0 0 0 0
0 0 0 0 4.6 5.4 18.8 0.6 0 0 0.2 0 14 3 0 0.2 0.4 0 0 0 0 0 0 0 0 0.2 0.6 4 0 0
0 0.2 0 0 0 0 0 0 0 10.2 0 0 0 0 0 0 0.4 3.2 0 12.2 0.2 0.2 1.4 0 0.4 0 0 9 13.6 0
0 0 0 0 0 0 0 0 0 0 0.6 0 0 8.8 0 0.4 23.4 0 0 0 10 0 0 0 0 18.8 0 0 0 0
0 0 0 0 0 0 0 0.2 0 0 0 26.6 0 0.2 0 0 0 0 0 0 3.6 0 0 0 0.4 0 0 0 0 0
3.4 0 0 0 0 0 0 0 0 0 0 1.2 0.4 0.2 0 0 0 0 0 0 3.8 0 0 0 0 0 0 0 0 0
0 0 6.8 1 17.8 6.6 0.2 0 6.8 9 5 6 0 0.6 0 0 5.6 0 0 7 0 0.6 0 0 0 9.2 0 0.4 34.4 0
0 0 14.4 5.6 0 8.6 6.6 0 0 0 16 0 0 1.6 0 0 10.6 3 0 23 0 0 1.6 0 9.8 19.2 20.4 6.6 0.8 5.2
0 20 4 0.8 2.8 4.4 3.6 8 2.2 10.2 5.4 0 0 0 0 0 3.4 11.2 0 0 0 0 1 0 0 5.4 0 0 0 2.6
0 0 0 4.6 4.4 0 0 0 0 0 17.4 2.8 7.4 0 0 16.2 7.8 0 10 0.2 0 0 0.4 0 0 1.8 8.8 0 0.2 0
7.6 0 4.8 3.4 0 18.6 0.2 0 0.2 4.4 0 13.8 0.6 0 0 0 0 0.2 0.2 0 0 36.4 25.8 0 0.2 15.4 0 0 0.2 0
0 0 0 0 0 0 0 0 0 0 0 0 0 0 0 0 0 0 0 0 0 0.2 0 0 0 5.2 0 0.2 21.4 0
4 0 0 0 0 0 0 0 0 0 0 0 0 0 0 0 0 0 0 0 0 0 0 0 0 0 0 0 0 0
0 0 0 0 0 0.2 0 0 0 0 0 15.2 0 0 0 0 3.8 0 0.6 0 0 0 0 0 0 0 0 0 0.2 0
0 0 9.2 0 6.6 0 0 0 7.8 0.2 0 0 0 0 0 0 3 6.6 0 4.6 0 0 0 0 0 0 0 0 0 0
0.2 0 13.8 1.2 0.4 14 11.2 0 11.4 0 0.6 0.4 16.2 0.2 0 3.6 28.8 7.4 0 26.6 0 0 0 13.2 19.2 0 45.2 0.4 9.4 44.6
0 0 0 0 0 0 0 0 0 0 0 6.4 0 0 0 3.8 0 0.2 0.4 0 0 0 0 0 0 0 0 0 0 0.2
0 5 0 0 0 0 0 0 0 0 0 0 0 0 0 0 0 0 0 0 4.8 0 0 0 0 0 0.2 0 0 0
0.4 0 28.4 11 0 6.2 7.6 4.6 0.4 0 0.2 9.4 0 0.2 0 18.4 0 7.8 0.6 18.2 0 19 0.4 4.4 0 8.6 20.6 0.4 0 27.2
0 0.4 14.4 5.4 1.2 0 24.2 0 4.4 2.8 0 8.8 33.2 0.2 6.2 4.8 0 0 0 6 0 3.6 0 0 2.6 0 13.8 0.2 0.2 10.6
1.4 0 0 0 0 0 0 0 0 0 0 0 0 0 0 0 0 0 9.6 0 0 0 0 1 0 0 0 0 0 0
11 0 0 0 0 0 0 0 0 0 0 0 0 0 0 0 0 0 0 0 0 0 0 0 0 0 0 0 0 0
0 0 0 0 0 0.2 8.2 0 0 0 0 1.8 0 0 0 0.8 0 0 0 0 0 0 0 0 0 0 0 0 0 1
15 0 0 0 0 0 0 0 0 0 0 0.2 0 0 0 0 0 0 8.8 0 0 0 0.2 6.8 0 0 0 0 0 0
0 0 0 0 0 0 0 0 0.4 0 0 0 0 0 0 0 0 0 0 0 0 0 1.4 0 0 0 0 11.2 0 0
23 0 7.8 10.6 0 15.6 23.8 0.8 8.8 0 1.4 4.2 31.4 0 2.2 0.2 11.2 0 0 0 4.2 0 0 0 0 1 0 0 0.2 6.6
0 0 0 0 0 4 0 3 0 0 6.6 1 0 0 0 5.4 0 0 0 0 0 0.4 0 0 0 0 0 0 0 6.6
0 0 0 0 0 0 0 0 11.6 11.2 0 0 0.4 0.2 0 0 0 0 0 0 0 0 0.2 0 0 0 0 8.2 0.2 0
0 0 0 0 0 0 0 2 0 0 0 0 0 0 0 2 0 0 0 0 0 0 0 0 0 0 0 0 0 0
0 0 0 0 0 0.2 4.2 0 15.8 0 0 11.6 1.8 0 0 1.6 0 0 0 8 0 0 11 0.2 0 0.4 3 17.6 1.4 5.2
0.2 0 17.2 6 10 3 40 22.2 0 0 0 6.4 0.2 2.6 0 18.8 19 0 2 0 3.4 0 0 5 0 4.4 0 0 8.8 18.8
0 6 1.4 0 0.6 0 0 0.4 0.4 8.6 3.4 0 0 10 0 0 0 0 0 0 0 0 12.8 0 5 0 9.2 0.2 0 0
6 7 0 9.6 14.4 7.2 16 0.8 0.2 0.2 12.2 0.2 6.8 0.6 0 0 0 0 0 0 9.6 1 24.2 0 38.4 9.4 9.2 2 0 0
0 0 0 0 0 0 0 15.8 0 0 0.2 8.6 0 0 0 27.8 0 0.2 0.2 0 0 0 0 13.8 0 0 0 0 0 12.4
0 0 23.6 0 18.2 23.2 5.8 0 0 0.4 0.2 1 22.2 0 0 0 0 0.2 0 0 6.2 6.8 0 0 5.2 0 0 0 0.2 3.8
11 0 0 4.6 0 0 0 0 0.4 0 0 1.2 0 0 2.2 10.2 0 0 14.6 0 15.4 0 11 0 0 0 0.2 0.2 0 0
9 7.2 13.6 0.8 0 1.6 0 0 0 0 9 0.4 0 0 0 5.8 0 0 0 2.4 0 0 1.2 1 0 0 3.6 2.6 8.8 0
0 0 0.6 0 0 0 0 0 28.8 24.2 0 0 2.2 0 0 3.4 0 0.2 0 3.8 0 0 20.8 0 0 0.8 0 0 0 5.2
0 25.2 0 12 16.8 8.4 0 0 0 0.2 6.2 0 10.4 8 0.2 0.4 0 21.2 0 0 0 17.2 0 1 0 17.4 0 0.6 1.4 0.4
0 0 0 0 0 0 0.2 5 0 0 0 3.8 0 0 0 0 0 0 0 0 0 0 0 6 0 0 0 0 0 4
5.2 3.2 5.8 0.2 8.6 14.2 7.6 0 0 0 0 0 7.6 6 0 0 10.6 0 0 14.6 0 0 0 7.6 0.6 3.6 13.6 16.4 2.4 22.2
3.6 0 0 0 0 0 0 0 0 0 0 0 0 0 0 0 0 0 0 0 0 0 0 4.4 0 0 0 0 0 0
3.6 0 36.8 5.8 0 1.8 24.4 0 0 0 9 15 8.2 14 0 24.4 9.2 0.6 8.8 14.8 10 12.2 10.8 0 6.6 0 13.8 0.2 0 4
0 0 0 0 0 0 0 0 0 0 0 0 0 0 0 0 0 0 0 0 0 0 0 0 0 0 0 0 0 4
0.4 7.8 0.4 14.6 0 0.2 0 0 0 3.6 2.4 6.8 0 0.2 0 0.4 0 9.8 0.4 0 10.2 22.2 0 2.4 10.4 3.8 6.6 11.4 15 0
0 0 0 0 0 0 0 0 0 0 0 0 0 0 0 0 0 0 4 0 3 0 0 0 0 0 0 0 0 0
0 0 3.2 0.2 0.2 0 9 0 14 4.4 0 0.4 5.2 0 0 0 0 0 0 7.2 0 0.2 0 0 0.8 4 6 1.4 8.8 0
0.2 10.6 0 5.6 19.6 16.4 0 0 15 16 0 0 12.6 0 8.8 0 12 0 0 16.8 6.6 37 0 0 0 13.2 8.2 0 0 4.4
0 0 0 0 0 0 0 0 0 0 0 0 0 0 0 0 0 0 4.8 0 0 0 0 6.2 0 0 0 0 0 0
0 0 0 0 0.6 0 0 0 0 0 0 0 0 0 0 0.2 0 0 0 0 0 0 0 0 0 0 0 4.2 0 0
0 0 0 0 0 10.4 17.4 0 0.8 17 0 0 23.4 8.4 0 0 0.4 0 0 10.2 0 0 0.6 0 0 10 15.2 0 0.2 0
0 14.8 0 0 0 0 1.8 0 14.8 16.8 0 0 0 0 0 0 0 0 0 5.2 0 35.4 0.2 0 7 0 0 0 0 0
0 15 25.6 0 20 0 0 0 0 31 0 14.2 0 0 2.2 0 0.6 0.8 0.2 21.6 3 0.2 9.6 6.6 0 9.4 0 0 0 0
0 0 9.6 0 0.2 1 18 1.6 0 0.2 0 14.6 20 4.2 0 1 0 0 0 4.4 0 0 0 5 0.8 0 1.2 0 0 17.2
7 0 0.2 0 0 0 0 0 0 4.2 0 0 0 0 0 0 0 0 0 0 0 0 0 0 5.6 0 5.4 7.2 2.4 0
1 0.4 0 0 0 0 0 0 0.2 4 0 0 0 4.6 0 0 0 0 0 0 5.4 0 3 0 6.2 0 0 0.2 0 0
4 0 0 0 0 0 0 0 0 0 0 0 0 0 0 0 0 0 0 0 0 0 0 0 0 0 0 0 0 0
0 1.2 5.2 0 0.2 0.4 19.8 0 0.2 0 0.4 0 0 0 0 4.6 0 0 0 0 9.2 3.6 21.6 2.8 1.8 0 10.4 12.6 0 0
8.2 0 0 0 0 0 0 0 0 0 0 0 0 0 0 0 0 0 0.8 0 0 0 0 4 0 0 0 0 0 0
0.2 0 0 0 4.4 0.8 0 0.2 0 0 0 0.6 4.2 0 0 0 2 0 0 6.4 0 0 0 3.6 0 0 13.8 19.2 0 19.6
0.2 7.6 0 5.2 0 0 0 0 0 7.4 2.4 0 0 0 0 0 0 0 0 0 12 0 0 0 3.6 0 0.2 0 8.4 0
0 0 0 0 0 0 0 0.2 0 0 0 0 0 0 0.2 0 0 0 6.8 0 0.2 0.2 8.4 0 0 0 0 0 0 0
2.4 0 0 0.6 0 0 0 7.4 0 0 3.4 0.2 0 0.2 0 28.6 0 0 0 0 0 0 0.2 0 5 0 0 0 0 0
10.4 0 0 0 0 0 1 8.8 0 0 0 0 0 0 0.2 14.2 0 0 0 0 0 0 0 20.6 0 0 0 0 0 1.8
0 10.2 0 0 0 6.6 0 0 9.6 12.6 3.2 0 0 0 0 0 0 0 0 3.6 0 0 21.8 0 0.2 0.2 0 0 0 0
0 0.2 16 0 5 0.4 0.2 0 5.6 4 0 0 0 0 0 0 0 0.2 0 0 0 0.4 14 0 0 3.4 16.2 12.4 0 0
0 15.2 0 0 0 15.2 0 0 0 0.6 0.6 0 15.2 6.2 0 12.4 2 0 14 9.4 0.2 2 0.8 5.8 0 5 0 0.4 7 3
0 0.2 15.2 0 15.6 8 0 0.2 0 0.2 0 0 20.8 0 0 0.6 3 0.6 0 0 3.4 6.2 25.4 10.4 6.6 0.2 16.4 0.2 0 11.8
0 0 0 0 0 0 0 0 0 0 0 0 0 4.4 0 5.6 0 0 0 0 0.8 0 5.8 7.2 0.4 0 0.6 0 2.2 0
0 0 8.6 0 5.4 0 0 0 0 0 0.2 2.8 10.2 0 0 0 3 0.4 0 7.4 3 0 17.6 0 0.2 0 0 0.2 1 0
0.2 5.4 0 0 0 0 0 2 0 0 6.8 0 0 0 0 0 1 0 12.2 0 0 0 0 6.2 4.6 2.6 0 0 0 0
8 0 1.4 0 11 0.4 0 0.4 0 0 0 37.6 0 12.2 0.4 0 0 0 0 4 0 0 0 1 0.2 3.2 22.8 11.4 0 22
0 0 0 0 0 0 0 0 3.6 0 0 0 0 0.2 0 0 0 0.2 0 0 5.4 0 1.2 0 0 0 0 0.4 0 0
15.6 10.8 0.2 0 0 27.2 0 12.2 0 0.4 5.4 0 0 0 0.2 6.2 12.6 16.8 5.8 0 38.2 23.6 0 0 5.6 10.6 0.2 9.2 5 1
0 0 0 0 0 0 0 0 0 0 0 0 0 0 0 0 0 0 0 0 0 0 0 4 0 0 0 0 0 0
0 0 2 0 0 14 8.6 5.6 0 0 0 2.6 2 0 0 8.6 0 0 0 0.2 0 0 0 0 0 0 0 1.2 0 0.2
0 0 0 0 4.6 0 0 0 0 0 0 0 0 0 0 0 0 0 0 0 0 0 0 3 0 0 0 7.4 0 0
6.8 0.6 0 0 0 3.8 0 0 0 11.4 0.4 0 0 0 0 0 0.2 0 0.2 0 1 6.8 4.6 0 0 0.2 0 0 0 0
4 5.6 5.8 0 1.2 12.4 2.6 0 24.2 0 0 0 0 22.6 0 0 0 0 0 0 0 29 0.2 0 0 1 0.2 0.2 7 0
0 0 0 0.4 0.2 0 0 0 0 0 0.4 1 15.2 0 0 0 0 0 0 0 0 0 1.2 0 0 3.4 0 0 2.2 0
9.8 0 0 0 0 0 0 0 0 0 0 0 0 0 0 0 0 0 2 0 0 0 0 3.2 0 0 0 0 0 0
8.4 0 0 9.2 0 6.4 0 7.4 0 11.2 0 2.2 17.6 0 0 3.4 8 7.4 7.6 0 0 0.6 0 0 19.8 0 0 0 0 3.8
0 0 1.4 0 0 38 4.2 0 20.4 0 0 2.8 0 0 6 15.2 13.6 0.2 0 0 5.8 9.2 33.2 0 16 0.4 12.2 0.8 1.6 0
0 0 0 2.2 0 17 0 0.2 1 0.2 0.8 12.4 0 15.4 5 0 0 17.8 9.4 0 24.4 20.8 0.2 0 0 0 1.2 0 0.2 5.8
13 7.4 3.2 0 0.2 8.6 0 0.8 0 14.2 0 22.4 24.8 0 0 17.8 0 0 7.2 0 9.4 11 0 0 6.2 0 0 2.8 0 0
0 0.8 16.4 0 0 0 5 0 3.2 0 0 0 0 0 0 0.2 3.2 0.2 0 0 0 0 38.2 0 0 0 14 0 0.2 15.6
0 0 1.2 0 0 0 1.6 11 0 0 0.2 0 9.4 0 0 0 0 1 0 0 0 0 0 4 6.6 0.6 37.6 0.4 0 27.4
0 0 0 0 0 0 0 0 0 0 0 8.8 0 0 0 0 0 0 0 0.2 0 0 0 0 0 0 0 0 0 5
0 0 0 0 0 0 0 0 0 0 0 14.6 0 0 0 0 0 0 0 0 4.2 0 0 0 0 0 0 0.2 0 0
0.2 0 0 0 0 0.2 0 0 0.2 0.2 7.6 0 0 0 0 0.2 0 0 0 0 0 9.4 13 0 0 0 0.2 22 0.8 0
7.8 0 0 0 0 0 0 0 0 0 0 0 0 0 0 0 0 0 5.2 0 0 0 0 11 0 0 0 0 0 0
0 4 0 0 0 0 0 0 0 0 0 0 0 18.4 0 0 0 0 0 0 0 2.8 0 0 0 0 15.4 0 2.4 0
20.8 0 0 0 0 0 0 0 0 0 0 0 0 0 0 0.2 0 0 5.4 0 0 0 0 2.6 0 0 0 0 0 0
0.6 4.4 0 21.2 0 14.8 0 0 3.8 29.8 12.4 0 0 1.2 4.6 9.6 0 0 30.4 0 0 16 0 0.2 0 0 0 0 0 0
15.4 0 0 0 0 0 0 0 0 0 0 0.2 0 0 4 0 0 0 4 0 0 0 0 0.2 0.2 0 0 0 0 0
0.2 0 0 0 0 0 0 0 0 0 0 0 0 0 0 0 0 0 0 0 0 0 0 3.8 0 0 0 0 0 0
0 0 0 0 0 0 0 0 0 0 0 9.2 0 0 0 0 0 0 0 0 0 0 0 9 0 0 0 0 0 22.8
0 18 0 12 0 0 0 0 0.8 0 6.8 0 0 0 0 0 0 0 0 0 0 0 0 0 4.2 0 0 0.2 0 0
0 0 0 0 0.6 0 0 0.2 0 0 4 0 0 5 0 0 0 1.8 0 0 0 0 0 3 0 0 0 0 0 0.4
0 7 0 3.8 0.6 0 0 3 3.2 0 0 0 0.2 1 0 0 0 2 4 0.2 10.6 0.6 31.8 0 0 0 0 0 0 0
0 0 0.2 3.8 0 0.4 10 0 6.8 9.6 5.4 0.2 0 0 0 2 0 2.6 0 0 0 0.2 0.2 0 0.2 0 6.2 3.2 0 0
0 0 0 0 0 0 0 0 0 0 0 0 0 0 0 0 0 0 0 0 0 0 0 11 0 0 0 0 0 0
0 0 31.8 0.8 1.2 22.2 0.4 23.8 0 0 0.2 0 13.2 0 8 0 7.2 1.4 0 19 0 0 5.8 5.4 0 0.6 0.2 13.6 1 1.2
0.2 0 0 0 0 0 0 3.8 0 0 0 0 0 0 0 0 0 0 13 0 0 0 0 0 0 0 0 0 0 0
0 0 0 0 0 0 0.2 0 0 0 4.4 10.8 0 0 0 1.2 0 0.4 0 0 12 0 0 2 0 0 0 0 0 0
0 0 0 0 0 0 0 0 0 0 0 0 0 0 0 0 15 0 0 0 0 0 0 0 0 0 0 0 0 0
0 0 0 0 0 0 0 0 0.2 0 0 0.2 0 15.6 0 0.4 28.6 0 5 0 0 0 0 0 0 0 0 0 0 0
0 0 0 0 0 0 0 0 0 0 4.6 0 0 0 0 0 15.4 0 0 0 0 0 0 0 0 0 0 0 0 0
20 0 0 0 0 0 0 0 0 0 0 0 0 0 0 0 0 0 0 0 0 0 0 0 0 0 0 0 0 0
4.2 0 0 0 0 0 0 2.6 14.8 19.4 0 0 0 0 0 0 0 0 2.8 0 0 11.4 3.2 0 0 0 0 2.6 0 0
0 0 0 0 4.4 0 0 0 0 0.2 0 0.2 0 0 0 0 4 0 0 0 0 0 8.4 0 0 0 1.8 22 0 0
9.2 0 0.2 0 0 0 0 0 0 0.4 0 0 0 17.2 0 0 25.4 0 0 0.2 0 0 0 0 0 0 0 3.4 0 4
0 1.4 0.4 11 11.8 12.4 5.4 7 0 4.6 0 0.2 1 0 0 0 0 20.6 0 30.4 0 0.4 0 0.2 0 5.2 13 31.4 0 4.6
0 0 7.8 0 4.6 0 4.6 5.8 0.2 0 0 26.8 0 19.2 5 0 6.4 0 0 0 0 0.2 0 1 7.8 0 30.8 5.4 0.2 22.2
0 0 0 0 0 0 0 0 0 0.2 0 0 0 0 0 0 7.6 0 0 0 0 0.2 0 0 0 0 12 0 0 0
8.6 0 0 0 0 1.4 0 0 0 0 0 0 0 0 0 1 0 0.2 0 0 0 0 0.6 2.4 0 0 0 0 5.8 0
1.8 0 0 0 0.2 0 0 0 0.4 0 0 0 0 0 0 0 9.8 0 3.4 0 0 0 0 2.8 0 2.2 0 12.4 0 0
0 24 0 11.4 0.2 16.6 21.6 0 0.6 0.2 13 4 35.2 6.4 0 1.6 0 0 0 28.6 10.4 0.4 4.6 4.8 0.8 3.8 23.6 0 1.2 18
3.6 0.4 0 0 0.2 9.6 13.4 0 0.2 8.6 0 0 0 0 4 0 6.2 0 4.4 0 7.8 10.2 18.8 0 2.2 23.8 20.6 12.8 2.2 0
0.4 0 5.8 10.6 0.4 9.4 0 0 5.8 5.4 0 0.2 2.8 0 3 0.2 0 0 0.6 0 5.6 0 0.2 0 4.4 6.6 8.2 23.4 0 0
3.4 13.6 0 17.2 0 0 0.6 9.8 0 12.6 7.4 0 1.6 0 0.2 0 0 0.6 2.6 8.2 0 0.2 0 1 1 0 0 1.8 0.2 0
0 0 0 0 0 0 0 0 0 0 0 0 0 0 0 0 0 0 0 0 0 0 0.2 0 0.4 0 0 0.4 14 3
0.4 4.4 0 3 0 0 0 0 0 0.2 0 0 0 0 0 0 0 0 1.6 0 0 20.8 0.4 0 0 0 0 0.2 16 0
12 0 0 0 0 0 0 0 0 0 0 0 0 0 0 0 0 0 0 0 0 0 0 0 0 0 0 0 0 0
3 0.4 0.2 7.2 0 19.6 5 7 0 0 11.2 0 0 0 0 7 8.2 6.8 3 0 2.4 1 18.6 0 13.4 16 0.2 0 0 4.8
0 0 0 0 0 0 0 0 0 0 0 0 0 0 0 0 0 3 0 0 0 0 0 4 0 0 0 0 0 16
0 0 12.6 5 0.6 3 0 15.6 27.4 0 13 0 1 5.4 5.2 0 6.2 0.6 0 1.4 11.4 0 5.8 1.8 10.6 0 29 0 16.4 0
4.4 0 0 0 0.2 0.2 0 17 0 0 0 0 0 0 0 10 9.6 0 0 0 0 0 0 17.2 0 0 0.2 0 0.2 0
8.6 6.8 0 4.4 5 6.8 18.6 0 0 16.4 4.2 4 15.4 0 0 0 1.2 0 0.2 15.2 8.6 34.8 15 0 0.4 24.6 0 0 2.2 8.6
5 0 0 0 0 0 0 0 0 0 0 0.2 0.2 0 0 3.6 0 0 1.4 0 0 0 0 2.6 0 0 0 0 0 0
0 0 0 0 0 0.2 0 16 0.2 29.2 0 2.4 8.4 1.8 0 0 3.4 0 0 0.2 1.8 0 0 0.2 0.6 0 0 16.4 12.2 0
13.4 0.2 0 0 0 0 0 17 0 13.2 0.2 0.6 0 0 1.8 0 0 0 12.8 0 0 16.2 0 0 4 5.4 0 0.2 0 0
6.6 0 17.4 0 0 17.6 34.2 0 8 0 0.2 43.4 0 24.2 1 0.4 0.2 0 0 31 0 3.6 0 1.6 3.6 0 25.4 0 26.4 40.2
0 0.2 0 0 0 0 8.8 3 0 0 3.8 0 0.4 0 0 0 2.4 0 0 4 0 0 0 0 0 6.4 11.2 23.4 5.8 1.6
0 0 6.2 0 0.2 0.2 0.2 10.8 0 0 0 3.4 14.2 0 0 0 0 0 0 0 0 0 0.4 0 0 0 0.2 3.6 7.6 0
0 0 0 0 0 0 0 0 0 0 0 29.6 0 0 0 0 0 0 0 0 0 0 0 0 0 0 0 0 0 4.4
9 3.6 0 0.6 0 0 0 0 0 10 0 0.4 0 7 0 0.2 0 0 0 0 0 6.2 19.8 4 8.8 3 0 7.4 0 0
0 0 16.8 0 0 0.2 6.2 0 25.4 20.6 0 12.4 0.4 1.2 0 1.4 0 0 0 12.2 2 0 36.4 0 0 9.4 0 0 0.2 0.2
8.8 0 40 0.2 0 13.8 12 0 0 0.2 0.6 0 21.2 9.6 8.4 14 0 0 0 3.2 0 3.2 0.2 0.6 0 6.2 39.8 0.4 0 8.6
15.8 0 0 0 0 0 0 0 0 0 0 0 0 0 0 0 0 0 1.6 0 0 0 0 0.4 0 0 0 0.2 0 0
10.8 14.4 0 3.8 10 0 0 1.6 0 0 0 9.4 0 9.6 0 0 0 0.2 0 2.8 9.6 1.8 3.6 0.8 0 0.2 5 0.4 0 0
0 0 0 0 0 0 0 13.2 0 0 0 0.4 0 0 0 0 0 0 0 0.4 11.6 0 0 0 1 0.2 0 3.6 10.6 0
0 0 0 0 0 0 0 16.2 0 0 0 12 0 0 0 8.6 0 0 0 0 0.6 0 0 0 0 0 0 0 0 18.6
14.6 0 0 0 0 0 4 0 0 0 0 0 0 0 4 0 0 0 0 0 0 0 0 6.4 0 0 0 0 0 0
2.2 17.6 22.6 7 1.6 24.4 43.6 0 16.6 0.2 1 0 16.8 7.6 1 0 32.6 4.8 1 22.2 0 7.8 0 1.4 5.6 2.8 15.6 0.4 16.6 0
0 29.8 2.4 6.6 0.4 6.6 2.8 0 9.4 24.2 5.4 18 4.2 15.4 0 1.2 13 0 0 16 10.2 16 0 0 0 1.6 0.2 0.2 21.6 5.8
5.8 0.6 9.8 0 0 20 18.4 18.8 16 0.4 0 9.2 4.2 0.4 0 0 0.4 0 0 0 0.4 17.6 0.8 0 11.4 0 10.8 29.2 10.4 0.4
12.4 0 0 0 0 0 0 0 0 0 0.2 0 0 0 0 0 0 0 0 0 0 0 0 15.4 0 0 0 0 0 0
4 13.8 0 5 0 14.4 0 0.2 20.2 0 0 0 0 2.2 0 0 0.4 0 6.8 0 5.6 46.8 1.2 3.8 14.6 15 0 0 0 0
3.4 0 0 0 0 0 0 0 0 0 0 0 0 0 0 0 0 0 11.6 0 0 0 0 4 0 0 0 0 0 0
0 0 13.8 0 0 0.2 0 0 0 0 3 1 0.2 1.2 0 0 0 0 0 0 3.4 0 0.4 0 4.8 0.2 0.2 22.4 0 1.2
0 0 0 0 0 8.2 0 0 0 0.4 0.4 0 0 0 0 0 0 0 0 0 0 0 0.6 0 0.2 0 0.2 0 17 0
0.6 0 0 0 0.8 0 0 0.2 0 0 0 0 0 6.2 0 0.2 0 0 12.8 0 8.8 0 0 7 0 0 0 0.4 0 0
9.6 0 0 0 0 0 0 0 0 0 0 0 0 0 0 0 0 0 0.4 0 0 0 0 0 0 0 0 0 0 0
0 0 0 0.4 1.4 0 0 0 0 0 0 0 0 0 0 0 2 3.2 0 0 0 0 0 9 6 0 0 0 0 0
1.2 17.6 29.2 0.2 37.4 18.2 43.6 0.4 8.2 0 0 33.6 44.8 0 0.2 0.2 0 16 11 1.8 17.4 3.4 0 8.4 0 0 19.2 0 37.8 19.2
0 0 23 12.8 0 1.4 20.4 0 0.4 0.4 2 0 0.8 20.8 2 9.8 25.4 13 0 30.4 0 0 0.2 2.8 0 0.2 17.4 23 0 17.8
12.8 0 0 0 0 0 0 0 0 0 0 0 0 0.2 0 0 0 0 0 0 0 0 0 2 0 0 0 0 0 0
0 0 0 0 0.2 0 0 6.4 0 12 1.6 0.8 0 0 0 0 0 0 0 1 0.4 0 0 0 0 0 0 4.2 0 0.4
6.8 2.6 0 0 0 0 0 0 0 1.2 0.6 0 0 0 1 0 0 0 0.6 0 8.2 9 2 0.8 4.2 0 0 0 0 0
0 0 0 0 1.4 0 0 8.6 0 0 0 0 0 3.8 0 0 6.6 0 0 0 0 5 6.4 0 0.2 0 2.2 7.8 0 0
1.4 0 0 0 0 0 0 3.2 0 0 0 0 0 3.4 0 11.4 21 0 0 0.2 16 0 0 7.4 0 0 0 0 0 0
24.2 0 0 0 0 0 0 6.2 0 0 0 14.4 0 0 0 0 0 0 0 0 0 0 0 0 0 0 0 0 0 0.2
0 0 0 0 0 0 0.4 0 0.6 0 0.2 0 0 0 0 3.2 0 0 0 0 6 0 3.6 12 0 0 0 0 0 0
9.6 0 14 0 0 0 0 12.4 5.2 0 9.2 0 0 0.6 0 0 13.6 0 0.2 4.8 0 0 0 12.4 0 0 15.4 0 8.4 1.2
0 3.6 0.2 0 0.2 0 0 0 0 12.8 0 0 0 0 0 0 0 0 0 0 0 31.2 17.2 0 0.2 0 0.2 6.2 10.2 0
0 0 0 0 0 0 0 0 0 0 0 0 0 0 0 0 0 0 8.6 0 0 0 0 13.4 0 0 0 0 0 0
10.4 0 0 0 0 0 0 0 0 0 0 0 0 0 0 0 0 0 5.4 0 0 0 0 15.2 0 0 0 0 0 0
0.6 1.2 11 7 8 18 23.6 11 17.2 18.8 0 0.4 0 0.8 0 22.2 0 24 0 16.2 4.4 31.4 0.6 0 18.2 0 40 29.4 3.4 3.6
0 0 0 0 0 6 0 3.8 0 0 5.4 0.4 0.2 0.2 0 0 0 7.8 0 0 9.8 0.4 0 3.8 4.8 2.4 0 0 0 0
0.2 0 0 0 0 0 0 0 0 0 0 0 0 0 0 0 0 0 5.8 0 0 0 0 0 0 0 0 0 0 0
0 0 0 0 0 0 0 23.6 0 0 0.4 22.2 0 0 0 9.4 0 0 0 0 0 0 0 0 0 0 0 0 0 4.4
0 0 0 0 0 0 0 7.4 0 0 5.4 0 0 0 0.2 2 0 0 0 0 0 0 0 3 0 0 0 0 0 0
0 0 0 0 0 0 0 0 0 0 0 22.8 0 0.2 0 9.8 0 0 0 0 3 0 0 0 0 0 0 0 0 10.2
3.8 0.2 12.6 9.2 0.2 9.8 31.6 0 1.4 0 0.6 9.2 13.6 0 0 14.4 17.8 20.2 0 13.4 0 0 0.2 14.6 0 8.6 45.4 2.4 22 26.8
14.6 0 16.4 0 0 20.4 6.4 0 0 0 0 0 16.8 0 2 4.2 0.2 3.8 0 12.4 0 0 0 0 0 0 4 0 12.8 9
0.2 17 6 0.2 36.4 15.8 14.8 0 13 20.8 0 4.8 0 0 2.8 0.2 5.4 0.2 0 14.8 10 23.2 15 0.4 11.6 4 0 9.4 0 0
1.4 0 0 0 0 0 0 0 1 0 0 11.6 0 0 0 0 0 0 0 1 0 0 0 0 0 0 0 0 0 0
3.6 0 0 0 0 0 0 0 0 4 0 4 0 0 0 16.8 0 0 0.4 0 0 0 0 0 0 0 0 0 0 0
32.2 0 0 12 0 0 0 0 0 0 0 0 6 0 0 0 0 0 15 0 0 0 0 8.8 0 0 0 0 0 0
0 0 0 0 0 0 0 0.8 0 0 0 8.4 0 0.2 0 0.2 0.2 0 0 0 0 0 0 6.2 0 0 0 0 0 0
0.2 0 21.4 0 0 0.4 0 0 0 0 0 0 0 30.6 0 0 5.2 0 0 0 0 0 0 0 0 11.6 13.8 0 0 1.8
12.6 0 0 0 0 0 0 0 0 0 0 0 0 0 0 0 0 0 2.2 0 0 0 0 12.6 5 0 0 0.2 0.4 0
0.2 0 0 0 0 0 0 0 0 0 0 10 0 0 1.4 0 0 0 0 0 1.4 0 0 0 0 0 0 0 0 0
9.8 0 0 0 0 0 0 10.2 0 0 0.6 7.6 0 0.2 0 5 0 0 2.2 0 4.4 0 0 0 3.6 3 0 0 7.4 1
0 0 0 0 0 0 0 0 0 0 0 0 0 0 0 0 0 0 3 0 0 0 0 0 0 0 0 0 0 0
0 0 0 0 0 11.4 0 0 0.2 4.8 0 0.6 0 40.6 0 9.8 0.8 0 2.4 0 0 0 0 0 0.8 6.4 5.2 0.2 0.8 7
19.6 0 0 0 0 0 0 0 0 0 0 0 0 0 0 0 0 0 0.4 0 0 0 0 0 0 0 0 0 0 0
0 0 0 4.4 0 0 0 1.4 0 0 4 0.2 0 0 0 9.4 0 0 5 0 9 0 0 0 0.4 0 0 0.2 0 2
20.2 14.8 28.2 1.2 23.4 10 65.4 0 0 43 0 20.6 64 7 0.2 14 10 6.8 0 15 19 46.6 32.6 0 13.8 0 27.8 0 0 10.4
27.8 0 0 0 0 0 0 0 0 0 0 0 0 0 0 0 0 0 4.8 0 0 0 0 26.4 0 0 0 0 0 0
0 21 2.2 18.4 19.2 0 8 1.6 0.2 22.4 13.2 0 0.4 0 0.2 0.2 0 0 0 1.2 0.8 16.2 31.2 0 13.6 20.6 0 2.4 0 0
0 0 0 0 0.8 11.4 13.6 7.4 0 0 0 2 0 0.8 5.6 0.4 0 4.6 0 0 0 0 0 0.4 0 0 15.4 0.2 31.4 20
0.2 1.8 2.4 1.8 3.6 0 0 15.2 7.2 18.2 0 0 19 2.6 0 0.2 0 8.4 6.6 5.6 0 0 27 19.2 0 0 2.2 9.6 0.2 0
10 0 0 0 7.8 9.6 1.8 9.2 0 0 0.2 21.2 24 12.4 2.2 6.4 12 0 2.8 0.2 10.2 0 0.2 0 2.6 0 0.2 6 0 0
0 0 3.6 0 11.4 0.2 3 0 0 0 15 9.8 0 9.8 8.6 0 1.6 0 0 6.6 0 0 38 0 23 5.2 8.8 0 0 10.4
0 0 4 10.6 20.2 36.6 16.2 0 3.6 12.6 0.8 21 42 5.2 0 0 0 14.6 0.2 32 10 0.8 1.6 0 12.4 0 34.4 0 15.4 16.8
0.2 0.2 0 9.2 0 0.2 0 29 25.8 0.2 0.4 0 1.2 0.2 0 3 1.4 0 10.8 3.2 22.8 24 0 0 15.2 0 0 13.6 16.8 12.6
1.4 0 0 0 2.6 0 0 0.6 4 0 0.2 21.8 0 0.2 2.4 0 6.2 0.4 0 0.2 6.4 0 13.6 25.6 0 0.2 1.4 0.2 0 12.6
3.8 0 0 0.8 0 0 0 0.6 0 0 0 0 0 0 0.8 18.2 0 0.4 13 0 17.2 0 0 0.2 0 0 0 0 0 0
0 0 0 0 0 0 2 0 0 0 0 0 0 0 0 0 0 0 6.8 0 12.2 0 0 0 0 0 0 0 0 0
3.6 0 0.4 0 0 0 0 0.6 4.4 0 0 10.4 0.6 10 0 0 0 0 6.4 0 2 0 0 11.8 0 0 0 0.8 0 0
0 0 0 2.4 0 0 0 6.2 0 0 0 2.4 0.4 0 2.8 23.6 0 0 6.2 0 36.8 0 0 8.6 0 0 0 0 0 8.6
9 0 0 0 0 0 0 10 0 5 0 0 0 0 4 0 0 0 0 0 0 0 0 2 0 0 0 4 0 0
0 0 0 0 0 0 0 0 10.2 13 7.6 0.8 0 0 0 0 0 12.6 0 0 0.2 0 0 0.2 0 3.2 1.2 18 0 0
28 0 0 0 0 0 0 0.2 0.2 0 0.2 0.4 0 14 9.4 0 0 0 0 0 0 0.2 0 6.8 0 0 10 40.6 0 0
4 0 0 0 0 0 0 22.2 0 0 5.4 0 0 0 0 6.2 0 0 2.2 0 9 0 0 0 0 0 0 0 0 0
0 0 0 8.6 0.6 10.4 0 0.6 0.4 0 0.2 0 18.8 6.8 2 23.6 0 0 0 2.4 5.4 0 0 0 12.8 0 0 26 15.2 3.2
0 0 0 0 0 0 0 0 0 12.8 0 0 0 0 0 0 0 0 8.8 0 0 0.8 24.4 0 0.2 0 0 0 0 0
0 0 0 0 0 0 0 35.8 0 0 0 0 0.2 0 0 0 0 0 0 0 22 0 0 2 0 0 0 0 0 0
4 0 0 0 10.4 0 0 0 0.2 0 0 0 0 0 0 0.2 0 0 0 16.6 0 0 0.2 0 0 0 0 0.4 0 0
0 0 41.2 0 0.2 0.2 46.6 0 0 0 0 0 15 14.2 0 0 10.2 2 0.2 31.6 0 0 0 22.6 0 3.8 55.8 26.8 0 50.6
0.6 0 0 3.8 0 0 0 0 0 0 0 0 0 0 0 0 0 0 8.8 0 20.6 0 0 0 0.2 0 0 0 0 0
13.4 59 0 20 9.8 26 0 26.6 39.8 37.2 0.4 0.2 30 6.2 0 0 0 0 0 0 14.8 25.8 5.4 0 4.4 8.6 24.4 0.4 13.2 5.4
5 0 0 0 0 0 0 1.2 0 0 0 0 0 0 0 0 0 0 0 0 0.2 0 4.4 0 0 4 0 3.2 0 0
0.2 0 24.4 0 4.8 15.4 18.4 0 0 0.2 0 0 0 0 0 0 0.2 0.2 0.2 0 0 0 0 5.6 0 0 0 10.4 0 0
0 0 0 0 0 0 26 0 0 0 0 18.4 15.8 0 0 0 0 0 0 0.6 0 0 0 0 0 0 0 0 0 9.2
5.8 1.8 6.4 0 3.2 15.8 0 0.2 0.2 0 0.2 0.2 19 4.4 0 7.2 0 0 0 10 0 0 0 1 0 2.8 0 0 11.8 7
0 0 3.4 0 1 0 0 0 3.6 12.4 6.6 2.2 33.2 0 3 1.4 0 0 12 0 0 0 17.8 19.2 0 3 27.6 16.8 1.2 8.6
5.6 0 0.2 6.8 0 0 0 0 11 6 0.2 0 0 3.4 8 0.4 0 0 0 0.2 3 14.2 5.8 0 0.8 4.2 0 2 0.2 0
0 1 0 0 0 0 0 0 0 0 0.2 0 0 0.2 0 0 0 0 0 0 16.2 0.4 0 0 0 7.6 0 0 0.4 0
6.6 0 0 0 0 0 0 0.2 0 0 0 0 0 0 0 0 0 0 0.6 0 0.2 0 0 6.8 0 0 0 3.4 0.2 0
0 0 3.8 0 3.6 0 0 0 1.8 0.4 0 0 1.8 0 0 0 0 2 0 0 3 0 5 0 0 0 4.4 0 2.8 7.4
5 0 13.6 0 0.4 5 0.2 15.8 6.4 0 0 3 40.4 0 0 0 0 0 0 16.2 0 0 0.2 0 0 0 9.8 32.8 0.2 0
0 0 0 0 0 0 0 0 0 0 0 0.4 0 0 0 0 0 0 10 0 0 0 0 3.6 0 0 0 0 0 0
13.2 0 0 0 0 0 0 37.8 0.6 0 0 7.4 0 0 13.8 21.2 0 0.2 3 0 37.8 0 0.2 2.4 0 0 0 0 0 7.4
19.8 0 13.6 0 52.6 0 12.8 25.8 0 0 10.8 0.2 41.6 15.4 0.2 0 0 0 0 14 0 0 0.4 0 0 0 38 0.4 20.4 12
0 0 0 0 0 0 0 0 31.6 11.4 0 0.2 17 0 0 0 4.6 0.2 4.4 3.8 0 7.2 34.8 13.4 0 0 0 1.4 0 0
53 0 0 0 0 0 0 0 0 0 0 0 0 0 0 0 0 0 6.2 0 0 0 0 43.8 0 0 0 0 0 0
2.8 0 0 2 0 0 0 23 0 0 2.2 0 0 0.2 0 22.6 0 0 0 0 7 0 0 0 0 0 0 0 0 12.2
0 0 0 0 0 0 0 18.2 0 0 0 0.6 0 0 0 0 0 0 0 0 1.2 0 0 0 0 0 0 0 0 0
0 1.6 0 3 0 0 0 0 0 0 0 0 0 0 0 0 0 0 6 0 11.2 9.8 16 0 20.4 0 0 0 0 4
2.4 0 0 5 17.2 0 0 0 5.2 0 10.4 0 0 0.4 0 0 0.8 0 0 0 2 3.2 0 14 15.8 0 17.8 30.6 7.8 14.4
0 3.4 0 0 0 0 0 0.4 0 0 0 0 0 0 0 0.2 0 0 0 0 0 0 0 1.6 14.2 0 0 12.2 0 0
0 0.6 56.6 0 24.8 2.2 25.8 0 0 0 0 0 6.2 3 0 0 11.4 0 0 24.4 0 5.4 21.8 0 0 0.2 37.8 12.2 10.6 0
0 0 2 0 0 0 24.4 0 1.2 0 9.6 0 0 0 0 0.4 9 6 0 0 3.4 5.4 0.2 0 3.4 0 1.6 24 0 7.4
0 0 12 0 0 0 14.6 13.2 0.2 0 0 0 0 8.8 0 3.6 15.4 15.6 0 18.4 0 0 0 0 0 23 9.8 22.2 0 16.2
4.4 20.8 13.2 0 0 9 0 7 1.2 0 6.2 0 0 0 0 0 26.2 0 3.2 0 0.4 5.4 0 0 0 0.2 0 20.6 29.2 0
35.2 2 0 0 0 0 0 0.2 0.4 5.2 0 0 7.6 16.6 0 3.6 0 0 8 0 1 0 46.8 0.6 0 0 0 0 11.8 0
6.4 12.8 0.2 15 0.6 13 18.2 0 0.4 9 0.2 33.8 9.8 2.6 0 23.2 18.4 0 0 0.2 5.6 13.2 1.6 0 0 0 0 7.8 0 0
0 0 0 0 0 0 0 10.8 0 0 0 17.2 0 0 7.6 22.6 0 0 0 0 4.8 0 0 4 0 0 0 0.2 0 23.8
0 0 0 0 0 0 0 0 0 0 0 0 0 0 0 0 0 0 0 0 0 0 0 34 0 0 0 0 0 0
0 0 0 3.2 7.2 0.8 0 0 0 23.6 6.4 4.4 32.2 0 0 0 0 0 6.2 5.8 40.2 23.2 0 0 0 8 0 13 0.2 2.6
0.4 0.4 18.6 8.4 0.4 25.2 41 7 2.8 28 0 0 11.2 1.2 1.2 0 19.2 6.2 0 9.6 0 0 7 12.2 0.6 0.2 12.4 0 0 6.6
0.2 6.4 0 0 7.4 0 0 0 22 0.2 0 0 15.6 0 0 0 4 0 0 0.4 0 0 0.2 8.2 0 1.4 0 40 0 0
1.6 9.6 25 0.8 9.6 27.8 20 1 0.2 10.8 1.2 0 8.2 1 0 1 0 2.2 6.6 13 2.2 0 4.8 12 7 1 51.2 24.2 0 0
32.4 0 0 0 0 0 0 14.6 0 0 0 7.6 0 0 0 0 0 0 0.2 0 0 0 0 23.2 0 0 0 0 0 0
0 0 3.8 5.8 0 0.2 0 0 28 0 0.8 0 0.2 0 0 0 0 8.8 0 0 0 0 0 0 20.6 0 0.2 0 24.6 0
13.2 0 0 0 0 0 0 0 0 0 0 0 0 0 0 0 0 0 1.2 0 0 0 0 0.6 0 0 0 0 0 0
0 0 0 0 0 0 0 0 0 0 0 0 0.2 0 0 0 0 0 0 0 0 0 0 26.8 0 0 0 0 0 0
0 0 0 0 0 0 0 0 0 0 0 0 0 0 0 0 0 0 0 0 0 0 0 8 0 0 0 0 0 0
0 0 0 0 0 0 0 0 0 0 0 0 0 10 0 0 0 0 0 0 0 0 0 0 0 0 0 0 0 0
0 0 0 0 0 0 0 10.4 0 0 0 18.6 0 0 0 0 0 0 0 0 0 0 0 0 0 0 0 0 0 0
0.2 0 26.8 6.6 7 19.4 0.6 0.2 15 0.2 8.4 0 3.8 1 0 14.4 0 19.8 2.2 0 28.2 0 48.6 14.2 12 14.6 0 0 11.8 0
19 0 0 0 0 0 0 0 0 0 0 0 0 0 0 0 0 0 5.2 0 0 0 0 13.8 0 0 0 0 0 0
1.4 7.2 0 0 0 0 0 1.8 0.2 0 0 0 0 0.4 0 1.8 0 11.8 0 0 1.8 0 0 0 0 0.4 0 0.2 0 0
6.4 0 0 0 0 0 0 14 0 0 0 0 0 0 0 0 0 0 0 10.6 0 0 0 8.6 0 0.2 0 0 0 0.2
0 0 0 0 0 0.2 0 5.6 0 0 0.2 32.8 0 0 2.8 19.2 0 0 0 0 8 0 0 0.6 0 0 0 0 0 6.6
17.4 0 0 0 0 0 0 0 0 0 0 0 0 0 0 0 0 0 0.4 0 0 0 0 22.2 0 0 0 0 0 0
4.6 0 0 0 0 0.6 0 0 0 0 0 0 0 0 0 0.4 0 0 6.4 0 9 0 0 0 0 0 0 0 0 0
0 0 3 0 24.4 8 0 16.8 2.6 0 2.4 0.8 0 0.4 0 12.4 0.2 0 0 13.2 0 0.4 0.4 1.4 0 12.4 13.6 32.8 0 13.8
0 0 0 0 0 0 0 0 3 0 4.6 0 0 0.4 0 0 0 0 0 0 0 20.2 0.4 0 14 0.2 0 0.2 0 0
0 0.2 3.2 13.4 0 0.4 24 0 0 0.2 0 23.2 0 0 5 0 0 0.2 11.8 0.4 10.4 0 0 0 0 21.6 0 1 0 0
0 15.6 12 0 0 11.2 12.2 0 0 39.4 0 0.8 35.8 19 7 0 23.6 3.6 1.2 1.8 23 58 35.4 11.8 12 4.8 14.2 0 0 12.6
0 0 0 0 0 0 0.4 9.8 0 0 0 16.4 0 0 0 23.2 0 0 4.8 0.2 0 0 0 0.2 0 0 0 0 0 5
8.8 0 0 0 0 0 0 27.2 0 0 0 0 0 0 5 2 0 0 0 0 0 0 0.2 24.6 0 0 0 0 0.2 0
0 0 0 14.4 0 0 0 5.8 18.2 8.4 8 0 0 0 4 0 0 9.6 0 0 9 0 0.4 0 9.6 12 0 14.6 44 0
0 0 0 0 0 0 1.2 4 0.2 0 0 0 14.2 1 0 0 0 0 0 0 0 15 0 0 5 11.8 4.2 15.4 0 0
28.4 0 0 0 0 0 0 0 0 0 0 0 0 0 0 0 0 0 0 0 0 0 0 25.6 0 0 0 0 0 0
0 0 0 8.4 0 0 4 0 0 0 0 0.8 18 0.4 0 0 0 0 0 0 0 0 11.6 0 0.2 0.8 0.8 3.8 0.2 0
22.2 0 0 0 0 0 0 0 0 0 0 0 0 0 0 0 0 0 7.4 0 0 0 0 7.4 0 0 0 0 0 0
46.8 0 39.2 0 0 13.8 39 19.8 16 22.6 0 4.4 19.4 1.8 0 20.2 1.6 7.8 6.6 4.6 0.4 0.2 0.8 0 10.8 0 22 0 0.4 25.8
0 19.4 0 0 41.8 10.4 17.2 0.2 0 0 0 38 0 7.2 3.6 10.4 0 0.6 4 0 18.6 0 37.4 6.4 6.2 0 3.8 0 4.4 16.4
0 0 0 0 0 0 0 0 0 0 0 31.8 0 0.6 0 0.2 0 0 0 8.2 3 0 0 0 0 0.2 0 0.4 0 39.6
0 19.6 0 30 0 15.8 0 0 0.4 15.8 0 0 67.4 0 0.2 0 10 0 0 0 12.4 19.4 20 0 12 5.2 6.6 2.8 0.4 0
0 13.4 16.6 0 20.2 6.8 0.2 0 12 27.4 0 1 4.8 2.6 0.2 0 2.4 35.6 0 10.2 11.6 0 31.4 0 0 0 0 13.4 0 0.2
16.2 42.4 4 20.6 5 37.6 0 11.6 17.4 14.6 26.8 0 19.8 0 3.8 0 18.2 10 9.8 0 17 55.4 2.6 11.8 50 14.8 3.8 0 16.2 6.6
0 0 0 0 20.8 10.6 0 0 0 0 0 0 0 14 0 0 0.2 0 0 0 8.6 0 0 0 0 0 0 42.8 0 0
0 0 0 10 0 0 2.8 0 0 0 0 0 0 0 9.6 0 0 0 7 0 14 11 0 0 0 0 0.2 0.4 25 0
0 0 0 0 0 0 0 22 0 0 0 0 0 0 0 18.6 0 0 5 0 0.2 0 0 15 0 0 0 0 0 7.2
0 0 30.6 0 23.2 0 17.2 0 3.8 0 0 6 11 0 5.8 0 0 2.6 0.6 36.4 0 0 0 1 0 0 0 0.2 5.2 2.4
4 0 13.8 0.6 0 14.2 9.6 0 0.4 0 0 11 0 0 0 6.6 0 0 0 14.4 0 0 21.8 0 15.4 19 0 0 9.2 9
0 27.8 17.8 25 0 0.2 0 0 0.4 0.4 18.4 4 5 18.4 0 0 0 11.6 14.8 11 0 9.6 1 0 14 2.6 38.6 0 28.8 9.6
0 0 0 0 0 0 0 0 0 0 0 0 0 0 0 0 0 0 3.2 0 0 0 0 15.8 0 0 0 0 0 0
0 0 35.4 0 23.4 14.6 6.2 1.2 11.8 0 0 0.4 1.6 7.6 0 0 18 3.8 0.2 46.8 0 0 0 0.2 0 0 0 28.8 0 0
14.6 0 0 0 0.6 0 0 14.2 0 0 0 0 0 0 0 0 38.6 0 0 0 0 0 0 5 0 0 0 0 0 5
28.2 0 0 0 0 0 0 0 0 0 0 0 0 0 0 0 0 0.2 1.4 0 0 0 0 0 0.2 0 0 0 0 0
5.8 0 0.2 0 0 0 0 2.4 0 0 0.2 34.4 0 1.4 0 11 9.2 0 9.6 0 10.8 0 0 34.8 30.4 0 14.4 0.2 0 19.2
0 0 0 0 0 0 0 24 0 0 0.6 2 0 5.4 0 0.2 0 0 0 0 0 0 0 0 0 0 0 0.2 0 5.6
0 0 0 0 0 0 0 0.4 0 0 0 24.4 0 0.2 0 0 0 0 0.2 0.2 0 0 0 15.8 0 0 0 0 0 3.8
30.2 0 30.2 0 23.4 21.6 36.4 16 0 12.8 5.2 18.2 7 16.6 4.2 8.8 11.2 0 0 0.2 0 6 9.2 13.8 0 0.2 79.8 0.2 28 24.8
0.4 0 0 0 0 0.2 0 12.8 0 0 0 50.2 0 0 0 1.2 0 0 0 0 0.2 0 0 0 0 0 0 0 0 18
0 20 0 4 2.8 0 0 0 0 14.8 0 0.2 1.2 0 0.2 0 5.8 0.2 0 0 0 15 56.6 0 0 0 0 0 1.2 0
0 0 0 0.2 20.2 0 0 0 0 0 0 41.8 35.6 10.8 0 0 0 0.2 0 0.4 8.2 0.8 1.2 0 0 0 8.6 3 9.4 6.6
0 0 0 0 0 0 0 0 0 0 0 0 0 3.2 0.2 16.8 0 7.6 0 1.8 0 0 0 4.6 0.2 0 0 10.4 0 10.2
0 0.2 0 0 0 0 0 2.4 0 0 0 0 0 0 0 0 0 0 0 0 0 17 3.6 0.4 17.4 0 0 0 0 0
23.4 0 0 6.8 0 0 0 0 0 0 7.4 0 0 18.2 0 0 0 0 6.6 0 3.4 0 0.2 7.4 7.4 0 0 0 3.2 0
0 0 0 1.6 0 0 0 0 0 0 0 2 0 0 0 0.6 0 0 0 0 14.6 0 0 0.2 0 0 0 0 0 0
0 0 0 0 0.2 0.2 0.4 4.2 0 0 0.2 0 1.8 0 0 0 0 0 0 4.8 0 0 30.2 4 0 11.8 18.8 3.8 12.6 0
0 3.4 0.2 0.8 0 0 0.6 0 3.8 0.8 9 13.8 0 0 15.2 8.8 0 0 0 0 12.8 22.2 0 3 4.2 0 0.2 18 0 2.2
0.2 12.4 26 17.6 19.8 29.4 0 0 23.2 0 38.4 0.4 14.4 0.4 0.2 0 0 3 1.2 31.2 15.4 47.6 13.8 3.8 34.2 7 5.8 0 32.4 0.2
3.2 0 0 0 16 0 0 0 0 0 0 0 22.8 12.6 0 0 0 3 0.2 0 0 0 3 0 0 10 7.8 6.8 1.6 0
0 0 0 0.2 0 7.2 6.6 0.6 0.4 0.2 0 12 7.2 0.2 0 0.2 0 1.4 0 1.4 0 0 0.2 0 0 0 0 0 0 0.2
20.2 0 0 0 0.2 0 0 0 0 0 0 18.8 0 0 0 0 0 0 0.4 0 0 0 0 0 0 0 0 0 0 12.4
0 8.4 0 39.2 0 0 0 0 0 0 10.4 0 0 0 0 0 0 5 0 0 5 0 0 0 0 0 0 0 0 0
5.4 9.6 5.6 10.4 7.8 7.4 10.6 0.2 0 0.2 0 0 0 0 0 0.2 1.8 0 0 0 0 0 27 0 16 9.8 26.8 0 0 6.2
4.2 9.4 0 14.6 0 0 0 8.4 17 15.8 32.6 0 0 0 0 0.4 0 0 8 0 0 69.2 13.2 0 30.2 18 0 0 0 0
0 9 0.2 12 0 0 0 0 0 17.6 0.2 0 0 0 0 0 0 0 7 0 0 21 5.2 0 0 0 0 0 1.8 0
0 0 0 0.4 0 0 0.2 5.8 0 0 0.2 34.4 0 0 3 10.8 0 0 0 0 33.6 0 0 0 0 0 0 0 0 4.6
18 0 0 0 0 0 0 0 0 0 0 0 0 0 0 0 0 0 0 0 0 0 0 4 0 0 0 0 0 0
0 0 0 0 0 0 0 0 0 0.8 0 0 0 0 0 0.2 0 0 0 0 0 14.2 10 0 4 3.4 0 0 0.4 0
0 0 0 0 0 0 0 0 0 0 0 7 0 0 0 0 0 0 0 0 12 0 0 0 0 0 0 0 0 0
5.2 0 0 0 0 0 0 0.4 0.4 13.6 0 0 0 6.4 0 0 0 0.2 0 0 19 0.6 2 0 13.4 0 0 12.6 0 1.2
46.2 0 0 0 0 0 0 0 0 0 0 0 0 0 1 0 0 0 7.2 0 0 0 0 6.4 0 0 0 0 0 0.2
2.4 0 0 0 0.2 0 0 0 0 0 0 0 0 0 0.2 0 0.2 0 1 0 0.4 0 10.4 1.4 0 0 0 1.8 0 0
0 1.4 0 0 0 0 0 10.8 0 0 0 11 0 0 0 0 0 0 0 0 6.6 0 0 0 0 4.2 0 0 0 0
0 0 22.2 0 30.6 16.2 21 0.4 0.2 0 0 21.2 32.2 10.2 0.2 0 8.2 2.4 0 11.4 0 0 0 7.4 0 0.2 38.6 9.2 6.6 1.6
0 0 0 0 0 0 1.4 1.4 0 0 0 0 0 0 0 1.4 0 0 0 0 0 1.4 0 10 1 0 0 0 0 1.4
0.6 7 1.2 3.8 2.8 5.8 6.2 0 0 0 0 0 1 0 3 0 0 0 5.8 0 0 0 0 16.4 17.6 12.6 0 20.2 0 0
0.2 0 0.8 0 0.4 0 0 15 0 0 0 25.8 0 0.4 2.4 1 0 0 0 0 0 0 0 4.4 0 0 0 0 0 3.6
0 0 0 4 0 0 0 0 0 0 0 0 0 0 19.4 0.2 0 0 0 0 23.4 0 0 0 0 0 0 0 0 0
0 0 0 0 0 0 0 33.4 0 0 0 0.4 0 1 0 21.8 0 0 0 0 0 0 0 0 0 0 0 0 0 19.4
2.6 0 0 0 0 0.2 0 0 0 0 12.6 0 0 0 0 3.2 0 0.2 0 0 0.4 0 0 0.2 0 0 0.4 0 7.2 0
5 0 0 0 15.2 0 4.8 0 0 0 0 0 0 0 1 0 0 0 0 0 0 0 0 0 0 4 0 0 0 0
2 14.8 0 41.2 0 0 0 0 20.4 0 0 0 0 0 6.2 0 0 3 0 0 13.2 4.2 0 0 0 3.4 0 0 0 2.6
0 0.2 12.6 0 0 0 0 2.4 0.6 0.2 0 0 8.2 27.6 0 13.2 13 0.2 0 17.4 0 0 1 0 0.6 0 61.8 0 49 21
46.2 0 0 0 0 0 0 0 3.8 0 0 0 0 0 0 0 0 0 16 0 0 0 0 59 0 0 0 0 0 0
16 7.8 49.6 0 11.8 60.4 47.6 0 0 21 0 34 40.6 0 0 0 0.2 14.6 0 7.8 0 0.4 0.6 7.4 5.6 0 18 1.2 0 1.4
9.4 0 0 0 0 0 0 0 0 0 0 0 0 0 0 0 0 0 0 0 0 0 0 33.6 0 0 0 0 0 0
0.2 0 0 0 0 0 0 9 0 0 0 5 0 0 4 9.4 0 0 0 0 21.4 0 0 0 0 0 0 0 0 0
0.2 30 0.2 5.2 0 0 23.2 0 0 1.8 0 0 3.8 0 0 0 0 0 0 0 12.6 10.8 0 0.8 9.2 0.4 1.2 9.2 12.4 0
45.8 5 0 0 0 16.4 0 39 16.4 6 30.6 7.2 9 44.4 10.4 0.2 16.2 2.4 28.2 0.4 36.8 1.4 22.2 14.2 36.2 0 0.2 15 9.8 15.6
0 4.8 0 0 16 0 21.4 0.2 0 0 0 36.8 74.6 0 0 4.2 0.2 1.6 0.4 0 0.4 0 9.8 0 0 0 25 8.2 16.6 4.8
0 0 0 0 0 0 0 0 0 0 0 9.4 0 0 0 0 0 0 0 0 4.4 0 0 0.2 0 0 0 0 0 0
13 0 0 0 0 0 0 38.4 0 0 0 21.6 0 0 0 22.4 0 0 8.8 0 5.2 0 0 0 0 0.2 0 0 0 18.4
0 0 0 0 3.4 0 0 0.2 0 0 0 0 0 0 0 0 0 0.2 0 0 2 0 0 13 0 0 0 0.2 0 0
0 0 0 0 0 0 0 34.4 0 0 0 12.2 0.4 0 0 0 0 0 0 0 6.2 0 0 6.8 0 0 0 0 0 0
32.4 0 0 0 0 0 0 0 0 0 0 0 0 0 0 0 0 0 5.4 0 0 0 0 0.2 0 0 0 0 0 0
7.8 0 0 0 0 0 0 9 0 0 0 31.2 0.4 0.2 0 11.2 0 0 4.4 0 0 0 0 6 0 0 0 0 0 14.8
0 3.8 23 0 0 0 0 0 0.2 0 0 0 0 0 0 0 0.8 1.4 0.2 8.6 6 0 1.2 0 0 0 62.2 31.6 0 0
0 1 0 0 0.2 0 6.2 0.8 0 0 1.2 0 32.4 0 0 2.6 13.2 11.2 0 3.8 0.2 0.2 0 0.8 1 22.8 0 27.6 26 18.8
0 0 0 0 0 0 0 6.8 0.4 0 0 30 0 0 0 0 0 0.2 0 0.2 0 0 0 11 0 0 0 0.4 0 0
0 4 0.2 0 0 0 0 0 7 0 0 0 0 1.8 0 0 0 5 0 0 0 0 0 5.8 0.2 0 20.6 0.4 0 0
0 0 0 0 0 0 0 1.4 0 0 0 0 0.2 3.6 0.6 0 29.2 0 0 0 0.2 0 0 0 0 0 0 0 6.8 0
0.2 0 0.4 5 0.6 0 0 20.8 0 2.6 0 14.6 0 3.4 0 18.2 0 0 9.2 0 0.6 0 53.2 13.8 16.6 0 0 1.8 0 7
0 0.4 0.2 0 37 38.8 0 19.8 22.6 0 7.4 35.8 0 16.4 1.8 20 5.8 29.8 0 16 0 0 22.8 16.4 0 0 12.2 49.8 31.4 19.6
0 0.2 0 24.2 0.6 0 0 0 0 11 1.2 3.8 0 0 0 0.2 0 0 4 0 0 0 9.4 0 0 0 0 0.2 0.2 0
1.2 7.4 0.8 32.8 0 31.4 0 2.4 18.2 0.2 0 0 34.6 27.2 0 0 7.6 0 0 0 20 27.6 2 8.2 19.2 1.6 0.4 16.2 12 0
0.4 0 0 0 0 0 0 4.2 0 0 0 2.8 0 0 1.4 1.6 0.2 4.6 6.4 0 0 0 0 7.4 0 0 0 0 0 0
8 0 0 0 0.6 0.4 0 3 0 15.4 0 0.2 10 12.8 0 0.2 0 0 0.2 6.4 4.8 0 0.2 4.2 0 0 0 31.6 0 0
46.6 0 0 0 0 0 0 0 0 0 0 0 0 0 0 0 0 0 6.2 0 0 0 0 6.2 0 0 0 0 0 0
0 0 0 0 0 0 0 0 0 4.2 0 22 0.2 0 0 0 0 0 0 0 0 0 0 0.6 0 0 0 0 0 0
0 8.2 0 0 2.8 0.4 0 0 0 0 0 11.2 0 1.4 0 0 0 0.4 0 0 0.2 4.6 11.4 0 0 0.2 0 0 0.2 0
0 0 0 0 0 0 0 0 0 0 0 37 0 0 0 7.8 0 0 3.4 0 0 0 0 0 0 0 0 0 0 11.8
0 30.6 0 3.8 0 1 4 0.2 1 12.2 0 0.4 3.6 0 0 0 0 0 10.2 0 13.4 17.4 38.6 0.6 0.2 12.6 0.2 0 0 0
38.6 0 0 0 0 0 0 0 0 0 0 0 0 0 0 0 0 0 0 0 0 0 0 21.4 0 0 0 0 0 0
1 5.4 0 1.2 0 0.2 3.2 0 8.4 10.2 9.6 0 0 0 2 0 37.6 0 0 0 0 11.8 0 0 1.2 0 0 0 0.2 0
0 0 13.6 0 14.6 37.4 15.2 1.2 1.8 24.8 0 5 77 12.6 0.6 6.6 0 0.6 0 21.4 0 0 1.6 0 15 0 27.4 0.4 0 8.2
15.2 0 11.6 0 0 0 1 0 0 0 0 12 0 38.8 0 0 0 0 0.2 0 0 0 9.6 23.6 0 0 53 0 0 0
11 0 14.2 0 0 0 0 0 0.2 0 0 14 0.2 0 3 9.6 0 2.4 0 30.2 5.2 0 9.4 1.6 0 4 0 0 0 21
0 0 33 0 14 0.2 24.4 28.8 16 0 0.4 0.8 0.6 0 0 10.6 0 0 1 14.8 0 0 5 13.4 0.4 0 27.4 2 0.4 33.8
0 10.2 42.2 13.4 0.2 0 33.2 5.2 2.6 9.4 0 0 12.8 33.2 0 0 1.6 35.8 0 3.8 5.6 0 0 0.2 5.2 0 20.2 0 16.6 11.6
0 0 0 0 21.6 0 0 8.8 0 14 0 0.2 0.4 0 0 0.2 0.4 0 0 0 4 0 25.8 0 0 9.4 1 0 0 1.2
20 0 0 0 0.2 0 0 34.4 0 0 0 32 0 0.2 0 43.2 0 0 14 0 7.8 0 0 28 0 0 0 0 0 11.2
0 6.2 6 0.4 5.6 1.2 2.8 0 20.4 12 0 1 0 9.8 0 4.2 0 22 0 0.4 0 14.6 0.2 0 2.4 1.8 0 33.6 8.4 0
16.2 5 0 0 0 0 0 0 0 0 0 0 0 0 0 0 0 0 0.2 0 0 0 0 18.6 0 0 0 0 0 0
0.2 0.2 20.8 4.6 4.8 23.2 0 3.4 13.4 0 0 6 29.8 18 0 3.6 0 0.4 0 6.8 0.4 0 10.4 0.8 4.4 0 76.2 0 0.4 2.2
24 0 0 0 0 0 0 0 0 0 0 0 6.6 0 0 0 0 1 0 0 0 0 0 21 0.2 0 0 0 0.2 0
47.8 2.6 0 0 1.2 25.8 0.2 0 11.6 0 0.8 0 29.2 1.4 0 0.2 0.2 0 0 0 0.4 0 9.6 6.6 13.8 0 11.6 32.8 26 0.2
6.8 0 0 0 4 0 0 0 1.6 0.2 0 56.2 0.4 17.6 0 0.2 0 0 0 6 0 0 0 8.2 0 0.8 0 9.2 0 24.8
17.8 0 0 0 0 0 0 0 0 0 0 0 0 0 0.2 0 0 0 0 0 0 0 0 0 0 0 0 0 0 0
0 0 0 0 0 28 0.2 0 0 0.8 4.4 0 14.2 11 0 0 1.2 1.8 0 0.4 0.4 20.4 5 0 0 0.6 31.6 34 0 3
2 0 0.2 0 0.4 0 5.8 1.4 0 0.2 5 14 0 13.2 0.2 0 0.2 0 0 0 0 0 0 2.8 5.8 0 31.8 0 0 0
10.6 0 0 0 0 0 0 13.4 0 0 0 73.6 0 0 7 25.6 0 0 4.2 0 26.2 0 0 0 0 0 0 0.4 0 18
24.8 0 0 0 0 0 0 4.8 0 0 0 0 0 0 0 8.4 0 0 0 0 0 0 0 3 0 0 0 0 0 0
2.8 0 0 0 0 0 0 0 0 0 0 14.8 0 0 0 0 0 0.2 0 0 7.2 0 0 0 0 0 0 0 0 0
0 0 0 0.2 0.4 0 0 14.4 0 0 0 21.4 3.4 0 0 14.2 0 5.8 0.2 0 28.4 0 0 18.8 0 0 0.2 0 0 13.6
0 0 33 0 0 0 0 0 0 0 0 0 0 9.4 0 0 0 0 0 0 0 0.4 20.6 0 0 12.8 14.4 18.2 0.2 0
0.8 11.8 0 24.4 0 0 3.2 0 0 11.4 0 3.4 63 0 0 0 0 3.8 3.4 0 8 13.6 0 1 19.2 0 0 0 0 0
16 6.2 17.4 0 3.4 9.8 7.4 1.6 0 0 22.6 0 3.6 1.8 0 0 0 0 0 0.2 7.6 0 3.6 6.4 1.4 0 31.8 35.8 18.8 14.6
0.2 10 0 4.4 0 0 0 0 0 6.4 5.8 0 0 0 0 0 0 0 8 0 0 21.6 0 0 3.8 0 0 0.2 0.6 0
0 7.6 83.8 0 34.4 18.6 133.6 0.2 12.6 0.4 0 43.8 7.6 21.8 0 0 11.6 0.2 0.2 91 0.2 0.2 0 0 0.2 9.6 0 0 7.2 13
0 0.6 10.6 0 0.8 16.2 21.6 37.8 1.4 0 23 0 29.2 0 0 1 0 2 3.2 24 0 0 33.8 0 8.8 23.6 26 1.6 24.2 18.6
0 0 0 0 0 0 0 8.8 0 0 0 9 0 0 6 0 0 0.4 4.2 0 0 0 0 35.2 0 0 0 0 0 10.4
0 0 0 22.6 8.6 27 1.6 0 0 8.6 9.6 0 0 0 0 0 2.2 0 0 0.2 3.8 22.2 0.6 0 1.2 8.8 0 16.6 40.4 0
26.8 0 0 0 0 0 0 0 0 0 0 0 0 0 3 0 0 0 1 0 0.6 0 0 10.6 0 0 0 0 0 0
0 13.4 6.8 0 0 0 0 11 0.4 0 0 1.8 0 4.4 0 14.8 0 0 0 6.2 0 15.2 0 0 0 0 0 0 0 0
0.2 0 49 0 18.4 1.8 37 0 41.4 34.4 0 39 0 12.8 2.8 0 19.2 26.2 0 19.4 4.8 14.4 38.8 0 0 19.4 33 0 0 60
0 0 0 0 0 0 0 0 0 0 0 8.2 0 0 0 0 0 0 0 0 1 0 0 0.4 0 0 0 0 0 17.4
2.2 40.8 28 0.2 36.4 6.2 36.8 0 25 32 0.2 6.6 0 0 0.2 0 34.4 30.6 0.4 19.2 0 10.8 64.8 0.2 7.6 20.8 27.6 29.2 0.8 0
7.8 0 0 0 0 0 0 0 0 0 0 0 0 0 0 0 0 0 6.4 0 0.8 0 0 0 0 0 0 0 0 0
0.4 0 0 0 0 0 0 0 0 0 0 5.2 0 0 0 0 0 0.2 0 7.8 0 0 0 12.4 0 0 0 0 0 0
0 0 37.8 0 37 13 13 0.6 14.2 9 4 43.2 0 1.2 0 8.6 7 5.6 0 10.4 0 0 40.2 2.6 0 10.6 16.4 0 29 12.6
0.2 4.2 10.8 0.4 0 1.6 5.6 1.8 0 0 0 30.8 57 14.4 0 8.2 0 6.6 0 8.4 15.4 0 0.4 0.6 0 0.2 5.6 68.6 20.6 11.6
46.6 73.6 3 50.8 0 31.2 20.2 30.8 29.2 15.8 49 5.8 51.4 10 71.2 19.8 24.4 5.4 50.2 0 74 53.8 5 8 30 18 55.4 1.6 32.8 24
40.6 0 0 0 0 0 0 0 0 0 0 0 0 0 0 0 0 0 0 0 0 0 0 0 0.4 0 0 0 0 0
12.2 0 0 3.2 0 0 0 9.2 0 0 1.8 4.2 0 0 0 0 0 0.2 0 0 4.8 0 0 0 0.2 0.8 0 0 0.4 0
0 0.2 0 7.6 0 0.2 0 29.6 13.2 0 0.2 0.2 4.4 6.6 0.2 0 0 20 0 0 0 8.4 4.4 0 17.8 0.2 6 20 20.8 0
15.8 11.2 0.8 0.4 0 17.2 23.2 0 0.2 57 0 0 5.8 0 0 0.2 13.6 1 0 0 0 34 8.2 0 15 18.6 34.4 42.4 0 0
21 8 33.8 0 20.8 16.2 18.2 0 36.2 0 0 14.2 1 6.4 0 0.6 21.6 0 0.4 30.2 0 0 34.8 7 0 0 1.6 3 0 15
8.2 0.2 0 0.2 19.6 0 0 0.6 10 33.2 0 0 38.4 1 5.8 0 2.2 12.4 0 0.2 0 52.8 0 0.4 1 2 0 26.2 8.6 0
0 0 0 0 0 0 0 11.8 0 0 0 0.4 0 0 2.8 4.4 0 0 10.2 0 1.4 0 0.2 0.2 0 0 0 0.2 0 0.4
30.2 0 0 4 0 8 0 16.4 0 0 0.4 20.6 0 11.4 0 54.2 0 0 0.2 0 0.2 0 0 13.4 12 0.2 0.2 21 10.2 23.4
0 16.4 6.4 13.8 24.2 0 0 0 0.4 1.4 14.8 1.2 1 0.6 0 1.2 2 8.4 0 1.4 3.8 40.4 0.2 4.2 52.4 24.8 0 16.4 49.4 1.2
11.6 0 0 0 0 0 5 22.6 0 0 5.8 38.4 36.6 11 0 19.8 0 0 2.2 0 0.2 0 44.4 9.2 0 3.4 0 0 0 24.8
15.8 38.2 1 0.2 0.2 15.8 0 10.8 27 39.2 1 16.8 0 14.6 4.8 10.2 0 25.8 0 0 0 27.8 53.8 11.4 16 27.4 17.2 32 0 5
10.8 3 0 0 0 0 0 0 0 0 0 0 0 0 0 0 0 0 0 0 9.8 14 17.2 0 17.8 0 0 0.2 6.2 0
22 0 9.2 0 3.8 0 0 0.2 0.4 0 0 0.2 0 0.8 0 0.2 0 0 0.6 12.2 10.2 0 0 19.2 0 0 0 0 0 0
21.2 6 0 0 0 0 0 11.4 0 0 0.4 0.2 0 0 0 0 0 14.2 0 0.6 0 18.8 13 6.6 11.8 0.4 0 5.2 0.2 0
0 0 0.2 0 2.6 0 0 0.2 20 7.2 0 0.2 0 0 0 0.2 0 0 0 0 0 13 9.8 0 0 0 4.4 0 0.2 0
1.6 0 15.4 0 0 0 5.6 1 0 0 0 22.2 0 17.4 0 0 0 0 0 0 0 0 0.2 0 2 0.2 92.8 0 10.8 19.8
0 0 0 0 0 0 0 0 0 0 0 39.6 0 0 0.6 0 0 0 0 0.4 4.2 0 0 0 0 0 0 0 0 1.2
28 0 0 0 0 0 0 0 0 0 0 0.2 0 0 0 0 0 0 17.2 0 0 0 0 3.6 0 0 0 0 0 0
4 0 0 0 0 0 0 16.8 0 0 0 46.4 0 0 0 0 0 0 0 0 0 0 0 1.8 0 0 0 0 0 0
21.4 7 0 7.6 0 0 0 0 0 0 0 0 0 0 0 0 0 0 8 0 1 5 0 0 0 0 0 0 0 0
38.4 0 0.2 0.2 0 0 0 3.6 0 12.4 0.4 18.2 0 7.8 4 0.8 0 16.4 1.4 0.2 0 0 0.6 15.6 0.8 0 0 24.2 2.8 0
0.2 0 0 0 0.2 0 0 11.2 0 0 0.2 24 0 0.2 0 0.4 0 6.8 0 0.2 0 0 0 7.6 0 0 0 0 0 0
0 0 0 0 0 0 0 0.4 0 0 0.2 18.6 0 1 0 0.8 0 0 0 0.2 0.4 0 0 0 0 0 0 0.4 0 0
5.2 0 0 0 0.2 4 1.6 0.2 0 3.6 0.2 0 27.8 8.6 0 0 4.2 5.6 0 0.2 0 0 17.8 0.4 0 0 0 4.4 0 4
0 0 0 0 0 0 0 0.2 0 0 0 20 0.8 0 0 11.8 0.8 10.2 0 0 26.4 0 0 2 0 0 0 7.8 0 0
7.8 0 0 0 0 0 0 0 0 0 0 0 0 0 0 0 0 0 12 0 0.2 0 0 0 0 0 0 0 0 0
13 0 35.8 2 0.2 44.6 31.2 38 4.4 0 0 39.8 42.4 7 6 1 22 15.2 2.2 46 0 0 0 13.6 0 4.4 79.2 0 56.4 39.6
42.4 0 4 0 0 0 0 3.8 6.8 0 0 0 0 0 0 0.2 0.2 0 10 4 0 0 12.8 11 3.6 5.2 0 0 0 0
0 0 7 0 0 0 50 0 0 3.4 0 36.6 21.6 1 0 0 0 0 0 0 0 0 0 0 0.4 7.2 5.4 0 0 4.4
14.2 0 0 0 0 0 0 0 0 0 0 0 0 0 0 0 0 0 3 0 0 0 0.2 2.6 0 0 0 0 0 0
5 0 0 10 0.4 1.6 0 0 0 0 0 0 0 0 0.4 0 0 0 0 8.6 0 0 75.6 0 13.8 12.4 0 8.8 24.4 0
9 0 0 0 0 0 0 0 0 0 0 0 0 0 0 0 0.6 0 2.2 0 0.8 0 0 18.2 0 0 0 0 0 0.2
27 0 0 0 0 0 0 0 0 0 0 0 0 0 0 0 0 0 0.4 0 0 0 0 29.6 0 0 0 0 0 0
0 0 0 0 0 0 0 22.2 0 0 2 26.6 0 0 0 7.4 0 0 0 0 0 0 0 2 0 0.8 0 0 0 0
0 0 14.6 0 0 1.8 40 0 0 0.8 0.4 11.8 0.2 19.6 0 0 9.4 0 0 0 0 0 16.8 0 0 4.4 22.2 5.6 0 0.4
0 0 0 4.8 0.2 0 0 1.6 0 8.6 0 0.4 0 3 0 0.2 0 0.2 0 0 0 0.6 0.2 0 0 0 0 17.2 0 0
0 0 0 0 0.2 0 0.2 1.6 0 0 0.4 6.8 3.2 0 0 3.6 0 0 0 0 9.8 0.2 0.4 0 0 0 0 10.8 0.6 9.2
0 6.8 0 0 0.4 15.2 0 0 4 15.2 0 4.8 1.6 26.6 1 0 0 0.2 0 2.2 1 37 1.2 4.4 0 1.6 22.8 0 39.6 0.4
0 0 0.2 0 72 13.6 0 0 32.8 59.2 0 2.2 17.4 0 0 0 6.8 0.6 0 1.4 0 34 9.8 0.4 0 7.6 15 10 15 0
24.4 0 0 0 0 0 0 0 0 0 0 0 0.2 0 4.4 0 0 0 16 0 0 0 0 9 0 0 0 0 0 0
24.6 0 0 0 0 0 0 0 0 0 0 0 0 0 4 0 2.2 0 5 0 0 0 6.8 0.2 0 0 0 0 0.2 0
0.4 0 0 0 0 0 0 35.6 0 0 0 13.2 0 0 1 31 0 0 16.6 0 23.2 0 0 31 0 0 0 0 0 7
4.8 29.6 0 0 13.6 0 0 0.8 13.4 28.8 0 4.8 6.2 0 0 0 0 0 2.6 0.4 3.6 7.4 0 2.8 0 0 0 14.2 0 0
10.4 3 0.4 1.2 0 0 0 26 4.6 0 0 38.2 0 0.2 12.8 24.4 11.2 2.6 5.4 0 23.8 0 0.2 20.8 3.8 0 0 0 1 19
0 0 0 0 0 0 0 0 0 0 0 0 0 0 0 0 0 0 0 0 0.2 0 4.8 0 0 0.2 0 21.8 0 0
14.2 0 0 0 0.4 0 0 7.2 0 0 0 0 0 0 0 2 0 0 17.6 0 10.6 0 0.2 0.8 0 0 0 0 0 0
5.2 0 2.4 0 2.8 0 0 0 0 0 0 0 0 0 0 0 0 0 0 0 0 0 0 10.6 0 0 0 0 0 0
0.2 0 0 0 0 0 0 40.4 0 0 0 17 0 0 0 0.2 0 0 0 0.2 3 0 0 0 0 0 0 0 0 0
12.6 13.6 0 0 0.2 0 0 0 0 19.8 0 0 0 0 0 0 0 0 0 0 0 32.4 29.4 8 7.8 11.2 0 1 0 0
0 0 11.2 0 14.2 0 0.2 0 0 0 0 38.2 0 21.6 0 0.2 0 0.2 0.4 31.4 0 0 0.2 0.2 0.2 0 27.8 20 0 0
0 0 0 0 0 0.2 0 7.2 0 0 0 18.6 0 0 0 0 0 0 0 0 0 0 0.2 6.6 0 0 0 0.2 0 0
12.4 37.2 0 41.8 0 8.8 13 0 2.6 37 0 0 24 0 12.6 18.4 0 0 7.8 0 37.8 32.8 0 0 22.4 17.4 0 0 0 0
0 0 0 0 0 0 0.2 0.2 0.2 0 0 55 0 0 4 24.2 0 0 4.6 0 1.4 0 0 33.2 0 0 0 0 0 13
0.2 0 0.4 0 0 15.8 9.8 18.6 0 0 0 0 0 29.8 0 0 31.8 0.2 0 8.6 0 0 7.2 0 0 0 51 3 0.8 0.8
10.4 0.6 2.4 0 10.6 0 0.8 0.2 2.2 0.4 0 0 0 5.2 0 0 0.2 7 0 4.8 4.4 0 0 2 31.6 0 0 26.2 0 0
19.2 0.2 0.4 2.6 34.2 14.4 35.4 2.4 11.6 0 0.2 0 82.4 0 0 18.6 7.4 0.4 0.8 23 35.6 22.2 0 0.4 0.4 5.6 9.2 1.4 2 1
0 0 42.2 3.2 0.2 18.4 66.8 0 2.4 0 0 0.4 43.8 0 0 0 0 0 0 74 0 0 0.4 0.2 0 0 0 8 0 0
11.6 0 0 0 0 0 0 0 0 0 0 0 0 0 3 0 0 0 4.4 0 0 0 0 16.2 0 0 1.8 0 0 0
0 0 0 0 0.2 0 0 4.4 0 0 0 49.2 0 0 0 0 0.2 0 0 0 0 0 0 0 0 0.2 0 0 0 4.8
0 0.4 17 0 10 0 10.6 10.2 0 0 0 0 44.4 10.6 0 19.4 1.2 0 0 0 0 0 0.4 0 11 0 36.6 32 7.6 13.6
0 14 0 0 7.6 19.2 6.4 0 0.4 76.4 0 15 20.4 9.8 0 19.2 3.4 19.4 0 14.2 0 31 76.6 0 0 6.6 0 0.2 45.6 0.6
19.4 0 0 0 0 0 0 33.6 0 0 0 0.8 0 0 0 38 0 0 0.2 0 0.2 0 0.2 19.2 0.6 0 0 0 0.2 17.6
0 0 0 0 0 0 0 0 0 0 0 41.6 0 0 0 1 0 0 0 0 0 0 0 8.8 0 0 0 0 0 20.6
0 0.6 0 0 0 0 0 0 0 5.8 0 26.4 16.2 0.6 0 0 0.2 4.6 0 0.2 0.2 0 0 0 13 0 0 0 0 0.2
17.6 0 0 0 0 0 0 0 0 0 0 0 0 0 3.2 0 0 0 16 0 0 0 0 12.2 0 0 0 0 0 0
25.6 0 0 0 11.8 22.4 0 0 0.6 4.2 0 0 10.4 0 3.8 0 0 0 7.2 9.2 0 0 1 51 0 0 0 25 19.8 0
0 0 0 0 0 0 0 11.4 0 0 0 0 0 0 0 16.2 0 0 0.2 0 0.6 0 0 9.2 0.2 0 0 0 0 14.2
0 0 0 0 0 0 0 0 0 0 0 0 0 0 0 0 0 0 0 0 3 0 0.6 0 0 0 0 6.4 0 0
26 0 0 0 0 0 0 0 0 0 0 0 0 0 1 0 0 0 1.8 0 0 0 0 25.2 0 0 0 0 0 0
0 0 0 0 0 0 0 0 0 0 0 0 0 0 0 0.4 0 0 0 0 8.2 0 0 15.4 0 0 0 0 0 0
3 0 0 0 0 0 0 0.2 0 0 0 13.4 0 0.4 0 0 0 0 0 0 0 0 0 0 0 0 0 0 0 0
3.2 0 43 0 20.6 42 27.4 16.6 2.2 0 0 7.2 23.8 2 0 0.2 0 0 2.4 16.4 0.6 0.2 0.2 17.2 0 0 51.2 0 13.6 25
0 0 0 0 0 0 0 9.2 0 0 0 13 0 0 0 0 0 0 0 0 0.2 0 0 3.6 0 0 0 0 0 0
13 0 0 0 0 0 0 0 0 0 0 0 0 0 2 0 0 0 0 0 0 0 0 8 0 0 0 0 0 0
0 0 0 0 0 0 0 18.6 0 0 3.2 0 0 0 0 0.2 0 0 0 0 0 0 0 10 0 0 0.2 0 0 0.8
0 4.2 0 2.6 14.2 0 0 0.2 0.2 7.4 0 0 0 0 0 0 0 0 0 7.8 0 14.4 19.2 0 7.2 0 0 0.6 2 0
7.4 0 0 0 0 0 0 0 0 0 0 0 0 0 0 0 0 0 10.6 0 0 0 0 9 0 0 0 0 0 0
0 0 0.4 6.2 0 0 0 27.4 0 0 0 0 0 0 15.6 9.6 0 0 16.2 0 28.6 0.2 0 0.8 0 0 0 0 0 2
0 0 0 4.4 9 0.2 0 0.2 0 8.4 0 0 9 0.2 0 0 0 12 0 6.2 0 8 0 0 0 0 0.2 19.2 0 0
13.6 0 0 0 0 0.2 0 0 0 0 0 0 0 0 0 28.2 0 0.8 0.6 0.2 14.2 0 0 0.2 0 0 0 0 0 0
0 0 0 0 0 0 0 8.6 0 0 0 1 0 0 0 7.8 0 4.6 0 0 8 0 0 0 0 0 0 0 0 0
0 0 0 0 0 0 0 0.2 0 0 0 0 0 0.8 0.2 0 0 0 0 0 0 0 4 0 0 10.8 0 10 14 0
0 0 0.4 0 31.4 15.2 0.2 5.6 0 13 0 0 0 3.8 0.2 0 0 2 0 0 0 0 38.8 0.2 3.2 0.4 18.2 66.4 0 0
0 0 0 0 0 0 0 0 0 0 0 0 0.4 0 0 0 0 0 0 0 1.4 0 22.8 11.4 0 0 0 12.8 0.2 0
0 0 0 0 0 0 0 0 0 0 0 1 0 0 0 0 0 0 10.8 0 0 0 0 10.2 0 0 0 0 0 0
0 0 3.4 0 18.8 0 10.4 0 0 0 0 4.6 33.2 6 0 0 0 0.2 0 0 0 0 5 0 0 0.2 9.8 0 0.4 0
7.6 0 0.2 0 0.4 0 0 17 0 0 0 0 0 0 0 1.2 0.2 0 0 0 0.4 0 0 0 0 0 0 0 0 0
3.8 0 0 4.4 0 0 0 11.6 0.2 0 0 0 0 0 0 12.2 0 0 11 0 0 0 0 6.8 0 0 0 0 0 0
0 6.8 0 0 0.6 0 0 17.6 0 11.6 0 0 0 0 0 0 0 0 0 0 0 0 0.2 0 0 0 0.2 2 7 0
0 7.8 0 4.4 0 0 0 8.6 0 7.8 0 0 0 0 0 0.6 0 0.2 0 0 2.8 11.2 32.2 0 0.2 0 7 0.2 0 0
0 0 12.2 0 0 0 0 16 0 0 0 0 0 0 0 0 0 0 0 0 0 0 0 0 0 0.6 33.4 11 8.8 0
10.4 0 5.4 8 0 0 0.4 3.8 22.4 79.8 0 0 9.8 7.6 5.8 0 0 17.6 16.6 8.2 6 30 0.4 0 25.2 23.2 0.2 10.6 31 12.6
0 4.2 0 0 7.2 6.8 0 0 0 0 9.4 0.4 0 0 0 0 0 0 0.6 0 2.8 0.6 0.4 9.2 7.8 2.2 0.2 42.8 22.4 0
0 15.8 57.4 0 15.2 0 22.6 18 13.6 16.8 0 19.2 12.8 0 0 0 0 0 0 40.8 0 0 22.8 5.8 0 0.4 16.4 33.4 22.8 16.2
8.4 0 0 0 0 0 0 0 0 0 0 0 0 0 0 0 0 0 12.6 0 0 0 0 22 0 0 0 0 0 0
19 4.4 6.8 0 15.6 3.4 7.2 4 0 26.8 4.8 0 20 0 0 15.6 8 0 0.8 1.6 0 0.4 0 0 0 4 0 23.8 0 3.8
29.6 0 0 0 0 0 0 0 0 0 0 0 0 0 0 0.2 0 0 12.2 0 0 0 0 14 0 0 0 0 0 0
4 0 0 4.4 0 0 0 0 0 0 0 0 0 0 0 0 0 0 0 0 0 9.2 20 4 0 0 0.6 4.8 0 0
0 0 0 0 0 0 0 0 0 0 0 18.8 0 0 7.2 0 0 0 0 0 7.8 0 0 0.2 0 0 0 0 0 0
17.4 0 0 0 0 0 0 0 0 0 0 0 0 0 0 0 0 0 16.2 0 0 0 0 0.4 0 0 0 0 0 0
0 2 7 0 7.8 11.8 0 4 0 0.2 0 11 0 0 0 0.2 0.4 0 0 16.6 0 0.2 0 0 15 0 5.4 0 12.6 4.8
1 0 17 0.2 0.4 19.2 8 21 20 0 0 0 0 0.2 0 0 0 0 0 4.4 0 0 0 6.4 0 0 28 11.4 20.2 8.6
32.2 13 47.6 11.2 6 0 6.8 3.4 7.6 3 12.2 2 14.4 25 13.8 18 0 10.8 17.6 0 13.6 32.2 35.6 7 25.8 3 13.4 1 1.4 27.4
0 0 0 0 0 0 0 0.8 0 0 0 0 0 7.6 0 0 0 0 0.2 0 0 0 0 14.6 0 0 0 0.2 0 0.6
0 0 0 0 0.2 0 0 0 0 6.8 0 2.4 16.4 0.4 0 0 0 0.2 0 0 0 0 0 0 0 0 0 8.6 0 0
0 0 0 0 0 0.6 0 1.6 0 0 0 38 0 0 0 8.6 0 0 1.2 0 0.2 0 1 2.8 0 0 0 0 0 5
0 0 0 0 0 0 0 0 0 0.2 3 0 0.2 0 0 3.8 0 0 4.8 0 2 0 0 1 0 0 0 0 0 0
0 0.4 0 0 16.6 12.2 0.2 5 0 0 3 1.8 16.4 0 0 0.2 0.2 0 0 2.4 13.2 0 0.2 3.6 8 8.2 5 33 19.4 0
0 1.6 0 0 18 0 0.4 0.4 0.8 0 0 15.2 5.8 8 0 0 0 0 0 0.2 7.8 0 0 0.4 0 0 0.2 18 0 11.2
0 0 0 0 0 0 0 0.6 0 0 0 0.8 0.2 0 1.2 0.4 0 0 5.6 0 20 0 0.2 0 0 0 0 0 0 0
0.2 0 9.4 0 12.4 0 0 0 5.8 34.4 11.4 0 0 0 0 0 13.6 0 0 26 0 29.2 31.4 0 1 0 0.4 6.8 1 0
0 3.4 0 3 4 0.2 0 0 0 10.2 8 0 0 0 0 1.2 0 0 0 0 0 1 28 0 0 1 0 0 0 0
7 0 0 0 0 0 0 0 0 0 0 37 16.2 0 0 0.2 0 0.6 0 0 0 0 0 0 0 0.4 0 1.2 0 3.4
2.4 0 0 0 0 0 0 0 0 0 0 12.4 0 0.2 0 0 0 0 4 0 0 0 0 0 0 0 0 0 0 2
15 0 0 0 0 0 0 27.8 0 0 0 26.8 0 0.2 0 0 0 0 0 0.2 13 0 0 0 0 0 0 0 0 0
0.2 0 0 0.2 0.4 0 13.8 0 0 0 0 5.8 0 0 0 5.8 0 25.4 10.2 4 6.6 0 0 3.6 0 0 3 0 0 0
21.4 0 0 0 0 0 0 0 0 0 0 0 0 0 0 0 0 0 0 0 0 0 0 19.6 0 0 0 0 0 0
0 1 9.8 16.4 0 11.2 7 0 0 0 23 0 0.2 0 0 0 7.8 13.8 0 0 4.8 0 0 0 5.8 1 7 0.2 18 0
0 0.2 6.2 3.6 0 8.6 6 0 0 0 1 3 0.4 0 0 2.8 8.6 0 0 0 2 2.6 25.8 0 5.2 7 10 10.6 2.4 0
18.8 0 0 0 0 0 0 0 0 0 0 0 0 0 0 0 0 0 0 0 0 0 0 25.2 0 0 0 0 0 0
0 0.2 0 0 2.2 0 3.2 0 12 9 0 0 0 0 0 4 19.8 0 0 4.2 0 1.2 16.6 0 0 0 0 0 0.2 0.4
0.2 0 0 0 0 0.2 0 5.2 1.6 0 0 0 0.2 1.6 0 0 0.4 0 5.8 0 0 0 4 0 0 0 0 17.4 6.2 0.2
0 0 2.4 0.8 0 0 11.8 0.2 7 0.6 0 1 0 2 0 0 1.6 0 3.8 1.6 0 0 0.4 0 0 7.4 8 8.4 0 0
0 0 0 0 0 0 0 17.4 0.2 0 0 0 0 0.2 0 0.2 0 0 0 0 0 0 0 0 0 0 0 0 0 0
1.6 0 0.2 0 4.4 0 0 0 11.2 0 0 0 0 0.2 3.4 0 0 0 0 0 0 0.2 29.4 0.2 0 0 0 10.4 9.8 0
0 0 0 0 0 0 0 11.6 0 4 1.4 0 0 0 0 0 0 0 0 0 0 0 9.8 2.2 0 0 0 0 3 0
32.6 0 0 0 0 0 0.2 0 0 0 2.8 9 0 0 8 21.8 4.4 0 20.8 0 6.6 0.2 0 38.4 0 0 0 0 0 10.2
33.4 0 0 0 0 0 0 0.2 0 0 0.2 0 0 0 0 0 0 0 0.2 0 0 0 0 0 0 0 0 0 0 0
0 0 0 0 0 0 0 0 0 0 0 0 0 0 0 0 0 0 11 0 0 0 0 22 0 0 0 0 0 0
0 0 0 0 0 0 0 0 0 3 0 0 0 0 0 0 0 0 4 0 0 0 0 0 0 0 0 13 0 0
0 0 0 0 38.4 15 0 0 11.8 0 0 0.2 12 0 0 0 0 0 0 12.2 0 0.4 31.4 0 0 0 0.2 0 0.2 0.2
22 0 0 0 0 0 0 0 0 0 0 0 0 0 0 0 0 0 0.2 0 0 0 0 21.8 0 0 0 0 0 0
12.2 5.8 8.2 0 0 0 11.4 1.8 0 0 0 0 34.4 0 0 0.4 8.4 0 0 8 9.8 0 38 0 0.6 9.6 31 0.2 0 8.2
0 0 0 0 0 0 0 8.4 0 0 0.2 0 0 0.2 1.8 7.4 0 0 4 0 0 0 0 0 0 0 0 0 0 0
0 0 30.8 0 14 15.6 21.4 3 6.8 0.6 2.8 4.8 11.8 0.2 0 1.8 0 3.6 0 0 0 0 0.6 0 0 0 15.4 0.2 7.6 6
17.6 0 0 0 0 0 0 0 0 0 0 0 0 0 0 0 0 0 0 0 0 0 0 0.4 0 0 0 5 0 0
0 0 0 0 0 3.6 0 12.4 0 0 0 2.6 0 0 0.4 3.8 0.4 0 0 0.2 0 0 0 0 0 0 0 0 0 12.6
0 0 0 0 0 0 0 25.8 0 0 1.2 0 0.2 0 0 6.4 0.2 0 5 0 0.2 0 0 0 0 0.2 0 0 0 2.8
4 0 0 4.2 0 0 0 6 0 0 10 1 0 0 0 0 0 0 5 0 0.4 13 0 0 0 0.6 0 4.6 0 0.2
0 0.4 10.8 0 2.6 14.6 9.2 0.8 0 0 0 0 0 0 0 0 17.2 2.8 0 8.8 0.8 0 0 0 0 9 0.2 0.2 1 14.6
0.4 0.2 48 5.2 0 7.2 31.6 0 0.2 14 0 18.8 22 21.6 0 0 0.2 0 0 13.4 0 15 0.2 16 0.6 0 9.2 36.2 8.4 12.6
0 0 0 0 0 0 5 2.2 0 0 0 0 0 0.2 0 0 0 0 0 0 0 0 0 4 0 0 0 2.6 0 0
1 0 15.8 2.8 9.2 0 32.6 0 4.4 0 0.2 21.4 0.2 4.8 0.2 3.8 4.4 0 6.2 18.6 3 0 0 13.2 0 0 0 0 0 14.2
0 0 0 4 0 0 0 0 7.4 0 0 0 0 0 0 0 0 0 0 0 0 0 0 0 0 0 0 1.6 0 0
0 0 0 0 0 0 0 2.2 0 0 0 12.4 0 0 0.2 0 0 0 0 0 0 0 0 2 0 0 0 0 0 0.2
0 0 0 0 0 0 0 0 0 0 0 0 0 0 0 0 0 0 1 0 0 0 0 12.4 0 0 0 0 0 0.6
4 0 0 0 0 0 0 0 0 0 0 0 0 0 0 0 21 0 0 0 0.4 0 0 15.6 0 0 0 0 4 0
15 0 0 0 0 0 0 0 0 0 0 0 0 0 0 0 0 0 0 0.2 0 0 0 2.8 0 0 0 0 0 0
0 1 34.2 1 10.8 19.8 36.8 0 0 5 9 17.4 0 0.2 0 0.2 14.2 0.2 0 34.6 0 6.2 8.6 2.8 19 12 17 0 12 0
0 0 16 2.4 6.8 31.2 6.8 0 0.4 0 0.4 0 9.8 0 2 18.8 20.8 6.4 0 0 8.8 0 0.6 0 21.2 0 9.6 20.8 7.2 16
0 0.4 0 0 0 0 0 0.8 0 9 11.4 0.8 0 0 0 0 0 0 0 0 0 0 0 0 9.2 5.4 5 7.4 27.8 11.8
0 0 32.6 0 14.6 0 0 0 17.2 21.2 0 10.4 0 5 0 3.2 0 0 0 37 0 0 17.4 0.2 6.4 0 0 0 0.8 0
0.2 0 0 0 0 0 0 0 0 0 0 0.2 0 0 0 0 0 0.2 0 0 0 0 0 8.4 0 0 0 0 0 0
0.2 0 0 0 0 0 0 0 0 0 0 0.4 0 0 0 0 0 0 6 0 0 0 0 6.4 0 0 0 0 0 0
0 0 0 0 0 0 0 0 0 0 0 0 0 0 0 0 0 0 0.2 0 0.2 0 0 14.6 0 0 0 0 0 0
0.2 0 0 0 0 0 0 0 0 0 0 0 0 0 0 0 0 0 0.2 0 0 0 0 19.6 0 0 0 0 0 0
1 0 0 0 0 0 0 2.6 0 0 0 0 0 0.2 3 0 0.2 0 0 0 0 0 0 0 0 0 0 0 0 0
5.4 0 0 0 0 0 0 0 0 0 0 0 0 0 0.4 0 0 0 4 0 0 0 0 0.2 0 0 0 0 0 0
0 0 0 0 0 0 0 0.2 0 0 0 0.2 0 0 0 0 15.8 0 0 0 0.8 3 0 0 0 0 0 0 0 0
0 5 3 0 0 0.2 6.2 0 0 21.8 0 0 0 0 0 0.2 0 0 0 12.8 0 0 0 0 0 0 6.2 29.6 0 0
12 0 0 0 0 0 0 0 0 0 0 0 0 0 0 0 0 0 0 0 0 0 0 0 0 0 0 0 0 0
0 0 0 0 0 0 0 0 0 0 0 13.8 0 0.2 0 0 0 0 0 0.2 4 0.2 0 6.6 0 0 0 0 0 0
14 0 0 0 0 0 0 0 0 0 0 0 0 0 0 0 0 0 0.2 0 0 0 0 6.8 0 0 0 0 0 0
0 0 0 0 0 0 0 0 0 0 0 0 0 0 0 0 0 0 4.4 2 0 0 0 0 0 0 0 0 0.6 0
0 0 0 0 0 0 0 0 0 0 0 0.2 0 0 0 0 0 0 4.8 0 0 0 0 0 0 0 0 0 0 0
0 0 0 0 0.6 0 0 1.6 0 0 0 8.2 0.2 0 0 0 0 0 0.2 0.2 4.4 0 15.4 0 0 0 0 0.2 0 0
0 0 0 0 0 0 0 0 0 0 0 0 0 0 0 0 0 0 0 1 0 0 0 0 0 0 0 0 0 0
0 6 0.2 0.2 0 12.4 5.4 0 0 0.2 0 0 19.6 16.8 0 9.6 0 4 0 0 0 0 2.4 0 0 12.6 16.4 0 4.2 0
0 0 0 0 0 0 0 0 0 0 0 0 0 0 0 0 0 0 1.4 0.6 0 0 0 3 0 0 0 0 0 0
0 0 0 0 5.2 0 0 0 0.4 0 0 28 0 0 0 14.4 0.6 0 0 0 8.4 0 0.6 0 0 0 0 0 0 23.4
6.6 0 4 0 5.2 0 0 0 0 0 0 0 0.2 0.2 0 0 0 0 0 0 0 0 0 0 0 0 19.6 15 0 6.2
15.8 0 0 0 0 0 0 0 0 0 0.2 0 0 0 0 0 0 0 0 0 0 0 0 0 0 0 0 0 0 0
10.6 0.6 0 4.4 0 0 0 0 0 0 11 0 0 0 4.2 0 0 0 4.8 0 10.4 0 0 0 0 0 2 0 0 0
3.2 0 0 6 0 4 0 6.2 0 0 0 0 0 0 0 4.6 0 0 0 0 0 0 0 0 10 0 0 0 0 0
0 0 0 0.2 10.8 0 6.2 5 20 4 0 0 0 0 0 0 1.6 0 0 0 2.4 0 0 0 0 0 18.4 0.8 1.6 0
11.4 0 0 0 4.2 0 0 13.8 0 0 0 0 0 0.6 0 0 0 0 0.2 0.4 0 0 0 5.4 0 0 0 5.8 0 0.2
0 0 0 0 1.6 0 0 2.2 0 0 0.2 3 0 0 0 0 0 0 0 0 0 0 0.2 5.8 0 0 0 0 0 0
3.8 0 11.4 6.2 0 0.2 0 0 9.4 0 0 0 0 0 0 0 6.8 0 0 0 0 5.8 1.2 0 6.2 1 0 0 38.2 2.8
0 0 0 0 0.2 0 0 4.6 0 0 0 0 0 0 0 9.8 0 0.6 0 0 15.8 0 0 0 0 0 0 0 0 0
0 0 0 0 0 8.6 6.2 13.4 1.8 13.8 0 0 0.2 0 0 0.2 0 0 0 0.2 0 18.4 0 0 5 0.4 0 0.4 0.4 0
7 7.6 0 0 0 0 0 0 0 0.2 0 0 0 0 0 0 0 0 3 0 0 0 0 0 9.8 0 0 0 0.4 0
0 0 0 0 0 0 0 0 0 0 0 23.4 0 0 0 1.6 0 0 0 0 4 0 0 0 0 0 0 0 0 0
0 0 0 0 0 0.4 6.2 0.8 0 11 0 0 7.6 5.6 0 0 0 13.4 4 6 0 0 0 2.8 0 0 0 0.2 0 0
0 0 0 0 0 0 0 15.2 0 0 0 0 0 0.2 0 5.6 0 0 0 0 0.4 0 0 0 0 0 0 0 0 8.6
0 20.8 0 11.4 12.6 0 0.4 0 17.6 9 0 9 0.2 3.8 0 0 0 0 0 0 0 0 0 0 0.2 0 0 2.8 0.2 0
0 0 0 0 0 0 0 0 0 0 0 0 0 0 0 0 0 0 0 0 0 0 0 19 0 0 0 0 0 0
0 0 0 0 0 0 0 0 0 0 0 0 0 0 0 0 0 0 0 0 0 0 0 3 0 0 0 0 0 0
0 0 14.2 0 0.2 0 0 0.4 0.2 2.6 0 0 0.2 1.6 0 0 20.6 0 0 3.2 0 0.2 15.6 0 0 3.8 4.2 0 0 0
0 0 0.4 0.2 4.6 0 7.8 0 0 0 0.4 0 0 0.2 0 0 0 0.4 0 0.2 0 0 4 0 0 0 0 6.2 0.6 0
0 0 0 0 0 0 0 0 0 0 4 0 0 0 0 0 0 0 7 0 0 0 0 2 0 0 0 0 0 0
0 7.6 5.6 10.2 0 0.2 11.8 0 27.4 14.4 0 0 0 0 0 0 5 2.8 0.2 15.6 3.4 0 0 0 0 5 8.2 0.6 0 0
0 1 0 0 0 0 0.2 3.2 3 0 0 0.2 0 0 0 1.2 2.8 0 0 0 0 0 0 0 0 0 0 3.8 0.2 7.4
0 11.6 0 0 0 0 0 0 8.2 0 9.4 0 0 0 0 0 0 0 0 0 0 10.2 0 5 0 0.2 0 0 8.4 0
0 0 0 0 0 0 8.8 0 0 0 0 0 0.8 0 0 0 0 0 0 0 0 0 0 0 0 0 0 0.4 0 5
0 0 0 0 0 0 0 0 0 0.2 0 0 0 0 0 0 0 0 0 0 0 5 0 0 0 15 4.8 0 0 0
3.4 0 0 1.2 0 0 0 5.6 0 0.4 0 0 0 7.8 1.8 1.6 0 0 3.2 0 0 0 0 2.6 0 0.2 5.2 0.8 18.6 9.6
0 0 0 0 0 0 0 0.2 0 0 0 0 0 0 2.2 5.2 0 2.8 0 0.4 0 0 0 3 0 0 0 0 0 8.2
2.6 0 0 0 0 0 0 0 0 0 0 0 0 0 0 0 0 0 2.2 0 0 0 0 12.2 0 0 0 0 0 0
0 0 0 0 0 0 0 16.4 0 2 0 6.4 0 0 0 3.6 0 0 0 0 0 2.4 0 0 1 0 0 15.2 0 7
0 0 0 0 0 0 0 0 0 0 0 0 0 0 0 0 0 0 0 0 3 0 0 0 0 0 0 0 0 0
0 0 0 0 0 0 0 0 0 0 0 0 0 0 0 0 0 0 0 0 0 0 0 9.8 0 0 0 0.2 0 0
6.2 0 0 0 0 0 0 0 0 0 0 0 0 0.2 0 0 0 0 0 0 0.2 0 0.4 0 0 0 0 0 0 0
0 0 0 0 0 0 0 0 0 0 0 0.2 0 0 0 0 0 0 0 0 1.8 0 0 5 0 0 0 0 0 0
0 0 0 0 0 0 0 0 0 0 0 8 0 0 0 0 0 0 0 0 0 0 0 0 0 0 0 0 0 0
0 0 0 0 0 0 0 0 0 0 0 0 0 0 0.4 0 0 0 0 0 6.6 0 0 0 0.4 0 3.4 0.2 0 0
0 0 0 5 0 0 0 0 0 0 0 0 0 0.2 0 0 0 0 0 0 0 0 0 2.8 0 0 0 0 0 0
0.2 0 0 0 0 0 0.2 11.2 0 0 0 0 4.8 0 0.2 0.2 0 0 0 0 0 4 1.2 0 0 0 0 8.2 0 2.8
12 0 0 0 0 0 0 0 0 0 0 0 0 0 0 0 0 0 0.4 0 0 0 0 1.6 0 0 0 0 0 0
0 0 3.8 0 2 8.2 0 8.4 1 0 0 0 0 0.6 0 0 0 6.8 0 0 0 0 0.2 0 0 1.4 10.6 0 0 0
0 0 0 0 0 0 0.2 0 0 0 0 0 0 0 0 0 0 0 0 0 0 0 0 0 0 0 0 0 0 1.8
0 0 0 0 0 0 0 0 0 0 0 0 0 0 0 0 0 0 0 0 4 0 0 0 0 0 0 0 0 0
0 0.2 0 0 0.2 0 0 0 0 0.2 0 0 5.6 0 0 0 0 0 0 0 0 0 0.2 0 0 0 0 0 13.6 0
0 0 4.2 0 0 0 1.2 0 0 0 0 0 0 0 0 0 0 3.8 0 2.2 0 0 0 0 0 2.4 0 0.2 0 0
0 0 0 0 0 0 0 0 0 0 0 0 0 0 0 3 0 0 0 0 0 6 0 0 0 0 0 0 0 0
1.2 0 0 0 0 0 0 0.8 0 0 0 0 0 0 0 0 0 0 0 0 3 0 0.2 1.8 0 0 0 0 0 0
0 0 0 0 0 0 0 0 0 0 0 0 0 0 0 0 0 0 0 0 0 0 0 3 0 0 0 0 0 0
0 0 0 0 0 0 0 0 0 0 0 0 0 0 0 0 0 5 0 0 0 0 0 0 5 0 0 0 0 0
0 0 0 0 0 0 0 0.8 0 0 0 0 0 0 0 0 0 0 0 0 0 0 0 3.2 0 0 0 0 0 0
0 0 0 0.2 0 2.8 0 0 0 0 0 0 0 0 0 0 0 0 0 0 0 0 0 0 0 0 0 0 0 0
