20.4 0.2 7 10.6 0 5.2 0.8 0.2 0 0.4 0 0 0 20.4 0 9.2 0 0 12.6 15 9.4 0 23.6 0.8 9.6 0 7.6 0 0.2 36.8
0 7.4 0 0 1.4 12.6 0 0 0 0 25.8 0 18.4 0.2 0 0 0 0 0 0 0 0 0 0 0 0 0 0 0 8.2
0 20.6 0 0 18.6 0 0.2 0 0 0 0.2 0 0 4.6 0 1.8 0 0.4 0 0 4.6 0 0 0 0 0 0 0 0 0
0 0 0 0.4 22 0 0.2 0 0 0 0 0.4 0 0 0 0 0 0 0 0 0 0 0 0 2 0 0 0 0 0
0.2 0 0 6 0 0.4 0.4 7.6 0.2 0.2 0 3.6 0 12 1.2 5.6 0.2 3 0 0 0 20.4 1.6 13.4 19.4 33.4 0 0.4 0.8 0
0 5.4 3.4 14 0 2.2 0 9 0 40.6 0 0 5.4 0.2 0.2 40.8 0 0 23.4 18 3.6 0 0.2 0 0.2 0 0 4 5.6 25.8
40.6 0 0 17.2 0 4.4 0.2 0.6 20.8 38 0.2 0 0.2 6 0 0 14 41.6 11 0.4 9.2 33.6 0 29.4 14.4 46.2 5 0.8 6 6.2
0 1.2 0 0 0 0 0 0 0 0 0 0 0 0 0 1 0 0 6.6 0 0 0 35.6 0 0 0 0 7.6 0 0
5 0.2 0 0.2 2.8 0 0 0.2 0 4.2 0 0.2 3.4 0 0 0 0 0 0 0 0 0 0 3.2 0 0 0 0 0 2.6
14.4 0 16.6 0.2 11.4 0 0 0 4.2 20.8 0 14.8 0 0 0.2 5.6 0 0 8.4 53 0 0 0.4 17 0 0 0 0 0.2 9.8
0 9 14 19.4 8.4 16.6 20.6 0 0 0 0 0.2 5 2.8 8.2 20.2 8.8 0 0 0 0 0 0 0 15.6 15.4 0 5.8 0 0
0.4 0.4 6.6 16.6 0 0 4.6 0 2.6 0 4.6 0.4 4.6 0 0 0 0 0 0.4 0.4 0 0.4 2.6 0.2 1 0 0 0 0 0.2
7.6 29 19.6 0 40.8 0 15.4 3.8 17.6 12.2 9.4 0 0 0 20.2 26.8 0 12.8 27.2 33.8 19.6 44.2 40.2 15.6 54.8 27 8.8 4.2 0 1.4
0 4 5.8 0 0 0 16.8 0.4 0 0 0 0.2 13 0 5.6 1.4 0 0 0 12.2 0 0 0 9.2 0 0 0 0 0 0.4
0 15.4 0 0 8.2 31 0 0 0 0 19.6 0 5.4 0 1.8 0 0 0 0 0 0 0 0 0 0 0 7.8 0 6.2 23.6
0 0 0.2 44.6 0.2 0.6 14.4 5.2 0 0.2 0 6.6 13.4 0 0 4.6 5 0 2.8 18 0 0 12.2 0 0 17.6 0 0 0 0.4
0.2 0 0 0 0 1 0 0 0 0 0 5.6 0 0 0 0 0 0 0 0 0 0 0 0.2 0 0 0 0 0 13
42.8 0 40.2 12 0 0 5.2 13.4 0 25.8 11.4 2.2 0 0 0 30.4 2 0 0 26 9.6 0 0 18 14.8 6.2 0 0 0 19
0 5.6 0 0 9.4 0 0.2 0 0 0 2 1.6 0 0 0 0 0 0 1.6 0 0 2.4 0 0 1.2 0 0 0 0 0
3.2 0 0 12 0 8.4 0 0 0 0 0 0 2.2 4.8 0 0 0 0 0 0 0 0 0 0 4.4 0 0 0 0 0
0 0.2 0 0 19.8 7.6 0 0 11.4 0 11.6 0 1.6 0 3 0.6 0 38.6 0 0 0 20 0.6 0 0 0 0.2 3 1.8 0
0 0 0 18 1 0 0 0 11.8 0 0 0 0 8.6 7.6 0.2 0 3.4 0 0 0.2 25 1.6 0 0 21.2 4.2 0.2 0 0
0.4 0 30 2.4 0 0 22.8 16.2 0 0 0 7.4 0 10.2 0 10.2 0.2 0.8 0 0 0 6.8 0 6.4 0.2 27.6 4 0 0 15.4
13.6 0 0 18.2 7 0 39.8 0.6 0 2.6 0 0 0.2 0 11 0 0 0 0.4 0 3.8 0.2 0 0 0.2 0 0.4 0 0 0
0 0 0 6.8 0 0 0 0.2 0 0 4 0 0 0 0 10.8 5.2 0 0 0.2 0 14 2 6.2 0 2.6 0 0 0 0
0 17.6 0 0 0.4 2.4 0.4 0 0 0 0 0 50 0.4 0 0 0 0 0 0 0 0 0.2 0 0 0 6.2 0 3 12.4
0 0 0.2 0 0 7.2 0 0 0 0 1.8 0 0 1.4 0 0 0 0 0 0 0 0 0 0 0 0 1.6 0 0 6.8
0 0 0 0.2 0.4 0 12.8 0 5.2 0 0.2 16 0 1.4 0 0.6 0 6.2 0 0 0 12.8 1 2.8 0 0.6 1.8 0 0 0
0 0 0 0.4 10.4 0 0 0 0 6.2 0 3.8 0 0 0 0 0 0 2.8 0 0 0 0.2 0 0 0 0 0 0 0.2
0.2 9.6 0 0 11 0 0 0 0 0 2.8 1.6 0 6.6 0 0 0 0 0 0 0 0 7.2 0 0 0 0 0 0 0
0 11.4 0 0 7.8 0 0.8 0 0 4 0 0 0 0 0 0 0 0.2 0 9.6 2.6 0 0 0.6 0 0 0 0 0 0
0 0 0 0 4.8 3 0 0 0 0 0 0 23 6.2 0 0 0.2 0 0 0 0 0 0 0 0 0 0.6 0 4.4 1.8
0 4.2 0 0 15.6 0 0 0 0 0 0 0 0 0 0 0 0 0 0 0 0 0 0 0 0 0 0 0 5.2 0
0 0 0 0 16 0 0 0 0 0 0 0 0 0 0 0 0 0 0 0 0 0 0 0 0 0 0 0 0 0
0 4 0 0 20 0 0 0 0 0 0 0 0 0 0 0 0 0 0 0 0 0 0 0 0 0 0 0 0 0
0 6.6 0 0 18.8 0 0 0 0 0 0 0 0.2 5.4 0 0 0 0 0 0 0 0 0 0 0 0 0 0 0 0
0 0 0 0 0 0.2 0 0 0 0 0 0.6 0 10 0.2 0 0 0 0 0 0.2 0 27 0 0 0 9.6 10.2 0 0
3 0 0 18.8 0 0 0 0.2 0 0 0 0 0 4.6 0 0 0 1.2 0.4 0 0 6.4 0 0 11.6 25.2 14.8 10.2 5.6 0
0 16.8 0 0 0 0 0 0 0 0 0 0 0 0.2 0 0 0 0 0 0 0 0 0 0 0 0 0 0 0 0
0 15 0 0 4.8 0 0 0 0 0 6 0 0 0 0 0 0 0 0 0 0 0 0 0 0 0 0 0 0 0.2
0 0 0 5.8 0 0 0 0 0 0 0 0 0 0 0 10 0 0 0 4.2 0 24 0 0 0 0 0 0 0 0
44.2 0 0.2 0.4 0 22 0 0.6 0 0 0 27.2 0 1 0 7.2 8 1.2 0 7.6 0.2 0 7.6 0 0 16.6 0 2 0 0
39.4 13 0.2 2.6 0 23.6 1 14.6 1.6 0 0 0 0 0 11 2.2 19.2 0 0 0 1.4 0 5.4 5.4 8.6 20.2 4.6 0 0 11
28.4 0 1.2 0.2 0 0 8.4 5.8 0 0 0 0 12.4 7.8 0 0 0.2 7 0 0 0 24.2 0 0 0 14.2 9.8 0 0 1.4
0 0 0 0 0 12.2 0 1.2 0 0 1 0.8 8.4 0 0.6 0 0 0 0 0 0 0 0 0 0 0.4 0 0 3.6 7.8
0 0 0 0 0.4 6.8 0 0 0 0 0 0 0 3.4 0 0 0 0 0 0 0 0 0 0 0 0 0 0 0 0.4
0 3.8 0 0 12.8 0 0 0 0 0 0 0 0.2 0 0 0 0 0 0 0 0 0 0 0 0 0 0 0 0 0.2
0 0.8 0 8.2 0 0 0 0 0 24.2 0 3.2 0 0 0 0 0.6 0.2 39 0 0 0 0 0.4 0.2 0 0 0 0 0.2
0 3.8 0 0.4 0 0 0 14 4.2 0 0 0.4 0.4 0 2 0 0.6 12.6 0 2.6 17.6 0.4 0.4 0 0 30.8 0 0 0 5.8
0 0 0 0 14.6 0 0 0 0 0 0 0 0 0 0 0 0 0 0 0 0 0 0 0.2 0 0 0 0 0 15.2
1.6 0 4.6 0 0 0 0 7.2 0 0 0 0 0 0 0 0.2 0 0 0.2 0 0 0 0 6 0.2 0 0 0 0 0
30 0 5.4 0.6 0.6 9.2 0 0.8 0 0 6.6 0 3.2 0.2 8.8 0 0 0 0 0 0 0 0 0 0 0 0 0 0 21.6
0 0 0 0 0 0.2 0 0 0 0 0 0 12.2 0 0 0 0 0 0 0 0 0 14.4 0 0 0.2 10 0 0 0
0 12.8 0 0 0 30.4 0.2 0 0 0 0 0 8.6 1.2 3.6 0 0 0 0 0 0 0.2 0 0 0 0 0 0 0 0
0 0 0 0 0 0.2 0 0 0 0 0 0.2 0 3.8 0 0 0 0 0 0 0 0 0.2 0 0 0 9.6 0 0 0
11.2 0 0 12.8 0 0 0 9.4 0 0 0 10.8 0 0 4.8 0 0 0 11 0 0 0 20.8 1.2 13 35 0 3 0 0
0 0 0 0 0.2 25.6 14.4 0 0.6 0 0 0 15.6 0 11 0 0 0 0 10.4 0 0 0 0.2 5.2 0.8 13.6 0 5 0.4
0 11.4 9.8 0 1 0 23.6 10.2 0 0.2 0 0 1.4 0 0 9 0 0 3.6 7.4 13.8 11 1.4 19.2 8 0 0 0 1.6 2.4
22.4 0 11 24.4 0 22.8 7.2 0 25.2 38.6 4.4 0.2 20.2 0 8.6 26 8.4 5 53.8 32.4 23 22.8 41.4 7.2 1.4 0.2 0 0 0 14.4
8.4 0 34.4 0 3.8 5.2 0 0.8 0 37.4 0 22.8 0 1.2 2 0.2 0 11.4 69 1 16.8 9.4 16.4 0.2 20.2 0 2.4 0 0 0
0 0 0 0 16.8 0 0 0 0 0 0 0.2 0 0 0 0 0 0 0 0 0 0 0 0 0 0 0 0 0 0
0.2 0 13.8 9.4 0 7 12.6 15.4 2.6 5.2 0.4 0 14.4 6.8 0 0 8 1.6 8.2 4.2 13.4 7.4 35.2 0 0.2 0 7.2 0.6 2.2 4
0 0 0.2 0 5 11.8 0.2 0 0 0 1.6 0 15.4 0 0 0 0 0 0 0 0 0 0 0 0 0 0 0 0 15.8
0 16.6 0.8 12 0 5.4 7.4 0.6 3.4 0 0 23 0 0 0 0 0.4 0 30.6 14.8 0.2 34.4 23.4 0 0 18.2 0 0 0 7.8
20 0 0 7.4 0 0 0.2 6 0 0 0 0.4 0.2 8 0 0 14.4 0 0 0 0 5.2 0.4 5.2 11.4 0 0 0 0 2.2
0 0 0 0 0.2 0.2 0 0 0 0 0 0 35.6 0 0 0 0 0 0 0 0 0 0.4 0.2 0 0.2 0.2 0 4 0
0 0 0 0 0 5.2 3.8 0.2 0 0 0 0 0 0.2 0 0 0 0 0 0 0 0 0 0 0 0 5.4 0 0.2 0
0 0.2 0 0 0 10.6 0 0.2 0 0 10.8 0 0.2 0 0 0 0 0 0 0 0 0 0 0 0 0 0 0 0 10
0.4 2.4 0 0 5.2 0.2 17 0 0 0 0.4 0 29.4 1.2 0 0 0 0 0 0 4 0 4.2 0 0 0 0 0 0 6.6
22 0.8 0 1.4 4.2 0.4 30.4 0 0 0 0 0.2 0.2 1.4 3 0 0 0 7 0 0.2 0 0.2 0.2 3.8 27.6 0 2 0 0
0 0 0 12 0 0.2 0.4 0 0 0 0 0 0 7.4 0.6 0 0 0 1 6.8 0 0 0 0 0 0 0 0 0.6 8
0.2 0 20.6 15.4 0 39.4 0.2 7.6 0.2 0 0.2 6.8 1 0 0 0 0.4 0.2 0 10 0 0 6.4 12.4 0 0 0 0 0 0
0 9 8.6 0 0.2 2.2 0 0 0 0.6 0 0 0 0 0 0 0 0 0 17.2 14.2 10.8 0 0.2 0 0 0 0 0 0
0 7 0 0 9.8 0 0 0 0 0 0 0 0 10.2 0 0 0 0 0 0 0 0 0 0 0 0 0 0 0 0
0 0 0 4.4 0 29.4 0.6 16.6 3.4 0.2 9 0 0 0 0 0.6 0 0 0 0 0 0 0 0.6 0 0 21.2 0 0 0
0.4 0 0 0.2 8.4 1.6 11.8 5.8 0.2 8.4 0 3.2 0 1.4 0 0 0 0.8 0 6.2 6 0 0 5 0 0 0 0 0.6 9
1 2.2 0.4 7 0 1.2 10 0 0 0 0 0 0 0.2 0 0 0 0 7.6 1.8 0 0 8.8 0 0 0 3.8 0 4.4 1.6
0 0 0 0 1.2 0 0 0 0 0 6.8 0 0 0.8 1 0 0 0 0 0 0 0 0 0 0 0 3.2 0 0 0
0 19.6 6 0.4 0 0 0 0 0 0 16.2 0 0 0 0 0 0 0 0 0 0 0 0 0 0 0 0 0 0.2 4.6
0 4 3 0.2 0 0 0 0 0 0 0 0 0 0.2 0 0 0 0 0 0 2.8 0 0 0 0 0 0 1 0 4.8
0.2 0 0 0 0 35.4 7.6 0 0 0 5.4 0 0.8 0 0 4 0 0 0 0 0 0 0 0 0 0 0 0 0 0.6
9 0 0.2 0 1.8 30.2 0 0 0 0 3.8 0.2 0.2 0 0 1 0 0 0.2 14 0 26.6 0 0 0 24.4 0 0 0.2 0
54.2 0 0 4.8 0.2 20.8 0 0.2 0.2 0 0 7.4 0.2 0 7.4 0 5 0 0 0 0 0 14.6 0 11 1.4 15.6 0 0 0
0 0 0 0 0 55.6 0.2 0 0 0 0 6.4 0 0 0 0.2 0 0 0 13.6 0 0 0.4 0 0 0 0.4 0 0 0.2
7.8 10.4 11 0.2 0.4 0 1.2 0 0.2 39.8 22.4 9 0 0 0 16.6 0 0.4 69 15 15.2 8.4 0.6 10.6 0 16.2 3.8 6.4 3.6 11.8
0 7 0 0 9 0 0 0 0 0 0 0 0 0 0 0 0 0 0 0 0 0 0 0 0 0 0 0 0 0
26.4 0 0 0.4 0 7.8 0 0 5.8 3.6 1.2 0 0 29.6 9.6 10 0 0 1.2 0.8 0 14.2 13.2 0.4 31 40.4 10.6 0 0 4.8
0 9.2 0 0 8.6 0 0 0 0 0 0 0.2 0 0 0 0 0 0 0 0 0 0 0 0 0 0 0 0 4.8 0.2
2 0.2 11.6 0 6.8 0 0 0 9.4 0 0 3 9.4 0 0 5.4 0 0 0 0 0 0 0 0.2 0 0 0 0 0 24
0.2 22.8 57.6 18.8 0.6 0 0.2 0 0.8 70.2 9 1.4 6.2 0 0 0 21.6 0 0.6 46 11.4 0 0 15.4 0.2 0 0 6.4 0 24.6
0 0 0 18.2 0 0 0.4 0 0 7.8 0 21 0 0.2 0 10.8 0 0 0 0.2 0 10.8 2.2 18.4 0 0 0 0 0 0
0 0 0 0.4 0 29.8 0 0.2 23.8 7.6 0 8.2 1 1.8 29.4 0.4 0 20.2 0 25.8 11.8 21.6 44.2 0.4 17.8 21.6 0.6 9 11.4 0
0 0 0 0 0 4 0 0 0 0 4 0 0 3.8 0 0 0 0 0 0 0 0 0 0 0 0 0 0 0 0.2
0 4.6 25.8 2.2 0 22.8 28.6 0.2 26.2 19.6 0 1 8.4 0 15.2 0 12.8 13.6 0 34.8 0 24.6 0 32.8 21.8 50.2 0 27.6 0.2 0
14.6 3.4 23.2 0 0 0.6 4.6 0 0.2 22.6 0 33 0.2 11.6 11.4 23.4 0 6.6 16 2.6 0 41.6 10.8 0 14.4 17.2 2.6 22.4 4 0
0 0 0.4 22.4 0 0.4 15.2 0.2 0 2.8 0 0 0 5.4 0 0 0 0.6 11.6 0 0 0 0 11.8 0 0 0 0 0 0.2
0 0 0 7.6 0 0 19.8 9 0 0 0 0 0 0 0 0.2 0 0 8.8 0.2 5 25.8 0.4 0.2 0 0.2 0 0.8 0 0
0 0 0 0 3 0 1.8 0 0 0.4 0 0 0 0 0 0.8 0 0 0 0 0 15.2 0 0 11.8 0 0 0 0 0
4.2 10.8 0 0 5.8 37.8 16.6 0 8 0 0 1.4 12.4 0.2 13 0 0 0 0.2 0 0 0.2 0 0 0.2 0 0.2 0 0 0
0 11.4 0 0 27.6 0 0 0 0 0 0 0 0 0 0 0 0 0 0 0 0 0 0 0 0 0 0 0 0 0
0 0 0 0 0 37.4 0 0 0 0 0 0 0.2 3 0 0 0 0 0 0 0 0.2 0 0 0 0 6.2 0 3 0
0.2 0 0 0 12 0 14.6 0 1.2 0 1.4 0 0 0 4.6 0 0 8.8 0 8 0.2 23.4 8.2 0 1 20.8 0.4 12.6 3.6 0
0 0 0 0 0 5.8 0 0 0 0 4 2.6 0 0.2 0 0 0 0 0 0 0 0 0 0 0.8 0 10.4 0 1.2 0
0.2 19.2 0 0 0 22.6 0 0 0 0 11.4 0.2 19.4 2 0 0 0 0 0 0 2.2 0 0 0 0 0 0.8 0 0.2 19.8
0 14.8 0 0 24 0 0 0 0 0 0 0 0.2 0 0 0 0 0 0 0 0 0 0 0 0 0 0 0 0 0
1.4 0 0 0 0 15 0.4 0.4 0 0 0 1 0 0 0 0 0 0 0 0.2 0 5.2 3.6 0 11.8 0 0 4 0 0
0 13 0 0 3.6 0 0 0 0 0 0 0 0.4 0 0 0 0 0 0 0 0 0 0 0 0 0 0 0 0 0
0 0 0 0.4 14 7.4 0 0 0 0 0 0 0 3.2 0 0 0 0 0 4.2 0 0 0 0.8 0 0 0.4 0 2.6 0
13.6 0 0 0 0.2 0.8 0.8 1.8 21.8 0 0 5.2 0.6 1.4 17.2 0 21 0 0.2 0 0 0 42.8 0 32 34.2 10.2 10.4 4.8 0
0 19.2 0 12.4 14.8 0 0 0.2 25.4 0 0 0 0 0 0 0 0.4 0 0 0 0 0 24 0.2 10 10.2 0 13 0.2 0
0 5.2 0 0 0 0 0 0 0 0 0.4 0 0 3.4 0 0 0 0 0 0 0 0 0 0 0 0 0 0 0 0
0 18.6 0 0 9.2 0.2 0 0 0 0 1 0 0 0 0 0 0 0 0 4 0 0 0 0 0 0 0 0 0 0
0 0 0 0 7.4 0.4 0 0 0 0 12.8 0 18 1.2 0 0 0 0.6 0 0 0 0 0 0.2 0 0 0 0 1.2 1.2
0 0 0 1.2 0 0 1.6 0.6 0 0 0 0 0 1.2 0 4.6 0.8 0 26.6 8.4 0.2 8.2 0.4 0 0 0 0 0.2 0 0
0 0 0 1.2 0 1.8 24 0 5.4 0 0 0 0 0 0 0 0 0.2 0 10 3.8 0 20 0 0 0 0 0 0 10.6
0 13.8 0 0 28 0 0 10.8 0 10.8 8.6 0 1.8 0 0 0.2 8.2 0.2 0 0 3 0 0 0 0 0 0.2 4 12.4 14
0.8 0 0 0 6 0.4 0 6 5.8 0 0 0 0 0 16.4 0 0 0 24.8 0 0 0 1.2 0 0 0 1.6 0 0 0
0 0 0 0 0 0 30.2 0.2 0 7.2 0 0 0.2 0 4 0 0 35.8 2.2 10.2 10.8 24.2 0 0 0 0 0 0 0 0
3 5 7.4 0 19.6 0 30 0 4.4 0 7.6 0 7.8 0 0 0 0 0 0 9 0 0 8 0 5.6 0.8 18.6 5.6 10.8 11.8
9.2 0 0 0 0 0 0 0 0 0 0 0 0 8.4 0 0 0 0 0 0 0 0 0 0 0 0 11.2 0 0 0.2
0 5 12.2 7.6 0 12.2 0.2 0 0 5.6 0 0.4 0 5.8 0 0 0 0 0 0 0 0 0 15.2 0 0 1.2 0 0 1.6
0 5 17.4 0.4 0 0 0.2 0 5 0 0 3.8 0 0 0 0 0 0 11 0 0 2 0 3.2 0 0 0 0 0 0
0 0.4 0 0 0 0 0 0 0 0.2 15.8 0 0.2 0 0 0 0 0 8.4 27 0.2 0 0 17.2 0 0 0 0 0 1.6
0.2 0 0 11.4 0 0 0.2 0 0 0 0 0 0 0 0 0 0 0 20.8 0 0.2 0 0 0 0.2 0 0 0 0 0
0 0.4 0 7.8 16.6 0.6 0.6 0 8.4 5.8 2.4 14.2 0 6.2 0.6 0 6.8 0 24.6 0.2 0 0.8 20.4 0.2 10 19.4 0 1.4 3.6 0
0 25.6 0 0 13.4 0 0 0 0 0 0 0 0 0 0 0 0 0 0 0 0 0 0 0 0 0 0 0 0 0
0 1 0 0 6.8 0 0 0 0 0 0 0 0 7.8 0 0 0 0 0 0 0 0 0 0 0 5 0.4 0 0 0
2.2 10.6 6.2 8.8 0 14.4 0 0.2 1.6 17.2 0 4.8 2.2 2.4 1.6 0 32.2 0.2 28.4 0.2 1.4 0 14.8 0.2 1.4 11.6 0.2 11.2 0 0
0 13.6 0 0 1 0 0 0 0 0 0 0 0 0 0 0 0 0 0 0.2 0 0 0 0 0 0 0.2 0 0 0
27.4 31.8 0 0 23.6 9 0.2 0 30.8 0 0 0.4 0 0.2 24.4 0 28.6 19.8 0 0 0 7.8 33.4 9.4 0.4 33.6 36 17.6 18.6 0
0 0 0 0 0 0 0 0 0 0 8.6 0 0.2 0 0 0 0 0 0 0 0 0 0 0 0 0 0 0 0 18.2
0 0 0 2.8 0 0 9.2 0 0 4 0 0 0 5.4 0 0 0 0 0 5.2 0 0 0 0.4 0 0 0 0 0 0
0 12 0 0 9.8 0.2 0 0 0 0 0 0 0 0 0 0 0 0 0 0 0 0 0 0 0 0 0 0 0 0
0 4 0 0 9 0 0 0 0 0 0 0 0 0 0 0 0 0 0 0 0 0 0 0 0 0 0 0 0 0
0 0 0 0.2 3.4 0 6 0 0 0 0 0 0 1.6 0 0.4 0 13.6 0.6 0 0 0 0 0 0 0 0 0.2 0 0
0 0 0 8.6 0 0 0 0 0 5 15.6 0.2 0.6 0 0 0 0 0 0 0 0 0 0 5.6 0.2 0 0 0 0 23.2
0 0 0 0 5.8 0 0 0 0 0 0 31.4 3.2 13 0.2 0 0 0 0.2 0 0 0 0 0 0 0 0 6.2 0 0
7.2 0 0 0 0 0.8 2.2 0 0 11.4 0 2.4 0 0.6 0 8.4 0 0 12.8 14.8 0 0 0.2 0 4.2 0 0.6 0 0 3.4
0 4 0 0 0 0 0 0 0 0 0 0 0 0 0 0 0 0 0 0 0 0 0 0 0 0 0 0 4 14
0 4.6 0 0 6.2 0 0 0 0 0 0 1 0 0 0 0 0 0 0 0 0 0 0 0 0 0 0 0 0 0.2
0 0.4 0 0 2.2 19.4 0 0 0 0 0 0.6 0 6.2 5.8 0 0 0 0 0 0 0 0 0 0 0 27.2 1.6 21.4 20.2
0 5.6 0.4 0 4.2 0 0.2 6.2 0 0 0 0 0 0 0 0 0 0 0 0 0 4.2 1.2 8 0 0 0 0 0.2 0.8
0 9.6 0 0 6.4 0 0 0 0 0 0 0 0 0 0 0 0 0 0 0 0 0 0 0 0 0 0 0 1 0
41.4 7.4 11 14.4 15.8 17.6 0.2 0 0 20 11 6.2 0 11.2 0 0 0 0 0.6 14.4 0.2 0.4 7.4 10.8 2.4 0 0 0 2.8 13.8
0.6 21.6 0.4 0 24.8 7.6 9.2 0 52 6.2 0 6.4 6 8.8 23.8 1.4 0 15.4 0 0 9.2 0.2 17.6 19 5.2 17 23 7.2 8.4 0
0 0 0 0 21 0 0 0 0 0 0 0 0 0 0 0 0 0 0 0 0 0 0 0 0 0 0 0 0 0
0 13.8 0 0 0 0 0 0 0 0 0.2 0 0 0 0 0 0 0 0 0 0 0 0 0 0 0 0 0 0 0
3 0 0 1.6 0 0 0 0 0 0 0 0 0 15.2 0 0.2 0 0 10.6 0 0 9.6 0.2 0.6 0 0 0 0 0 0
0 10.8 0 0 7.6 0 0 0 0 0 2.6 0 0 0 0 0 0 0 0 0 0 0 0 0 0 0 0 0 0 0
0 0 0 0 0 0 0 0 0 0 4 0 11.8 0 0 0 0 0 0 0 0 0 0 0 0 0 0 0 0 0.2
0 0 72.4 3.4 0 7.6 0 2 12 50.6 0 14.6 1 0 0 11.4 16.8 0.2 58.2 21 24.2 4.8 9.8 24.4 0 2 1 0 0 16.6
53 2.8 0 15.6 0 0 0 0 9.4 11.4 0 0 0.2 0.2 10 1.6 13.6 0 0 0 0 0 0.2 0.2 16.8 0 0 0 5 0
0 0 0 0 0.8 0.2 0 0 0 0 0 5.2 0 5.4 0 0 0 0 0 0 0 0 0.4 0 0 0 0 0 0 0
0.2 0 0 0 1.6 0 0 0 0 7.8 3 0 2.2 0 0 0 0 0 0 26.8 0.2 0.2 0 0 0 0 0 0 0 0
0 0 0 0 8 0 0 0 0 0 0 0 0 0 0 0 0 0 0 0 0 0 0 0 0 0 0 0 0 0
0 0 3 0 0 0 0 0 0 0 0 0 0 0 0 0 0 0 0 20.4 0 0 0.2 0 0 0 0 0.4 0 0
0 15.4 0 0 0 31.6 0 0 0 0 0 0 0 14 0 0 0 0 0 0 0 0 0 0 0 0 5 0 0 0
0 0 10.4 0 0 0 16.2 0.8 13.4 0 0 10 25.6 1.8 0 0 0 4 14.4 0 2 0 10.2 16.6 0 9.4 10.6 0 0 9.6
0 0 0 0 10 10 12.8 0 0 0 0 2 8.2 0 10 0 0 0 0 0 0 0 0 0 5.6 0 0 4.2 7.4 6.8
0 0 0 0.4 0 15 11.4 7 2 0 0 0.2 25.4 0 0 0.2 0 0 0 18.6 0 19.6 12.4 3.6 0 0 0 0 0.6 16.6
0 0 0 0 1 0 0 0 0 0.2 1 0 0 7.6 0 2.8 0 0 15 0 0 5.4 0 0 0 0 0 0 0 0
0 0 0 0 0 0 8.2 0 0 0 0 0 13.2 0.6 0 0 0 0 0 0 0 0.4 3.6 0 0 0.4 0 0 1.6 0
0 9 0 0 9.8 0 0 0.4 0 0 0 0 0.2 0 0 0 0 0 0 0 0 0 0 0 0.6 0 0 0 0 0
0 2.2 0 0 3.6 35.8 0 0 0 0 0 0 0 8.2 0 0 0 0 0 0 0 0 0 0 0 0 6.4 0 4.8 1
0 0 0 0 0 6.4 0 0 0 3 0 0 0.2 7.2 0 0 0 0 0 0 0 0.2 4 0 0 0 0 0 0 0
0 0 0 0 16 0 0 0 0 0 0 0 0 0 0 0 0 0 0 0 0 0 0 0 0 0 0 0 0 0
0.2 0 0 0 0 0 0 0 0 0 0 0.2 0 0.4 0 1.8 0 0 24.2 0 0 0 0 0 10.6 5 0.2 0 0.2 0.2
0.2 0 0 0 0 14.2 0 0 0 0 0 3.6 8.2 0 1.6 0 0 0 0 0 0 0 0 0 0 0 9.4 0 0 1.8
0 0 5 0 17.6 0 0 0 0 4.2 0 0 0.4 0 0 0 0 0 13.8 0 0 0 0 0 0 0 0 5 0 0
0 3 0 0 30 0 0 0 0 0 0 0 0 0 0 0 0 0 0 0 0 0 0 0 0 0 0 0 0 0
0 18.6 0 0 0 0 0 0 0 0 0 0 0 3.2 0 0 0 0.2 0 0 0 0 0 0 0 0 0 0 0 0
0 0 0 0 0 0 0.6 0 0 6 0 0 0 0 0 0 0 0 0 0.4 0 0 0 0 0 0 0 0 0 0
0 35.4 0 0 8.6 0 0 0 0 0 0 0 0 0 0 0 0 0 0 0 0 0 0 0 0 0 0 0 0 0
30.8 5.4 0 0 0.4 7.2 17.6 9.4 0 0 0 0.6 0 0 32 0 23 0 0 0 0 0 0.2 0.6 25 5.4 0.2 3 0.2 20
0 0 0 15 0 0 10.4 0 0 5 0 4.8 0 0 0 0 0 0 0 1 0 0 0.2 0 0 0 1.6 0 0 0
0 5.6 0 0 9.4 0 0 0.6 0 0 11.6 0.2 0.4 7 0 0 0 0 0 0 0 0 0 0 0 0 0.2 0 0 20
0 0 0 6.2 11.6 0 40.2 0 12.6 0 0 0 4.4 0 0 0 0 0 0 25.6 0 0.2 12 0 0 0 2.2 0 4 0
16.8 16.6 1.6 18.2 7.4 16 0 0 6.4 0 0 10.6 1.6 0.2 30 0 0 9.4 0 3.2 0.2 0.2 53.2 3.2 6 25.2 18.8 0 0 18.2
0 11 0 0 8.6 0 0 0 0 0 0 0 0 0.2 0.2 0 0 0 0 0 0 0 0 0 0 0 0 4 0 0
0.2 0 0 6.4 0 0 7.6 11.4 2.6 0 0 0 0 9.2 0 0 11 0 0.2 0 5 0 0 0 0 1.4 0 0 0 0
0 0.6 0 0 14.4 30.2 0 0 0 0 7.6 0.2 16.2 4.6 8.8 1 0 0.2 0 0 3.6 0 0 0 0 0 21.8 2.6 6.6 18.6
0 0 0 0 0 5.8 0 1 0 0 0 0 4.8 0 0 0.2 0 0 0 8 0 0 0 3 0 0 0 0 0 6.2
0 0 0.4 0 0 0 0.2 0.2 14.2 2.8 0 0 0 2.6 0.2 0.2 0 0 0 0.2 0 0 9 0 3.8 0 0 5.2 0 0
19.2 0 36 25.4 0 11 5.6 0 0.4 0 14.6 15.4 0 0 0.2 5.2 14.2 0 3.6 22.2 7.6 3.2 0 13.2 8.4 10.2 0 0 0 14.4
0 0.4 0 0 3.6 0 0 0 0 5 0.8 0 0 0 0 0 0 0 11.2 0 0 0.4 0 4.4 0 0 0 0 0 15.2
0 0 0 12 8.4 6.2 0.4 0.2 3.8 0 7.8 0 0.2 0 2.4 0 0 0 0 0 0 0 14.2 0 0 0 10 0 5.4 0
0 0 15.4 24.2 0 0 0 10.4 0 0 0 0 0 0 0 0 8.8 0 0.2 0 0 0 0 0 0 0 0 0 0 0
20.4 0 0 0.2 2 2.8 0.2 0 0 0 0 0 0 0 6.4 0 18.2 0.6 16 0 0 0 28 0 0 0 0 0.2 0 0
29.2 0 0 14 0 0 23.2 0 0 53.8 8.6 0 0 0.2 0 13 10.2 0 0 0.2 7.4 0 0 10 0 1.2 0 0 6 0
0 22.4 0 0 0 27 0.2 0 0 0 3 0 12.4 0 0 0 0 0 0 0 0 0 0 0 0 0 0 0 0 0
0 13.2 0 0 0.8 0 0 0 0 0 0 0 0 0 0 0 0 0 0 0 0 0 0 0 0 0 0 0 4 0
0 0 0 0 0 7.4 4.8 0 0 0 0 0.4 0 2.2 0 0 0 0 0 0 0 0 0 0 0 0 0.2 0 0 0
15.6 20.6 0 0 0 27.6 0 0 0.2 4 0 0 0 0 0 0 0 3.2 1 0.2 0 0 0.4 9.6 17 13 0 0.6 0 5
19.4 0 11.6 21.4 0 12.8 8.4 9.8 5.8 1 0 0 0 0 20 21.4 15.4 3 40.2 5.6 0 0 0.8 0 14.2 28 0 5.2 0 0
0 1 11.4 0 14.4 0 0 8 3 4.8 0 0 0 1.4 0 0 0 0 0 0 3.8 7.6 0 1 3 11.4 3.2 5.2 0 12.8
0 2 0.4 0 0 0.2 0 4.2 0 0 0 0 0 0 0 0 0 0 0 0 0 0 0 1 8.6 0 0 0 0 16.6
0 2.4 0 0 11.4 0 0 0 0 0 0 1 0 0 0 0 0 0 3.6 0 0 0 34.4 0 0.6 8.8 0 17.4 0.4 0
4 0.6 3 29.8 2.2 0 26.6 8 0 0 0 17.2 20.2 2.2 0 0 1.2 0 0 0 6.4 1.2 1.8 0 0.6 11.2 3.4 0 0 2.4
0 0 0 0 0 0 0 0 0 0 0 1.2 8.6 0 3 0 0 0 0 0 0 0 0 0 0 0 0 0 0 12.2
20.8 0 0 0 12.4 0 4.6 6 7.4 0 0 1.4 0 1.6 18.6 1 18.8 0.4 8.8 0 0 26 15.8 0 0.4 52.4 19.2 11.4 0 0
0 5 30.2 0 6 0 0 27.6 6.6 0 0.4 0 24.6 0.4 0 17.4 19.8 16.8 0 29.2 10.6 7.8 25 19.4 3.8 29.2 0 0 0.2 0
0 0 0 6.8 0 0 0 0 0 0 3.2 0 0 6.8 0 1 0 0 0 0 0 0 0 0 0.2 0 0 0 0 0
0.6 0 0 0 0 11.4 0 0 0 0 4.4 0 0 3 0 0 0 0.6 0 0 0 0 0 0 0 0 0 0 0 17
0 13.8 0 0 6.4 0 0 0 0 0 2.8 0 0 0 0 0 0 0 0 10 0 0 0 0 0 0 0 0 0 0
0 12 0 0 1.6 0 0 0 0.2 0 0 0 0.2 0 0 0 0 0 0 0 0 0 0 0 0 0 0 0 0 0
0 12 0 0 14 0 0 0 0 0 0 0 0 0 0 0 0 0 0 0 0 0 0 0 0 0 0 1 0 0
0 0.2 22 0.2 0 43.8 0 0 10.8 0.2 0 0 12.2 0.2 0 0.2 16.4 6.6 0 5 7.2 14.4 18.2 14.4 5.4 0 4.4 0 5 1.2
0.6 4 5.8 6 0 0 0 0.6 0 0 0 0 0 0 0 0 0 0 0 0 0 0 0.2 0 8 2.8 0 0 0 0
0 0 0 0 2.2 0 0 0 0 0 0 0.4 0.2 6.4 0 0 0 0 0 0 0 0 0.2 0 0 0 0 0 0 11.6
19 0 0 0 5.4 0 18.6 4 0 12.8 2.6 0 0 0.6 4.8 0.2 5.2 0.2 2.2 5.2 0 20.4 0.2 3.8 15.8 26.8 0 0 0 0.2
0 0 0 4 0 0 0 0 0 0 0 0 0 0 0 4.6 0 0 0.4 3.8 2 0 0 0 0 1.4 0 10.2 0 0.6
0 0 3.8 0 0 0 0 0 0 4 1.2 0 0 0 0 0 2.2 0 6.8 11 0 0 0 0 0 0 0 0 0 0
0 0 0 20.8 0 11.6 10.8 8.6 0 10.2 0.2 0.2 5 16.4 0 16.8 3 0.2 1 0 0 0 0.2 37.6 3.6 0 6.8 0 0 0
0 0.2 13 0 0 0 31.4 7.2 0 12.8 0.4 0 0.2 6.2 0 0.8 0 0 0 52 17.6 0 0.6 7.4 0 0 0 0 0 0.2
18.4 0 0 6.4 0 7.2 0 0 0.2 0 0 0 0 31.6 0 1.4 0 2.8 15.6 0 0 20 0 0 0 0 0 0 0 0.4
11.4 0 0 10.6 0 0 3.2 15.8 15 0 0 0 1 5 7.8 0 1.6 0 0 0 0 0 19.2 0 0 8.2 0 0 0.2 16
0 0.2 0 0 3.4 0.4 17.8 0 4.4 0 0 0.4 0 4.8 0 0 0 3.2 0 0 0 0 1.4 0 0 12 3.2 8.8 0 0
0.6 0 0 0 0 0 21.6 0 2.2 0 0.2 0 0 0 0 15.6 0 0 0.4 0 5.4 4 0 0 0 0 0 0 0 0
1 4.2 0 0 6.4 0 0 7.2 0 0 0.4 0 0.8 3.4 0 0 0 0 0 0 4.4 5 0 0 0 0 0 0 0.2 0
0 0 0 0 14 0 0 0 0 0 9 0 0 0 0 0 0 0 0 0 0 0 0 0 0 0 0 0 0 0
0 7.6 0 8.8 0 0 6 0 5.4 0 0 1.6 37.6 1.2 0.4 0.4 0 0 0 17.4 2 0 39 0.2 0 11.8 4.4 0.2 0 0
6 0 0 9 5 0 46.6 0 11.2 0 0 0.4 11.6 0 0 0 21.6 0 0 0.2 0 14 19.8 6 43.8 47.8 15.4 12.8 4.8 0
0 0 0 0 5.8 26.6 0 0 0 0 0 8 0 0 0 0 0 0 0 0 1 0 0 0 0 0 8 0 10.6 0
0 0 3.4 14.2 25.4 15.4 0 0 4.4 0 0 0.2 0 0 0 0 8.6 0 0 0 2.8 0.2 0 0 7.6 0 0 3 0.6 0.2
0 0 0 0.2 0 0 0 0 0 11 0 0 0 0 0 7.8 0 0 0 0 0 0 0 0 0 0 0 0 0 0
0.4 0 2.6 14 0 2.8 3.8 7.6 0 0.6 4.4 0.2 13 0 0 0 0 0 0 0 3.6 9.2 0 0 0 0 0 0 0 0.8
0 0 0.2 0 10.6 6 0 0 0 0 0.2 0 12.2 0 0.8 0 0 0 0 0 0 0 0 0 0 0 0 0 0 24
0 4 1 0 0 0 0 0 0 0 0 0 0 0 0 0 0 0 0 0 0 0 0 0 0 0 0 0 0 0
0 20.4 0 0 5.4 0.2 0 0 0 0 0 0 0 0 0 0 0 0 0 0 0 0 0 0 0 0 0 0 0 0
40.2 0 0 0 0 6.4 0 0 0 0.4 0 20 0.4 0 0 11.8 0.2 0 1.2 0 0 0.2 0 12 2.6 33.6 0 0 0 0
0 0 0 0 0 15 0 0 0 0 0 0 0 0 0 0 0 0 0 0 0 0 0 0 0 0 0 0 0 0
0.2 8.2 4.8 2.8 0.4 0.2 7.2 0 0 0 0.8 0.2 0 0 0 6.2 0 0 9 9.6 0 0 0.2 10.2 0 0 0 0 0.2 10.8
21.6 0 0.8 0 1.6 0 0.2 11.8 0 11.8 3 18.8 0 0 0 0.6 0 0 0 26.6 0 0 0.4 3.6 11.6 7 0 0 0 3.6
22.8 13.2 36.2 5.8 0.2 0 0 6 7.6 35.4 0 0 0 0.4 3.8 67 17.8 0.4 42.4 0.2 0 24.6 0 27.6 17 6.4 0 0 0.2 10
0 6.4 11 7.6 0 0 0 0.2 0 5 0 0 0 0 0 0 4.6 0 24 17.4 9.8 0.4 0 0.2 1.4 0 0 0 0 0
0 0 0 27.4 0 20.6 0.2 0.2 0 0 0.4 7.6 0.6 0.2 0.2 16.6 0 0 30 0 6.8 0.2 0 0 0 0 0 0 0 0
0.2 0 0 0 0 1 1 16.8 0 0.2 0 0 0 0 0 10.2 0 0 25.6 0 0 0 0 6.6 0 0 0 0 0 4.4
0 0 0 0 0.2 15.4 0 0 0 0 5.2 0 0 0 0 0 0 0 0 0.2 0 0 0 0 0 0 0 0 0 0
0.2 0 10 0 1 0 0 0 0.2 31.2 0 0 0 12 0 23.8 9 0 0 7.2 13.4 23.4 0.2 9.8 0 0 0 0 0 7.6
0 9.2 0 0 0.6 0.6 0 0 0 0 0 0 0.2 0 0 0 0 0 0 0 0 0 0 0 0 0 0 0 0.4 0
0 7.6 0 0 1.6 1.2 0 0 0 0 0 0 1.2 0 0 0 0 0 0 0 0 0 0 0 0 0 1.4 0 2 0
0 0 0 0 5 1.2 0.2 0 0 0 0 0 0.6 0 0 0 0 0 0 0 0 0 0 0 0 0 0 0 0 9
17.2 0 29.8 0.4 0 5.2 0 0 0 0.4 0.4 0.2 7.6 0.6 0 0 5 0 0 2 2.4 0.6 0 0 0 0 0 0 0 0.2
14.8 0 9.8 27 5 0 0.4 11.2 37.8 0 0 0 4.2 5.4 18 0 21.2 0 6.4 16 0 0 0 0 18.6 11.2 0 0.2 6.8 0
0 0 0 0.2 0 0.4 0 0 0 0 0 0 0 0 3.6 1.8 0 0 0 0 0 0 0 0 0 0 7 0 3 0
15.2 0 0 0.4 0.2 0 32 11.4 9.6 0 0 8.8 10.6 0 2 1.6 0 31.2 0 0 0.4 16 0 0 13 12.6 7.8 1.2 0 0
0 4.2 0 0 3.4 0.2 0 0 0 0 0 0 0 3 0 0 0 0 0 0 0 0 0 0 0 0 0 1.2 0 0
0.2 0 0 13 0 0 0 0 0 0 0 0 0 6 0 0 0 0 0.2 0 0 0.4 0 0 0 0 0 0 0 0.2
7.6 0 0 12.4 0 26.2 28.8 9.8 14 0 1 0 34 8.8 0.2 10.4 0 0 16.2 20.2 1.4 0 3.8 0 0.2 0 0 0 0 0
11.2 0 0 0.2 26 0 0.2 0 2.6 0 0 0 0 18.8 0 0 0 0.2 0 0.2 3.2 4.6 0 11.4 0 0.4 1.2 0 0 19.8
0.8 0 0 0 0 38.8 0.2 0 3 0 5.2 0.4 6 0.6 0 0.2 0 0 3.6 9.2 0 3.6 5 0.2 0 0 13 0 4.2 0
0 0 0 0 0 0 0 0 0 0 0 0.2 10.2 0 0 0 0 0 0 0 0 0 0 0 0 0 0 0 0 13.6
0 0 0 0.2 20.8 19.4 20 0 0 0 0 2.8 0 0 0.2 0 0.2 0 32.6 9.2 0 3.8 0 1 10.2 4.6 4.8 0 0 0
40 0 0 0.2 0 0.4 0 0 0 3.6 0 0.2 0 0.8 0 0 8 0 31.8 0 0 0 0.4 0 0 51.2 6 7.4 0 0
0 0 0 0 0.4 1.6 0.2 0 0 0 0 0 0.2 0.2 0 0 0 19.8 0 0 0 0 0 0 0 0 17.6 2.4 12.4 0.2
0 0 0 0 0 35.6 0 0 21.2 0 0 22.8 18.8 1.4 9.2 0 7 17.4 0 6.6 0 0 51.2 0 21 0 0 8.4 6.4 0
0.2 0 17.4 0 7.6 0 9.2 0 0 0 5.4 0 9.2 0 0 0 0 0 0 0 6.6 2.6 0 0 0 0 0 0 0.4 3.4
0 0 0 0 3.4 0 0 0 0 0 0 0 0 0.6 0 0 0 0 0 0 0 0 0 0 0 0 0 0 0 0
0 0 0 10 0 6 0.4 0.8 3 0 0 0 0.2 0 0 0.2 0 0.2 0 0.2 0.2 0 9.8 2.4 0 0 3.4 0 0 6.2
0 10.6 0 0 6 0.4 0 0 0 0 0 0 0 0 0 0 0 0 0 0 0 0 0 0 0 0 0 0 0 0
0 0 0 0 20.2 5.2 0 0 0 0 0 0 0 0 0 0 0 0 0 0 0 0 0 0 0 0 0.6 0 0 0
0 0 0 17.2 0 0 0 14.6 5.8 4.2 0 0 14 0.6 10.2 6.2 10.2 0.2 0 0 0 0 0 0 5 31.8 0 0 2 0
5.6 12.6 0 0 6.8 0 0.2 0 0 21.4 0 0.2 0 10.6 0 6.6 5 0 35.4 2 0 0 0 0 14.6 4 0 0 0 0
0 5.6 18.8 0 0.2 0 0 0 22 0 0.2 0 0.4 9.2 0 0.6 0.8 8.2 0 15.2 2.4 15.4 0 18.6 18.4 0 0 0 0 16
0 0 0 0 9.8 7 0 0 1 0 0 0 6.2 0 0 0 0 0 0 0 0 0 0 0 0 0 0 0 7 0
0 0 0.2 0 0 0 0 0 0 0 7.8 0 0 0 0 0 0 0 0 0 0 0 0 0 0 0 0 0 0 16
0.2 0 0 0 0 0 1.8 26.4 21.2 0 0 0 0.2 0.2 0 0 0 4.4 0.2 0.2 0 0 82.2 0 0 31 0 0.4 0 13.6
0 0 0 0 0.2 0.2 9.4 18 22 0 0 0.6 6.2 15.6 4.2 7.2 0 6 0.6 0 9.8 0.4 52.8 17.2 14 24.8 7.8 13 0 0
0 2.6 7 16.6 0 0.2 1 14.8 11.2 16.6 5.2 0 13.4 0.2 5.4 21.2 17.2 0.8 0 60.6 0 0.2 7.6 22.2 11 0 0 1 0 0
1.8 0 8.8 0.4 0 0 4.6 11.2 25 0 0 0.2 0 10.8 19.2 0 0.4 19.2 0 0 8 0.2 8.6 0 9.6 0 10.4 0 0 13.6
12 0 23.6 49 0 1.2 0 0 6.4 19.8 14.4 0 0.2 0 0 16.8 0 6.4 23.4 15.4 1.4 20.6 0 1.8 16.2 8.8 11.2 0 0 8.4
0 0 0 0.2 0 0 12 0.2 0 0 0 10.8 0 0.2 0 0 0 0.2 12 2.6 0 13.8 5.6 11.2 2.2 0 0 0 0 0
0 15 0 0 0 0 0 0 0 0 0 0 0 0 0 0 0 0 0 0 0 0 0 0 0 0 0 0 0 0
21.4 0 0 0.4 3.4 41.6 0.2 0 0 0 0 0 0 0 8 5.4 0 0 0 0 0 0 0 0 0.2 0 0 0 0 10.4
5.4 0 0 0 0 0 0 3.6 0 0 0 20 0 10.4 0 0 0.4 0 0 0 0 9.2 0 0 0 12 0 0 0 0
12.6 13.6 0.6 0 10.6 0.8 21.4 16.4 41.2 13 0.2 0.2 31.2 15.2 20.6 0 32 16.6 0 33.4 2.4 0 29.4 11 17 39 20 11.2 11.4 0
0 0 0 0 0 25.6 0.4 0 0 0 0 0 4 0 0 0 0 0 0 0 0 0 0 0 0 0 1.6 0 1 25.4
0 13.6 0 0 22.8 0 0 0 0 0 0 0 0 0 0 0 0 0.6 0 0 0 0 0 0 0 0 0 0 0 0
0 0.4 29 0 0.2 0 25 7.2 15.8 0.6 0 0 3.2 0.8 12.2 25.2 14.4 13.4 0 0.4 22.8 22.8 21.4 0 18 34.4 21.6 9.2 2 5
18.2 7.6 7.6 0 9.6 0 0 4.4 33.8 0.6 0 17.8 0 0.2 16.8 0 32.2 24 0 0 0 12 15.2 0 2 33.4 0 5 0.4 5.2
0 5.6 0 0 17.6 0.2 0 0 0 0 0 0.4 0.2 0 0 0 0 0 0 0 0 0 0 0 0 0 0 0 0 0
0 7 0 0 13 0 0 0 0 0 0 0 0 0 0 0 0 0 0 0 0 0 0 0 0 0 0 0 0 0
0.6 0 0 0 0 0.2 17.6 0.8 0.4 0 0 0 0 0 11.6 0 0 0 0.2 0 0 0 0 0 22.2 13.4 0 0 0 0
0 45 0 0 0 0 0 0 0 0 0 0 0 0 0 0 0 0 0 0 0 0 0 0 0 0 0 0 8.8 0.2
0 9 0 0 0 0 0 0 0 0 0.2 0.4 0.2 0 0 0 0 0.2 5 0.2 5 0 0 0 0 0 0 0 0 1.8
11.4 25.4 28.6 0.2 6.2 22.4 0.8 34.8 8.6 0 16.6 0 0 0 21.8 3.6 7.6 9 16.6 1.2 5.6 6 9.6 0 0 24.8 0 10 0 1.2
0 0 0 0 0 27.6 0 0 7 0 0 0 0 7.4 0 0 0 4 0 0 0 0 0 0 0 0 0 0 4 0
0 14.4 0 6.2 1.4 0 0 0 0 0 0 2 7.2 1.8 0 13.4 0 0.2 18.4 9.8 0.2 0 0 0.6 0 0 0.2 0.2 0 0
0 0 0 0 0 1.8 0 0 0 0 0 0.2 0 3.4 0.6 0 0 0 0 0 0 0 0 0 0 1.4 0.2 0 0.4 0
10.8 0 0 0 1.2 0.2 0 0 0 0 0 28 0 2.6 10 0 0 0 2.6 0 0 14.6 0 0.4 6.8 17 0.6 4.2 0 0
30 0 0 0.2 0 0.6 22 3.4 55.8 0 3 0 3.6 0 7.4 0 18.2 16.6 0 2.2 1.8 3.2 37 0.2 0 23 13.4 4.4 2 12
0 0 0 0.8 5.4 0 0 1.8 9.4 13.4 0 0 22.6 0 0 0.2 0 0 24 12.4 4.6 0 0 0 0 0 0.4 0 0 0
29.8 1 16 2 0 12.4 0.2 12 13.4 31.2 0.2 0.2 0.2 17.8 10.8 7 27 0 0 14 7.2 0 32.6 8.8 0.2 11.2 8 6.4 0 23.4
0 15.4 0 0 6.6 15 0.4 0 0 0 0 0.8 19 0.4 7.8 0 0 0 0 0 0 0 0 0 0 0.2 24.4 0 9 0
33.4 0 20 5.4 0 0.2 0 0 13.2 0.2 0 1.8 0 0 0 0 26.6 1 18.2 0 5.8 15.6 8.6 0 0 51.4 0.2 0 0.2 0.2
0 0 0 0 0 16.6 11 0 0.6 0.2 17.6 5.8 6.8 8.6 0.4 0 0 0 31.6 8.8 0 7.8 0 0.2 0 0 0 0 0 0
20 5 1.8 0 0.2 0 2.4 6.4 12.4 0 6.6 2.6 29.2 18 0 0 0 6 0.2 0 0 14.2 0 18 0 0 0 0 0 0
17.6 0 0 23.8 0.2 21.4 0.2 0 0 7.6 0 0 0 2.8 0 2.4 0 0 34.2 0 0 0 0 30.8 0 0 0 0 0 0
0 14 13.6 0 14.2 0 7 0 0 28 22.2 0 7.2 0.4 0 0 3 0 22 0 23.8 13.6 0 28.6 22.8 0 0 0.2 5.6 7.8
0 0 0 0 12.8 0 0 0 0 0 0 0 0 0 0.2 0 0 0 0 0 0 0 0 0 0 0 0 0 3.8 0.2
27.2 0 6 1.8 0 0.8 10.4 9.6 13.8 4 0 0 25 0 0 12.2 26 4.4 14.6 0 0.6 0 46.6 0 0 35.6 7.6 5.4 0.4 0
0 0 0 0 2 0 0 0 0 0 3.8 0.2 0 0 0 0 0 0 0 0 0 0 0 0 0 0 0 2 0 0
0.4 0.2 23.2 0 12.8 0.2 23.8 0 16.4 16.8 10 0.2 46.4 5.4 10.4 6.2 25.6 12.4 0 43.4 9.4 2.2 18.6 21.4 7 49.4 10.6 6.6 4.8 0
0.4 0 0 0 17.4 6 0 0 0 0 0 0 0 0 4.2 0 0 0 0 0 0 0 0 0 0 0 0 0 0 0
0 21.2 17.2 5.8 0 12.2 25.8 0.2 0 14.6 5.2 0.4 0.2 0.2 0 0 19.6 4.4 0 27.6 7.4 9.2 0 0.6 0.2 0 0 0 0 0
0 3 0 0 0.6 0 0 0 0 0 1.2 0 0.2 0 4.6 0 0 0 0 0 0 0 0 0 0 0 0.2 0 0 4.2
0 0 9.6 27.8 0 0 0 0 0 0 0 0 0 27.8 0 0.2 4.6 0.6 0 0 0 0.2 0 0.2 16 0 0 0 0 0
53.6 0 22.8 0.2 0.2 0.2 16.2 28.8 0 28.4 0 9 13.2 0 0 13.4 7.4 0.2 18.4 28.8 24.6 57.2 27.6 2.6 0.6 28.8 19 0 0.4 2.4
0 8 0 0 14.8 0 0 0 0 0 0.2 0 0 0 0 0 0 0 0 0 0 0 0 0 0 0 0 0 0 0
0 0 0 0 0 0 0 0 0 0 0 0 1 0 0 0 0 0 0 0 0 0 0 0 0 0 0 0 0 0
35.8 15.6 5.4 36 6.8 0 0 0 0 8.8 0 33.8 0 0.2 0 19.4 4.6 7.8 13.4 8.4 0 0.2 11.8 13.4 22.8 24.6 0 11.4 0 0.8
8 0 37.6 30.2 0 0 0.2 0 10 61.4 0 0 0 5.4 0 43.4 10.6 0.2 0 0 12.2 30.6 0.2 18.8 0 0.4 0 12.2 0 5.6
8.8 0 0 0 1.4 5 0 0 0 33 0.8 38.8 0 7.8 0 0 12.4 0 0.4 10 0 37.2 12.6 37 6.2 23.2 2.8 0 17.6 0
40.2 0 0 0.4 0 41.6 0.8 0 31.6 0 0 0 0 0 38 0 9 9.2 0 0 0 0 0 0 24.4 36.2 3.2 11.4 0 0
0 0 0 0 5.2 0 4.6 10.8 0 6.2 0 0 0 0 0 0 0 0 0 25.2 0 17.8 10.6 0 2.2 0 0 0 0 0.4
0.6 0 17.2 0 0 0 1.8 0 0 5.2 0 4 0 0 0 0.2 0.4 0.2 13.8 14.6 0 0 0 0 0 0 0 0 0 0
0 6.8 0 0 24.2 0 0 0 0 0 0 0 0 0 0 0 0 0 0 0 0 0 0 0 0 0 0 0 0 0
33.8 0 0 11.8 0 9.8 0.2 4.2 5.6 10.6 12 16 8 0 12.2 0 18 0 0 0.8 0 0 0 0 11 0.2 0 0.4 0 0.4
0 21.8 0 0 6.8 0 0 0 0 0 0 0 0 0 0 0.2 0 0 0 0 0 0 0 0 0 0 0 0 0.2 0
8.6 0 0 0 0 0 0 0 14.2 0 0 12 11.2 0 11.6 0 0 10.4 0 0 0 1.6 29.8 0 0 23.8 12.8 18 0 0
0 0 23 1 0 0 0.6 0 0 29.8 0 0.2 0 0 0 0.2 0 0 10.6 30.4 4.2 22.4 0 0 0.2 0 0 0 0 5.4
0 0.2 0 7 0 0 0 0.2 0 8 0 0 0 0 0.4 0 0 0 0 22.2 0 0 0 23 0 0 0 0 0 4
0 5 0.2 0 4.4 5 15.6 0 0 0 0 0 17 5.4 0 0 0 0 0 0 0 0 2.4 5.2 0 0 1.4 0 0.4 0
0 0 0 0 36.8 0.4 0 0 0 0 0 0 21.4 1.2 0.6 0 0 0 0 0 0 0 0 0 0 0 5 0 2.2 23.4
0 0 11.2 0 0 0 0.6 10.2 0 5 6.4 1.2 0 6 3 12.2 4 0 12 0 0.4 7.8 0.6 16.6 3.8 12.6 0.2 4.8 0 4.4
0.2 0 0 0 0 0 0 0 2.4 33 0 0.2 0 0.4 0.2 9.2 5.8 2.2 28.2 0 0 16 26.2 1 0 15.8 0 6.2 0 0
0 5 31.6 0.4 2 0 39.4 9.8 18.4 8.8 18.8 0 12 1.4 0 8.8 5.6 3.2 0.6 46.4 19.2 2 44.4 9.6 0 0 8.4 2 0 0.2
32 25.6 0 0 16.8 0 13.6 0 12.8 0 0 0 0 0 0 11.4 15.6 8.2 0 0.8 0 9.4 39.6 5.4 0.6 19.8 0.2 6.2 7 4
0 0 0 3 9 12 10.2 4.8 0 0 0 0.8 0.2 0 0 0 0 0.6 8.8 5.2 0.2 0 1.2 0 0 0 0 0 0 0
36 0 0 30.4 0 21 0 0 0 0 0 0 0.6 0 0.2 0.4 1.2 0 0.2 0 0 1.8 20.4 0 12 33.4 10 0 3 13.4
1.6 0 8.2 11.4 0 0 0.6 0 0 6.2 0 0 0 0 0 2.6 0.8 0 0 25.4 0.4 0 0 0 0 0 0 0 5.2 8.6
0 0 0 0 0.6 21 5.6 0 11 0 0 0 36 0.2 1 0 0 0.2 0.2 0.8 0 0 31.8 0 11.8 5.2 20.4 13.6 20.8 2.8
0 0 0.8 0 0 8 0 0.8 0 3.6 0 0.2 0 0 0 0 0 0 0 0 0 0 0 0 16.6 0 0 0 0 0
0.8 52.4 14.2 20 14.4 4.4 0.2 0.4 0 16 8.6 9.8 8.8 6.2 0 14.6 0 3.2 19.4 47.8 0 19.4 6.8 20.6 17.2 5.8 6 0 5.4 28.6
0 20.2 0 0 17.8 0 0 0 0 0 0 0 0 0 0 0 0 0 0 0 0 0 0 0 0 0 0 0 0 0
0 0 0 0 0 25.4 7 3 6.4 0 1.2 0 0 0 29.2 0 1.6 0 0.2 0 0 0 3.8 0 29.2 11 0 5 0 0
0 0 0 0 0 15.6 0 0 3.8 0.2 0 1 0 22.2 0 3.8 0 0 0 0 0 0 0 0 0 0.2 0 1.2 0 0
0 0 15.2 0.4 0 0.2 1 0 0 17.8 4 5.2 0 0 0 0 0 0 0 9.8 0 10.8 0 19.6 0 0 0 0 0 0
0 0.6 19.2 0.2 0.2 0 26 33.4 0 23 0 0 21.6 0.2 0 27.8 12.2 22 39.8 53 0 0 4.6 28.8 2 25.6 2.4 0 0 0.4
0 0 0 0.4 0 0 0 0.2 0 9 0 25.4 0 0 0 0 7.4 0 0 0 0 0 0 0 0.2 12.4 0 0 0 0
0 5 0 0 0.8 0 0 0 0 0 0 0 0.2 0 0 0 0 0 0 0 0 0 0 0 0 0 0 3 3 0
16.8 7.6 20 0 0.2 0.8 0 14.4 8.8 12.6 0.4 0.4 16.2 0 1.2 1 4.6 1 30.2 1 0.2 1.8 4 7.2 12.8 0.4 0.8 0 3.6 24
0 0 16.8 0 9.6 0 24.4 16 20.8 14.4 7 0.4 0 12 8.4 13 9.6 0 0 31 0 0 32.8 18.2 10.2 1.6 0.2 0 0.2 30.4
0.2 8.6 20 13.8 0 19.4 11.6 0 0 6.8 0 0 14.8 4.8 0 0 7.8 0.2 0 0 13.6 0 4.2 0 13.2 0 0 0 0 21
7.4 0 39 29.4 0 14.8 18 0 0 0 0 0 12.2 0 1 0 24 0 0.4 0 5 0 8.4 0.4 9.6 0 0 0 7.4 6
9.2 4.6 0 0.4 23.4 0 54.2 0 20.6 0 0 0 0 0 0 0 16 0 0.6 0 0 8.2 72 0 7 19.4 12.2 0 0.2 0
22.2 0 0 10.4 9.2 0 0 0 11.4 0 0 0 52.8 0 7.6 0 9.6 0 0.4 0 0 0 50.8 0 0 9.8 12.2 4.6 0 0
0 0 0 0 0 40 0 0 0.2 0 0 0 15 0 10.2 0 0 0 0 0 0 0.2 0 0 0 0 10.4 0 1 0
0 0 0 0 0 12 0 0 0 0 0 0 17.2 0 0 0 0 0 0 0 8.2 0 0 0 0 0 0 0 0 0.6
0 0 0 21.8 0 0 0 0 0.6 6.4 0 7.2 0 13.6 0 5 0 0 0.2 0 0 0 0 0 0.2 0 0 0 0 0
0 15.8 0 0 64 0 0 0 0 0 0 0 0 0 0 0 0 0 0 0 0 0 0 0 0 0 0 0 0.2 0
0 3 0 0 0 0 27.4 0 0.8 0 0 0 2 8.2 0 0 0 0.4 2.8 0 0 0 6 1.2 4 0.2 0 0 0 0
0 9.6 0 0 16.8 0 0 0 0 0 0 0 0 0 0 0 0 0 0 0 0 0 0 0 0 0 0 0 0.6 0
8 2 90.8 0 0 2.4 0 9.4 0.4 17 30.8 14.4 1.4 14.2 0 14.4 0.2 0 1.2 24.8 1.2 0 0 0 0 0 0 0 0 20.4
0 0 0 0 20.2 0 0 0 0 0 4.4 0 0 0 0 0 0 0 0 0 0 0 0 0 0 0 0 7.4 0 0
0 28.2 0 0 3.8 0 0 0 0 0 0 0 0 0 0 0 0 0 0 0 0 0 0 0 0 0 0 0 0 0
0.4 5.2 0 0 0.2 63.4 0 0 0 0 7.2 0 28.6 0 0 0 0 0 0 0 0 0 0 0 0 0 16.8 0 0 0.2
0 0 19.6 0.2 0 0 0 0.6 0 5.2 0 0 0 0 0 0 0 0 0.2 12.2 0 0 0 14 3 0 0 1 0 0
0 0 0 0 0 14 0 4.4 0 0 0.2 0 7.2 0 0 0 0 0 0 0 0 0.2 0 0 0 0.8 2.8 0 0 4.4
0 0 6.8 0.2 12.2 14 0 0 0 0 16.8 0 0 5.6 0 0 0 0 15 22.6 0 0 0 3.2 0 0 0 0 0.2 25.4
18.4 0 42 0.2 0 0 1.8 0 2.4 0 8.8 0 1 0 0 18.8 0.2 0.6 0 28.8 14.2 0.2 4 17.8 0 2 0 0 0 3.8
0 0 0 0 23.8 0 0 0 0 0 0 0 0 0 0 0 0 0 0 0 0 0 0 0 0 0 0 0 0 0.2
1 0 19.2 0 12.6 0 0 0.2 28 10.4 0 0 0.4 18.2 0 0 11.6 29.4 0 41.2 15 0 39.4 6.8 6.4 16.4 15 0 7.8 0
0 7.2 0 0 14.8 0 0 0 0 0 0 0 0 0 0 0 0 0 0 0 0 0 0 0 0 0 0 0 0 0
0 23.8 0 0 6.6 6.8 0 0 0 0 14.8 0.2 1.4 9 0.2 0 0 0 0 0 0 0 0 0 0 0 0 0 0 7.2
0 0 0 0 0 0 0 0 0 0 0 0 0 0 0 0 0 14.6 0 0 0 15 0.2 5.2 0 0 0 0 0 0
0 0 0 0 9 0 0.2 0 0 0 0 0 0 0 0 0 0 22.6 0 0 6.6 24.6 0 0 0 0 4 0 0 0
0 0 0 0 4.8 0.2 4.2 0 15.8 0 0 0 0 12.4 0 0 0 8.2 0.2 0 0 2 5.2 0 0 0 0 0 0 0
0 0 4 0.6 12.2 0 9 0 0 0 0 0 0.2 5.4 0 0 0 0 0 0 5.6 0 0 0 0 0 0 0 0 0
0 0 8.6 0 9.8 0 4.8 5.4 0 13.4 5.8 0 0 0 0.2 0 0 0 31.6 11.2 0 0 0 0 0 0 0.2 0 0 0
0 0 0 1.6 0 0 0 0 1.4 0 0 6 0.4 0 0 0 2.4 2.6 35.6 0 0 9.2 0 1.6 10.6 4.8 0.8 0 0 0
0 0 0 0 0 0 0 0 7.6 0 0 0.2 7.2 0.2 0 0 1.2 19.4 0 0 0 0 0 14.8 0 0 0 0 8.8 0.6
22.8 0 13.8 10.4 5 0.4 0 16 9.4 21.6 0 0.8 0.2 0.4 8.8 3.2 28 0 2 7.6 0 16.2 32.8 0 44 35.6 0 0 0 0
26.4 0 0 32.8 0 30 0 7.2 18.2 0 0 2.6 28.6 0 0 0 0.2 18.6 13.4 13.4 5.2 0 36.4 0 0 15.2 23.4 0 5.4 0
0 0 0 0 0.2 0 1.4 0 3.8 0 0 0 0 0 0 0 0 8 0 0 0 1.8 5.4 12.4 0 0 0 0 0 0
0 0 10.2 0 0 0.8 7.4 0 0 0 0 0 0 3.4 0 0 0 0 0 15.6 0 0 0 0.8 0 0 0 0 0 7.8
0 7.8 0 0 2 0 14.2 0 0 0 0 0 0 0 0 0 0 0 0 0 0 0 0 0 0 0 0 6 0 0
52.8 0 31.4 0.2 3.6 28 2.8 0 11.6 19.2 11.6 0 19.6 2.2 1 0 35.8 16.8 1.8 0.2 0 3 58.4 0 24.4 64 0 0 6.6 10
13.2 0 4 5.2 0 0 5.6 0 4 8.6 9.6 0 0 15.2 0 16 0.6 18.2 26.8 24.8 0.4 0.2 48.8 0 2.8 9.2 0 1.8 0 12
19.2 20.2 22.6 0 0 0 9.2 1.8 0 6.4 0 0 0 0 0 16.4 0 3.4 9.2 30.6 7.6 11.2 10.2 0.2 0 0 0 2.8 0 0
0 12.2 34.6 0 0 5 8 0.4 0 41 0 11.6 0 0 0 0 10.2 0 0 6.6 4.4 0.2 0 8.6 0 20.8 6.2 6.2 2 9
0 0 0 0 0 0 7.8 0 0 16.4 0 0 6 1.4 0 0 0 0 9.8 0 0 0 0 0 0 0 0 0 3 4.6
0 18.4 0 0.4 0 0 0.4 1.2 0 16 0 0 0 0.6 0 9.4 0 0 0.8 35.8 0 0 0 0 0 0 0 0 0 13
0 8.2 0 0 34.4 0 0 0 0 0 0 0 0 0.2 0 0 0 0 0 0 0 0 0 0 0 0 0 0 0.2 0
0 10.2 9.6 0 0 0 11.4 18.8 0 64.4 10 0 18.6 0 0 16.6 3.8 2.2 3.6 37.2 39 29.6 2.6 51 0.2 8.4 0 0 0 9.8
0 0 0 0 0 3 0 0 0 0 0 0 0.4 12 0.8 0 0 0 0 0 0 0 0 0 0 0 15.8 0 0 0
1.2 3.8 13.6 18.4 0 0 0.2 21.6 0 0 13.2 0.8 24.8 12 0 0 14.6 13.8 26.4 24.8 12.8 0.4 61.8 0 5 13.4 2.8 8.2 5.4 20
0 0 0 0 22.8 11 0 0 5.8 0 0.4 0 0.2 0 0 0 0 0 0 0 0 0 0 0 0 0 0 0.4 13.4 0
1 0 11.8 0 0 0 6.4 0.2 0 29.6 0 0 9.8 1.6 6 26 17 0 52 13.4 0 34.6 2.2 45.4 16.8 26.2 0.2 2.4 0 0.4
0 1.8 0.2 0 0 6.4 0 0 0 0 13 0 0.2 2 0.4 0 0 0 0 0 0 0 0 0 0 0 0 0 0 15
5.8 0 0 0.2 13.4 0.2 16.4 0.2 2 9.2 0 0.2 0.6 0.4 13.4 9.6 0 4.2 32 20.4 16.4 0 0 4.6 0 0 0 2.2 0 0.6
0.4 11.2 0 0 23.6 0 4.2 11.4 0 27.4 2.6 0.2 4.2 15.6 0 0 0 0.8 0 0 4 0 0 11 0 0 0.2 0 3.6 19.6
55 18 0 0 7.2 25.8 20.4 0.2 44 10 0 0.8 0 2 25 13.4 14.4 0.4 11 0 0 0 17 0 37.2 72 24.4 10 0 3.8
16.8 0 0 5 0 0 0.2 0 5.4 0 0 0.4 0 19.2 7.8 0.2 0 6.8 0 0 0 11.2 89 0 15.8 34.6 4.6 0 0 0
0 10.6 0 17.2 4 11.2 0 0 0 0 0 0.8 1.6 6.8 0 0 0 0 0 0 0 0 8.8 0 0 0 1.8 0 0.2 0
0 0 0 0 3.6 33.4 0 0 0 0 0 0 11 0 0.2 0 0 0 0 0 0 0 0 0 0 0 3.8 0 8 0
0 15.2 0.2 2 4.2 0 0.2 0 0 18.2 0 6.6 10.4 0 0 0.4 0 0 22 1.2 5 0.2 0 28 0 0.6 0 0 0.6 1
21.4 0 0.4 0.2 0 0 0 0 7.8 23.4 0 0 0 0.4 14.6 13 10.6 0 16.2 0 0 0 0 15.2 20.8 12.6 0 5.4 0 0
21.6 0 0.2 36.4 9.2 1.4 9.2 0 23.2 0 10.4 0 8 0 21.8 0 17.6 0 0.8 11.8 0 2 35.2 5.8 25.8 62.6 21.6 9.8 0 0.6
0 0 0 0 29.6 0 0 0 0 0 3.4 0 0 0 0 0 0 0 0 0 0 0 0 0 0 0 0 0 0 0
36.6 8.6 17.8 29.6 0 0 0 0 0 7.6 1.2 2.6 0 0.2 14.8 4.8 6 0 19.6 0.4 0 0.2 0 3 0.4 0 7 0 12.6 0
0 0 7.6 0 0 24 11.6 0 0 0 0 0 1.2 12.6 0 0 0 0.2 0.4 18.4 0 0 1.6 0 0 0 0 0 0 14.4
0 0 0 0 0 60 0 0 0 0 0 0 13 0 0 0 0 0 0 0 0 0 0 0 0 0 0 0 0 0
0 12.2 0 0 44.8 0 0 0 0.4 0 0 0 0 0 0 0 3.2 0 0 0 0 0 0 0 0.4 0 0 6 0 0
38.2 8.8 13.6 0.4 0.4 0 0.4 4 35 22.2 2.6 0 0 0 4.6 22.6 38.8 40.2 21.8 20.2 9.2 14.2 12.6 5 55.8 67.4 0 31.6 7.2 5.2
13.4 0 24.6 32 0 21.2 32 0 1.4 28.6 11.2 0 11.6 0.2 0 32.8 11.2 15.6 6.4 29.4 21.8 47 0.2 20.6 22.2 4 9.6 0 0.2 9.8
29.4 13.2 0 17.2 3.2 0.6 7.4 9.2 14.4 0 8.8 0 1.6 0.6 3 2.4 7.2 22.2 30.4 0 0 26.8 27.8 10.8 0 33.8 8.4 0 0.2 0.4
0 23.2 0 0 12.8 0 0 0 0 0 0 0 0 0 0 0 0 0 0 0 0 0 0 0 0 0 0 0 0 0
0 4.2 29.6 22.4 9.6 0 0 1.4 0 3.8 2.2 20.2 0 0 0 19.6 1.6 0 38.2 34.6 20.8 18.6 0.8 0.8 0 0 0 0 3 5.6
0 21.6 0 0 11.2 0 0 0 0 0 0 0 0 0 0 0 0 0 0 0 0 0 0 0 0 0 0 0 1.2 0
15.2 0 0 3.2 0 0 0.2 8.8 0 0 1.8 4.4 0 15 0 0 2.2 0 0 0 0 5 27.8 0 1 1.4 0 0 0 0
6 4.6 0.2 24 0 0 0 9 0 0 0 0 16.6 0.2 0 0 0 0 0.2 0 0 0 11.6 0 0 0.2 0 0 0.2 0.2
0.2 0 0 0 14.4 0 0 0 0 0 8.8 0 0 14 0 0 0 0 0 0 0 0 0 0 0 0 0 0 0 21.6
0 18.2 0 0 11.2 0 0 0 0 0 0 0 0 0.4 0 0 0 0 0 0 0 0 0 0 0 0 0 0.2 0 0
0 1.6 0 0.2 12.2 0 10.4 0 0 0 0.8 0 0 0 0 0 0 0 11 0.4 0 0.2 0 4.8 0 0 0 0 0.4 0
106.8 48.4 22.8 22.6 27.8 0 42.6 4.6 37.4 0 41.4 20.4 29.4 0 53.2 0 54 24.8 24 1.2 4.8 8.4 27.8 0 68.8 23.2 16.6 32.6 30.4 53
0 0.6 22.4 1 19.8 3.8 0 36.6 38.6 10.4 0 0 3.2 18.2 18.6 0 22 24 0 23.4 2.8 41.4 69.8 8 25.2 67 23.4 10.6 0.4 24.8
0 4.2 0 0 18.8 0 0 0 0 0 0 0 0 0 0 0 0 0 0 0 0 0 0 0 0 0 0 0 0 0
0 0 7.4 0 0 0.2 1.4 0 0 4.6 8.2 0.2 0 10.4 0 0 0.2 0 8.4 0 0 0 0 10.6 0 0 0 0 0 0.4
0 0 10.2 0 1.2 0 0 4 0 0 13.6 0 5.6 0 0 0 0 0.4 0 0 0 0 0 0 0 0 0 0 0 11
2.8 0 3.4 0 6.4 0 31.2 10 1.8 0 0 0 0 0.4 0 5 0 14 0.2 0 0 18 16.2 0 0 0 0 3 0 2.6
0 0.4 0 0 9.8 4.8 0.8 0 0 0 9.8 0 21.6 30.6 0 0 0 37.4 0 0 0 7.8 0 7.8 0 0 0 0 8 0.2
0 18.2 0 0 24 10.8 0 0 0 0 6.8 0 0 0 5 0 0 0 0 0 0 0 0 0 0 0 0.2 0 0 9
0 0 0.4 7.6 28.8 0.2 0 0 0 0 0 2 0 0.4 0 0 0 0 0 0 0 0 0 0 0 0 0 0 0 10.6
0 30.2 0 0 25.6 0 0.4 0 22.2 0 1 1.2 0 18.8 0 0 0 26 0.4 23.2 6 20.4 39.6 0 0 10 14.4 7.8 7.8 0
0 0 3.6 21.2 5 0 0.2 0.4 0 53.8 0 0 0 0 3 24.6 0 0 36.6 0.2 0 9 0 9.2 0.2 0 0 0 0 0
0 10.4 0 0 29 0 0 0 0 0 10 0 0 0 0 0 0 0 0 0 0 0 0 0.2 0 0 0 7.4 0 0
0 39.4 0 0 50.6 0 0 0 0 0 0 0 0 0 0 0 0 0 0 0 0 0 0 0 0 0 0 0 0 0
35 0 44.2 0.2 1 0.4 77.4 33.6 30.6 26.2 9 7.8 20.4 0.4 39 23.8 0 17 0 3 0 42 7.8 11.2 16.4 58.8 10.6 4.4 0 9.8
0.2 0.2 4.6 0.6 0.2 0.2 9 0 3 0.2 1.2 0 21.2 0.8 0 0 0 14.6 0 1.6 0 0 0 5.2 0 0 0 3 0 47.2
0 0.4 0 0 33.4 0 0 0 0 0 0 0 0 0 0 0 0 0 0 0 0 0 0 0 0 0 0 0 0.2 0
0 5.4 0 0 3.6 0 0.2 0 1 0 0 0 35.2 0.6 0.4 0 0 0 0 0 0 0 0 0 0 0.2 14.4 0 0 21
0 6.8 0 0 14 0 7.2 0 0 6 0 1.8 0 0 0 0 0 0 13.4 7.2 15 0 0 0.2 0.2 0 0 0 6.2 0
0 1 0 0 0 43.2 0 0 3 0 0 0 0 0 16.6 0 0 0 0 0 0 0 0 0 0.2 0 2 0 0 0
11.4 16 18.8 27.6 6 21.2 34.6 0 46.8 8.6 0 0 3.2 9.2 17 1.4 8.4 10.8 15.4 0 22.8 42.8 34.8 0.4 32.4 87 24.6 12.4 0.2 1.2
0.6 6.6 0 0.6 1.6 0.2 0 0.8 26.4 0 0 0 0 0 14.6 0 14.4 24.2 0.2 0 0 0 18.8 16.8 33.4 25.8 0 0 0 12
52.4 0 64.8 27.2 5.2 1 10.8 26.8 7 47 26.4 0.8 0 4.8 0.2 18.8 8.4 11.6 0.2 2.2 10.8 7 16.6 17.6 26.6 11.4 0 0.2 0 7.2
0 0 0 0 0.6 47.4 0 0 0 0 4.8 0 0 0 0 0 0 0 0 0 0 0 0 0 0 0 0 0 0 10.2
0 0 0 0 5.4 15.8 0 0 0 0 0 0 0.2 0 0 0 0 0 0 0 0 0 0.8 0 0 0 1 0.2 0 33.6
0 6.8 23.8 0 15.2 0 0 4 0 0 0 0 0 5.2 0 0 0 0 0 0 12 0 0 0 0 0 0 0 6 0
0.2 0 0 0 10 22.4 0 0 0 0 0 0 0.2 0 0 0 0 0 0 0 0 0 0 0 0 0 0 0 0 0.2
0.2 3 0 0 2.6 1 22.6 0 13.4 0 0 0.2 11.4 0 6.2 0 0.2 16.6 3.6 19.2 0 0 52 0 0 19.2 1.4 0.2 0 0
0 0 0 0 22 0 0 0 0 0 0 0 0 0 0 3 0 0 0 0 0 0 0 0 0 0 0 0 0 0
0 10.2 0 0 9.4 2.6 0 0 0 0 9.4 0 0 0.4 0 0 0 0 0 0 0 0 0 0 0 0 0 2.2 0 6.8
0 10.2 0 0 5 6.2 6.2 4.8 0 0.2 0 0 1 0.2 2.4 0 0 0 13.8 0.2 1.2 3.4 0.2 14.4 0 0 14.4 0 5.4 17.8
0 19.8 0 0 36.8 0 0 0 0 0 5.4 0 0 0 0 0 0 0 0 0 0 0 0 0 0 0 0 0 0 0
4.6 0 0 0 0.2 42.6 30.4 10.4 12.6 3.8 0 9.2 0 4 2.8 0 0 6.8 16.6 13.4 0 0 21.2 0.2 0.2 0 11.4 0 5.6 0
0 46.8 0 0 7.8 0 0 0 0 0 0 0 0 0 0 0 0 0 0 0 0 0 0 0 0 0 0 0 3.4 6
0 4 29.6 0 0 4.4 0 0 0 3.8 0 4.4 15.4 0 0 0.2 0 3.6 0 14.4 9 0 0 0 0 0 0.2 0 7.6 37.4
26.8 64.4 72.2 4.8 7.4 41.4 0.4 1.4 34.4 97.4 14.8 45.2 0 0 33.2 43.8 38.2 0.2 55.4 19.6 16.4 77 0 28.6 26.4 58.6 7.8 24 0.2 0
0 22.8 0 0 65.8 0 0 0 0 0 3.8 0.2 0.2 1.2 0 0 0 0.2 0 0 0 0 0 0 0 0 0.2 2 4.6 0
14.8 3.2 17.2 50 0 14.2 0 0 0.6 38 3.2 22.6 1.4 0 0 12.8 0.2 0 23 20.2 7 13.8 0.2 9.2 0 10.2 3 10.8 2.4 0
3 0 0 33.8 0 0 41.6 0 25.2 0 0 0 33.4 0 0 0 0 1.4 0 17.4 2 0 55 0 4.6 0 0 3.6 0 0
34.2 24.6 4 42.2 3.6 0 13.6 0 0 39 9.2 43.8 0 21 0.8 17 37.2 0.2 27 0 0 10 0 0 6 0.2 4.8 0.2 1.4 0
14.8 4.8 21.2 5.4 18.2 29 26.6 18 0 5.8 19.6 11.6 1 15.6 0 5.4 29 3.4 1.6 24 0 0 10 0 0 23.8 4.2 0 0 11
0 5.4 11.8 25.4 0 0 7.4 23 20.2 21.6 5.2 8.8 16.2 0 10.6 3.4 14.2 26 0 24.2 13.4 0 53.6 25.8 5.4 38 0 0 0 21.4
36.6 0 14 1 0 30.8 0 45.8 0 0 0 2.6 15.8 6.8 0 0 54.8 28.2 0 55 0 27.6 81.2 0 29.8 21.2 13.8 0.2 7 12.8
0.6 7 40.8 1 0 26.6 0.2 9.4 0.4 22 18.6 0 10.2 0 0 0 7 0.2 1.4 65.4 0 0 0 20.2 0 0 0 0.4 8.4 37.2
0.2 0.2 0 2.2 6.2 83.2 0 0 0 0 0 9.8 18.2 0.2 9.6 0.6 0 0 14.6 0 0 0 0 0 7.8 0 33.8 0 0.2 5.2
0 8.8 0 0.2 5.6 0 0 0 0 0 16.2 0 17 0 0 0 0 0 0 0 0 0 0 0 0 0 0 0 5 47.2
0 13.2 0 0 0.6 0 0 0 0 0 0 0 0 0.4 0 5.2 0 0 0 0 0 0 0 0 0 0 0 1.6 1 10
0 13 0 0 29.8 0 0 0 0 0 0 0 0 0 0 0 0 0 0 0 0 0 0 0 0 0 0 0 0.2 0
0 9.2 0 0 0 21 0 0 0 0 29.8 0 37.8 0 4.6 0 0 0 0 0 1.6 0 0 0 0 0 3.4 1.2 3.6 40.8
0 0 4.8 0 51.2 0 0 2.2 0 0 0 0 0 3.4 0 0 0 0 15 0 0 0 0 0 0 0 0 0 7.8 9.6
4.2 0.2 7.2 10.2 1.2 0.2 0 7 0 0 4.6 1 13.8 1.8 0 4.4 0 0 45.6 28 0 0.2 1.2 7.4 1.8 3 0 0 0 0
2.4 41.2 0 6 21.6 0 4 0 1.6 0 0.2 0.4 0 0.4 0.8 0 0 0 0 0 0 0 59 0 0 0 5.2 1.4 1.8 0
0 4 0 0 0 0 0 0 0.4 0 0 0 37.8 1.6 0 0 0 0 0 0 3 0.2 0 0 0 0 8.2 0 0 30.8
11.6 0 6.2 31 0 0 3.8 0 7 11.6 17 15.4 28.8 6.4 7.2 0 0 0 18 19.4 0 0.4 0 9.2 14 0 0 0 0 27
0.2 0 5 0 0 0 0 0 0 35.4 0 0 0 0 0 2 0 0 23.8 0.4 13 0.4 0 20.8 0 0 0 0 0 0
0 0 0 0 0 12.2 0 0 0 0 3.6 0 27.6 0 0 0 0 0 0 0 0 0 0 0 0 0 1.2 0 0 53.4
19.6 0 0 0 0 0 0 0 0 0 0 0 6.4 0 0 0 0 0 0 0 0 0 0 0 0 21 0 0 0 0
28 3.8 0 1.8 12.2 19.2 9.4 0.6 37.6 0 0 14 24.2 4.6 37.2 0 40.4 19 0 0 0 22 45.6 0 24.2 108.8 8.6 8.2 4.6 0
0 0 0 0 0.2 0 0 0 0 0 12 0 4.8 0 0 0 0 0 0 0 6 0 0 0 0 0 0 0 0.2 41.8
30 9.4 47 0.4 0 19 9.8 3 0 76.6 0.8 14.4 0.4 11.2 0 34.8 18.2 0 102.8 42.8 10.8 0.8 46.2 21.6 0.8 18.6 6.2 0 1.6 32.6
0 17 4 0 0.8 0 0 0 0 0 0 0 0 0 0 0 0 0 4 0 0 0 0 0 0 0 0 4.2 0 1
0 0 0.4 0.2 15.2 0 0 0 12.8 0 0 0 0 0 0 0 9 0 0 0 0 18 3.6 0 50.4 8 0 4.4 0 0
16 0 1 0 0 11 0 5 0.2 0 0 0 0 0 7.2 0 0 0 0 0 0 0 0 0 0 0 0 0 0 0.6
4.2 3 0.4 42 0.6 0 0.4 1.2 0.4 3.6 0 1 30 0 10.6 0 0 6 0.2 19.2 0 0 23 0 19.6 0 0 0 0 10.6
0 0 0.6 25.2 21.2 5.8 0.6 14 11.4 0.4 0 24 0 26.6 7.6 12.2 0 0 35 2.6 2 29.2 23 0 15 12.6 22.6 6.2 6 0.2
0 4 15.4 10.2 0 0 0 5.8 0 21 0 0 3.6 0 0 0 0.2 1.2 17 0 0 10.6 0.8 0.2 0 0 0 0 0 0
0 0.2 5.2 10.2 0.8 0 0 0.4 0 12.4 0 0 0 7.4 0 8 0 0 16.6 3 0 3.4 0 0 31.6 1.6 2.2 0 3 0
0 7 0 0.2 12.6 0.2 0 0 0 0 0 0 0.2 15.4 0 0 0 0 0 0 0 0 0 0 0 0 0.4 0 0 0
0.2 0 0 0.4 0 0.2 0 0 0 0 10.8 9.4 10.8 26.6 0 0 0 0 0 9.8 0 0 0.4 0 2 11.8 0.2 0 5 0.4
17.6 0 10 37.2 0 22 0 0 1.8 0 0 1 0 26.2 0.2 0 0 5.8 0.8 0.4 0 0 38.4 0 0.6 47.4 7.6 0 18 0
0 9.2 0 0 21.4 0 0 0 0 0 0 0 0 0 0 0.2 0 0 0 0 0 0 0 0 0 0 0 0 0.2 0
0 12.2 0 0 19.2 46.4 0 0 0 0 31.4 0 31.8 0.6 5.8 0 0 0 0 1.8 4.4 0 0 0 0 0 6.8 0 11 43.4
45 0 0.2 15.4 0 44.4 0 1.2 1.2 0.2 0 1.2 0 0 7.2 0 26.8 5.4 1.2 11.6 0 0.4 100.4 0 19 32.2 0.2 17.4 18.4 0
18.6 0 0 7.8 23 15.6 0 0 2 9 0 2.4 0.2 0.4 0 26.2 0.4 0 59.2 0 0 25.6 9 0 0.2 0.2 0 9 0 0.2
0 59.8 0 0 78.2 0 0 0 0 0 2 0 0 0 0 0 0 0 0 0 0 0 0 0 0 0 0 21.6 4.4 0
0.6 0 0 0 0.2 3.8 0 0 0.4 0 5 0 9.4 0 0.2 0 0.2 0 0 0 4 0 0 0 0 0 0 0 2.4 20.8
0 3.8 5.8 0 0.8 0 0 0 0 0 8 0 5.8 0 0 0 0 0 0 14.2 4 0 0 0 0 0 0 0 1.6 8
0 0 12 22.6 0 0 0 0 0 9.4 0 0 0 0 0 0 0 0.8 0.4 0 0 0 0 16.2 0 0 0 0 0 0.6
0.2 0 0 0 20.8 23.2 53.8 0 0 0.2 0 21.6 0.2 13 8.2 0 0 0 2.8 25.8 10.2 6.4 22.4 0 0.2 0 21.8 0 0.2 0
0.8 0 0 7.2 0 25 0 0 0 4 0 0 0 0 0 0 0 0 30.2 0 0 0.4 0 0.4 0 0 0 0 0 11
32.2 0 0 32.8 0 0 0 0.2 11.4 23 0 5.4 0 9 0 6.4 2.8 7.8 0 0.4 0 62.8 43.6 0 5.2 71.8 8.8 2.2 0.2 0
12.8 0 13.2 12 0 0 0 7.2 34.8 9.8 0 2.2 0 19.4 0 6.8 1 0.2 10.2 0 3.2 0 11.6 0 0 22.4 0 0 7.2 0
11.8 0 11.2 0 0 15.4 24.8 14 29.6 0 0 2.4 9.4 12 0 0 11.4 0 0 0 0 22.6 62.8 0 33.6 87.4 25.2 30.6 0 9.8
0 0 0.8 1.2 0 12.8 0.2 0 8.2 0 4.2 0.6 0.2 17 0 9.6 0 8.6 0.4 43.8 39.4 1.2 0 44.2 0 0 0 2.6 1 0
0 14.2 19.6 29.6 5.8 3.4 11.2 0.8 0.2 36.4 5 0 0 0 0 2.8 0 0 9.6 0 0 0.2 0 0 0 0 0.2 0 0 0
48.4 0.2 18.8 0.2 0 9.6 20.8 12 19 13 22 0 28.8 0.4 17 0 13 3.2 0 33.8 6.8 0 0.8 0 0.2 8.4 8.8 0 0 35.8
0 2.6 0 0 0 4 0 0.6 0 0 0 0 45.4 0 0 0.2 0 0 0 0 0 0 0 0 0 0 6.2 0 14.8 18.2
0 8.8 0 0 24.6 0 0 0 0 0 0 0 0 0 0 0 0 0 0 0 0 0 0 0 0 0 0 0.6 0 0
0 5.6 27 19.4 0 4.8 0.4 0 9.8 7 0.2 20.4 0 0.2 0 0.4 0 0 29.2 24.6 0 0 18.4 31.4 1.4 0.2 0 0 11.6 0
68.4 0 1.4 16.8 0 20.2 16.2 0.2 12.4 17.8 0 0 0 12.8 0 17.2 60.4 16.8 6.8 0 0 12.4 13.4 0.2 33.6 38 19 0 0 0
47 0 0 2 14.6 0.6 0 0 0 17 0 0.4 1.6 0 5.4 4 3.6 0 1.2 0 0 0 27.2 0 3.2 4.8 0 0.4 0 0
44.8 3.8 0.6 0.4 0 6.6 0.2 8.2 20.2 25.4 0 15.2 1 12 0.6 25.2 11.8 0 14.2 3.6 0.6 0.4 47.8 0 9.8 28 16.6 19.8 1.2 0
0 20.6 0 0 33.6 0 0 0 0 0 0 0 0 0 5 0 0 0 0 0 0 0 0 0 0 0 30.8 0.2 12.8 0
0 0 0 15.4 0 0 41.4 0 0 9.6 0 0 0 1.2 0 6.8 0.2 8.6 3.4 0 0 0.2 23.2 0.4 15.2 15.4 0 0 0 0
0 2.6 0 0 20.4 0 0 0 0 0 0 0 0 5.8 0 0 0 0 4 0 0 0 0 0 0 0 0 1 0 0.2
0 3.8 0 0 23.4 0 0 0 0 0 0 0 0 0 0 0 0 0 0 0 0 0 0 0 0 0 0.2 2.4 0 0.2
0 9.6 0 0 46.4 0 0 0 0 0 0 0 0 0 0 0 0 0 0 0 0 0 0 0 0 0 0 0 0 0
0 5.2 0 14.4 0 0 0 0 0 0 0 4.8 0.2 0 0 0 0 0 0 0.4 6.6 8.4 3 8.4 0 0 0 0 0 0.6
0 0 0 0 0 15.6 0 0 0 0 0 3.6 0 2 0.2 0 0 0 0 0 0 1.6 0 0 0 0 0 0 0 0
0.2 14.2 17 25.6 8.2 0.2 21.2 23.4 0 0 0 3 0 2.2 0 8.6 18.2 0 0.6 1.6 3.8 0 15.8 4.4 19.4 17 0.6 0 6 13.8
0 16.2 0 0 21 0 0 0 0 0 0 0 0 0.2 0 0 0 0 0 0 0 0 0 0 0 0 0.2 5.2 0 0.2
0 9 0 0 0 1.4 0 0 0 0 0 0 2.8 7.6 0 0 1 0 9 0 0 1.2 0 0 0 0 0 0 0 0
0 5.8 0 0 0 21.4 0.2 0 0 0 8 0 0 2 0 0 0 0 0 0 0 0 0 0 0 0 2.6 0 0 0
0 0 0 0 0 76.8 0 0 0 0 4.4 0 25.4 0 1.2 0 0 0 0 0 0 0 0 0 0 0 0 0 0 15.2
0 23 0 0 41.6 0 0 0 0 0 0 0 0 0 0 0 0 0 0 0 0 0.2 0 0 0 0 0.2 12 0 0
0 10.2 0 0 4 9.2 0 0 0 0 13.4 0 0 0 2.2 0 0 0 0 0 0 0 0 0 0 0 0 0 0 0
4.8 1.4 0 0.2 0.8 0 15.6 0.2 11.6 0 0 0 6.8 12.6 0 0 0 0.4 17.2 3 2.4 0.6 32.4 0 0 22.8 7.2 0 0 0
0 0 0 8.8 0 0 14.4 0 0 0 0 0.6 0 0 0 0 0 0 7 0 0 0.2 0 0 0 0 0 0 0 0
1.2 0 42.4 0 0 0 0 12.4 0.4 0 10.4 0 0 12 0 0.4 0.2 0 0 0 9.4 0 0 0.2 45.4 6.8 0 0 5 16.8
9 4.8 26.6 15.8 0 23.4 6 5.8 0 34.6 6.2 16.8 0 0.8 1 12.6 1 0 14.4 55 0 20.2 5.6 17.8 0 12.6 10 0 0 0
0 0 0 0 0 40 0 0 0 0 0 0 15 0 0.8 0 0 0 0 0 0 0 0 0 0 0 2.6 0 7.4 0.2
0 22.6 0 0 5.6 13.2 0 5 0 0 9.4 0 3.8 0 0 0 0 0.2 0 0 2.2 0 0 0 0 0 0 0.2 0 1.8
0 0 30.2 0 0 0 30.8 0.2 0 35.6 0 0 4.6 0 0 9.6 1 0 11.4 25.8 8.8 0.8 0 16.4 0.2 0 0 0 0 8.6
0 3.2 0 1.4 5 0.2 0 4.2 0 9.2 0 17.8 0.6 7.8 0 0 1 0 9.4 0 0 0 0.4 0 6.8 0 0 0 0 0
0 9.4 0 0 29.4 0 0 0 0 0 0 0 0 0 0 0 0 0 0 0 0 0 0 0 0 0 0 0 0 0.2
0 0 0 21.6 7.2 0 0 0 0 0 3.6 10.8 0.2 0.8 6.4 5.6 0 0 0 0 0 0.6 0.6 5.8 0.2 0 0 0 2.6 0
0 9.6 0 0 17.4 0 0 0 0 0 0 0 0 0 0 0 0 0 0 0 0 0 0 0 0 0 0 1 0 0
40.8 41 2.8 7.4 23.2 26.2 0 0 11.2 7.6 1 9.4 0 0.2 12 4.4 36.6 2 40.4 0 0.4 0.2 40 0 18.8 21.6 16.2 30.6 16.4 0.6
29.6 7.4 2.4 36.2 13.2 25.4 0 10 0 0 9 56.2 0.2 24 11.4 0 8.6 0.4 34 0 1 0 0.6 22 0 7.8 20 0 0 23.6
0 0 0 0 0 38.6 0.4 0 1.2 0 0 0 48 0 8 0 0 0 0 0 5.8 0 0 0 0 0 12 0 8 0
0 0 30.4 5 0 0.2 38.2 14.6 0 27.6 15.4 0.2 15.4 3.6 0 41.6 17.8 0 11.4 21.2 26.2 0 0 23.4 0 0.6 0 0 0 7.2
51.4 0 2 0.6 0.2 0 0 13.4 3.2 0 0 0 0 11 0 0 1 4.8 22.6 0 0 11 36.4 0 0 33.6 0 6.8 0 0
0 21.2 15 0 7.8 3.4 0 0.2 10.6 33.6 6 0 0 0.4 0 29.8 11.2 0 35.6 22.8 34.2 0.8 35.2 26 5.8 18.6 0 11 1 46.8
17.4 0 5.4 37.2 0 0.6 0 0 0 0 0 18.2 0 0 0 0.2 2.4 0 7.4 8.8 0 0 4.2 0 0 0 0.2 0 0 0
0 0.2 18.6 7 0 0 0 0 0 0 6 0 0 0 0 7.2 6.6 0.2 22.2 0 0 0 0 1 0 0 0 0 0 0
0 0 0 0 0 12 7.6 0 0 0 0 0 29.2 0.2 0 0 0 0 0 0 0 0 0 0 0 0 0 0 0 0
50.4 0 0 0.2 0 9.8 0 0 2.6 0 0 6.2 0 10.8 0.4 0 0.6 0 0 0.2 0 0 0.4 3 11.4 28.4 1.6 0 1 0
0.4 3.2 5.6 0 0 0 25.2 9.4 9 0 2.2 5.2 1.8 0.2 6.4 0 17 5 9.4 0 0 0 23.8 21.4 14.6 3 0.6 0 4.6 0
5 0 47 15.2 3 0 5.4 0 2.6 15.8 0 28.4 8.8 0 0 0 0.2 1 0 13.8 0.2 0.6 29 0 0.6 10.4 0 0 0 0
0 4 0 0 14 0 0 0 0 0 0 0 0 0 0 0 0 0 0 0 0 0 0 0 0 0 0 3 0 0
30.8 0 0 0 3.8 0.4 0 0 9.4 0.2 2 1.6 0 2.8 0 0 3.2 11.6 0 0 0 23 26 0.2 0 41.8 0 9.2 0 0
0 7.2 0 0 1.4 0 0 0 5.4 0 0 0 6.8 0 0 0 0 30.8 0 0 0 0 0 0 0 0 16.4 0 0 0
0 23.4 0 0 6.4 0 0 0 0 0 0.2 0 0 0 0 0 0 0 0 0 0 0 0 0 0 0 0 0 0 0
0 20.6 0 0 10.6 19.8 13.6 0 6.4 0 4.6 0 13.6 2.2 1.2 7.8 0 0 0 10 0 0 0 5.2 0 0 24.4 0 12 0
0 0 0 0 0.2 12.6 0.6 0 0 0 0 1.4 0 1.4 0 0 0 0.2 0 0 0 0 0 0 0 0 5.6 0 0 0
0 6.4 0 0 16 8.4 0 0 0 0 0.2 0.4 0 0 1.8 0 0 0 0 0 0 0 0 0 0 0 1 0 5.8 0
0 33.2 0 30.6 10 34.8 23.2 4.8 18.2 0 0 1.6 6.4 0 10.2 0 13.6 11.2 0 19.2 4 16.8 68.8 0 8.6 26 23.6 10.6 1.8 6.8
0 1.2 0 0 0 30.2 0 0 0 0.2 4 0 20.6 0 1.4 0 0 0 0 0 0 0 0 0 0 0 11.4 0 7.4 10.6
8.4 0 7.2 0 0 0.8 0 0 0 38.6 0 0 0 4.4 0 22.8 0 0 44.2 0 0.2 3.4 0.4 10.2 0 0.4 0 0 4 0
27.2 0 1 0.2 0 0 5.4 0 0 0 0 16 0.6 5.4 1.2 0 0 0.2 5.8 2.2 0 0 2.2 0 0 16.8 7.2 3.8 0 12.8
0.2 0 0 0 5.2 6.2 0 0.4 0 0 11 0 0 3.8 0.6 8.6 0 0 8.2 0 0 0.8 0.2 0 0.2 0 14 0 0 1.6
0 0 0 0 9.8 0 0 0 0 26 0 0.4 0 0 0.2 0 0 0 0 22.6 0 0 0 0 0 0 0 0 0 0
0 0 2.4 0 12.6 0 6.8 0 0 3 0 0 0 6.8 0 0 0 2 0 2.2 0 0 0 0 0 0 7.2 0 0 0
0 0 0 0 0 0 0 0 0 0 6 0 0 0 0 0 0 0 0 0 0 0 0 0 0 0 0 0 0 26
0.2 8.6 3.6 18 3 0 0 0 0 9 0 8.2 0.8 0 0 0 0 0 4.8 16.2 0 0 0 1.8 2.8 0 0 0 0 0
0.2 0 0 8.8 0 15.8 0 0 0 0 27.2 0 22.4 0 0 9.2 0 0 0.2 0 0 0 0 0 0 0 0 0 0 5.2
8.4 9 20.8 0.2 11 0 0 14.8 0 18 0 0 16.4 2 0 14.4 16.6 11.4 6.2 47.2 12.8 27.2 0.4 0 8.2 13 5.2 0 0 21.8
0 0 1.6 0 0 0 0 5 0 0 0 0 0 0 0 12 0 0.6 0 16.6 0.2 0 0 0.2 0 13.8 0 0 0 0
0 0 0 0 0 0 0 0 0 0 0 0 0 5 0 0 0 0 0 0 0 0 4 0 12.6 7.4 0 0 0 0
0 3.2 0 0 0 0 0 0 0 0 0 0 0.2 0 0 0 0 0 0 0 0 0 0 0 0 0 6.8 0 4.8 0
0 0 21.4 0 0 0 0 0 0 0 0 0 0 0 0 0.4 0 0 0 4.2 12 0.6 0 0 0 0.4 0 0 0 0
22.2 0 24.4 10.8 0 0 19.2 1.4 5.4 13.8 7.4 10.2 0 0.2 0 0 4.2 0 0 0.6 10.2 8.4 0 0.2 0.8 0.6 6.8 0.2 0 0
0.2 3.8 0 0.8 0 0 0 0 4 55.6 0 0 20 0.8 0 0 0.2 0 30.4 0 11.4 0 0 0 0 0 1.2 5.6 0 0
0 0.2 13 0 1 0 0 0 0 13.4 0.2 0 0 0 0 0.2 0 0 10.2 0.2 1.6 0.8 0 7.8 0 0 0 0 0 12.4
0.2 4.6 0 0 0 20.2 0 0.2 0 0 4.8 0 0.4 6 0 0 0 0 0 0 0 0 0.2 0 0 0 3 0 0.8 29.6
0 9.2 0 0 1.8 0 0 0 0 0 0 0 0 0 0 0 0 0 0 0 0 0 0 0 0 0 0 0 0 0
0.2 0 0 0 0 0 0 0 0 0 0 0 0 0 0 0 0 0 0 0 0 2.8 0 0 0 0 0 0 0 0
0 0 0 0 4 0 0 0 0.8 0 6 0 0 0 0 0 0 0 0 0 0 0 0 0 0 0 0 0 0 1.2
0 0 0 16 0 0 0 0 0 11 0 0.2 2 0 0 0 0 0 28.6 0 0 0 0 0 0 0 0 0 0.2 0
0 10.6 0 0 15.4 0 0 0 0 0 0 0 0 0 0 0 0 0 0 0 0 0 0 0 0 0 0 0 0 0
0 0 0 2 0 0.6 0 0 0 4.6 0 0.6 0 0.4 0 0 0 0 12.6 0 0 0 0 0 0.2 0 0 0 3 0
1 0 0 0 0.2 3.2 2.2 0.2 0 0 3.4 0 0 2.4 4 0 0 0 0 0 0 0 0 0 13 0 4 1.8 0 4.6
4 0 0 0 0 23.6 1.2 0.2 4.4 0 0 0 0 0 6.8 0 0.2 6.4 0.4 0 0 0.2 12 0 44 35.2 4 4.4 0 0
0 0 0 0 2.4 0 0 0 0 0 0 0.6 0 1.4 0 0 0 0 0 0 0 0 0 0 0 1.6 0 0 0 0
0 0 0.8 0 0 21 0.6 19.4 0 0.2 0 0 0 0 2 0 0 0 20.8 0.2 0 0 0 0 0 0 0 0 0 0
0 0 0 0 8.6 8.4 0 0 0 0 0 0 12.4 0 0 0 0 0 0 0 0 0 0 0 0 0 4.4 0.2 0 0
0 0 0 0 0 0 0 0 0 0 0 0 0 3.6 0 0 0 0 0 0 7 0 0 0 0 0 0 0 0 1.4
0 5.6 0 0 1.6 0 0 0 0 0 0 0 2.2 10.4 2.4 0 0 0.2 0 0 0 0 0 0 0 0.6 0 0 4 0
0.4 0 0 0 0 0 5.8 0 0.4 0 2 0 0 0 0 0 0 0 0 2.6 0 7.2 0 0 13.4 0 0 0 0 0.2
0 0.2 0 0 0.2 0 0 3.4 0 0 0.2 0 0 4 0 0 0 0 0 0 0 0 0 0 0 0 0 0 0 0
0 0 42 0 0 0 0 0 0 10.4 3 0 0 0 0 0 0 0 0 11 14.8 0 0 0 0 0 0 0 4 1.8
0.4 0 0 1.4 0 7 0 0.2 0 0 0 0 8.2 0 0 0.2 0.2 11.6 0 0 0 0 45.6 0 0 0.2 8.8 3.2 0 0
0 23.4 0 0 21.2 0 0 0 0 0 0 0 0 0 0 0 0 0 0 0 0 0 0 0 0 0 0 0 3.4 0
29.2 10.6 0.2 10 13.2 18.6 3.6 0 5.6 0 0 2.8 0.2 0.2 3 1.2 0 0 0.4 0 3 0 0.2 0 25.2 9.4 0 0 0 0.4
0 7 0 0 29.6 0 0 0 0 0 0 0 0 0.4 0 0 0 0 0 0 0 0 0 0 0 0 0 0 0 0
0 0 0 0 3 0.8 0 0 0 0 0 0 4.6 0 0.2 0 0 0 0 0 0 0 0 0 0 0 0 0 0 30.4
3.8 0 9.4 0 0 6.6 0 0 0 5 9 0 1.4 0 0 0 0 0.6 0.8 3.8 0 0 0 0 17.6 0 0 0 0 0
0.2 26.8 2.8 40.2 19.6 0.2 39.2 19.4 0.2 0 19.8 0 24.4 0 0.6 0 0 7.4 0 23.2 20.8 3 0 0 0 0.2 14.2 0 9.8 50
21.8 0 0 29.2 0 13 0.4 0 0 0 0 0 0 0 0 0 11.4 0.6 0 0.2 0 0 0 0.4 9.8 4.8 0 0 0 0.4
0 0 0 0 0 0 0 0 0 0 0 0 0 4 0 0 0.2 0 0 0 0 0 0 0 0 0 0 0 0 12.8
0 0 0 0 0.2 0.2 0 0 0 0 4.2 0 9.8 0 5.8 0 0 0 0 0 9 0 0 0 0 0 13.6 0 0 9.2
0 0 0 0 13 0 0 0 0 0 0 0 3 0 0 0 0 0 0 0 0 0 0 0 0 0 0 0 0 0
0 0.2 0 0 9.6 4.2 0 0 2.8 0 7 0 0.4 0 0 0 0 0 0 0 0 0 0 0 0 0 4.8 0 0 0
0 0 0 0 8 0 0 0 0 0 0 0 0 0 0 0 0 0 0 0 0 0 0 0 0 0 0 0 0 0
0 4.6 0 0 0 23 0 0 0 0 0 0 0.4 0 8 0 0 0 0 0 0 0 0 0 0 0 0 0 4 0
0 0 0 0 0 0 0 0 9.2 0 0 0 0 3.8 0 8.8 1.4 0 0 0 0 0 39.4 0 0 11.8 0.4 0.2 0 0
12.6 0 0.2 0 0 0 0 0.2 8.8 0 0 0 12 12 4.2 0 3.4 0.4 11.8 0 0 5 0.4 0 0.8 10.6 0.6 0 5.2 8.8
0 0 0 0 7.8 0.2 0 0 0 0 0.2 0 0 0 3.8 0 0 0 0 0 0 0 0 0 0 0 0 0 0 0
0 0 0 0 0.6 1.8 11.4 0 0 0 0 0 0 19.8 0 0 0 0 0 0 0 5.8 1.6 0 0 2 2 0 5 0
0 0 0 0 0 0 0 0 0 0 0 0 0 0 0 0 0 8.2 0 0 0 6.2 0 0 0 0 0.6 0 0 0
0.2 0 0 0 3 3.2 1.2 0 0 0 0 0 0 0.8 0 5.2 0 0 0 18.2 0 0 0 0 0 0 0 0 0 12.2
17.4 0 0 0.4 0.6 10 19.2 0 7.6 0 0 0 0 7 13.8 4.2 6 0.4 0.8 0 0 0 21 0.2 0 0 9.2 0 4 4.2
0 0 5.8 0 0 0.6 0 0 0 13.8 3.4 0 0 0 0 0 0 0 0 0 0.4 0 0 0 0 0 0 0 0 0
0.4 0.4 0 5 4.4 0 0 0 3.6 10.8 4.2 5.6 0 0 0 19.4 22.2 0 11.4 9 0 0 0.2 0 0 0 0 0 0.2 5.2
0 0 0 0 1.8 0 0 0 0 0 0 0 0 0 6 0 0 0 0 0 0 0 0 0 0 0 0 0 0.2 0
25.2 6.4 0 0.4 1.4 0 0.2 0.2 0 0 0 0 0 0 0 0 0 0 0 0 3 0 0 0 0 0.2 0 0 0 0
0 0 0 0 9 0 0 0 0 0 3 0 0 0 0 0 0 0 0 0 0 0 0 0 0 0 0 0 0 0
5 0 0 0 2.6 11.4 0.2 0 0 0 0 0 0 0 0 0 0 0 0 0.4 0 0 0 0 0 0.2 0 0 0.2 0
0 3 0 0 0.2 0 0 0 0 0 1.2 0 0 4.6 0 0 0 0 0 0 0 0 0 0 0 0 0 0 0 0
0 0 0 0 0 12.4 0 0 0 0 0 0 0 0 0.4 0 0 0 0 0 0 0 0 0 0 0 0 0 0 13.2
4.8 1.2 11.4 0.2 5.2 0 0.2 1 0 2.2 0.8 0.2 0 0 0 6.4 3 0 4.2 0.6 0 0 0.8 9.4 0 0.2 0 0.2 0 0
0 17.8 0 0 3.2 0 0 0 0 0 0 0 0 0 0 0 0 0 0 0 0 0 0 0 0 0 0 0 0 0
0 0 0 0 0.8 0 0 0 0 3.4 4.8 0 0.2 0 0 0 0 12.8 0.2 0 0 9.8 0 6.8 0 0 0 0 0 0.2
39.8 0 0 16.2 0 0 22.4 2.6 0 1.6 0 0.4 9.6 0.2 0 0 1.8 0 0.2 0 0 0 2 7.8 0 5.6 0 0.4 0 0.4
1 0.4 0 0 0 9.6 0 0 2 0 0 0 0 0 0 0 0 0 0 0 0 0 0 0 0 11 0 0 0 0
0 0.4 0 0 0 8 0 0 0.6 0 2 24.2 0.8 0 0.2 0 0 8 0 0.2 0 7 0 0 0 18.6 0 0 2 0
1 0.2 0 7 11.8 0 0.6 0 11.6 0 5.4 0 21.8 0 0 0 0 3.6 0 0 0 13.6 0 0 3.6 28.8 9 2 0 0
4 0 0.6 0 0 5.6 12.8 0 2.6 4 2.4 0.2 0 0 0.2 0 0.6 0 0.4 0 4 0.4 0 15.4 14.6 22 1 1 3.2 0
0 0 0.4 0.8 0 0 1.2 0 0 0 3.8 8.6 0 0.2 2 0 0 0 0 5.4 0 1.4 0 0 0.2 0 0 0 0 0
0 17 0 0 6.8 18.2 0 0 0 0 0 0 0.2 0.8 0 0 0 0 0 0 0 0 0 0 0 0 0 0 0 10
0 0 0 0 3.6 0 0 0 0.2 7.4 0 0 0 7.2 0 0 0 0 2 0 0 0 7.2 0.2 11.2 0 0 0 0 0
0 0 0 0 6.8 0 0 0 0 0 0 0 0 0 0 0 0 0.2 0 0 0 0 0 0 0 0 0 0 0 0
0.2 0 0.8 0 0 6 0 0 8.8 0 0 6.4 0 0 0 8.4 13.8 0 1.4 14.4 0 0 0 0 0.6 3.8 0 0 0 0.4
0 8.8 0 0 0 0 1.2 0.4 0 0 0 0 0 0.8 0 0 0 0 0.6 0 0 1.8 0 0.4 0 0 0 5 0 0
0 0 0 0.2 0 1.4 0 0 0 0 0 0 0 0 0 0 13.4 0 0 8.4 0 0 0 2.4 0 0 0 0 0 0.2
0 0 0 0 0 29.4 4 0 0 0 0 0 10.2 0 0 0 0 0 0 0.6 0 0 0 0 0 0 0.8 0 0 0
0 11 0 0 0 0 0 0 0 0 0 0 0 0 0 0 0 0 0 0 0 0 0 0 0 0 0 0 0 0
0 0 0 0.2 1.4 5.6 0.4 0 1.6 0 0 15.4 0 0 0 0 4 0 0 0 0 0 9.4 0 0 7 0 0 0 0
0 0.2 2 14.2 1.8 0 0 0 0 0.2 0 0 0 0 0 0 0 0 0 0 0 0 0.6 0 0 0 0 0 2 0
0 0 0 0 0 13.2 0 0 0 0 0 0 11.8 0 4 0 0 0 0 0 0.4 0 0 0 0 0 0.2 0 0 25.4
0 3.2 0 0 5.8 0 0 0 0 0 0 0 0 0 0 0 0 0 0 0 0 0 0 0 0 0 0 0 0 0
0 0 0 0 0 0 0 0 0 0 0.2 0 0 9.8 0 0 0 0 0 0 0 0 0 0 0 0 0 0 0 0
0 5 0 0 0 9.2 0 0 0 0 0 0 0 0 3.8 0 0 0 0 0 0 0 0 0 0 0 1 0 0 0
0 0 0 0 0 4.2 0 0 0 0 0 0 1.6 3.8 0 0 0 0 3.8 0 0 0 13.6 0 0 0 0 0 0 0
0 0 1 0 0 0 0 0 0 15.4 8 0 0 0 0 7.2 4.6 0 0 14.8 0 0 0 0 8 0 0 0 0 0
0.2 0 0 0 0 0 0 0.4 0 0 0 0.6 0 0 0 0 0 0 0 0 0 0 21.6 0 18.2 0 0 0 0 0
26.6 0 5.8 16.4 0 3.4 0 0.2 0 0 0 0 1 7.4 0 0 5 0 0 0 0 0 0.4 0 11.8 24.4 4.6 0 0 0
0 0 3 13.8 0 0 0 4 0 0 0 0.2 0 3 0 0 0 0.6 0 0 0 9.2 0.2 0 0 0 3 0 0 0
0 0 0 0 8.2 6.8 0 0 0 0 0.2 0 0 10.4 0 0 0 0 0 0 0 0 0 0.2 0 0 0 0 4.2 0
0.2 0 0 3.8 1 0 0 0 0 0 0 0 0 0 0 0.2 0 0 0 0 0 8.8 0 0 0 0 0 0 0 0
0 0 0 0 7 0 0 0 0 0 0 0 0 0 0 0 0 0 0 0 0 0 0 0 0 4 0 0 0 0
0 0 0 0 6.2 0 6 0 0 0 5.6 0 0 0 0 0 0 0.2 0 0 0 18 0 0 0 0 0.8 3 4.2 0
0 0 0 0 0 0 0 0 0 0 0 0.4 0 4.6 0 0 0 0 0 0 0 0 0 0 0 0 0 0 0 0
0.2 0 12.8 0 0 0 0 2.2 4 0 0 0 0 0 0 9.8 0 0 0 0.6 0 0.2 0 0.2 0 0 0 0 0 0
0 4 0 0 0 0 0 0 0 0 2.8 0 0 0 0 0 0 0 0 0 0 0 0 0 0 0 0 0 0 0.2
4.2 4 0 0 0 0 0.2 0 4 0 0 0 0 4.6 0 1.4 0 2 0.2 0 0 0 0.4 0 0 0 0 0 0 0
0 0 0 11.8 0.2 0 0 0.6 0.8 0 0 0 0 4.8 0 0 0 0 0.2 0 0 0 0 2.4 0 0.2 0 0 0 0
0 4 6.8 0 0 3.2 1.8 0 2 0 0 0.4 0 0 0.4 0 2 0 0 3.4 0 9.6 0 0.2 1.6 0 0 2 0 7.6
0 0 0 0 0 0.2 0 0 0 0 0 0 0 0 0 0 0 0 0 0 0 0 0 0 0 0 0 0 0 3.8
