4.8 0.2 0 0 0.4 0 0 8.6 0 0 0 0 0.2 17.4 0 7.2 0 4.6 0 0 1.4 0 0 0.8 6 9.6 0 17.8 0 0
0 0 0 0 0 0 0 0 0 0 0 0 0 0 0 0 0 0 0 0 0 0.4 0 0 0 0 0 16.6 0 0
0.2 0 0 0 0 0 0 0 0 0 10.8 0 0 0 0 0 0 0 0 0 0 0 0 0 0 0 0 0 0 0
0 0 0.2 0 0 0 0 0 0 0 0 9.8 0 0 0 0 0 0 0 0 0 0 0 0 0 0 0 0 0 0
0 0 0 3.2 0.4 0 0 0 0 0 0 0 0 7.2 0 0.2 0.6 3 9 11.4 0 0 0 0 0 0 0 0 0 0
9.8 0 0 0 0.2 0 0 0 11 0 2 0 0 10.6 0 9.6 0 0 0 0 0.2 0 0.2 0.4 0 0 0.4 1.6 0 0
0 26.8 0 8.6 0 0 0 4.8 21.2 3.2 0 0 0 0 0 8.2 0 0 12.2 0 0 0 1.4 0.6 0 7.8 0 0 0 1.2
0 0 0 0 0 0 0 0 0 0 0 0 0 0 0 0 0.4 0 0 2.2 1.2 0 0 0 0 0 6.2 0 0 0
0 0 0 0 0.6 0 0 0 0 0 0 0 0 0 0 0 3.8 0 0 0 0 0 0 0 2.8 0 0 0.6 0 1.2
0 0 0 0 0 0 20.4 14.4 1.4 1.4 0 0 6.8 0.2 0 9.4 0.2 3.6 0.4 0.2 0 17.8 0 0 0.6 0 0 0.2 0 1
0.8 0 0 0.2 0 0 0 0 0 0 0 0 4.6 0 0.2 3.6 7.8 0 3.6 0 0 0 0.2 20.4 0 0.2 0 0 0 6.4
0 0 0 0 0 0 0 0 0 0 0 0 0 0 0 0 0 0 0 0 0 0 11 0 0 0 0 0 5 0
1.2 1.2 4.4 11.8 0 7.4 0 22.6 4.2 7.2 4.8 15.6 0 0 0 14.2 0 0 16.2 2.8 13.4 0 0 0 0 12 0.4 0 14.6 0
0 0 0 0 0 0 0 0 0 0 0 0 3.8 0.2 0 20 0 0 0 0 0 0.4 0 0 0 0 0 10.6 0 0
0 0 2 0 0.2 0 0 0 0 0 3 2.8 0 0 0 0 0 0 2.8 0 0 0 0 0 0 0 0.2 0 0 0
0 0 0 0 0.2 0 1.8 0 0 0 0 0 0 0 0 0 0 10.8 0 0 0 0 9.2 0 5 0 0.4 0.4 2.2 6
0 0 0 0 0.2 1.6 0 5.6 0 0 0 0 0 0 0 0 0 0 0 0 0 2 0 0 0 0 1.2 0.4 0 0
0.4 18.6 0 0.2 0 1.6 11.2 15 8 0 0 0 0 0 2 0 0 0 6 0 0 14.6 0 11.4 0 0 0 3 0 0
0 0 0 0 0 0 0 0 0 0 0 3 0 0 0 0 0 0 0 0 0 0 0 0 0 0 0 0 0 0
0 0 0 0 0 5.4 0 0 0 0 0 0 0 0.4 0 0 0 0 0 0.2 11.8 0 0 0 0 0 9 0.2 0 0
0 0 2.6 7.2 0 16.4 0 0 0 0 0 14.2 0.4 0 12.2 0 0 0 0 0 0 0.6 0.2 0 0 0.2 5.4 2.6 0 0
0 0 0 0 0 0 0 0 0 0 0 0 0 0 0 8 0 3 0 10.6 0 0 7.4 0 1 0 0 0 0.4 4.6
0 0 0 0 0 0 0 0 4.6 0 0 0 0 0.6 0 3.2 15.4 4 0 0 0 8.4 0 0.2 0 0 0.4 0 0 0.2
4.6 0 0 0 0.2 0 0 0 0 12 0 0 0 0 8.2 0 0 0 0 0 0 0 0 8.2 0 0 0 9.8 0 0
0 0 0 0 0 4.8 0.2 0 0 7.2 0 0 0 1.2 0 0 2.2 0 4.2 0 6 0.8 0 0 0.4 0 0 0 13 0
6.2 0 2.8 0.4 2.4 1.2 0 0 0 0 0 3.4 0 0 8.6 0 0 0 0 0 0 0 0.6 0 0 0 1.8 8.6 0 0
0 0 5 0 0 0 0 0 0 0 0 0 0 0 0 0 0 0 0 0 0 0 0 0 4 0 0 0 0 0
0 0 0 2.6 0 0 0 0 0 0 0 0 0.2 4.6 0 0 0 0 1 0 0 0 0.6 0.2 0 8 0 0 3.6 0.2
4 0 0 0 0 0 0 0 0 0 0 0 0 0 0 0 0 7 0 0 0 0 9.8 0.2 0 0 0 0 0 0
0 0 0 0 0 0 6.8 0 0 0 0 0 0 0 0 0 0 0 0 0 0 0 0 0 0 1.2 0 0 0 0
0 0.4 0 0 0 2.8 0 0 0 0 0 0 0 0 0 0 0 0 0 0 0 2.8 0 0 0 0.2 0.8 8 0 0
0 0 0 0 0 0 0 0 0 0 0 7.2 0 0 0 0 0 0 0 0 0 0 0 0 0 0 0.8 0 0 0
0 0 0 0 0 0 0 0 0 0 5.6 11.4 0 0 0 0 0 0 0 0 0 0 0 0 0 0 0 0 0 0
2.8 0 0 0 0 0 0 0 0 0 0 0.2 0 0 0 0 0 0 0 0 0 0 0 0 0 0 0 0 0 0
0 0 0 0 0 2 0 0 0 0 0 0 0 0 0 0 0 0 0 19 0 0 0 0 0 0 0 0 0 0
0 0 0 7.6 0 0 0 0 0 0 0 0 14.4 0 0 0 0 7.4 10.2 0.2 0 0 0 11.8 0 0 5.2 0 1.2 0
7 0 0 0 0.6 0 0 0 0 0 0 0.4 0 0 0.2 0 0 0 0 0 0 5.8 0 0 0 0 0 0 0 0
0.2 0 0 0 0 0 0 0 0 0 4.8 0 0 0 0 0 0 0 0 0 0 0 0 0 0 0 0 0 0 0
0 21 0 0 0 0 0 0 0 0 0 0 4.4 0 0 0 0 0 0 0 0 0 7.6 0 0 0 0 0 0 0
0 1.4 0 0 9.4 0 0 0 0 4.4 0 0 0 8.2 0 1.2 0.2 5.6 0 5 0 0 1.4 3 0 0 2.8 0 0 0.4
0 0 0 0 0 0 0 0 0 0 0 0 7 0 0 0.2 1.6 7.2 8.2 2.6 0.4 0 0 0 0 0 0 0 0 9.8
0 0.4 0 0.2 0 0 0 0 0 11.2 0 4 0 12.8 0.6 0.4 4.8 0 0 0 0 3.8 19.2 0 4.6 0 0 0 0 0
0 0 4 0 0 0 0 0 0 0 0 0 0 0 0 0 0 0 3 0 0 0 0 0 3.8 0 3.2 0 0 0
9.6 0 0 0 0 0 0 0.4 0 0 0 0 0 0 0 0 0 0 0 0 0 0 0 0 0 0 0 0 0 0
13 0 0 0 0 0 0 0 0 0 0 0 0 0 0 0 0 0 0 0 0 0 0 0 0 0 0 0 0 0
0 0 0 0 0 0 0 0 2 0 4 0 0 0 0 7 0 0 0 0 0 0 0 0 0 0 0 0 0 0
0.2 5 0 0 0.2 1.6 0 4.2 0 8 2.4 1 6.8 0 8.8 16 0 0 7.4 0.6 2.6 12.8 0 0 0 0 0.2 0.2 0 0
0 8.8 5 0.4 0.6 0 0 0 0.2 0 0.2 2 0 0.2 0.4 0 0 0 0 0 0 0 0 0 0 0 0 0 0.2 0
0 0 0 0 0 5 0 0 0 0 0 0 0 0 0 0 0 0 0 0 0 0 0 0 0 0 0 0 0 0
0 0 0 0 3 0 0 0 0 0 0 0 0 0 0 0 0 0 0 0 0 0 0 0 0 0 0 0 0 0
0 6.8 0 0 0 0 0 0 0 0 0 0 0 0 0 0 0 0 0 0.2 0 0 0 0 0 0 0 0 0 0
0 0.2 0 0 10.6 0 0 0 1.4 0 0 0 0 1 0 0 0 8 11.4 4.2 3 0 0 0 0 0 3.4 0 0 0.8
0 0 0 0 0 7.8 0 0 0 0 0 0 0 0.6 0 0.6 6.8 0 0 0 0 0 0 0 0 0 7.8 0.4 0 0
0 24.6 0 2.6 1 0 2.6 0 0 7.6 2 0 0 1.6 0 0.2 0 0 0 0.2 6.6 0 0 0 2 0 0 0 0 0
0 0 0 2 4.6 0 9.2 0 0.2 0 0 0 6.8 1 7.6 20.2 0 7.8 8.4 0 0.4 0 0 0 0 13 1 0 5.2 5.4
0 0 0 0 0 3 14.4 0 0 0 0 0 0 1 0 0 4.2 0 0 0 0 0.2 17.2 0 0 0 0 0 0.2 4.8
0 0 0.8 0 0 0 0 0.2 0 0 0 0 0 0 0 0 0 0 0 0 0 0 0 0 0 0 0 0 0 0
0 2.4 0 0 3.6 0 0 0 18 0 0 0 0 0 0 0 0 0 0 0 0 0 1.4 11.6 0 0 0 25 0.2 0.8
0 0 0 0 0 0 0 11.4 0 4 0 0 0 0 0 0 0.2 0 0 0 0 0 0 0 0 0.2 12 0.2 0 0
0 1.4 0 4 0 0 0.2 0 2.4 17.2 3 0 0 5.6 0 0 0 0 0 0 0 5 0 5 0 0 0 0 9.4 3.8
0 10.4 0 0 0 0 0.2 0.2 0 0 0 0 0 0 0 0 0 0.8 0 0 0 0 0 4.2 0 0 0 7.2 0.4 11.6
0 0 0 0 0 0 0 0 0 0 0 0.2 0 0 0 0 0 0 0 0 0 0 0 0 0.8 0 8.8 5.2 0 0
0 0 0.2 0 7 0.6 0 0 0 0 0 0 0 0 4 0 0 0 0 0 0 0 0.2 0 0 0 0 0 0 0
0 0 0 0 0 0 0 0 0 0 0 0 0.6 0 0.4 0 0 0 0 0 0 0 0 0 0 0 0 0 0 0
0 0 0 0 4.6 0 0 0 0 0 0 0 0 0 0 0 1.4 0 0 0 0 0 0 0 0 0 0 0 0 0
0 0.4 0 0 0 0 0 0 0 0 0 0 9.8 0 0 0 8.6 6.2 8 0 0 0 0 0 0 0 0 0 0 0
0 5 0 1.6 0 0 0 0.2 0 0 0 0 0 0 0 0 0 0 0 0 0 0.2 0.2 0 0 0 0 3.8 0 0
0 1.2 4 0 6.6 0.2 0.2 0 7.8 3 0 0 0 0 0 0 0 0 0 3.8 4 3.6 0.2 0.2 0 0 0 0.2 0 0
2.6 0 0 0 0 0 0 0 0.2 0 0 0 0 0 5.2 4 0 0 0 0 0 0 0 0 0 0 0 3 11 0
0 0 0 0 0 0 0 0 0 0 0 9 0 0 0 0 0 0 0 0 0 0 0 0 0 0 0 0 0 0
0 0 0 0.2 5.6 6.2 0 0 0 0 0 0 0 0.2 4.6 0 0 0 0 0 0 0 0 0 0 0 0.2 0 0 0
0 0.8 3 0 2.6 0 4 0 0 0 0 0 0 0 2.6 0.6 0 0 2.4 0.4 0 0 0 0 0.8 0 0 0 4 3.8
0 3.8 0 0.2 0 0 0 0 0 0 0 0 0 0 0 0 12 0 0 0 0 3.2 3 0 3.6 3.8 0 0 0.4 0
0 0 0 0 0 0 0 0 0 0 0 0 0 0 0 0 0 4 0 0 0 0 0 0 0 0 0 0 0 0
10 0 0 0 0 0 0 0 0 0 0 0 0 0 0 0 0 0 0 0 0 0 0 0 5 0 0 0 0 0
0 5 0 0 0 0 0 0 0 0 4 0 0 0 0 0 0 0 0 0 0 0 0 0 0 0 0 0 0 0
0 0 0 0 0 0 0 0 0 0 0 0 0 6.6 0 0 0.8 0 0 0 1 0 0 0 0 0 2 0 0 0.6
0 0 0 0 0 1.8 0 8.2 0.2 0 0 0 0 1.2 2.8 0 0 0 0 0 0 0 27.8 4.6 0 0.2 0 0.2 3 0
0 0 2.8 0 0 6.2 0 0 2.8 0 0 1.6 0.2 0.2 0 0 0 3 0.4 0 0 0 0 5.4 0.6 0 0.6 0 6.2 0
0 0 0 0 0 7 0 0 0 0 0 0 0 0 8.6 0 0 0 0 0 0 0.2 0 0 0 0.2 0 0 0 0
0 0 0 0 0 0 4.2 0 6.2 8.2 0 1.6 0 14.8 0 4.8 0 0 4.4 0 0 2.8 7 1.8 0 0.2 0 0 0 0
0 0 0 0 0 0 0 5 0 0 0 7 0 0 0 0 0 0 0 0 0 0 0 0 0 0 0 0 0 0
0 7.2 0 0 0 0 0 4.8 0 0 0 0 5.2 0 0 18 5 3 0.2 8 0 0.2 1 0 0 0 0 0 5.4 0
0 0 0 0 0 0 0 0 0 0 0 5 0 0 0 0 0 0 0 0 0 0 0 0 0 0 0 0 0 0
0 0 0 0 0.2 0 0 0 0 0 0 0 1.4 7 1.8 0 0 0 2.2 0 0 0 0 9.4 0 0 0 3 0 0
2.2 0 0 0 0 0 16.2 17.2 0 5 0 0 0 0 0 5 0 0 0 0 0 0.4 1.4 15.2 0 8.2 0 0 0 0.2
0 0 0 0 0 0 0 0 0 0 0 11 0 5.8 0 0 0 0 0 0.2 0 10.4 0 4 0 0.4 1 0 0.2 0
3.6 0 0 0 4 1.8 0 5.8 0 0 0 0.4 14 0 2.8 10.6 0 0.2 14.8 5.6 3 0 0 14 1.8 9 2.4 0.2 0 0
0 0 0 0 3 0.6 0 3.8 0 0 0 0 0 0 0 0 0 0 0 0 0 0 0 0 0 0 2.4 0.2 0 0
0 0 0.6 0 0 0 0.2 0.2 4.8 0 0 9.8 6.6 0 22.8 0 0 3.8 25 9.2 0 9 0 0 1.4 22.8 0.2 0.2 0.4 3
0 0.4 3.6 7.6 0 1 0 2.6 0 0.2 0 0 12 0.2 0 8 0.8 0.4 8.2 3.2 0 0 5.2 0 0.6 8 0 0.2 9.8 0
0 0 0 0 0 0 0 0 0 0 0 0 0 11 0 0.2 0 0 0 0 0 0 0.4 1.2 0 4.2 0 0 0 0
0 0 0 0 0 0 0 0 0 0 0 0 0 0 0 4.8 0.2 0 5 0 0 0 0 0 0 0 0 0 0 0
0 0 0 0 0 0 0 0 0 0 0 0 0 0 0 9.8 0 0 0 0 0 0 0 0.2 0 0 0 0 0 0
0 0.2 0.4 4.2 5 0 0 0 0 0 0 11.6 0 0 6.6 0 11.6 0 0 0.4 0 0 1.6 0 0 0 0 0.2 0.2 0
0 0 0 0 0 0 0 0 0 0 18 3 0 0 0 0 0 0 0 0 0 0 0 0 0 0 0 0 0 0
0 0 0 0 14 0 0 0 0 0 0 0 0 0 0 0 0 0 0 0 0 0 0 0 0 0 0 0 0 0
0 0.2 0.2 0 2.8 0.4 0 0 0 0 8.8 3 0.2 1.2 0 4 16 0 0 0 0 0.2 0 2 0.6 0 0 0.2 0 0.2
0 0 0 8 0 0 0 0 0 0 0 0 0 0 0 0 0 0 0 0 0 0 0 0 0 0 0 0 0 0
0 0 0.8 0 0 6.4 0 0 0 0 0 7 0 0 0 0 0.2 0 0 0 0 0 0 0 1.6 0 0 0 0 0
0 0 0 0 0 0 0 0 0 0 8 0 0 0 0 0 0 0 0 0 0 0 0 0 0 0 0 0 0 0
0.2 0 0 0 0 0.4 0 0.4 0.2 0 0 0 0 12.6 0 0 0 0 0 0 0 0 0 0 0 8.2 0 0 0 0
0 0 0 0 0 0 0 0 0 0 3 0 0 0 0 0 0 0 0 0 0 0 0 0 0 0 0 0 0 0
0 17 1 0 13.4 0 0 0 0 0 0 0 0 0.2 0 0 0.6 4 0 0 3.6 0 0.4 0 8.4 0 0 0 0 5.4
0 0.2 0 4 0 0 0 0 0 6.8 0 0 0 0 0 0 0.2 14.4 0.2 11.2 0 0 0 0 0 0 0 0 0 0
0 0 0 0 0 0 0 0 0 0 0 0 0 0 0 0 0 0 0 0 0 0 0 0 0 0 4 0 0 0
0 0 0 0 0 0 0 0 0 0 7.4 9.6 0 0 0 0 0 0 0 0 0 0 0 0 0 0 0 0 0 0
0 0 0 0 12.6 0 0 0 0 0 0 7 0 0 0 0 0 0 0 0 0.2 0 0.2 0 0 0 0 0 0 0
0 0.2 0 0 0 0 0 0 0 0 0 0 0 0 0 0.2 0 0 0 0 0 8.6 0.2 0 0 17.2 0 0.6 0 0
0 0 0 11.6 11.6 0 0 6.8 8.8 0 2.4 0 0 0 0 0 0 0 0 0.2 0 0.6 0 0 7.2 0.6 0 0.2 0 1
0 0 2 0 0 0 0 0 0 0 7.4 6 0 0 0.4 0 0 0 0 1.8 0 0 1.2 0 0 1 0 15.2 0 0
0.8 0.4 0 0 11.2 0.2 0 0 0 0 0 5.2 0 4.6 3 0 0.2 0 0.2 0.2 0 0 0 0 0 0 0 0 0 0
0 0 0 7.2 0.4 0 0 0 0 0 0 0 0 0 0 1 0 0 0 0 0 5 6.4 0 0 0.2 0 1.8 0 0
0 0 10.2 0 4 0 5.8 0 0.2 0 5 7.4 0 16.6 6.2 0 0.6 0.4 0 0 0 0 0 0 0.2 0 9 0.4 0 0
0 0 0 0 0 0 0 0 0 0 0 0 0 0 0 0 0 0 0 0 0 0 0 0 0 0 3.4 7.2 0.4 0
0 4 3.4 0 0 0 0 0 0.2 0 5.2 0.4 0.4 5.2 0 0 0.2 0 0 0 0 0.2 0 0 0.8 0 0 0 0 0
0 8.6 0 0 0 0 3.8 0 0.4 0 0 0 0 0 0 0.6 0 3.4 0 0 0 0 0 5 0 0.2 0 0 0 0
0.6 0 0 0 0 0.8 0 0 0 0 3.4 0 1.4 0 0 0.2 0 0 0 0.2 0 0 8 0 0 0.4 0 0 0 0
0 0 0 0 0 0 0 0 0 0 0 0 0 0 0 0 0 0 0 0 0 0.2 0 0 0 0 0 2.8 0 0
0 0 0 0 0.4 9.2 0 0 0 0 0 0 12.6 0 0 0.2 1 16 0 0.2 0 0 0 3.6 2.6 0 0 0.2 0 0
0 0 0 0 0 0 0 0.2 0 0 4.8 8 0 0 0 0 0 0 0 0 0 0 0 0 0 0 0 0 0 0
0 4 3 0 0 0 0 0.2 0.2 0 0 0 0 0 0 0 0.2 0 5.8 0 0 0.4 0 0.4 0.2 8.6 1 7 0 0
0 0 0 0 0 0 0 0 0 0 2 0 0 0 0 0 0 0 0 0 0 0 0 0 0 0 0 0 0 0
0 0 0.2 18.6 0 1.4 0 0 0 1 13.6 0 0 0 10 0 12.2 0 0 2.8 12.8 0 0 0.4 0 0 21 5.4 0.4 5.2
0 0 0 0 0 0 0 0 5 0 0 0 0 0 0 0 0 0 0 0 0 0 0 0 0 0 0 0 0 0
0 3 0 0 0 0 0 0 0 0 0 0 0 0 0 0 0 0 0 0 0 3.6 0 0 0 5 0 0.4 0.2 2.8
0 0 0 0 0 0 0 0 0 0 0 6.8 0 0 0 0 0 0 0 0 0 0 0 0 0 0 0.2 0 0 0
0 0 0 0 0 0 0 0 0 0 0 4 0 0 0 0 0 0 0 0 0 0 0 0 0 0 0 0 0 0
0 0 0 0.8 0 0 0 0 0 0 0 0 0 0 0 0 0 0 0 4.8 0 0 0 0 0 0 0 0 0 3.4
0 0 0 0 0 0 0 0 0 0 0 0.2 0 0 0 0 0 0 0.2 0 0 0 0 0 0 0 7.4 0.2 0 0
0 0 0 0 0 0 0 0 0 0 2 0 0 0 0 0 0 0 0 0 0 2.8 0 0 0 0 0 0 0 2.2
0 0 0 0 8 0 5 0 0 0 0 0 0 0 0 0 0 0 0 0 0 0 0 0 0 0 0 0 0 0
0 0 0 0 0 0 0 0.4 0 0 0 0 0 0 0 0 0 0 0 0 0 0 0 0 0 0 0 9.6 0 0
7.2 0 0 0 0 0 0 0 0 0 0 7.4 0 0 0 0 0 0 0 0 0 0 0 0 0 0 0.4 0 0 0
0 0 0 0 0 7.4 0 0 0 0 0 0.2 0 0 0.4 0 0 0 0 0 0 0 0 0 0 0 11 0 0 8
1.4 0 0 0 0 0 0 0 0 0 0 2.8 0 0.2 0 0 0 0 0 0 0 0 0 0 8.8 4.8 1 0 0 0
0 0 0 0 0 0 0 0 0 0 0 6 0 0 0 0 0 0 0 0 0 0 0 0 0 0 0 0 0 0
3.2 0 0 3.4 0 0 0 11.2 0 2.4 0 5.4 0 0 0 0 0 8.6 0 0 0 0 4.4 0 0 11.8 0.2 0.4 0 0
0.8 11 1.2 0.2 6.2 0 0 6.2 0 0 0.8 8.8 0 0 12.4 0 0 1.8 0 0 2.4 0 0 0.6 16.8 0.2 3 0.4 0 26.2
0.2 0 0 0 0 0 0 0 0 0 5.8 3 0 0 0 0 0 0 0 0 0 0 0 0 0 0 0 0 0 0
7.4 0 0 0 0 0 0 0.4 0 0 0 0.8 0 0 0 0 0 0 0 0 0 0.2 0 0 0 0 0 0.2 0 0
0 7.6 0 4 0 0 0 0 0 0 0 0 0 0 0 0 0 0 0 0 0 0 3.2 0 0 0 0 0.2 0 0
0 0 0 0 0 0 0 0 0 0 3 1 0 0 0 0 0 0 0 0 0 0 0 0 0 0 0 0 0 0
0 0 0 0 4 0 0 3.2 0 0 0 0 0 0 0 0 0 0 0 0 0 0 0 0 0 0 0 0.8 0 0
0 1.4 8 0.6 0 2.8 13.6 0 0.2 0 0 0 0 10 4 3.2 4.8 0 7.2 0 0 0.6 0 0 0 26 0 4.4 7.2 0
2 0 0 0 0 0 0.2 0 0 0 0 0 0.4 12.8 0 0 0 11.6 0 0.2 0 0 0 1.8 0 0 0 0 0 0
0 0 0 0 0 0 0 0 0 0 0 2.8 0 0 0 0 0 0 0 0 0 2 0 0 0 0 0.2 0 0 0
0 0 0 0 0 0 10.2 0 1.6 0 0 0 0 0 0 0 0.2 0 0 0 0 6.4 0 0 0 0 0 0.2 3.4 0
0 0 0 0 0.2 0 0 0 0 0 0 5.8 0 0 3 0 0 0 0 0 0 0 0 0 0 0 0 0 0 0
0 0 0 0 0 0 0 0 4 0 0 0 0 0 0 0 0 0 0 0 0 0 0 0.2 3.2 0 0 3.8 5 1.8
0 0 0 0 0.2 0 0 0 0 0 0 0 0 0 10 0 0 0 0 0 0 0 0 0 6.8 0 3.8 0.2 0 0
0.2 0.4 0 0 0 0.2 0 4.6 0 0 0 0 0 0 0 13.8 6.8 3 0.4 0 0 0 0 0.2 0 0 0 19.2 8.2 0
0 0 1.4 0 0 17.6 0 0.2 0 0 0 0 0 0 9.6 0 0 0 0 0 0 0 0 0 8.8 0 15.4 0 0 0
1 0 0 0 1 0 0 0 0.8 0 0 0 0.2 0 13.8 0 0 0 0 0 1 0.2 0 0 0.4 10.6 0 17 0 0
0 0 0 0 0 1.4 0 0 0 0 0 0 0 0 0.6 0 0 0 1 0 0 0 0 0 0 0 0 0 2 0
0 0 0 0 0 0.4 0 0 0 0 0 0 0 3.4 0 0 0 0 0.6 0 0 0 0 0 0 0 2.6 0 0 0
0 0 0 0 0 0 0 0 0 0 0 3 0 0 0 0 0 0 0 0 0 0 2.8 0.2 0 0 0 0 0 0
0 0 0 0 0 0 0 0 0 0 0 9 0 0 0 0 0 0 0 0 0 0 0 0 4 0 0 0 0 0
0 0.2 0 0.2 0 0 0.2 0 0 3 0 0 0 0.2 0 1.6 0 0 4.6 0 0 0 0 5.4 0 0 0 0 0 0.6
0 0 0 2.6 0 0 4 0.2 10.4 0 0 0 1.2 0 0 0 0 0 0 0.2 0 0 0 10.2 0 0 0 1.2 0 0
0 0 4 0 0 11.8 0 0 0 0 0 0 0 0 0 0 0 0 0 0 0 0 0 0 0.2 0 0 0 0 0
0 0 0 0 0 0 0 0 3 0 0 0 0 0 0 0 0 0 0 0 0 0 0 0 0 0 0 0 0 0
0 0 0 0 0 0 0 0 0 0 0 5 0 0 0 0 0 0 0 0 0 0 0 0 0 0 0 0 0 0
0 0 0 0 0 0 0 0 0 0 5 2 0 0 0 0 0 0 0 0 0 0 0 0 0 0 0 0 0 0
0 0 0 0 0 0 0 0 0 0 0 11 0 0 0 0 0 0 0 0 0 0 0 0 0 0 0 0 0 0
0.4 8 0 0.2 7.8 0 0.2 4 0 0.4 0 4 7.8 0 0 0 0 0 5.6 0 0 0 0.2 11.8 1.6 0 0 0 0 0
0 0.2 0 0 3.8 0 0.8 0.2 0 0 0 0 0 0 0 0 0 3 0 3.6 0 0 11.4 0 0 0 0 0 0 0
0 0 0 0 0 0 0 0 0 0 0 5 0 0.2 4 4 0 0 0 0 0 0 0 0 0 0 3.8 0 0 0
2.6 3 0 0 0 0 0 0 11.4 0 0 0 0 0 0 0 9.2 0 0 0 0 13.2 0.2 0 0 0 0 0.4 0 0
1.4 17.2 0 0 0 10.6 1 3.2 0 0 5.8 8.6 0 0.2 6.6 0 0 6.4 0 0 0 0 0.2 12.8 0 0 0 0 0.6 3.4
0.4 0 0 0 0 0 0 0 0 0 6.8 0.8 0 0 0 0 0 0 0 0 0 0 0 0 0 0 0 0 0 0
0 0 0.2 0 0 0 0 0 0 0 0 0 0 10.6 0.4 0 0 8.8 0.6 0 0 0 0 0 0 0 0 0 0.2 1.2
1.2 0 5.8 0 6 13.2 0.4 0 0 0 0.2 1.8 0.2 0 7.2 0 0 0 0.4 0 1 0 1.2 0 0 1.2 1.2 0 0 0
0 0 0 0 0 3.6 0 0 0 0 0 0 0 0 0 0 0 0 0 0 0 0 0.2 0 0 0 0 0.2 0 0
0 0 0 0 0 0 0 0 0 0 0.6 0 0 0 0 0 0 0.8 0 0 0 0 0 3.2 0 0 5.4 0 0 0
0 0 0 0 0 0.2 0 17.2 4.2 0 0 0 0.4 4.6 5.8 2.6 0 0 0 0 0 0 0.2 0.4 0 6 0 0 6.4 0
0 0 0 0 0 0 1.4 0 0 0 0.4 0 3 0 0 0 0 0 0 0 0 6 0 0 0 0 0 0.2 0 0
0 0 0 0 7 0 0 0 0 0 0 3.8 0 0 0 0 0 0.6 0 0 0 0 0 0 2 0 1.8 0 0 8.8
0 0 0 0 0 0 0 5 0 0 0 0 0 0.2 0 0 0.2 4 0 0 1.6 0 0 0 0 4 0 0 0 0
0 2 0 2.2 0 2.8 0 0 0 0 0 5 0 0 0 0 0 0 0 0 0 11.4 0 0 0.2 0 1.4 0 0 0
0.2 0 9 0.2 0 0 0 13.8 0 0 0 0 8.6 0.6 0 10.8 0 0 0 0 0 9.6 0 0 0 13.8 0 2.6 0.8 0
0 0 0 0.2 0 6 0 0 0 0 0 0 0 0 6.6 0 0 0 3 0 0 0 0 0 0.2 0 3 0 0 0
0 0 5.6 0 0 3.4 0 0 0 0 0 0 0 0 0.6 0 0 0 0 0 0 0 0 0.2 0 0 0 3.2 0 0
0 0 0 0 4.2 0 4.8 0.2 0 0 8 0.2 0 0 0 0 0 2.8 0 0.2 0 0 0 0 0 0 0 0 0 7.6
0 9.4 0 0 0 0 19.6 0 0 0 0 0 8.8 0 0 0.4 0 1 0.2 2.4 3.8 0 0.4 0 0 0 0 0 0 0
4 0 0 0 0 0 4.2 0 0 0 0 0 0 0 0 0 0 3 0.2 0 0 0 0 0 2.8 8.8 2 0 0 0
0 0 0 0 0 0 0 0 0 0 0 0 1 0 0 0 0 0 0 0 0 0 0 0 0 0 0 0 0 0
0 0 0 0 0 2 0 0 0 0 4.6 0 0 0 0 0 6 0 0 8.2 0 0 0 0 0 0 0 0 0.2 0
0 0 0 0 0 0 0 2.4 9.8 0 0 0 0 0 4 12.2 19 0 0 0 0 0 0 0 0 0 0 0 2.6 2
0 0 0 0.2 0 0 0 0 0 0.4 0 0 0 0 0 0 0 0 0 0 0 0 0 0.2 0 0 0 0.2 0 0
0 1.4 0 4 3.2 0 0 0 0 0 0 0 7.2 0 0 0 0 0 3.8 0 0 0 0.2 0 0 0 0 0 6.2 0
0 0.2 4.8 0 8 0.2 0 5 0 6.6 0 0 2.6 0 0 0 0 12.4 0.2 0 1 0 0 0 0.4 1.8 0 12.2 0 16.6
0 4.6 0 0 0 0 0 0 0 0 0 0 0 0 0 0 0 0 0 0.2 0 0 0 0 0 0 0 0 0 0.2
0 0 3 0 0.6 0 0 0 0 0 0 1.2 0 0 0 0 0 0 0 0 0 0 0 0 0 0 0.8 0.8 0 4.6
0 0 0 0 0 0 0 8.2 0 0 0 1 0 0 0 0 0 0 0 0 0 2.8 0 0 0.4 0 0 0 0 1.6
0 0 0 0 0 0.6 0 0 0 0 0 1.8 0 0 0 0 0 0 0 0 0 0 0 0 0 0 0.6 0 0 0
0 0 0 0 0 0 0 0 0 0 1.8 2 0 0 0 0 0 0 0 0 0 0 0 0 0 0 0.2 0 0 0
3.2 0 0 0 3 0 0 0 0 0 0 0 0 0 3 6.6 5.4 0 0 0 0 0 0 0 0 0 0 0 4.8 0
0 0 0 0 0 0 0 0 0 0 0 0 0 0 0 0 0 1 0 0 2.4 0 0 3.6 0 0 0 0 0 0
0 0 0 0 0 0 0 0 0 0 0 0 0 0 4.8 0 0 0 0 0 0 0 0 0 0 0 0 3.2 0 0
0 11.2 3.6 0 0 0 0 0 0 0.6 0 0 0.4 4.2 0 0 0 0 0 0 0 0 0 0 0 0 0 0 0 0
0 0 0 0 0 0 0 0 0 0 0 0 0 0 0 0 0 0 0 0 0 0 5.2 0 0 0 5.6 0 0 0.2
0 1.4 0 0.2 0.2 7.8 0.2 5.4 0 0 0 1.2 0 0 0.4 0.4 0 0 0 0 0 0 8.6 0 8 0 0 0 0.8 11.4
0 0 0 0 0 0 0 0 0 10 0 0 0 0 0 0.2 7.8 1.2 0 0 0 6.8 0 0 0 4 0 0 0 0
0 0 0 0 0 0 0 0 0 0.2 0 0 0 0 16.8 9 0 0 0 0 0.2 0 0 6.6 7.4 3.4 0 0.4 0 0
0 0 0 0 2.2 0.2 0 0 0 0.8 0 0 0 0 0 0 0 0 0 5.2 0 0 0 0 0.4 0 0.2 0 0 8
0 0 0 14.6 0 0 0 0 0 0 0 0 0 0 0.2 0 3 0 0 0 0 0 0 0 0 0.2 0 0 0 0
0 0 0 0 0 0 0 0 0 0.2 0 0 0 0 0 4.8 0 0 0 0 0 0 0 0 0 0 0 0 0 0
0 0 0 0 0 0 0 0.4 0 0 0.2 0.4 4.8 0.2 2.4 0 3 3.4 14 7.2 0 0 0 0 0.4 0 5.6 0 0 0
0 0.4 0 0 0 0 0 0 0 3.8 0 7.6 4 3.4 0 0 12.8 1.2 0 9 0 0.2 1.8 3 2.8 0 0 0 0 24
0 9.4 0 0 6.8 6.8 0 0 0 0 2.8 0 0 0 3.8 0 0.2 0 0 0 0 0.2 0 0 0 0 0 0 0 0
0 0 0 0 2.6 8.2 0 0 0 0.4 0 0 3.6 0 4 0 0 0 0.2 0 0 0 4 17 0 0 0 0 0 0
0.2 4 0 0 0 0 8.8 0 0 0 0 0 0 0.8 0 0 0 0 0 0 0 0 0 0 0 0 0 0 0 0.2
0 0 0 0 0 0 0 0 0 0 0 0 1.6 1.2 0 0 0 0 0 0 0 17 0 0 0 0 0 0.2 0 0
4 0 4 0 0 7 0 0 0 0 0 0 0 0 0 0 0 0 0 0 0 0 0 0 0 0 0 0 0 0
0 0 0 0.4 0 0 0 2.6 1.2 0 0 0 0 0.4 0 0 0 0 0 0 0 0 0 0 0 0 0 0.4 0 0
0 0 0 0 0 0 0 0 0 0 4 0 0 0 0 0 0 0 0 0 0 0 0 0 0 0 0 0 0 0
0 7 0 0 0 0 0 0 4.6 4.4 0 0 0 11.2 0 0 0.4 0.6 7.8 0.2 0 0 0.2 10.4 0 0 0 0 0.6 0.6
0 0 0 0 0 4 0 0 0 0 0 0 0 0 0 0 0 0 0 0 0 0 0 0 0 0 0 0 0 0
0.4 0 0 0 0 0 0 0 0 7.6 0 0 0 8.4 0 0 0 0 0 0 0.2 0 9.8 0 5 0 0 8.6 0 0
0 8.2 2.8 0 0 0 0 0.4 0 0 0 0 0 0 0 2.8 0 0 0 0 0.2 0 0.6 9.4 0 10.6 4 7 0 0
0 0 0 11.4 0 6.6 19.2 0 7.6 0 0.2 6.6 4.4 0 8 8.6 8.8 0 4.2 0 0 0 0 7.2 1.2 16 0 0 0 0
0 0.2 0 0 0 0 0 0 0 4.4 0 0 0 0 4 0 2.2 0 0 0 0 0 0 0 0 0 0 4 1.2 0
0 0 0 0 8.6 0.4 0 0 0 0 0 2.4 0 0 0 0 0 0 0 0 0 0 6.8 0 0 0 7.6 0 0 0.2
0.2 7.6 0 0 0 0 0 0 0 0 0 0.2 0 0 0 0 0 0 0 0 0 0 0 0 0 0 0 0 0 0
0 0 0 0 0 8 0 0 0 0 0 0 0 0 0 0 0 0 0 0 0 0 0 0 0 0 0 0 0 0
0 0.2 0 0 0 0 0 9.6 0.2 0.2 1 0 0 0 0 13.2 0 0.2 0 4.6 0 0.2 0 0 0 14.6 0 0 0 1
0.2 0 0 0 0 0 0 0 0 0 9.8 0 0 0 0 0 0 0 0 0 0 0 0 0 0 0 0 0 0 0
0 0 0 0 0 0 0 0 0 0 0 4.8 0 0 0 0 0 0 0 0 0 0 0 0 0 0 0 0.2 0 0
0 0 0 0 0 0 0 3.2 0 0 0 0 0 0 0 0 0 0 0 0 5 0 0 0 0 0 0 1.8 0 0
6 0 0 0 0 0 0 0 0 0 0 0 0 0 0 0 0 0 0 0 4.8 0 0 0 2 0.2 0 0 0 3
0 0 0 0.2 7.8 0 0 0.2 1.8 6.8 0 0 0 19.8 0 0.8 1 4 0.8 0.2 0.4 0 2 1.6 3.8 0.6 0 2.8 1.6 1.8
0 0 0 0 0 0 0 0 0 0 0 0 0 0 0 0 0 0 0 0 0 0 0 0 0 0 4 0 0 0
0 0 0 0.2 3.8 0 0 0 0.8 0.2 0 0 2.4 8.4 3.2 8.6 0 16.8 0.8 2.4 0.2 0 0 0 0 0 0 0.2 0 0
0 7.8 0 0 0.2 0 0 0 0 0 0 0.2 0 0 0 0 0 0 0 0 0 0 0 0 0.2 0 0.2 3.4 0 0
0 0 0 0 0 0.2 0 0 0 0 0 4.8 0 0 0 0 0 0 0 0 0 3 0 0 0 0 0 0 0 0
4 0 8.6 0 0 0 0 0 0.6 0 0 0 0 4 13.2 0 0 4 0 0 0 0 0.2 0 0.2 0.2 0 0 0 0
0 0.2 0 0 0 0 0 0 0 1 0 6.8 10.2 0.6 0 12.6 0 3.2 0.2 0 0 0 0 0 0.4 0 0 4 0 1.8
0 0 0 2.6 0 9.2 0 0 0 0 0 0 4 0 0 0 0 0 0 0 0 0 0 0 0 0 0.6 0.2 7.4 0
0.2 0 0 0 0 0 0 0 0.2 0 0 0 0 0 0 0 0 0 0 0 0 0 0 0 0 0 0 4.6 0 0
0 1 4.8 3.2 0 0 0.2 0.2 0 9 3 0 0 4.6 0 0 0 0 0 0 0 0 0 0 0 0 0 0 0 0
0 0 0 2.8 0 0.2 0 0 0 0 0 0 2.6 0.6 0 0 12.8 0 2.4 0 0 0 11.4 0.2 0 0 0 0 0 0
0 0 0 5 0.8 0 0 0 0 0 0 0 0 0 0 0 0 0 0.2 0 0 0 0 0 0 0 0 0 0 0
0 0 0 0 20.8 0 0 0 3.4 0 0 4.6 0 0 0 0 4.2 0 7.4 0.2 0 0 0 0 0 0 4.2 0.2 0 0
8.2 0 5 0 0 0 0 0 0 0.6 0 0 0 0 3.4 0 0 0 0 0 0 0 0 0 0 4 0 0.8 0 0
0 0.4 0 0 0 0 0 0 0 0 0 9.6 0 0 0 0 0 0 0 0 0 0 0 0 0 0 0 0 0 0
0 0.6 0 0.2 9 0 0 0.4 0 0 0 5.2 7.4 0 0 0 1 0 0 0 0 0 0 0 0 0 0 0.2 0 0
0 0 0 0 0 0 0 0 0 0 2.8 0.2 0 0 0 0 0 0 0 0 0 0 0 0 0 0 0 0 0 0
0 0 0 0 0 0 0 0 0 0 0 0 0 0 0 0 0 0 0 0 0 0 0 0 0 0 6.2 0.8 0 0
0 0 0 5.4 0 0 0 2 0 0 1.4 0 0 8.2 0 0.2 0.2 0 0 0 3.4 0.2 0 14 0 0 0 0 0 0
0.2 0 0 0 0 0 0 0 0 0 0 0 0.4 0 0 0 1 0 4.2 0 0 0 1.4 4.2 0 0 1.6 1 0 0
0 5.4 0 0 0 0 0 4.2 0.2 0 0 0 0.2 0 0 10 0 0 0 0 0 0 2.4 0 0 5.8 0 0.8 0 0
0 0 0 0 7.2 2.8 0 0 0 0 0 0 0 0 5.4 0 0 0 0 0 0 0 0 0 4.2 0 0 1.4 0 0
0 0.2 0 0 0 5.6 0 0 0 0 0 0 0 0 1 0 0 0 0 0 0 0 0 0 0 0 0 11.2 0 0
0 0 0 0 0 0 0 0 0 0 0 0 0 0 0 0 32.6 5 4.2 18 0 1.6 0 0 6.2 0 0 0 0 14.4
0 0 0 2 2 0 0 0 0 0 0 0 8.4 0 0.8 0 0.8 2.4 7.2 1.8 6.4 2.8 0 0.6 0.6 0 1.2 4 0 0
6.4 0.6 0 0 0 0 0 0.2 17.2 0 0 0 0 0.2 4.4 0 0.2 2 1.6 6.8 0.2 3.8 0.2 10.2 0 8.2 0.2 5.4 1.4 8.8
5.8 0.2 0 17.4 0 0 0 4.8 0 0 0 0 0 0 6.8 0 4.8 0 0 0.8 0.2 0 0 0 0 0 0 0 0 0.2
0 16.8 0 0 2.6 1.4 6.4 0 12.8 0 4 0 0 0.2 2 10.8 0.2 0 1.8 0 0 0 14.6 0 0 0 0 0 0 6.4
0 0 0 0 0 0 0 0 2.8 0 0 0 0 2.8 0 0 0 0 0 0 0 2.2 0 0 0.2 4.8 0 0 0 1.2
5.8 0 0 0 0 0 0 0 0 0 0.2 11 0 0 0 0 0 0 0 0 0 0 0 0 0 0 0 0 0 0
0 0 0 5 0 3 0 0 0 0 0 0 3 0 2 0 0 0 0 0 0 0 0 0 0 0 0 0 0 0
0 0 0 0 0 0 0 0 0 0 0 0 0 3.8 0 0 18.2 0 0 0 0 0 0 0 0 0 0 0 0 0
0 0 4.6 6.4 1.2 11 0.4 0 5.2 0.2 0 6.6 0 6.8 4 0 8.2 10.8 4.8 25.8 2.4 42 0 0.4 0 0 0 0 0.2 0
0 0 0 0 0 0 0 0 0 0 0 0 0 0 0 0 0 0 0 0 0 0 0 0 6.2 0 0 0.8 0 0
0 0 0 0 0 0 0 0 0 0 2.8 0 0 0 0 0 0 0 0 0 0 0 0 0 0 0 0 0.2 0 0
4 0 0 2.2 0 0 9.8 0.6 9 5.8 0.6 4.8 10.2 3.6 6.2 0.8 0 17 9.8 15.6 0 0 0 0.8 5 5.6 0 0.2 9 5.4
0 0 0 6.2 0 0 0 0 0.4 0 0 3 0 34.4 0 0 4.4 11.2 0.8 9.6 0 11.4 0 11.8 0 0 0 3.6 0 0.2
0 0 0 0 0 0 0 0 0 0 0 12 0 0 0 0 0 0 0 0 0 0 0 0 0 0 0 0 0 0
0 0 0 0 0 0 0 0 0 0 0 1.6 0 0 0 0 0 0 0 0.2 0 0 0 0 1.2 0 0 0 0 0
0 0.4 0 0 0 0 0 0 0 0 0 0 12.8 0 3.8 0 0 0 0 0 0 0 0 0 0 0 0 0 0 0
1.2 0 0 0 0 0.6 0 0 0 0 6.8 1.2 0 0 0.2 0 0 0 0 0 0 0 0 0 0 0 0 0 0 0
1.4 0 0 0 0 0 0 0.6 0 0 0 0 0 0 0 0 0 0 0 0 0 0 0 0 0 0 0 1 0 0
0 0 9.4 0.2 0 0 0 0 2.2 1.2 0 8.8 0.2 0.2 9 9.8 0 9.4 16.6 0 0 0 13.8 3.8 0 0 0 0 0 1.4
0 0 0 0 0 0 0 0 0 0 0 0 0 0 0 0 0 0 0 0 0 0 0 0 0 0 4.8 0 0 0.2
0 4 0 0 0 0 0 0.4 0 0 0 0.4 0 0 0 0 0.2 0 0 0 0.6 1.6 1.4 0 0 0 0 3.4 0 0
0 0 0 0 0 0.2 0 0 0 0 0 0 0 0 0 0 0 0 0 0 3 0 0 0 6.8 0 0 0 0 0
0 0.8 4 0 0 0 0 0 0 0 0 0 0 0 0.8 0 0 0 6 0 0 0.4 16.4 0 0 0 0 1.2 0.4 0
0 0 0 4.2 13.4 0 0 0 0 0 0 0 3.4 2.2 9 0 0.6 0 0 7.4 0 0 0.6 3 1.4 0.8 0 0 3 8
0 0 0 0 4.4 0 5.2 0 4 0 0 4.8 0 0 0 0 9.6 0 0 0 0.2 0 0 0 0 5.2 0.2 0 7.4 0
4.4 11.6 0 0 17.2 0 0.6 0.2 0 5.2 4.6 0 15.8 4.6 5.2 6.8 0 0 6 0 0 0 10.6 7.4 0 3 0 0 0 2.8
4 0 0 0 9.2 13.6 0.2 0.2 0 0 0.2 13.2 0 0 16 0 0 0 0 0 0 0 10.2 0 0 0.2 0 1 0 0
0 1 0 0.8 0 0 0 4.4 0.2 0 0 0 0 12.8 0 0 2.8 1.6 0 0 0 0 0.2 8.2 0 0 0 0 4.8 1.2
0 0 0 0 0 0 0.2 0.6 0 0.4 4 0 0 0 4.4 19.6 0 0 0 0 0 13.6 7 0 9 5.4 0 6.8 0 0
0 0 3 0 2.6 0.6 0.8 0 0 0 8.4 2.6 0 0 0 13.8 0 0 0 0 0 0 0 3.2 4.6 0.6 0 2.6 7.2 0
0 0 0 0 0.6 0.4 5 3 0 0 0 0 0 0 0 0 0 0 2.2 2.4 0 0 0 0 0 0 0 0 3 4.4
9.4 0 2.6 0 0 0 0 11.8 0 0 3.2 0 13.6 0 0.4 8.2 0.4 0 0 0 0 0.8 0 0.8 1 10 0 0 16.8 0
0 0 0 0 0 0 0 0 0 0 0 0 0 0 0 0 0 0 0 0 0 0 0 0 4 0 0 0 0 0
3 0 0 10.4 0 0 0 0.4 0 3.6 0 7.8 0 0 1 1.2 0 12 12 10.6 0 0.2 0.2 0 9 0 0 0 0 0.6
0 0 0 0 0 0 0 0 0 0 0 0 0 0 0 0 0 0 0 0 0 0 0 0 0 0 9 0 0 0
0 3 0 0 11.4 5.6 0 0 0 0.4 0 1 6 21.2 1 15 0 6.2 7.8 6.6 0 0 0 9 1.6 0.6 0 12.8 0.2 13.6
0 0 0 0 0 4 0 0 0 0 0 5.6 0 0.2 0 0 0 0 0 0 0 0 0 0 0 0 0 0.2 0 0
6.8 0.6 0 0 0 0 0 0 0 5 5.2 0 0 0.2 0 10 0 0 0 0 0 0 5.4 14.6 0 4.6 2.4 0.6 5.6 0
0.8 0 0 0 0 0.2 0 0 0 0 0 0.8 0 0 0 0 0 0 0 0 0 0 0 0 0.2 0 0 10 0 0
0 0 0 0 1 1.4 0 0 3.2 0 4 0 0 0 0.4 0 0 0 0 0.6 0 0 0 0.8 8.6 0 0 0 0 0
0 1.2 0 0 0 19.2 22.6 0 7.2 7.6 0 0 0 0.2 0 14.2 0 0 13 0 0.2 0 0 7 4 0 0.2 0.8 0 12.6
0 0 0 0 0 0 0 0 0 0 0 0 0 0 5 0 0 0 0 0 0 0 0 0 0 0 0 0 0 0
0 0 0 8 0 0 7.8 0 0 0.6 0 0 0 0 0 6.6 8.6 0 0 4.6 4.2 0.4 0 7 0 8.2 0 0 0 12
0 0 0 0 0 0 23.2 7 14.6 0 0 0 0 0 0 18.4 0 0 0 0 0 0 0 0 0 10.8 0.2 0 21.8 0
0 20.6 5 0.4 0 0 0 3.6 15.6 0 0 0 0 0 0 0 9.6 0 7.2 3.4 0 0 0 0 0 0.6 0 0 0 0
0 0.6 0 0 0.2 13.8 0 0 0 0 0 0 19.8 2.6 0.2 0 0 4.6 0 0.4 5.2 0 0 0 0 0 7.8 0 0 12.8
0 8.4 0.2 0 0 0 0 0 2 0 0 0 0 0 7.6 0 0.2 0 2.2 0 0.8 0 0 7.2 0 0 0 7.4 0 0
0 0 0 0 0 0 0 0 0 4 0 0 0 0 0 0 0 0 0 0 0 0 0 5 0 0 4 0 0 0
2 0 0 0 0 0 0 0 0 0 0 0 0 0 0 0 0 0 0 0 0 0 0 0 0 0 0 0 0 0
0 0 3.8 0 0 0 0.8 0 1.2 0 0.6 0.6 0 14.8 0 5.6 0 15.6 0 0 0 6 0 13.4 0 0 2 0.6 0 0
0 0 0 0 0 0 0 0 0 0 3 0 0 0 0 0 0 0 0 0 0 0 0 0 0 0 0 0 0 0
1 0 1 6.2 0 0 0 0 0 0 0 4.6 0 0 0 0 0 7.8 0 13.6 0 0 0 0 8.4 0 0 0.2 0.2 2
6.4 0 0 0 0 0 25.4 3 2.4 0 0 0 0 0 0 5.8 0 0 0 0 0 0 0.2 0.6 0 6.2 0 0 0 0
0 0 0 0 0 0 0 0 0 0 0 0 0 5 0 0 0 0 0 0 0 0 0 0 0 0 0 0 0 0
3.2 19.4 0.2 0 0.2 0 0 0 0 7 0 2 0 0 6.8 0 0 0 0 0 0 0 0.2 0 0 0 0 0 0 0
3.4 0 0 0 5 5 0 0 0 0 0.8 0 0 0 6.6 0 0 0 0 0 0 0 0 0 10.8 0 0 0.4 0 0
0 0 0 0 0 0 0 0 0 0 0 0 8 9 2.2 0 0.2 0 6 0 0 0 0 0 3.8 0.8 0 0 0 0
0 0.2 0 0 0 2 22.2 0 10.4 0 0 0 4.8 0 0 12.8 0 0 0 0 0 0 4.2 7.6 0 0 0 0 11.6 0.2
0 0.2 0 3.6 0 0 2.6 0 8.2 0 0 10.6 0 0.4 2.2 0.2 27.4 0.2 0 0.2 0 0 2.8 11.8 8.2 0 0 0 0.2 7.2
0 0.6 0 3.2 0.2 3 7.4 11.4 1.6 7 6.6 6.8 2 0.8 0 0 9.8 11.4 0 22.4 5.8 0.2 0.6 0 0 0 5.2 3.4 0.2 9.4
3 1.2 0 0.2 0 0 4.4 0 0 0 0 0 0 0 0 0 0 0 0 0 0 0.8 2.4 0 0 0 6.8 0.2 0 0
0 8.2 5 0 0 0 1.6 0 0 0 0 0 6.6 0 0 0.4 1 2.4 26.2 0 0 0 0 0 0.4 0 0 0.4 9.6 7.2
5 0 0 0 0 0.4 0 0 0 0 0 0 1.8 0 0 0 0 0 0 0 0 0 1 0 0 8.8 0 0 0 0
0 7.6 0 0 19 0 0 0 0 0 9.2 0.2 0.2 0.2 0.2 0 10.6 0 0 22.4 3.8 0.2 0 0 0 0 1.2 0 0.2 0
5.4 0 0 0.2 0 0.4 6.4 0 1.8 5.2 3.8 0 0 0.2 0 3 8.8 7.2 7.6 5.6 0 0 1.6 0.4 0.6 0 0 16.4 0.2 6.2
3.2 0 0 0 0 0 0 0 0 0 0 0 0 0 0 0 0 0 0 0 0 1.8 0 0 0 0 0 0 0 0
0 0 0 0 0 0 0 0.2 0 0 0 0 5.6 1.6 10 0.2 10.8 6 14 0 4.6 0 0 3.2 0 0 0 0.8 0 0
0 0 0 0 0 0 0 0 0 0 0 0 0 0 4.4 0 0 4 0 0 0 0 0 0 0 0 0 0.6 0 0
0 2.2 0 0 0 0 7.4 0 0 0 0 4 0 0 0 7.8 0 0 0 0 0 0 0 0 0 0.2 0 0 0.4 0
0 0 0.2 4.8 0.2 0 11 5.8 8 6 5 0 0 0 0 9.8 8.8 6.4 0.2 0 0 9 0.2 13.6 0 0.2 0 4.6 0.2 0
0 0 0 0 0 0 0 0 0.2 0 0 0 6.4 0.2 0 1.8 0 0 0 0 0 0 0.2 7.2 0 0 0.2 0 0.8 0
0 0 0 0 0 0 0 0 0 0 0 5 0 0 0 0 0 0 0 0 0 0 0 0 0 0 0 0 0 0
5.6 0 0.2 0 0 4.2 0 1.8 0 0 0 0 0 0 5 11.2 0.2 0 0 0 3 11.8 0.8 0 14.4 13.6 0 4.2 0 0
0 0.4 0 0 0.4 7.8 5 16 22.8 12 0 0 0 0.2 0 0 0 4.8 0.6 0 3.8 0 0 0 0 0 7.8 0.4 0 4
0 12.2 4 0 4.2 0.2 0 0 0.6 0 6.6 0 0 0 0 0.2 0 0 9.6 0 0 0 0 0 0.4 3.4 0 0 0.6 0
0.2 0 3 0 0 3.4 0 0.6 0 1.4 0.2 2.6 0 19.6 2 0.2 0 3.6 0.2 0 0 0 0 0.2 18 0 0.4 2.6 0 13.8
0 0 0 0 0.2 0.4 0 0 0 6.6 0 0 2 0.4 0 3.2 0.2 2.8 0 15 3.2 0 0 3.2 3.8 0 0 0 0 0
0 0 0 0 29.6 0.2 0 0 0 4.2 0 0.4 0.2 0 0 0.4 0 0 4.6 0 1 0 11 0 0.4 0 1 2.8 0 14.2
0 0 0 0 0 0 0 0 0 0 0 0 1 0 0 0 0 0 0 0 0 0 0 0 3 0 7 0 0 0
0 0 0 0 11.6 0.2 0 3 0 0 0 0 0 0 4.2 0 0 0 0 0 1 0 0 0 0.4 0 0 3.6 0 0
0 0 0 0 0 0 0 0 0 3.2 0 0 0 0.8 0 0 0 0 0 0 0 3.8 14.6 0 0 0.2 0 0 4.4 0
0 0 0 0 0 0 0 0 0 0 10.6 0 0 0 0 0 0 0 0 0 0 0 0 0 0 0 2.4 0 0 0
0 0.6 0 0 0 0 0 0 0 0 0 0 0 0 0 0 0.8 0 0 2 0 0.8 3.6 0 0 0 0 0 1.2 0
0 0 0 0 0 0 0 0 0 0 7 0 0 0 0 0 0 0 0 0 0 0 0 0 0 0 0 0 0 0
7.4 0 2.2 0 0 0 0.4 9.2 0 15.2 5.8 0.2 0 12.8 6.8 0 0 0 0 0 1.2 0 0 0.4 0 0.2 0 0.2 0 0
5 0 0 0 0 0 0 0 0 0 0 0 0 0 0 0 0 0 0 0 0 4 0 0 0 0 0 0 0 0
0 0 0 0 0 0 0 0 0 0 0 2.2 0 0 1.8 0 0 0 0 0 0 0 0 0 0 0 0 0 0 0
0 0 0 0 3.2 0 0 4.8 0 0 0 0.2 0 0 0.2 0 0 0 0.8 0 0 0 0 0 7.8 0 8.2 0.8 0 0
5 0 0 0 0 0 0 0 0 0 0 0.2 0 0 0 11 0 0 0 0 0 0 0 0 0 4 3.8 0 0 0
0 0 0 0 0 0 0 0 0 0 0 0 0 0 0 0 0 0 0 0 0 0 0 0 0.6 0 0 4.4 0 0
0 0 0 0 0 6.4 0 0 0.2 0 0 0 0 0 0 0 2.2 0 0 0 0 9.8 0 0 0 0 0 0 2.8 0.6
0 1.4 0 0 0 6.2 0 0 7.6 0 0 0 0 0.2 0 0 0 0 0 2.2 0.2 0 3 7.8 0 0 0.6 0 1.2 2.6
1.4 0 0 0 0 0 0 0 0 0 6.6 0.2 0 0 0 0 0 0 0 0 0 0 0 0 0 0 6.8 0 0 0
0 0 0 1.8 0 0 0 0 7 0 7 0.2 13.4 8.2 9 19.8 7.8 12.4 0 1 0 0.6 0 0.2 0 4.4 3 18.4 1.6 3.2
0 0 0 0 0 0 0 0 0 0 0 0 0 0 0 0 0 0 0 0 0 0 0 0 0 0 4 0 0 0
4 0 0 0 0 0 0 0 0 0 0 0 0 0 2 0 0 0 0 0 0 0 0 0 0 0 0 0 0 0
0 0 0 0 0 0 0 0 0 0 0 0 0 0 0 0 0 0 0 3 0 0 0 0 0 0 0 0 0 0
0 0 0 6.6 0 0 0 0 0 0 0 7 0 0 0 0 0.4 0 0 0 0 0 0 0 0 0 0 0 0 0
0 0 3 7 0 0 0 0 0 0 0 0 0 0 0 0 0 0 0 0 0 0 0 0 0 0 0 0 0 0
0 0.4 0 0 0 0 0 0 0 0 0 0 0 0.4 0 0 0 0 0 0 0 0 0 4.2 0 0 0 0 0 0
0 0 0 0 0 0 5 0 0 0 0 0 0.4 0 0 0 2.6 0 0 0 0 0 0 0 0 12 0 0 0 0
0 0 0 0 0 0 0 0 0 0 0 0 0 0.2 0 0 0 0 0 0 0 0 16.8 5 0 0 0 0 0 0
0 0 4 8 0 0 0 0 0 0.2 0 0 0 0 8.8 0 0 4 0 0 0 0 0 0 0 0 0 0 0 0
0 13 0 0 5.4 0 0 0.2 11.2 2.2 0 1.8 5.8 15.2 0 0 9.4 0 4.4 0 0 0 0.2 0 0 9.4 0.2 0 0.6 0
1.6 0 0 6.2 27.4 3.8 0 3.4 14.6 0 0 0 4.6 0 0 0 0.4 0 0 0 10.4 0.4 0 12.2 1.2 0 5.6 2.4 0 6.8
0 0 0 4.2 0 0 0 0 0 0 0 0 0 0.2 0 0 0 2 0 0 0 0 0.2 0 0 0 0 0 0 0.4
0 2.2 0 0 1.4 2.2 0 0 0 0 0 0 0 0 0 0 0 0 0 0 0 0 0.2 0 1.2 2.8 0 0 0 0
0 0 0 0 0 0.6 0 0 0 0 0 6.2 0 0 0 0 0 0.2 0 0 0 0 0 0 0 0 0 0 0 0
0 0 9.8 16 0 0 0 0 0 3 0.4 0 12.4 26.8 0 4 0 0 10.4 0 7.6 0 0 23.2 3 0 2 0 0 7.4
0 0 0 0 0 4 0 0 0 0.4 0 1.2 8.8 14.2 0 0 0 0 0 0.6 0 0.4 0 10.4 0 0 0 0 0 0
0.2 11.2 0 0.4 0 0 5.2 0 0.6 8.4 0.2 0 0 8.4 0 0 0 0 0 0 0 6.4 0 0 0 0 0 0 0 0
4 0 0 0 0 0 0.4 0 0 0 0 0 0 14 0 0 0 0 11 0.2 0 0 5 0 0 0 0 0 9.4 0
0 0.2 0.2 0 0 12 0 0 0 5 0 0 0 0 1 6.8 0 0 0 0 0 0 0 0 0.4 0 0 2.4 0 0
0 0 0 0.2 0 0 6 14 0 0 0 0 0 0 0 0 0 0 0 0 0 16.2 0.2 0 0 10.2 0 0.2 0 0
0.4 0.2 0 0 0 0 0 0 0 0 0 5.6 0 0 0 0 0 0 0 0 0 0 0.2 0 0 0 1.2 0.4 0 0
4.6 0 0.2 9.8 0.2 0 0 0.2 0 6.2 0 0 0.8 0.4 0 0.2 0 0 1.4 0 0.6 7.6 0.4 0.2 0 23.8 0 2.8 0 8.6
0 0 0 0 0 3 0 0 0 0 0 0 0 0 0 0 0 0 0 0 0 0 0 0 0 0 0 0 0 0
6.8 2.6 3 0 0 0 5 0.2 0.4 1.6 0 0 0 18 4.6 0 12.4 7.4 0.2 0 0 0 0 0 0 0 0 0.4 6.2 16.2
0 0 0 15 0 8 0 0 0 0 0 0 0 0 0 0 0 0 0 0 0 0 0 0 0 0 0 0 0 0
0 0.8 0 1.4 0 8.8 27.2 0 14 0 6 0 12.4 0.6 0 8 0 1 2 0 2.4 0 0 9.6 0 0 0.8 0 5.2 12.8
0 0 0 0 0 0 0 0 0 0 3 0 0 0 0 0 0 0 0 0 0 0 0 0 0 0 0 0 0 0
0 0 4 0.2 9.4 0 3.8 0 0 4.2 0 0 0.2 0.2 1.6 0 0.4 0 0 0 0 4.4 18.2 0 0 0 0 0 14.4 0
0 7.4 0 0.2 0 0 7.8 0 5 0 9.6 5.2 0 0 0 0 0 0 0 0.4 0 0.2 0 0 0 0 0 0 8.2 0
0 0 0 8.2 15.4 6.8 5.2 0 0 8 15 9 21.4 2 8.2 0 0 20.6 12.8 13.6 25.8 0 4.8 0 8.6 0 0.2 1 0 8.4
0 0.6 0 0 6.6 0 0 0 0 0 0 0.2 4.4 0 0 0 39 0 30.6 0.2 6.6 0 0 0 0 0 7.2 0.6 0 11
0 0 0 0 2 5.6 0 0 0 0 6.4 5 0 5 0 0 0 0 0.2 0 0 0 0.2 0 0 0.2 3.6 4.8 0 0
0 0 0 0 11.8 0 0 0 0 0 0 0.2 0 0 0.2 0 0 0 0 0 0 0 0 0 0 0 11.8 0 0 0
0 0.4 0 0 0 0 5.6 0 0 0 0 0 0 0 1 0 0 0 0 1.2 0 0.2 0 0 0.8 19.8 0 0.4 7.8 3.8
0 0 0 0 0 0.2 12 0 13.6 0 0 0 0 29.4 0 0 0 0 0 0 5.8 0 19.6 0.2 0 0 0 0.2 1 0
0 0.2 2.6 0 0 0 1.2 0.4 0 8 0 4.8 9 0.4 1.4 0.2 0.6 17.6 8.8 8.6 0 0 0 0 9.4 2.4 0 0.2 0 12.2
0 0 0 0 0 0 0 0 0 0 1.8 7.2 0 0 0 0 0 0 0 0 0 0 0 0 0 0 0 0 0 0
0 0 0 0 7.2 0 17.4 0 0 0.4 0 0 0 0.6 0 11 0 0 0.2 0 0 0 0 9 0 0.2 2.6 0 11.4 0
0 0 0 0 0 11.4 0 0 0 0 0 0 0 0.2 7.4 0 0 0 0 0 0 0 0 0 0 0 0.2 7.8 0 0
0 0 2.2 0.6 0 27.6 0 0 0 0 0 0 0 0 0 0 0 0 0 0 0 0 0 0 0.2 0 0.4 0 0 0
0 0 0.2 0 0.2 0 0 0.2 0 0 4.8 8.2 0 0 0 0 0 0 0 0 0 0.4 0 0 0 0 0 0 0 0
3.4 1 0 10.4 0 1.2 2.8 8.6 7.8 7.8 0 1.2 6 0 1 9.6 4.8 12 4.6 7.2 3.4 7.4 0 24.8 0.8 8 0.2 0 16.6 1.4
5.6 0 0 39.4 0 0 20.6 15.4 0.4 9.6 0 0 2.6 0 0 17.8 15.8 0.2 16.6 0 0 0 1.8 5.4 0 15.6 2 7 0 0.2
0 4.2 1 15.8 0 7.4 9.2 0 0 0 0 0 13.4 10.6 4.6 21.8 2 0.6 9.2 0 0 0 0 4.6 0.2 0 0 0.2 0 2.2
1 0 0 0 0 0 0 0 0 0 11 0 0 0 0 0 0 0 0 0 0 0 0 0 0 0 0 0 0 0
0 0.4 0 4.8 0 0 6 0 22.8 0 0 6 0 0 0 0.2 5 0 0 0 0 0 1.4 0.2 0 10 3.8 0 12.4 0
0.2 0 0 0 0 0 0 0 0 0 9.8 0 0 0 0 0 0 0 0 0 0 0 0 0 0 0 0 0 0 0
0 11 0 0 0 0 0 0 6.4 0 0 0 0 0.2 0 0.4 9 0 0 0 0 0 1 0 0 0 0 0 0 0
0 5.6 0 0 0 0.4 0 0 0 0 0 0 7.2 1.2 0 0 0 0 4.8 0.8 0 0 0 0 0 0 0 0 0 0
1.4 0 0 0 0 0.2 0 0.4 0 0 0 0 0 0 3.6 0 0 0 0 0 0 0 0 0 0 0 0 16.4 0 0
0 0 0 0 0 0 0 0 0 10 0 13 0 0 0 0 0 0 0 0 0 0 0 0 0 0 0 0 0 0
0 4.4 0 0 0 0 0 0 0 0 0 0 0 1 0 0 0 0 0 0 0 0 0 0 0 0 0 0 0 2.6
0 9.2 11 0 28.4 12.4 0 0 0 0 16.4 15 25.2 2.8 0 22.8 0.8 18.8 4.8 8.4 8.2 12 9.6 0.8 0 2.2 0 1.8 0 0.4
1.4 2.8 0 0 0.8 0 0 0 0 0 0 0 10.4 0 5.2 16 4 5.6 8.4 7.8 0 1.8 8.2 14 1.4 0 0 0.2 0 0
0 10.2 0 0 0 0 0 0.2 0 0 0 0 0 0.6 0 0 0 0 0 0 0 0 0 0 0.2 0.8 0 8.8 3 0.2
8 0.2 0 0 0 0 4.2 4 0 0 5.4 0.6 0 0 0 1.4 0 0 0 0 0 2.2 0 0 0 0 0 0 0 0
0 0 0 0 0 0 0 2.4 7.6 0 0 0 0 4 0 0 0 0 0 0 0 2.4 5.6 0 0 2 0 0 0 0
0 0 0 13.8 0 0 0 0 0 0 0.4 3.2 0 0 0 0 3.6 0 0 0 0 0 0 0 0 0 7.8 0.2 0 0
0 0.2 0 0.2 0 0 0 0 0.6 0 13 0 0 0 0 0 0 0 0 0 0 0 0 0 0 0 0 12 0 0
0 0 0 0 0 0 0 0 0 0 0 14.6 0.2 0 0 0 0 0 0 4 0 0 0 0 0 0 5.2 0 0 0
6 4.6 0 0 3.8 0 0 0 0 0 9.6 0.8 0 0 0 0 30.6 0.2 0 0 12.4 0 0 0 0 0 2.8 1.6 0 10.6
4.2 0 0 4 0 0.2 25.4 0 0 0 0.2 0 0 0 0 0.8 0 0 0 0 0 0.6 3.6 0 0 0 0 0 4 0
5 0 0 0 0 0 0 0 0 0 0 12 0 0 0 0 0 0 0 0 0 0 0 0 0 0 0 0 0 0
0.4 0 0 0 0 0 0 0 0 0 11 23.6 0 0 0 0 0 0 0 0 0 0 0 0 0 0 0 0 0 0
3.4 0 0 0 5.2 8.4 8.2 2 1.6 14.2 0 0 0 4 9.4 4.8 19.6 18.2 2.4 5.6 0.2 0 45.8 0.2 12.8 0 0 0 0.6 26.4
4 7.6 0 0 0 0.2 0 0 0 0 0 0 0 0 0 0.2 0 0 0 0 0 0 0 0 0 0 0 18.6 5.4 0
3 0 0 0 0 0 0 0 0 0 1 6.8 0 0 0 0 0 0 0 0 0 0 0 0 0 0 0.2 0 0 0
0 0 0 0 0.6 5 0 0 0 0 3.6 0.2 0 0 5.8 0 0 0 0 0 0 0 0 0 10.6 0 0.2 0 0 0
0 0 0 0 0.2 0 0 0 0 0 0 3.8 0 0 0 0 0 0 0 0 0 0 0 0 0 0 2 0 0 0
0 0 0 0 12.2 0.4 0 0.2 0 0 0 0 0 0 0 0 0 1.2 0 0 0 0 0 0 0.2 0 0 0.8 0 0
0 4.4 0 27.8 7 0 0 0 0 7.2 0 0.2 14.4 0.2 0.4 18 0 11.6 12.6 1.8 8.4 8.2 0 8 13.4 0.2 8.4 0 0.8 0
0 0 0 8 0.2 0 0 0 15 16.2 0 0 0 1.8 0 0 0 7 0.2 0 2.2 0 0.2 0 4.8 3 1.6 0 0 23.8
2.4 1.8 0 0 0 6.2 6.2 0 0 10 0 0 4.6 2.2 6.2 9 0 3 0.2 0.6 8.2 3.8 7.6 5.6 0 0.2 0 13 0 0.2
0.2 0 3.6 0 12.6 0 0 0 0 0 0.6 0.6 0 0 0 0 0 0 0 0 0 0 0 0 0 0 3.2 0 0 0.2
4 0 5 0 0 0 0 0 0 0 0 0 0 0 0 0 0 0 0 0 0 0 0 0 0 0 0 0 0 0
0 0 0 0 0 0 0 0 0 2 0 2.2 0 0 0 0 0 0 0 0 0 0 0 0 0 7 10.8 0 0 0
0 0.2 0 0 6.6 0 0 0 0 0 0 0.4 0 0 0 0 0 0 0 0 0 0 0 0 0 0 2.6 0.2 0 0
0 0 0 0 7.6 0 0 0 0 0 0 0 0.2 9.4 0 0 10.6 12.2 0 8.8 3.2 0 0.2 0 0.2 0 4.6 0 0 0
0 0 0 0 0 0 0 0 0 0 0 6.4 0 0 0.4 0 0 0.6 0 0.4 0 0 0 0 0 0 0.2 0 0 0
1 2.8 3.8 0 0 0.6 0 0 0 0 0 3.8 0 0 4.2 0 2.6 0 0 2 0 0.6 0 0 8.8 0 0 1.8 0 0
0 0.2 0 0 0 0 0 0 0 0 0.2 18.6 0 0 0 0 0 0 0 0 0 0 0 0 0 0 0 0 0 0
0 0.2 0 0 13.8 0 0 0.2 0 0 0 0 0 0 7 11.2 0.6 0 0 0.4 0.2 0 18.2 0 0 0 0 0.2 2 0
8 0 0 0 0 0 0 0 0 0 1 11 0 0 0 0 0 0 0 0 0 0 0 0 0 0 0 0 0 0
0 0 0 0 1.6 0 0 8.4 0 14.2 0 0 0 0 4.8 0.4 0 1 0 0 0 0 0 0.4 0 13.8 0 0.2 0.2 0
0.2 0 0 0 22 0 9.6 2.4 25.4 9.4 0.2 4.6 18 0.2 0 9.8 0.6 21.6 13.2 4.2 20.8 0 0.2 19.4 0 8.6 2.6 0.4 5.2 17.4
0 0 0 0 0 0 0 0 0 0 2.4 31.2 0 0 0 0 0 0 0 0 0.2 0 0 0 0 0 6 0.2 0 0
2.2 0 2.6 8.8 0 0 0.6 0 0 0.2 0 0 1.2 15.6 1 4.8 0 2.8 0 0 0.2 0 24.2 0 3 5.4 0 6 11.4 0
0.2 0 0 0 17.8 0 0 0 0 7.6 5 0 0 0 0 0 14 10.8 0.4 2.4 6.6 0 0 3.8 0.2 0 0 0.2 0 0
0 2.8 0 0 0 0 17.6 0 0.4 0.8 4 12.8 12 6.8 0.2 3.2 0 0 0 0 0.2 0 0 6.2 0 0 3.8 0 0.2 1
5 16.6 0 4.4 6.6 0 0 13 0 0 0.2 3.4 0 0 0 0 0 0 0 0 8.2 0 0 0 0 0 0 0 7.6 12
11.4 14.6 0 0 0 0 0 0 10.2 0 0 0 1.2 0.2 6.4 0 4 7 1.6 0 3.6 2.8 0 0 0 7.6 0 5.8 0 5.6
0 0 0 6 2.6 16 0 0 15.6 0 0 0 7.2 0.2 0 16.4 4.2 0 14.6 0 0.2 0 4.6 21 0 0 0 6.2 0 6.2
0 2 1 0 6.2 0.6 0 29 0 0 0 0 6.2 9.2 0 0 0 0 2.4 0.6 0.2 0 22 0.2 0.8 0.2 0.6 12.8 0 1
0 0 0 0 9.6 4.6 0 0 0 0 0 0 0.4 0 4.6 3.4 0 0 0 0 0 0.2 0.4 0 0 0 27.2 6.6 0 0
7 0 0 0 0 0 0 0 0 0 0.2 4.6 0 0 0 0 0 0 0 0 2.2 0 0 0 0 0 1 17.8 0 0.2
1.4 0 0 0 0 0 0 0 0 0 0.6 0 0 0 0 0 0 0 0 0 0 0 0 0 0 0 0 0 0 0
0.6 4.4 0 0 0 0.2 0 0 0 0 0.4 13.4 0 0 0 0 0 0 0 0 0 0 0 0 0 0 0 0 0 0
8.2 0 1.6 0 0.4 4 0 13.6 0 0 11.2 2.4 0.2 0 6.8 0 0 0 0 0 0 0 0 0 0.4 0 0.2 0 0 0
0 7.4 0 0 0 0 0 0 0 0 0 3.8 0 0 0 0 1.2 0.2 0 0 0 4 0 0 0.2 0 0 0.6 10.6 0
0 0 6.6 0 0 0.6 8.8 4 2 0 0 0 0 0 5 0 0 0 0 0 0 9 0 0 0 0 0 0 0 0
0 0 0 0.2 2 0 0 0 0 0.8 5.2 0.6 0 0 0 0 20 0 0 18.8 0 0.4 0 0.4 0 0 3 0 1.4 0.2
0.2 0.2 0 0 0 0.2 0 0 0 0 3.8 0 0 0 0.2 0 0 0 0 0 4.2 0 0 0 0 0 3.8 0 1.4 0
0 0.2 0 0 0 0 0 0 0 8.6 0 0 0 26.4 0 0 0 0 0.4 0 0 0 0 0 9.2 3 0 20.8 0 36.4
0 0 0 0 0 0 11 0 6.8 0 0 0 0 0 0 3.4 0 0 0 0 0 0 0 0 0 0 0 0 0.8 0
8.8 0 4 0 7.8 0.8 0 0 0 0 0 0 0 0 3 0 0 0 0 0 0 0 0 0 0 0 0.4 0.2 0 0
0 0.4 0 0 0 0 0 0 0 0 0 0 0 7.6 0 0 0.2 0 6.8 0 0 0 0 0 0 0 0 0 0 0
0 0.4 0 0 0 6.8 0 0.2 0.2 0 0 10 8.8 9.4 0 0 36.6 4.8 15 21.8 0 8.4 0.2 0 10 0 0 0 0 8.4
0 0 0 0 0 0.4 0 4 0.2 0 0 0 0 0 0 0 0 0 0 0 0 14.4 0 0 0 0 0 0 0 0
0 0.2 0 10.8 0.2 10.4 8.6 0.2 13 11 0 4.6 0 8.8 0 0.8 9 3.2 0 0 0 0 0.2 28.2 0 22 0 7.8 0.8 0.2
0.6 0 0 0 0 0 0 0.2 0 0 19 0 0 0 0 0 0 0 0 0 0 0.2 0 0 0 0 0 0 0 0
0 0 0 4 0 0 0 0 0 0 0 0 0 0 0.2 13.8 0.2 0 3 0 0 4.4 0 0.4 0 0 0 0 0 0
0 0 0 0 12 0.6 0 1 0 0 0 0 0 0 0 0 0 10 0 0 0 0 0 0 0 0 0 5.4 0 0
0.2 13 0 0 0 6.8 0 0 16.8 0 0 0 0 4.2 0 4.2 6.4 12.8 0 0 0 0.2 0 0 5.8 0 0 5.6 0 0
0 0 0 10 0 9.4 15.2 0 0 0 0.4 0.2 0 0 0 3 13.6 0 0 5.6 0 1.6 11 0 3 6.8 3.8 0 0 11.4
0 13 0 0 0 0 0 0 0 0 4 0 0 0 0 2 0 0 0 0 0 0 0 0 0 0 0 0 0 0
0 3.6 0 0 0 0 0.2 0 0 5.6 0 0 0.2 0 0 0 0 0 0 0 0 0 11.6 0 0 0 0 0 0.8 0
0 0.2 0 0 2 0 0 0 0 0 0 16.8 0 0 0 0 0 0 0 0 0 0 0 0 0 0 0 0 0 0
0 0 2 0 0 0 0 1 0 0 0 0 0 0 4.2 0 15.4 0 3.6 0.2 0 0 0 0 0 0 0 8.4 0 0.2
0 7.4 0 0 0.6 0.6 0 0 0 0 0 0 10.2 15.6 0 0 19 0.2 0.4 17 0 0 0 0.4 0 0 0 5.6 0 17
0 0 0 0 0 0 0 5 0 0 8 0 0 0 0 0 0 0 0 0 0 0 0 0 0 0 0 0 0 0
8 0.2 17.4 0 15.6 0.4 0 7.8 0 0 9 0 0 0 22 0 0 0 0 0 0 0 0 0 0 0 10 38.6 0 0
0 15 0 0 6.8 0.2 0 0 0 0 3.6 0.2 0 0.2 0 0 0 16.2 4 0.2 18.8 0 0 0 3 0 0.8 0 0 0
0 9.2 0 0 0 0 2.6 0 0 0.2 0 9.2 0.6 18 0 0.6 5 0 0 0.2 0 0 35 0.2 0 0.2 0 0 0 0
2 0 0 0 0 0 0 0 0 0 13.6 30.4 0 0 0 0 0 0.4 0 0 0 5.2 0 0 0 0 3.4 0 0 0
5 0 7 0 0 0 0 0 0 0 0 0 0 0 10.4 0 4 0 0 0 0 0 0 0 2.6 0 0 0 0 0
0 0 0 0 0 0 4 2 0 0 0 0 0 0 2.2 0 0 0 0 0 0 5.8 0 0 0 0 0 0 0 8
0 0 0.4 0 0 0 1.8 1.2 4.6 2.2 0 0 0 0 0 0 0 0 0 0 11.2 8 1 4.6 0 0 0 0 1 0
3.2 0 0 0 12.8 0 0 0.2 8.2 0 0 5 0 0 0.4 3.8 0 2 0 1 0 0.4 0 0.4 0 2.6 0 0 0 0
0 2.4 0 0 0 0 0.4 3.6 1.2 0 0 10.6 0 0 0 9.6 0 0 0 0.2 0 0.6 12.2 0.4 0 0.8 0 0 0 0
0 0 0 21 0 2.4 0 0 0.2 0 0 0 26.8 7.4 0 0 0.2 0.4 7.8 4.8 0 0.6 16.8 19.2 1.4 0 0 0.6 0 26.4
0 0 0 0 0 3 4.6 0 0 0 0 3 0 0 0 0 8.2 0 3.6 4.2 0 0 0 11.8 3.6 0 0 0 0 0
0.2 0.8 0 15.2 14 0 1.2 0 0.2 0 0 2.4 11.8 0 0 2.4 38.8 13.8 16.8 10.4 0 0 0 3.8 6 0 0 0 0 14.2
1.4 12 0 0 0 0 0 6.8 0 0 0 0 0 0 0 9.2 0 0 0 0 0 0.8 3 0 0 14.4 0 3.2 0.8 2.4
0 11.8 0 0.2 0 0 4 0.4 5.4 0.6 0 5 0 0 0 0 0 0 0 0 0 0 4.2 0 0 4.4 0 0 0 0
0.2 0 0.2 0 9.4 7.6 0 0.2 0 18.2 0 0.4 10 0 2.4 0 2 0 16.4 8.8 0 5.8 4.6 0 6 6 0 11.8 0 0
0 0 0 0 15.4 0 0 0 0 0 0 0.2 0 0 17.2 0.2 0 0 0 0 0 0 0 0 0 0 2.8 17.2 0 0
0 0 0 0 0 0 0 0 0 0 0 16.2 0 0 0 0 0 0 0 0 0 0 0 0 0 0 5.8 0 0 0
3.6 0 0 0 0 0 0.2 24.2 17.6 1.2 6 0 0 0 0 0.8 0 0 0 0 7.8 13.4 14.2 0 0 0.2 0 4.6 0 9.2
0 18.2 0.2 3.8 17 0.2 15 0.6 5.6 0 0 10.4 5.2 7.4 6.4 4 0.2 3.8 19.8 0.2 7.4 0 0 8.8 1.2 10 0 0.2 8.4 0
0 7.2 0 0 0 5.6 0.2 0 0 6.8 0 0.2 9.8 0 0 0 0.2 0 3 0 0.6 0 0.2 0 0 1.4 6.4 0 7.4 0
0 0 0 10.2 0 0 12.8 0 0 0 0 1.8 7.2 0 0 0 17.8 0 0.2 2.6 11 4.2 24 12 0 0.2 0 0 14.8 15.2
4.4 0.2 0 0 0 0 0 0.2 0 0 0.4 19.2 0 0 0 0 0 0 0 0 0 0 0 0 0 0 29.6 0 0 0
0 0 0 0 0 0 0 0 0.2 0 0 0 0 14.6 0 0 13.4 0 3.4 0 0 0 0.2 0 0 0 0.2 1.6 0.4 0
0 0 0 0 0 0 0 0 0 0 0.2 11 0 0 0 0 0 0 0 0 0 0 0 0 0 4 6.4 0.4 0 0
0 0 0 0 0 0 0 0 0 0 0 11 0 0 0 0 0 0 0 0 0 0 0 0 0 0 0 0 0 0
7.6 0 0 0 0 0 0 0 0 0 0 5 0 0 0 0 0 0 0 0 0 0 0 0 0 0 0.4 0 0 0
0 0 0 0 0 0 0 0 0 0 0 0 0 0 0 1.4 0 0 0 0 0 0 3.6 0 0 0 0 0 0 0
0 0 0 0 8.6 0.6 0 0 0 0 0 0 0 0 0 0 0.6 5 0 0 9 0 0.4 0.2 0 0 6.6 0 0 0
0 0 0 0 0 9 8.4 0 0 13.2 4.4 0 1 10.8 0 0.2 3 5.2 0.2 2.8 0 16 0 0.4 0.2 0.2 0.2 0 26.2 11.6
0 0 0 0 0 0 0 0 0 0 0.4 21.2 0 0 0 0 0 0 0 0 0 0 0 0 0 0 0.2 0.2 0 0
0 0 0 0 0 0 0 6 0 0 0 0 0 0.4 0 0 0 0 0 0 0 0 0 0 0 0.6 0 0.2 9.8 0
0 0 0 0 4 0 0.8 4.2 0 0 0 2.6 0.8 4.6 0 0 3.2 0 0 0 5.2 0 0 0 0 0 10.6 0 0 0
0 0 0 0 19 0 0 0 0 0 0 0 0 0 8.2 2.6 0 0 0 0 0 0 0 0 10.8 0 0.4 0 0 0
8.2 0 0 0 0 0 0 0 0 0 19.4 12.2 0 0 0 0 0 0 0 0 0 0 0 0 0 0 0.2 0 0 0
0 0 0 0 0 0 0 0 0 0 0 6 0 0 0 0 0 0 0 0 0 0 0 0 0 0 0 0 0 0
0 0 0.4 0 2.4 7.4 0 0 0 0 0 0 0 0 0 0 26 0 0 22.4 0 0 10.6 0 6.2 0 3 0 1 13.6
0 8.6 0 0 0 0 0 0 0 0 0 0 0 0 0 3.2 0.2 0 0 0 0 0 0 0 0 0 0 0 0 0
0 15.2 1.2 0 0 0 0 21.6 7.4 0 0 0 10.6 0 0.2 0 0 0 0 0 0.4 6.4 0 9.8 0.6 12.2 0.2 0 0.2 0
0 7.6 0 0 0.4 0.2 40.6 18.4 0 13.4 8.8 0 6.4 0 0 21.6 0 2 0 0.8 0 6.8 20 0 0 15.8 0 13.2 0 19
0 0 0 0 13.6 0 0 0 0 0 0 0 0 0 0 0 0 0 0 0 0 0 0 0 6.8 0 0 9.6 0 0
0 0 5.2 0 0 0 0 0 0.2 0 8 0.4 0 0 7.2 0 0 0 0 0 0 0 0 0 0.2 0 16.2 16.6 0 0
0 0.4 0 0 0 0 0.2 0 5.4 0 0 0 1.6 0 0 10.6 4.2 0 0 0 0 3 21.6 0 0.4 0.6 0.2 14.4 0 0.4
0 0.8 0 0 0 0 0 0 0 0 0 0 1.4 8.4 4.4 0.2 0 0 0 0 0 0 9.2 0.2 5.2 4 3 0 0 1.2
4 0 0.2 0 0 0 0 0 0 0 0 32.4 0 0 0 0 0 0 0 0 0 0 0 0 1.4 0 0 0 0 0
0 0 4 0 0 9.8 0 0 5 0 0 0 0 0 0 0 0 0 0 0 0 0 0 0 0 0 0.4 6.8 0 3
0 0 0 0 0 0 0 0 0 0 0 12.6 0 0 0 0 0 0 0 0 0 0 0 0 0 0 3.4 0 0 0
0 0 0 22 12.6 0 0 0 0 5.4 10.2 16.4 5.6 9 4.4 0 0 0 7.8 26.8 3.2 0 0.4 5.6 16.2 2.4 0 0.2 4.2 7.6
0 6.2 7.4 0 8.4 0.2 16.6 14.6 6.8 0 0 0.6 1.2 12.8 20.8 0 25 0 15 0 0 0.2 0 1.6 4 0 5.6 0 0.2 19.8
0 0 0 0 17.2 0 0 0 0 0 0 5.6 0 0 11.4 0 0 0 0.4 1 0 0 0 0 15.4 0 0 0 0 0
0.6 10.6 7 0 0 0.2 24.4 0 17.4 3.6 0.2 0 0 0 0 7.6 0.2 0 0 0 0 14.6 20.2 0.2 2.6 26.2 1.8 0 11.6 0
0 1.8 0 0 0 0 18.8 9.4 0 0 0 0 12.2 15.6 0 0 0.4 7.4 7.6 0 0.6 0 0 14.2 0.2 0 7.6 0.4 20.8 0
2.8 0 9.2 3.8 6.6 0 42.2 12.2 35.2 18 20.4 9.8 0 5 3.8 24 3.4 0 0.4 0 0 0 15 15.8 0 17.6 0 11.8 11.6 10.4
0 0 0 0 1 1 0 0 0 8.6 0.4 0 0 0 1.4 0 18.8 0 0.6 0 0 0.4 12.4 1.4 0 0 0 0 0 0
0.2 3 0.2 0 0 0 0 0 0 0 8 0 0.4 0 0 0 0 0 0 0 0 0 0 16.4 0 6 1.8 0 0 0
0 0 0 0 16.8 0.6 0 0 0 0 0 8 0 0.2 0 0 0 0 0 0 0 0 0 0 15.4 0 0 12 0 0
0 0 0 0 0.2 8 0 8.4 0.6 0 0 0 19 0 0 5.2 0.2 0 19.2 0 19.2 3 0 0 0 0 18.6 0 0.6 3.8
0 35.2 0 0 0 0 0 0.4 1.4 0 0 0 14.2 0 6.4 0 0 7.6 0.4 0 17 0.6 0.8 0 0 0 0 0 0 0
3.4 16.4 0 4.8 0 0 0 6.4 22 2.8 0 0 9.6 0 0 1 0.2 7 0 13.4 0.4 3 10.8 0 0 6.8 0 0 0 2
0.2 0 0 0 0 0 0 0 0 0 15 16.8 0 0 0 0 0 0 0 0 0 0 0 0 0 0 0 0 0 0
0 0 0 0.8 0 0.8 0 0 0 0 0 3.8 10.6 0.6 0 0 13.2 2.2 24.2 9.6 0 0 0 2.2 0.2 0 0.2 0.2 0 12.4
4.2 0 0 19 0 5.2 0 0 0 0 0 17 0 0 0 0 0 0.2 0.2 2.2 0 0 0 0 4.8 0 0.2 0 0 0
0 0 0 0 0 0 0 0 0 0 11.6 0.2 0 0 0 0 0 0 0 0 0 0 0 0 0 0 0.2 0 0 0
4 0.6 0 20 35.4 0.4 0 0 0 0 10 10.4 0.2 0 0 0 15.6 0 0 0 0 3.2 0 0 0 0 5.2 23 0 0
0 0 0 0 7.2 0.6 0 0 0 0 0 0 0 0 0 0 0 0 0 0 0 0 0 0 4.6 0 6.6 1 0 0
0 0 0 0 0 0 0 0 0 0 0 4.2 0 0 0.2 0 0 0 0 0 0.2 0 0 0 0 0 7.8 18.4 0 0.2
0 0 0 16.8 0.2 5 0 0.2 0 5.8 0 22.8 14 10.6 0.2 0.2 26.2 34.4 8 9.2 0 0.4 14.8 13 2.6 0.2 0 16.8 0.4 33.2
0.2 0.2 1 0 19.6 7.2 0 0 0 0 0 0 0 0 0 0 0 0 0 0 0 0.4 0 0 0.2 0 7.2 0 0 0
0.2 0.4 0 0 0 0 19.6 5.6 9.8 0 0 0 0 0 0 15.6 0 0 0 0.2 0 0 5.8 0 0.4 26 0.2 0 0.2 0
0 17.2 0 0 4.2 19.2 0 2.2 0 0 0.2 0 0 0 0 0 0.4 0 0 2.4 0 0 0 10.8 0 0 7.6 1.2 0 0.6
0 0.2 4.2 0 11.4 0 0 0 0 0 0 0 0 0 14.4 2.2 8.8 0 0 0 0 0 0 0 0 0 0.2 10 0.6 0
7.8 0 0 0 0 0 0.6 0.4 0 0 1 0 0.4 0 0 0 0 0 0 0 0 0.2 21 0 0 0 1 0.6 5 0
0 0 0 0 0 0 0 3.8 0 0 7.6 4.4 0 0 0 0 0 4.6 0 0 0 0 0 0 0 1.4 0.2 0 0 0
0 0 0 0 0 0 0 6.6 0.2 0 0.2 0 0 0 0 0 0 0 0 0 0 0 0 0 0 0 0 15 0 0
0 2 0 1.8 0 0.2 4 0 2.4 4.4 15.2 0 7 0 0 0 0 4.6 0 0 0 1.4 0.2 0 0 0 0.8 0 0 0
0 18.6 0 3.4 1.4 0 10.2 0 0 0.2 0.6 0.2 0 0 4 0 0 0 0 0.2 0 5.4 0 0 0 0 12.2 19.4 0 0
0 0 0 5.6 8.6 0 35 0 12.4 14 0.8 0 0.2 0 0.2 6.2 15.4 0.2 9.6 0 9.2 0.2 9.8 0 5.6 28.6 0 9.2 0 6.2
0 0 0 0 5 0 0 0 0 0.2 0 2 0 0 0 1 0 0 14.8 0.8 0.2 0 0 1.4 0 0 0 0 14 12.6
0 0.2 0 0 2 5.4 0 0 0 0 9.4 1 0 4.4 0 0 0.4 4.4 0 4 0 0.2 0 0 0.4 0 1.2 0 0 0
0.2 0.2 0 0 5.6 0.2 0 0 0.2 0 5.8 0 0 0 0 0 0 0 0 0 0 0 0 0 0 0 0.4 0.4 0 0
0 0 0 0 0 0 0 0 6 4 0 0 0 0 0 0 0 0 0 0 0 0 0 0 0 3 0 0 0 0
0 16 0 0 3 2.2 0.2 9.8 9 7.4 0 0 2.2 12.2 1 0 13.8 7.4 0 0.2 0 3.2 19.4 0 0 0 0 0 2 0
7.2 0 0 0 0 0 7.2 0.6 27.8 0 0.2 0 0 0 0 12.8 0 0 0.4 0 0 7.2 8 0 0 28.8 0 1.6 17.2 0
0 0 4 0 0 1.2 20 0 27.2 0 0 0 0 0 0 0 0 0 0.6 0 0 0 7.8 0 0 0 0 0.2 0 0
0 0 4.4 0 15 2.4 0 0 0 0 0 8.2 0 0 4.2 0 0 0 0 0.2 0 0 0 0 0 0 5.6 0 0 0
12.4 0 0 0 0 0 0 0 0 0 0 2.4 0 0 0 0 0 0 0 0 0 0 0 0 0.2 0 0 0 0 0
0 7.2 0 0 0 0 0 0 0 0 0 0 0 0.2 0 0 0.2 0 0 0 0 2 0 0 0 0 0.2 0 0.2 0
0 0 3.6 0 2.2 0 0 0 0 0 0.6 0 0 0 0 0 0 0 0 0 0 0 0 0 0 0 0 12.6 0 0
0 0 0 0 0 4 14.4 0 6.6 0 0 0 0 0 0 0 0 0 0 0 0 0 10.4 0 0 0 0 0 0.6 0
0 0 0 0 0 0 0 0 0 0 26.6 10.2 0 0 0 0 0 0 0 0 0 0 0 0 0.2 0 0 0 0 0
0 14.2 0 0 0 0 0 0 1.4 0 0 0 0 0.2 0 0 0 0 0 0 0 3.2 0 0 0 1.8 0 0 0 0.2
0 0 0 0 3.4 0 0 0 0 0 0 0 0 0 0 0.2 0.2 0 0 0 0.8 0 3 0 0.8 0 2.8 16.8 0 0
0 0.6 0 20.6 18.8 10.6 0.2 0 0.6 0 0 0 0 27.2 0 0 6.2 6.4 0.2 0 2 0 15.2 24.2 0 0 3 0 0 10.2
0.6 0 0 0 0 0 0 0 0 0 9.8 0.2 0 0 1 0 0 0 0 0 0 0 0 0 0 0 10.4 0 0 0
0 0.4 0 0 0 0.2 0 0 0 0 2.8 6.8 0.2 0 0 0 3.8 2.6 0 0 13.2 0 0 6.4 3.8 0 0 0 3.8 0
0 0 4.6 0.4 9 0 0 0 0 0 0 0 0 0 0 0 0 0.2 0.4 0 0 0.2 0 0 0.2 0 5 0 0 0
7.6 0 5 0 0 0 4 5 0 0 0 0 0 0 5.4 0 0 0 0 0 0 0 0 0 0 0 0 0 0 0
0 0.2 2.2 0 0 0 0 0 0 0 1.6 0 0 0 11.2 0 0 0 0 2.8 0 0 0 0 0 0 17.2 20.8 0 0
0.2 4.8 0 2 0.2 0 11.2 0 0.2 0 0.2 0 0 0.2 0 9.4 0 0 0.2 0 0 0 0 0 0 0 0 6.4 2 0
0 0 0 0 0 0.4 0 0 0 0 0 0 0 0 3 0 11.4 0 0 3 0 0 0.2 0 0 0 1 0 0 0
4 0 0 0 0 0 4 17 0 8.4 0 0 0 0 0 2.4 0 0 0 0 0 0 0 0 0 5.4 3 0.8 0 0
0 0 0 5.4 6.8 0 0 0 0 0 0 0 0 4.8 0.8 0 14.2 16.8 0 13.2 2.8 0 0 0 15.8 0 0 0 0 29.4
0 0 0 0 0 0 0 0 0 0 11.2 12.4 0 0 0 0 0 0 0 0 0 0 0 0 0 0 7.4 0 0 0
0 30.4 0.2 8.4 0.4 1.6 0 0 0.2 0 12.6 0 0 25 1.2 6.8 0 14.2 24.2 2.4 19.4 0 1.2 22.8 1.4 1.6 1.4 11.6 0 13
0 0 0 0 0 0 0 0 0 0 7.4 27.6 0 0 0 0 0 0 0 0 0 0 0 0 0 0 0 0 0 0
4.6 0 6.6 0 0 0 0 0.2 0 0 0 0 0 0 9 0 0 0 0 0 0 0 0 0.4 0 0 0.2 21 4 0
0 0 0 0 2.8 0 0.2 0.2 13.6 0 0 0 6.6 0 4 6 0 1.6 0 0 10.4 3.2 0 3.4 0 0 0 0 5 0
0.2 0 8 0 30.6 0 0 7.2 0 24.8 19.6 13.6 10.4 16 39 10.8 0 0 0.2 0 3.8 11.4 31.6 0.2 13 27.4 7.4 23.6 0.2 0
0 0.4 0.2 0 25.2 5 7.4 0 0 5.6 8.8 0 0 17 0 6.2 0 6.8 0 0 0 0 0 12 7.4 0 0 20.6 0 2.4
0 0 0 0 0 0 0 0 0 0 3.6 0.8 0 0 0 0 0 0 0 0 0 0 10.2 0 0 0 0 15.4 1 0
4 0.4 0 0 15.4 0 0 0 0 0 0 0 0 0 13.8 0 0 0 0 0 0 1 0 0 0 0 4.2 2.2 0 0
0 0 0 0 0 0 0 0 0 0 0 10 0 0 0 0 0 0 0 0 0 0 0 0 0.2 0 8.4 1.4 0 0
0 0 0 0 0 0 0 0.2 0 0 0.2 6.2 0 0 0 0 0 0 0 0 0 0 0 0 0 0 10.6 5.8 0 0
0 0 0 0 0 0 0 0 0 0 0 24.6 0 0 0 0 0 0 0 0 4.4 0 0 0 0 0 3.4 0 0.6 0
0 0 0 0 7 31 0 0 0 0 0 0 0 0 0 0 0 0 0 0 0 0 0 0 0 0 0 0 0 0
0 0 0 0 0 0 0 0 0 8.4 0 0 0 2.8 0 4 0 0 3.4 16.4 3.6 0 0 0 0 0 2.4 0 0 2
0 0 2.2 0 6.8 1.4 0 7 0 9.4 0 0.4 0 0 0 8.4 11 0 0 0 0 0.2 0 16.2 0 0 0 6 14 0
0 0 2.4 0 0 0 0 0 0 0 0 0 0 0 0 0 0 0 0 0 0 0 0 0 0.2 0 9 0.4 0 0
0 0 1 5.2 0.4 0 0 0 0 0 0 4.8 0 0.2 1.6 0.2 23 0 0 0 0 0.2 0.4 0 0.4 0 0.8 0.4 7.4 0
0 0 0 14.8 0 0 0 0 0 0 0 0 0 0 0.2 0 0 0 0 0 0 0 0 0 0 0 0 0 0 0
0 1.4 0 0 13.8 0 0 0 0 0 0 3.8 0 0.6 0 0 0.2 0 0 0.2 0 0 13.6 0 2.2 0 3.4 9.4 10.4 0
3 14.4 0 16 1 16.2 0 0 0 11 0 0 15.4 24.4 12.6 6.8 0 0.8 5.2 20.6 13 0 0 0 7.2 10.4 0.2 1.6 0 0.2
0 13 3 0 0 0 0 0 8.4 0 0 0 0 0.2 0 0 0 0 0 0 0 0 0.2 0 0.2 2.6 0 3.4 0 0
8.4 0 8.4 0.4 0 0 3 0 0 0 3.8 5.8 0 0 0.4 4.4 0.2 0 0 0 0 21 0 9.4 5.6 20 0 0 0 0.2
0 0 0 0 0 1.8 0 0.8 0 0.2 9.6 0 0 0.2 1.8 0 0 0 0 0 0 0 0 0 0 0 0.4 7.2 0 0
0 0 0 0 0 0 8.6 0 6 0 0 0 0 5.8 0 3.6 3.6 0 0 0 0.2 0 0 13.6 0 0 0 0 15.6 0
0 0 0 0 0 0 0 0 0 0 42 5 0 0 0 0 0 0 0 0 0 0 0 0 0 0 0 0 0 0
0 0 0 0.2 4.4 3.6 0 0 0 0 0 0 1.6 0 0 0 0 0 0 0 0.2 0 0.2 0.2 0 0 2.6 11.4 4.6 0
0 0 0 0 0 0 0.2 4 14 0 0 0 0 0 0 0 0 0 0 2 0 0.4 0 0 0.2 0.6 0 0 4.4 0.2
0 0 1 0 4.2 3 0 0 0 0 0 0 0 0 9.4 0 0 0.2 0 0 0 0 0 0 0.4 0 0 10.8 0 0
9.4 0.2 1 0 0 0 0 29.2 18.6 0 0.4 6 0 0 0 6 0 2 0 0 1.6 0.2 0 11.8 0.2 15.4 0 0 0 0
0 0 0 0 0 0 0 0 0 0 19.6 11.4 0 0 0 0 0 0 0 0 0 0 0 0 0 0 0 0 0 0
11.8 0 0 37.6 0 0 10.2 7.2 8.4 0 0 0.2 0 0 0 5.2 0 0 0.2 0 0 0 3 0 0 0 1 0 0 0.2
0 0 0 0 0.8 4.6 0 0 3 0.4 2.6 0 15.4 36.4 3 7.2 2 0 2.4 1.2 0 0 20.6 26.6 0.2 0.6 0 0 0 17
0 0 0 0.2 8.2 0.4 0 0 0 0 0 5 0 0.6 0 0 21 0 3.6 24.6 0 0.2 0 0 0.2 0 0 0 0 2
0 0 0 0 20.8 0 0 0 0 0 0 0 29.6 21.4 0 0 0.6 6.8 22.4 0 0 0 0 8.4 0 0 12 0 0 0
0.2 0 0 1 13.8 0.2 0 0 0 0 0 0.8 14.6 8.4 0.2 0 0.8 30.2 15 7.4 8.2 13 0 0 7.8 0 0.4 0 0 0
0 26 0 11.8 9.8 0.2 0.2 0 0 8.2 0 0 4.4 4.8 0 16.2 40.6 2.2 15.4 21.8 9 1 10.2 0 16.8 0.8 3.8 0.2 0 0.6
0 0.2 0 0 0 0.4 0 0.2 0 0 0 4.2 0 13.8 0 0 0 0.4 0 0 1.2 7 0 0 0 0 0.6 0 0 0
0 0 8.4 0 21.2 15.2 0 0.4 0 0 19.8 0 0 0 14.2 0 0 0 0 0 0 0 0 0 18 0 12.8 5 0 0
0 2.8 0 0.6 0.8 7.6 6.4 0 0 16.6 0.4 0 0 11.2 0 0 0.4 0 0.4 0 0.2 0 2.8 0.2 0 25.8 0 0 0 1.8
0 0 0 0 0 0 0 0 0 0 4.2 10.6 0 0 0 0 0 0 0 0 0 0 0 0 0 0 0 0.2 0 0
0 0 0 0 14.8 0 0 0 20.4 0.6 5.4 0 0 0 0 0 19.4 3.4 0 13.4 0 1.8 24.6 10.6 0.8 0 0 0 0.4 23.4
0 0 0 0 0 0 0 0 0 0 0 9 0 0 0 0 0 0 0 0 0 0 0 0 0 0 0 0 0 0
0 0 0 2.4 0 0 0 4.4 15.2 0 0 21.2 0.4 0 0.2 11.6 0.2 0 0 0 0 5.2 12.4 16.8 10.2 0.8 0 0 0 0
0 7 3.6 0 22.2 0.4 0 0 0 0 0 0 5.6 0.6 6.2 0 0 0.4 0 8.8 0 0 0 0 0 0 0 0 0 0.2
0 0 0 0 0 0 0 0 0 0 8.4 14.4 0 0 0 0 0 0 0 0 0 0 0 0 0 0 0.2 0 0 0
0 17.6 0 4.4 0 3.8 0 0 0.2 0.4 0 0.2 0 0.6 0 0 4.6 6.2 0 1.8 1 6 27.8 0 0 0 0.2 0.2 14 28
0 15.6 0 0 5.4 2.4 0 0 0.2 3.2 0 0.6 7.6 6.2 0 0 0 0 0.2 0.2 0 2.8 0 0.6 0 0 0 0 0 14
4 0 16 0 38.4 0 0 4.6 0 0.2 0 0 0 0 19.8 0 0 0 0 0 0 0 0 0 0 0 12.4 0.6 0 0
7.4 0 0 0 0.2 0 0 0 0 0 1.4 12.2 0 0 0 0 0 0 0 0 0 0 0 0 8.8 0 5 0 0 0
0 0 0 0 13.8 0 0 0 0 0 5 0 0 0 3.8 0 0 0 0 0 0 0 0 0 0.2 0 5 0.2 0 0
0 0 0 0 13.6 0.6 0 0 0 0 0 0.2 0 0 8.4 0 0 0 0 0 0 0 0 0 0 0.2 7.8 7.2 0 0
0 0 0 0 0.2 0 0 0 0 0 0 0 0 0 0 0 15.8 0.2 0 12.6 1 8.4 14.8 0 0 0 0 0 0 0
0 0.4 0 0 0 3.6 3.8 31 10.6 0.2 0 1.8 0 0 0 9.4 0 0 0.2 0 0 0 0 0.2 0 17.8 0 1.2 0.8 4
0 0 0.4 0 0 0 0 0 0 0 0.2 5.4 0 0 13 16.6 0 0 0 30.2 6.2 2.8 0 0 0 0 0 0 0.2 0
0 0 0 0 0 0 14 5.4 2.2 8.4 0.2 12.2 0 0 0 0 0 0 0.6 0 0 0 0.2 0 0 2.2 0.4 0 0 0.2
0.6 0 0 8 36.6 19 0.6 0 0 0 0 0 33.6 38.8 0 0 0 32.2 23.8 6.4 22.8 0 0.6 12.4 10.6 0 5.2 0 0 18.8
0 0 0 21 0.8 0 6.4 0 0.8 21 0 0 0 1 0.2 19.8 26.2 24.4 2.6 22.4 0.6 22.2 20.8 9.8 0 0 0 0 0 2
1.4 0 0 0 4.6 10.8 0 0.2 0 0 2.6 0.2 0 0 1.2 0 0 0 0 0 0 0 0 0 0 0 0 3 0 0
1 18.6 2 7.6 0 0.4 0 0 11.8 15.6 0 0 0.4 0 0 29.2 0.2 0 0 0 0 20.6 4.4 0 0 9.2 0 0 10 0
0 0 0 0 0 0 0 0 0 0 19.4 30.6 0 0 0 0 0 0 0 0 0 0 0 0 0 0 0 0 0 0
0 0 0 0 5.6 0 0 0 0.2 0.4 0 0 0 0.4 0 0 0 0 0 0 0.4 0 19.6 13.4 0 0 10.8 0.2 2.8 6.2
0.2 0 2.4 13.2 21.2 5.2 0 0 2.2 0.2 2 0 14 0.4 10 12 22 9.8 21.6 6.6 17.2 0 35.6 0 0 0.2 3.4 0.2 2.4 0
0 0 0 0 4 4 0 0 0 0 0 0 0 0 0 0 0 0 0 0 0 0 0.4 0 0 0.2 11.4 0 0 0
0 0.6 0 22.6 2.6 0 47.4 0 6.4 0 6.2 13 0 0 0 0 27.4 2 18.6 13 7 0 28.6 0 0 2.2 0.2 0 21.8 17.4
0 0 0 0 0 0 0 0.4 0 0 12 8.2 0 0 0 0 0 0 0.2 0 0 0 0 0 0 0.2 0.8 15 0 0.2
0 0 0 0 0 0 0 0 0 0 0 7.8 0 0 0 0 0 0 0 0 0 0 0 0 0 0 2.2 4 0 0
0 0 5.8 8.4 29.4 0.8 0 0 23 5.8 0 0.2 2.6 0 11.4 0 28.6 21.4 7.8 13.4 0 9.6 32.6 0.8 0 0 0 0 2 0.4
0 2.6 0 0 19.2 1.8 0 9 0 1.2 7.2 0 8.8 28 13.4 2.6 0 4.4 0 0 0 3.4 0 0 0 0 0 8.4 0 0
29.6 0.2 39.4 18.6 2.8 6.2 16.8 29.4 13.4 31 12 5.8 0 0 28.2 13.2 0 32.4 0 0 32.2 7.6 25.2 14 3.6 43 9.4 0 0 31
0 0 0 0 0 0.4 0 0 0 0 5.4 0 0 0 0 0 0 0 0 0 0 0 0 0 0 0 0.2 0 0 0
0.8 0 0.4 0 0 0 0 0 0 0 3 7.4 0 0 0 0 0 0 0 0 0 0.6 0 0 4.6 0 0 12.2 0 0
0 0 0 0 0 0 0 0 10 8.2 0 0 0 0 0 0 0.2 0 0 0 0 13 8.4 0 8.2 0.2 0 0 0 5.8
0.2 0.2 0 10.4 0 12.4 57.4 0 35.6 0 0 0.2 0 4.2 0 24.2 0 0 0.4 0.2 3.8 0 32.4 0.8 0 13 0 0 1.2 26.4
0 0 0 4.2 0 0.2 0 0 0 4.2 8.2 0.6 10 0 0 14.6 39.8 11.8 20.2 14.8 0 0 6.4 5.2 7.4 2.2 3.4 0 6.8 0
0.2 18 0 10.8 0 15 0 0 0 11 0 0 0 0 0 1.4 11.8 0 0 6.6 0 1.2 20 0.6 6.8 0 0 0 0 5.6
10.2 0 0.2 0 0 0 0 0 0 0 0 0.4 0 0 0 0 0 0 0 0.2 0 0 0 0 12 0 0 0 0 0
0 14.8 0 0 35.4 0 0 0.4 12.8 8.2 5.6 29.8 0 0 27.2 0 4.4 0 0 0 0 0 5.8 0 6 0 0.2 4.2 0.2 0
3.8 0 7 0 0.4 0 0 0 26 0.2 0.2 0 0 24.6 0 12.6 24.4 0 0.6 0 0 0 15 7.4 0 8.8 0 0.2 0 20.8
0 0 0.4 0 31.2 5.8 0 0 0 0 6.8 0.4 0 4.4 10.4 0 0.2 0 6.6 12.2 0.2 5.8 0 3.6 0 0 0 0 0 0
8.4 0 0 0 11.8 0 16 0 20 12 0 0.4 0 0 13.6 26.6 0 0 0 0.2 0.8 6.2 39.6 18 0 0 0 0.8 7.6 0
0 0 0 0 0 0 0 26.2 0.6 0 6.2 0 0 6 0 0 0.4 0 0 0 0 8.4 1 2.8 0.4 0 0 0 0 0
0 0.4 0 0 0 0 0 0 0 0 14.4 0 0 0 0 0 0 0.2 0 0 0 0 0.6 0 0.4 4 8.4 9.6 0 0
0 7.8 0 0 11.6 0 0 0 16 0 0 0 0 0 1.4 0 0 0 0 0 0 0.4 20.4 0.2 9.4 0.8 6 0 45.8 0.2
0 0.8 0 0 0 0 9.6 0 0 0 0 4 0 0 0 0.2 12.2 0 0 0.2 0 0 10.4 0 0 7.6 0 0 14 0
0 1 0.4 8.4 17.2 3.6 0 0 0 15.4 0 0 0 0 0.2 0 6.8 13.4 0 33.2 0.8 1.2 22 8 0 0 7.4 0 0 0
0 0 4 0 0 8.8 0 0 0 0 0 0 0 0 0 0 0 0 0 0 0 0 0 0 0 0 0 0.2 0 0
0 0.2 0 0 0 0 0 0 0 0 16.6 25 0 0 0 0 0 0 0 0 0 4.2 0 0 0 0 0 0 0 1
0 0 8.6 0 0 0 0 0 0 0 0.4 0 0 0 0 0 0 0 0 0 0 0 0 0 7 0 0 0 0 0
0 0.2 0 0 0 0 0 0 7.8 1.8 17.8 0 0 0 4.2 0 0 0 0 0 0 0 0 0.2 0 0 0 0 0 0
0 0 0 0 0 4.4 0 0 0 0 14 12.2 0 0 0 0 0.4 0 0 0 0 0 0.4 0 7.8 0.2 5 3 10.6 0
0 0 0 0 0 0 0 0 0 0 2 0 0 0 20.6 0 0 0 6 0 0 0 0 0 10.8 0 22.6 0 0 0
0.2 0 3 0 0 0.2 0 0 0 0 0 0 0 0 0 0 0 0 0 0 0 0.2 0 0 0 0 17.4 16.8 0.2 0
0 18.6 0.2 0 0 0 0 8.6 0 0 0.2 0 0 26.2 0 0 0 0 12.4 0 0 0 0 0 5.2 0.4 0 0.2 0 0
0 0 0 0.2 0 0 0.4 0 0 0 0 0 0 3.6 0 0 0 0 0 0 0 0 0 0 17.6 4.2 0 21.6 0.4 0
0 0 0 0 0 0.2 0 0 0 0 6.6 12.2 0 0 0 0 0 0 0 0 0 0 0 0 0 0 0 0 0 0
3.4 0 0 7 0 17.6 0 0 1.4 10.8 5.8 7.2 13.8 30 6 0.2 41.6 30.6 1.6 19.2 23.4 14.2 0 16 16.2 0 9.4 0 0 32.6
4.6 0 0 0 0.2 0 5.8 0 4.2 0 21 23.2 0 0 0 0 0 0 0 0 0 7.4 0 0 0 0 0.2 0.4 0 0
0 0 0 0 0 2 0 6.6 0 0 0 0 1 26.4 11 0.2 0.8 5.4 0 0 0 0 0 0 0.6 0 0 0 0 0
0 0 0 0 0 0 0 0 0 0 4.6 7 0 0 2.4 0 0 0 0 0 0 0 0 0 0 0 0 0 0 0
0 18.6 0 0 0 0 0.4 0 0.6 0 0 4.2 0 0 0 0.2 1 0 1.2 1.6 0 17 14.8 2.2 0 0 0 0 7.4 7.8
6.6 0 0 0 0 0 0 0.4 0 0 0 14.2 0 0 0 0 0 0 0 0 0 0 0 0 0.8 0 0 0 0 0
0 0 0 0 0 0 0 0 0 0 4.8 19.8 0 0 0 0 0 0 0 0 0 0 0 0 0 0 0.2 0.2 0 0
0 0 0 0 0 7.6 0 0 0 0 0 0 0 0 0 0 0 0 0 0 0 0 0 0 1 0 18.2 0.2 0 0
0 0 0 4.4 7.4 10.8 0 0 0 0 0 0 4.6 0 0 4.2 5.6 16.8 0 2 6 0 0.4 0 0 0.4 1.2 4.6 0 14.6
0 0 0 0 0 0 0 0 0 0 0 0 0 8.6 0 0 0.8 0 0.4 0.2 0.2 0 20.4 0 0 0 10.2 0 6.8 17.4
0 0 4.8 0 0 8.8 0 0 0 0 0 0 0 0 0 0 0 0.4 0 0 0 0 0 1.6 16.4 0 0 0 0 0
0 4.8 3 0 7 0 21.8 0.2 0 0 0 0 0 9.2 0 2.6 0 4 0 1.2 0 0.2 33.6 2 0.2 7 0 0.8 1 15.4
0 0.8 0 0 0 0 21.4 0 23.6 0 0 0 0 18.8 0 10 0 2.2 1.2 0 0.4 0 48.2 3.2 0 0.6 0 0 27.2 1.4
0 0 0 0 0 0 0 0 0 0 13.4 28.6 0 0 0 0 0 0 0 0 0 0 0 0 0 0 0 0 0 0
0.4 3.4 0 0 0 0 0.8 0 0 0 0 8.8 0 0 0 0 0 0 0 0 0 0 0 0 0 0 0 6.6 0 0
17.2 0 5.6 0 24.2 13.8 0 0 0 0 0.2 24 0 0 6 0 0 0 0 0.2 0 0 0 0 14 0 5.8 0 0 0
0 4.2 0 0 0 0 21.8 1.8 3.8 0.4 0 0 0 0 0 5 15.6 0 0 0 0 0 35.2 5.4 0 0 1 0.4 6.4 0
0.2 0 20.8 0 20 0 0 6 0 4.4 0 9.8 9.4 0 15.6 0 0 0 0 0 0.2 0 0 0.2 0 0 7.2 14 0 0.2
0 11.2 0 0 0 0 0 0 0 0 0 0 0 0 0 0 0 0 0 0 0 0 0 0 0 0 0 0 0 5.8
0 0 0 0 0 0.4 0 0 0 0 15.4 8 0 0 0 0 0 0 0 0 0 0 0 0 0 0 0 26.2 0 0
0 0 0 0 0 0 0 0 0 0 0 9.8 0 0 0 0 0 0 6 0 0 0 0 0 0 0 0.2 0 0 0
0 0 0 0 17.8 5.4 0 0 0 0 0 4.8 0 0 0.4 0 0 0 0 0.4 0 0 0 0 4 0 0 7.4 0 0.8
0 0.8 0 0.2 0 0 16.6 6.2 28.6 0 0.6 5.4 0 0.2 0 4.2 7.8 0 0 0 0 5 16.2 0 0 10.6 0.4 0 1.2 0
0 0 0 0 0 15.8 0 0 0 0 0 0 6.6 9 0 0 11.8 0 11.8 23.8 11.2 0 0 10.8 0.2 0 0 0 0 0
0 0 0 0 10.6 0 0 0.4 0 0 0 1.8 0 0 0 0 0 0 0 0 0 0 0 0 3.6 0 4.6 0 0 0
23.4 0 6.2 0.4 16 0.2 18.8 24.8 20.6 1.2 0 11.8 3.2 0.4 1 12.4 0 2.2 0 0 0 0 2.4 19.8 0 48.6 0.4 19.2 0 0
0 0 0 3 15.8 16.2 0 0.4 0 0 4 1.6 0 0 17.6 0 0.2 0.4 0 0 0 0 0 0 1.2 0 23.4 11.2 0 0
0 0 0 17.8 0 3.8 0 0 0 0 0 0 0.4 0 10.4 0 24 2.6 0 44.4 0 0 7 0.8 0 0 0 0 0 36.8
7.4 44.2 5.8 0 0 0.4 0.4 0 0 0 5.6 7.2 10.4 0 0 0 0 0 0 0 0 21.2 0 0 0 0 0 0.4 0 0
0 18.6 0 10.2 1.8 2.8 0 21.6 0 0 4.8 9 30.4 4.2 0.6 0 0.4 10.6 24 0 0 0 0 67.6 0.4 0 0 0 0 17
0 3.6 0 0 0 0 1 0 0 0.2 0 0.2 13.2 18.8 0 0.2 4.8 20 28 8 6.2 0 0.4 14.6 10.4 0 0 0 1.4 0
0 0 0 0 0 0 0 0 0 0 8 0 0 0 0 0 0 0 0 0 0 0 0 0 0 0 1 0 0 0
0 0 0 0 10.6 11.4 0 0 0 0 0 0.2 0 0 0 0 0 0 0 0 0 0 0 0 1.6 0 21 0.2 0 0
0 0 0 6.2 21.2 0 5 0 0 0.2 0 0 0 12.2 0 0 46.2 5 0 17 7 2 0 5 21.6 0.2 0 0 0 28.2
0 1.2 0 0 0.8 9.2 22.4 25.4 33.4 0.2 0 0 15.8 42 6.8 18.6 24.6 0 24 0.2 0.6 0 26.6 1.8 0 28.6 8.8 0.2 17.8 8
0 0 0 0 35.8 8.2 0 0 0 0 16.4 12.4 0 0 0.2 0 0 0 0 0.2 0 0 0 0 0 0 0 16.8 0 0
0 0 0 0 17.2 0 0 0 0 0 0 0 0 0 0 0 0 0 0.8 0 0 0 0 0 0 0 0 0 0 0
0 0.2 0 0 1.2 10.2 0.4 0 0 0 0 0 0 22 0 2.2 0 0 1 0 0 1.8 15.2 0 0 0 0 0.6 7.2 8
4.6 0 0 0 0 0 0 0 0 0 24.8 0 0 0 0 0 0 0 0 0 0 0 0 0 0 4.4 0 0.2 0 0
22.2 0 0.4 0 0 29.4 0 0 6.4 0 17.4 26.4 0 0 3.4 0 29.8 0 0 0 0.6 4.2 0.2 15.8 0 12.2 17.8 0 4.4 3.4
0 0 0 0 44.6 0 0 0 0 0 0 17.4 0 0 0 4 0 0 0 0 0 0 0 0 0 0 0 0 0 0
0 9.4 0 3.4 0 0.2 0 0 0 0.4 0 7.6 0.4 0 0 0.6 8 0 0 0 0 0 0 0 0 0 0 7 0 0
0.4 0 0 0 0 0 0 0 0 0 22.4 34.2 0 0 0 0 0 0 0 0 0 0 0 0 0 0 0 0 0 0
0 0 0 0 5.8 0 0 0 0 0 0 26.4 0 0 0 0 0 0 0 0 0 1.6 0 0 0 0 0 0.2 0 0
0 0 0 0 0 10.4 0 0 0 0 0 2.4 0.2 0 0 0 0 0 2.8 0 2.6 0 0 0 8.6 0 0 0 0 0
0 8.4 0 8 22.4 0 0 0 0 0.2 0 6.6 30.6 0.4 8.4 0 45.8 22.2 18 31.6 0 0 9 8.4 1.6 0 7.8 0 17.6 25
0.2 0 4 0 2.6 0.6 0 0 0 0 2.4 0 0 0 0 0 0 0 0 0 0 0 0 0 0 0 8 4.2 0 0
0 0 0 0 0 0 0 0 0 0 3.6 2.4 0 0 0 0 0 0 0 0 0 0 0 0 0 0 0 0 0 0
4.6 0 0 0 9.6 0 0 0 0 0 0.6 0.2 0 0 0 0 0 0 0 0 0 0 0 0 16.6 0 0.4 0 0 0
0 0.2 0 0.8 0.4 0 0 6.2 0.2 0 0 0 0.6 33.8 2.8 0 0 0 0 0 0 0 17.6 0 0 0 0 0 20.8 0.6
0 0 0 0 0 0 0 0.2 0 0 9.6 4.4 0 0 0.2 0 0 0 0 0 0 0.2 0 0 0 0 10.4 0 0 0
0 0 19.6 0 25 3.4 0 0.2 0 0 0 0.2 0 0 11.4 0 0 0 0 0 0 0 0 0 3.6 0 0 29.6 0 0
0 0.8 0 4 9.2 1 0 3.4 0 0 0 0 13.8 0 0 5 5.8 0.4 0.4 0 0.4 0 21.6 6.2 0 0 0 1.8 4.2 0
0.6 0 7.8 0 2.4 0.4 0 0.6 0 0 0.2 14 0 0.2 0 0 0 0 0 0 0 0 0 0 2.2 0 0.4 20.2 0 0
1.8 0 0 0 0 0 0 0 0 0 0 6.2 0 0 0 0 0 0 0 0 0 0 0 0 0 0 0 0 0 0
0 19.8 0 0 0 0 0.8 2.2 6.4 0 0 0 0.2 0 0 0 0 0 0 0 0 9.2 0 0 0 0 0 0.4 0 0
0 20.8 0.4 0 13.8 0 0.4 0 0.4 0 0.2 8 0 16 0 9.2 0 0 14.4 5.8 0 0 20.2 0 17.6 0.4 10 0 0 8.4
0 12.8 0 0 0 0 0 0 0 0 0 6 0 0 0 0 0 0 0 0 0.2 0 0 0 0 0 0 0 0 0
0 0 0 0 0 0 0 0 0 0 0.4 17.6 0 0 0 0 0 0 0 0 0 0 0 0 0 0 0 0 0 0
0 24.8 0 4.8 0 10 2.4 0 8.4 0 0.2 6 0 18.2 0 6.4 0 5.2 0 2 0 0 0 9.8 4 0 0 4.8 0 1
0 0 0 0 0.6 0.4 0 0 0 0 0 0 0 0 6.8 0 0 0 0 0 0 0 0 0 0 0 0 22 0 0.2
0.2 0 0 0 0 0 0 0 0 0 0 16 0 0 0 0 0.2 0 0 0 0 5.2 0 0 0 0.2 0 15.2 0 0
0 0 0 0 0 0 5.8 0 0 0 0 0 0 0 0 0 0 0 0 0.2 0 0 4.6 0 0 0 0 0 0.4 0
4.8 8.2 0 0 0 0 0 0 0.2 0.2 0 0 0.2 0.6 0 0 0 0 0 0 0 8.8 0 0 0 0 0 19 0 0
0 0 0 0 0 0 0 0.4 0 0 0 0 0 0 0 5 48.8 0 0.4 17.6 0.4 0 10.6 0.8 0 0 0 0 0 0
16 37 0.8 22 0 26.4 19.4 22.8 41 0 0 0 14.6 4 0.4 29.4 22 1.2 3.4 0 0 15.2 21 3.6 0 35.8 0 0.2 25.8 0
8.4 23.6 0 0 0.2 0.2 0 0 0 0 0 1.2 2.6 28.6 0.2 17.8 5.6 0 0 0 0 11.6 19.6 0.4 0 20.8 0 0 0.2 0
0 0 7.4 7.4 18.8 4.6 25.8 0 0.8 0 0 8 32.8 1.6 0 21 20.8 19.4 27.6 54.2 0 0 27.8 34 0 0 23.2 0 0 33.8
2.4 0 0 0 0 0 0 0 0 0 1.2 14.4 0 0 0 0 0 0 0 0 0 0 0 0 0 0 0 0 0 0
0 0 0 0.2 0.6 10.4 14.6 0 0 0 3 6.6 2.2 18.2 0 17.8 36.4 8.4 18.6 0 0.2 1.6 0 7.6 0 12.4 0 0.4 5.8 0
10.4 0 3 0 0 3.8 0 0 0 0 42.2 32.4 0 0 0 4.2 0 0 0 0 0 0 0 0 0 0 0 0 0 0
0.4 21.4 0 0 0 0 0 0 4.6 3.6 24.2 0.4 0 0 0 0 6 0 0 0 0 5.2 0 0 0 0 0.2 0 0 0
0 0 0 0 9 0.2 0 0 0 0 5.6 0 0 0 5.8 0 0 0 0 0 0 0 1 0 0 0.2 6.6 1.6 0 0
0 0 0 0 0 0 0 0 0 0 7.8 29.2 0 0 0 0 0 0 0 0 0 0 0 0 0 0 5 0 0 0
0 0 5.6 0 0 0 0 0 0 0 0 7 17.4 18.6 5 5 0 3.2 19.8 0 1.6 0 0 13.8 8.8 4.4 0 12.6 0.2 0
0 4.8 0 0 20.6 0 0.2 2.8 0 7.4 0 0 1.4 20 0 0 38.6 11.6 15 32.6 0.4 0 0 0.2 1.8 0 9 0 0 0.6
11 0 6.4 3.8 21.4 0 0 12 0 1.2 36.2 34.6 7.2 40.6 29.4 49 32 11.8 19.2 34.8 1 17 16.2 2.4 2.8 0 0 14.8 11.2 19
0 0 0 0 8.8 8 0 0 0 0 0 0 0 0 0 0 0 0 0 0 0 0 0 0 5.6 0 23.2 0.4 0 0
0 0 0 0 15 0 0.2 0 0 0 0 0.4 0 13.6 0 0 0 8 7 0 0 0 0.2 0 0 0 6.2 0 0.2 0.2
1.2 0 0 0 23.8 3.8 0 0 0 0 0 0 0 0 0 1 0.2 0.2 0 0 0 0 0 3.2 6.6 0 8.8 8.2 0 0
0 0 5 0 1 0 0 0 0 0 0 5 0 0 3 2.8 0 0.4 0 0 0 0 0 0.8 0 0 0 0 0 0
0 0 4 0 0 6.2 0.2 22.6 9.2 23.6 0 0 10.8 0.2 0 9.2 0 4 0.2 0.4 5.4 1.8 16.4 0.2 0 20 0 1.2 0 21.4
0 0 0 0 33.4 14.2 0 0 0 0 0 0.2 1.2 20.6 0 0 3.8 0 0 1.2 0 0.2 24.6 7.8 0.2 0 2.8 4.6 0 15.2
0 0 5 0 0.2 0 0 0 0 0 0 0 0 0 0.4 0 0 0 0 0 0.2 0 0 0 0 10.4 0 14.8 0 0
0 1.2 0 11.8 0 0.2 43 0 24.4 4.2 0 0 8.6 0 0 31.2 0 4.8 14.2 10.8 0.2 0 0 0 0 12.8 1.6 0 20 0
0 0 2 0 0 0.6 18.2 5.4 0.6 0 4 0 0 0.2 0 0 0 0 0 0 1 0 12.6 0 0.4 0 0 0 7 0
0 0 6.8 0 13.8 13 0 0 0 0 10.8 7.2 0 0 0 0 0 0 0 0 0 0 0 0 0.2 0 0 19 0.2 0
2 0 1.2 0 0 25.4 0 0 0 0 0 0 0 0 3.4 0 0 0 0 0 0.2 0 0 0 0 0 0 4.8 0 0
3.2 0 0.8 0 15 0 0 0 0 0 6 0.6 0 0 21.6 0 0 0 0 0 0 0 0 0 12.4 0 14.6 25.8 0 0
0.2 9 0.4 1 0 0 0 10.2 0 8.2 0 0 20.4 4 0 0 1.8 0 1 0 0 0.2 13 2 0 0.4 0 17.2 0 0
0 0 0 0 0 0 0 0 0 0 23.8 34 0 0 0 0 0 0 0 0 0 0 0 0 0 0 4.2 0 0 0
14.6 14.4 0 7.8 0 0 0 7.8 0 12.6 3 1.4 0 0 15.6 10 24.2 8.8 13.8 11.8 0 17 0 0.2 8.6 11.8 0.4 0 0.2 0
0 13.2 0.2 15.8 0 2.2 0 0 19.6 0.8 0 0 2.6 2.6 0 0 17.6 6.8 18.6 15.6 0 0 13.4 9.4 9 0 0 0 9.6 0
0 0 0 0 0 0 0 0 0 0 19.8 7 0 0 0 0 0 0 0 0 0 0 0 0 0 0 0.2 0 0 0
0 0.2 0 45 0 0 0 0.2 19.2 0 0 0 0 20.8 0 0 17.6 1.6 16.4 0 0 8.8 0 0.8 0 16.6 0 0.6 18.2 0
0 9 0 0 0 0 0 7.4 9 7.2 0 7.4 0 0.4 4.6 0 0.4 0 0 0 0 0.4 0 8.4 0 8.6 0.2 0 0 0
0 7.4 0 6 0.2 0 0 0 0 0 0 0 1 10.4 0 6 1 0 1.8 9.2 2.4 0 0 1.8 2.6 0 0 0 0.2 0
0 0 0 4 7.6 29.2 0 0 0 0 0 0 5.6 0 0 0 0 0 0.2 0 0 0 0 0.2 0.2 0 14.8 10.2 0 0
0 10.4 0 0 0 0 6.6 0 0 0 0.2 0 2 0.2 0 1.6 0.2 0 0 0 0 0 34.6 0 0 0.2 5.6 0 0 2.4
0 0 0 0.2 0 0 0 0 5.6 0 4.6 0 0 0 0 0 18.2 0 0 0 0.2 1.4 21 0 7.6 0 0 0 0.2 0
22.8 0 0 0 4.6 13.2 0 0 0 3 62.8 73.2 0 0 19 0 0 0.2 0 1.8 0 2.6 0 0 2.4 0 35.4 0 0 0
0 0 0 0 0 0 0 0 0 0 5.4 18.4 0 0 0 0 0 0 0 0 0 0 0 0 0 0 0.2 0 0 0
0 0 0 0 0 0 0 0 0 0 35 27 0 0 0 0 0 0 0 0 0 0 0 0 0 0 0 0 0 0
0 25.4 0 0 0 0 6.8 6.2 0 0 0.6 9.6 0 0 2.4 0 0 0 0 0 0 0 0 0 0.6 0 0 0 0.4 1
0 0.4 0.8 0 3 0 6.6 3.6 0.2 6.6 0.2 0 0 16.2 0.2 3 42 3.6 0 5.2 0.6 0.2 40.2 1.6 0 0 0 20.6 0.2 0
0 0 0 0 0 0 0 0.2 0 0 7.6 39.6 0 0 0 0 0 0 0.2 0 0 3.2 0 0 1.2 0 0 0 0 0
0 5.4 2 12.2 16.2 1.2 0.2 0 9.6 5.2 0 28.6 7 1 0 7.6 0.8 18.6 14.4 17.4 0 0 36.4 23.2 0 15.4 1.4 0 30 55.2
0 0 0 0 0 0 0 0 0 0 0 0 0 0 17 0 0 0 0 0 0 0 0 0 3.2 0 0 26.8 0 0
0 0.4 0.2 0 23.4 0.4 0 10.2 0 1.4 0 2.8 10 20.8 0 7.8 29.4 30.2 11.4 29 0.6 0.4 1.4 14.4 8 0 0.8 11.6 0 19.4
0.2 0 0 0 0 0 0 6.6 0 0 9.8 13.4 0 0 0 0 0 0 0 0 0 0 0 0 0 0 0 0 0 0
0 0 0 0 16 0.2 0 0 0 0 0 0 0 1 1.2 0 0.2 0 0 0 0.2 0 0 0 0 0 2 17.2 0 0
0 0 0 0 31.2 8.4 0 0.2 0 0 0 0 0.2 0 8.8 0 0 0 0 0 0 0 0 0 11 0 0 24.2 0 0
0.2 0 0 0 0 0 0 0.4 0 0 0 0 0 0 21.4 0 0 0 0 0 0 5.4 0 0 0 0 0 51.6 0 0
0 7.6 2.8 9.6 7.6 3.8 0 0 0 14.4 0 0 0 11.2 6 28.2 19 9 25.6 18.4 0 0 0 10.6 24.6 0.4 0 0 1.6 4.6
7.2 0.2 0 19 9.2 17.4 41.8 4.2 21.2 0 0 26.6 10 64 4.6 0 29.4 21.2 26.4 35 11.2 0 7.6 30.8 1 7.2 16.6 0 2 53.2
0.6 0 0 0 3.4 0.2 0 0 0 0 0.2 9 0 0 0 0 0 0 0.4 1.8 0 0 0 0 0 0 12.4 0 0 0
0 0 0.8 0 34 10.4 10.6 9.4 6.4 2.6 0 0 53.2 1 5 0 5.8 31.4 30.2 12 13 0 21.4 54.2 0 0 24.6 0 0 0
0.6 0.6 0 0 0 0 0 0 9.8 0 14.2 0.2 0 0 0 0 0 0 0 0.4 0 0 4.2 4 0 0.2 0.8 0 0 0
0 0 0 0 0 28.2 0 2.4 0 0 0 0 0 0 0 0 0 0 0 0 0 0 0 0.2 0 0 0 4.2 0 0
0.2 0 0 0 0 0 0 0 0 0 15 35.6 0 0 0 0 0 0 0 0 0 0 0 0 0.8 0 1.4 0 0 0
0 0 0 51.8 0 0 0 0.4 0 0 0.2 22.4 0 0 0.2 0 0 8 0 0.2 0 0 9.8 0 0 0.4 3.4 0 6.2 0
0.6 0 0 0 0 0.6 0 0 0 0 11.8 29.8 0 0 0 0 0 0 0 0 0 0 0 0 0 0 0.2 0 0 0
0 0 0 38.6 32.8 4 0.2 4.6 37 0 0 5.6 0.6 0 11.6 24.6 39 17.6 56.8 44.4 4 2.6 54.2 6.4 4 25.6 24.8 0 23 4
9.6 16.6 3.4 9.4 11 0 2.8 0.2 16.2 1 5.6 0 3.8 39 8.8 40.8 19 13.4 27.2 42 0 15.8 0.2 36.6 13 11.2 11 0 0.2 0.2
0 17.6 0.6 4.8 7.8 0.4 0.2 0 15.8 17.4 0 10.8 0 36.4 17.6 0 22.2 1 0 11.2 7.4 42.4 0 12.2 0 8.6 0 0.8 0 0.8
0 0.6 0 0 0 0 17.8 0 0 0 0 5.2 23.4 39.2 0 10.8 50.2 0 68.4 25.8 7 0 19.4 0 3.6 0 27.2 0 19.2 0.2
0 0 0 0 0 0 0 0 0 0 12.6 21 0 0 6.2 0 0 0 0 0 0 0.2 0 0 0 0 0 0 0 0
2.4 0 0 0 0 0 0 0 0 0 9.4 18.4 0 0 0 0 0 0 0 0 0 0 0 0 0 0 1.8 0 0 0
0 0 0 0 0 0 0 0 0 0 0 34.6 0 0 0 0 0 0 0 0 0 0 0 0 0 0 7.2 0.2 0 0
0 0 0 0 0 0 0 0.2 0 0 0.4 11.6 0 0 0 0 0 0 0 0 0 0 0 0 0 0 11.8 0 0 0
0 0 0 0 0 0.2 0 0 0 0 3.4 21.4 0 0 0 0 0 0 0 0 0 0 0 0 0 0 0 0 0 0
1 0 0 0 0 1.2 0 0.2 0 0 15.2 21.8 0 0 0 0 0 0 0 0 0 0 0 0 0 0 6.8 1.8 0 0
0 0 0 44.2 0 0 0 0 0 0 0 1.8 0 0 0 0 0 0 0 0 0 0 0 0 0 0 0 0 0 0
0 0 5.4 8 1 0 16.2 0 3.2 0 0.2 0.4 16.6 61.8 0 0.4 43.6 0.2 26.8 5.8 0 3.6 38.4 5 0.2 22.2 4.8 0 31.4 20.8
0.2 0 0 0 0 0 0 0 0 0 0 28 0 0 0 0 0 0.2 0 0 0 0 0 0 0 0 18.6 0 0 0
0 0 0 0 10.6 11.8 0 0 0 0 0 15.2 0 0 9 0 0 0 0 0.2 0 0 0 0 0.2 0 0 2 0 0
0.4 0 0 0 0 0 0 0 0 0 14.6 8.8 0 0 0 0 0 0 0 0 0 0 0 0 0 0 3.2 0 0 0
7.8 0 0 0 0 1 0 0.2 0 0 0 16.6 0 0 11.2 0 0 0 0 0 0 0 0 0 0 0 0 0.2 4 0
1 0 0 0 0 0 0 0 0 0 12 16.2 0 0 0 0 0 0 0 0 0 0 0 0 0 0 0.8 0 0 0
0 0.2 0.2 0 20.8 16.6 10.6 13.8 0 0 0 0 0 23.2 0 0 0 0 0 0 1.8 0.2 0.4 6.8 0 0 4.4 0 8 0
0 0 0 0 0.4 0 0 0 0 0 6.2 0 7.4 0 0 0 0.2 0 16.2 0 0 0 0 0 0 0 0.2 0.4 0 0
0 9.2 0.8 6.4 7 1.4 1.2 0 20.6 0.2 0 0 11.6 12.6 6.8 41.8 52.8 5.4 11.2 0 0 14.8 42.6 16.6 11.2 25.4 0 0.4 0.2 1.8
0 0 0 0 0 0 0 0 0 0 2.2 6.8 0 0 0 0 0 0 0 0 0 0 0 0 0 0 1 0 0 0
0.4 7.6 15.6 0 90.4 30 0 8.4 0 0 0 0.8 0 0 32.6 0.8 4.8 0 0.4 18.8 0 0.2 0 0 0.8 0 24.2 9.2 0 0
0 0 0 0 0 0 0 0 0 0 0 6.6 23.8 0 0 0 20 0 0.2 73.8 28.8 0 0 0 7 0.2 0 0 16.6 0
0 0 0 0 0 0 0 0 0 0 13.6 37.4 0 0 0 0 0 0 0 0 0 0 0 0 0 0 0 0 0 0
12.2 0 0 0 0 0 2.2 19.6 0 14.2 14.8 23 0 0 10.8 9.6 0 0 0 0 0 0 0 0 0 21.6 0 0 0 0
0 0 10.8 0 3.4 9.4 0 8.6 0 1.2 5.6 5.2 0 0 12.2 0 0 0 1.8 0 0 0 0 0 1.6 28 0 27.2 0 0
0 0 0 1.6 0 0 7.4 0 0 0 0 0 22.4 0 1.2 0.2 15.4 0 13.4 19 1 0 17 11.4 0 0.2 1.8 0 23 0
0 31.6 0 0.2 8.6 0 0 0.2 0 0 10.4 17 0 0.2 2.4 0 8.8 0 0 0.2 2.2 0 0.4 3.6 0.2 0 3.2 0.8 0 0
0 0.4 0 0 0 0 0 0 0 0 0 15 0 0 0 0 0 0 0 0 0 0 0 0 0 0 14.6 0 0 0
15 0 4 34.2 16.2 0 15.6 0 43.6 15.4 9.4 3.2 0 0 16.4 23.2 22.2 4.6 4.2 18 3.6 40.4 1 7.6 12.2 17.4 0.2 8.8 19.8 0.8
0 0 2 0 19.6 0 0 0.2 0 0 23.6 22.6 0 0 1.2 0 0 0 0 0 0 0 0 0 6.4 0 0 28.4 0 0
0.2 0.2 4 0 17.2 0 15 0 26 0 0 0 3.8 17.6 0 0 0 0 0 0 0 3.8 64.8 8.4 0 11 10.6 1.6 1.8 0
4.8 0 0 0 0 0 0 0 11.8 0 13.2 11.8 0 0.6 0 0.6 0 0 1.2 0 0 10.4 13.2 0 0 11.4 0 0 0 0
0 0 10 0 14 10.8 0 13 0 0 0 2.6 0 0 0 0 0.4 0 0 0 0 0 0 0 0.4 0 3.2 2.6 0 0
0 0 0 0 0.2 0 0 22.2 5.6 3.8 10.6 0.6 0 47 0 0.2 0.6 0 0 0 7.4 7.2 6 0 14.4 6 5.2 33.4 10.6 0
0 0 12.2 0 4.4 6.2 0 0 0 0 0 8.2 0.2 0 9.4 0 0 0 0 0 0.2 0 0 0 0 0 6.2 30 0 0
9.6 0 6.8 4 0.2 8.8 57 14.8 42 15.4 0 0 0 23.2 0 47 0 0 0 0.2 5.4 11 75.2 0 0 23.2 0 0 38.6 0.6
0 0 0 0 0 0 0 0 0 0 29 27 0 0 0 0 0 0 0 0 0 0 0 0 0 0 0 0 0 0
19.8 0 0 0 0 0 0 0 0 0 28.8 18.4 0 0 0 0 0 0 0 0 0 0 0 0 0 0 0 0 0 0
0 12.2 0 19.8 0 0 11.2 0 0.2 0.6 7 0 9.8 7.2 0.6 8.8 49.6 9 25 6.8 0 0 57.6 9.8 0 6.8 0.2 1.6 2.2 0
0 1.4 0.8 0 10 5.2 0 9.8 0 13.6 0 0 8.4 28.4 0 0 27.8 0 0.4 0 0 13.8 0 0.6 0.4 0 4.8 5.4 0 0.2
2.2 0 0 0 0 0 0 0 0 0 20 6.6 0 0 0 0 0 0 0 0 0 0 0 0 0 0.2 0 0 0 0
0.2 0 0 44.6 0 0 81.2 20.6 23.4 12 0 0 36.4 0.2 0 41.6 0 41.6 30.4 47.6 39.4 4.8 67.2 52.2 3.8 36.4 0 0.2 17.6 86.6
12.6 0 0 9 10.6 15.4 11.6 9.8 5.2 4.2 0 0 0.2 54.2 0 4.2 20.6 10.2 8.4 4.2 5.2 0 7.6 2 0 7 0.2 1.6 0 3
0 0 0 0 0 0.2 41.2 7 9.8 0 0 1 4.4 0 5.8 31.2 26.8 0.2 14.4 0.4 0.4 0 81.4 47.4 0.4 45.6 0 0 20.4 0
0 0 3.4 0.4 3.2 0.2 0 0 0 0 0 0 0 0.8 9.8 0 0 2.2 0 0 9.2 0 11 0 0 8.8 0 0 0 0
0 3.8 0 0 0 0.2 0 0 0 0 0 0 0 38 0 0 0 0 0 0 0 0 23 7.2 0 0.4 0 0 10.2 0.2
10.4 38.6 3.6 5 48.8 7.4 0 0 15.2 0 26 51.2 2 11.8 50.4 0 18.4 5.8 0 1 14.8 29 0 4.6 0.2 0 24.4 0 0.2 8.2
0 0 0 0 29.8 1 0 0 3.8 0 0 7.8 2 2.6 1.2 0 0 0.6 2.8 0 0 0 0 0 17.6 0.2 2.6 0 0 0
0.4 0 0 0 0 0 0 0 0 0 16 17.2 0 0 0.4 0 0 0 0 0 0 0 0 0 0 0 0 0 0 0
0.8 30.6 8.6 0 29.4 0 23.4 1.8 8.8 15.8 0 13.4 0.2 0.4 10.6 23.8 13.8 0 0 1.2 0 2.2 3.8 0 19 52.8 0 53.4 0 0.2
0 0 1.4 0 0 0 0 14 0 4.8 0 0 0 0 0.2 0 0 0 0 0 0 4.6 0 0 0.2 15.2 0 0 4.6 0
0 0 0 0 0 0 0 0.2 0 0 16.4 27.2 0 0 0 0 0 0 0 0 0 0 0 0 0 0 0 0.2 0 0
0 0 0 0 0 0 0 0 0 0 0 8 0 0 0 0 0 0 0 0 0 0 0 0 0 0 0 3 0 0
0 0.2 0 0 0.2 0 0 0 0 0 0 18.4 0 0 0.6 0 0 0 0 0 0 0.4 0 0 0 5 0 15.2 0 0
0 0 8.4 0 0 8 0 5.4 0 0 0 0 0 0 3.6 0.4 0 0 0 0 0 0 0 0 14.8 0 14.2 11.2 0 0
0.2 0 3.8 0 0 5 0 0 0.2 0 24.8 16.8 0 0 0.4 11.6 0 0.2 0 0 12.2 0 0.2 17.8 0 8 0.2 10.6 0 0
22.6 0 8 0 0 0 0 32.8 0 2.4 0.4 0 0 0 0 0 0 0 0 0 0 0 0 3.6 0 16 0 7.2 0 0
0 15 14.6 3.8 45.4 0 19.2 0 6.8 16.6 0 0 0 2.6 2.2 35.2 19.8 0.4 8.2 19.2 0 0 92.4 0 0 12.8 30.4 0.8 31.2 1.4
11.8 0 0 0 0 0 0 0 0 0 60.2 59.8 0 0 0 0 0 0 0 0 0 3.2 0 0 0 0 1 0 0 0
0 0.4 0 32.6 25.8 10.6 0 23.8 0 16.4 0 1.2 34.4 119.4 16.8 34.6 45.2 29.6 50.6 32.6 10.6 0.2 0 32.8 0 0 25.2 0 0 60.2
6.8 0 0.2 0 17 0 0 0 0 0 0 0 6.6 0 20.6 0 0 0 3.6 0 0 0 0 0 7.4 0.2 0 19.6 0 0
0 0 0 0 0 0 0 2.4 0 0 27.6 0.2 0 0 0 0 0 0 0 0 0 0 0 0 0 1.8 0 0 0 0
0 50.6 0 0 0 0.4 0.2 0 0.6 26 0 18.8 0 14.4 0 1.8 0 0.2 6.4 0 0 26.8 0 0 0.8 40.2 6.6 0.2 0 1
8.8 27.4 0 12.6 0 0 1.2 0 0 11.4 0 0 19.2 39 0 41.4 1 15 5.4 22.2 2 0.8 17.4 14.4 15.6 0.4 0 0 27.6 11.2
0 0 3.4 0 25.4 0 0 0 0 0 3 0.2 0 0 12.2 0 0 0.2 0.2 0 0 0 0 0 0.4 0 0 37 0 0
0.2 29 0 4.2 2.2 0 28.2 0 43.2 52 12.4 0 0 11.8 7.2 68.4 0 16.6 4 4.4 19.4 28.6 3 21.6 18.2 29.8 1.8 46 42 38.8
11 4.2 0.2 0 0 0 0 0 0 9.2 47 33.4 3 4.4 0 0 3.6 0 0 25.8 15.2 18.4 0.2 8.6 0 0 1 7.6 3.8 0.4
0.2 0 0 0.2 68.6 6.8 0 0 0 0 14.4 20.8 0 0 7.6 0 0.2 4.4 0 0 0 0 0 0 5 0 10.6 0.2 0 0
0 0 0 0 0 0.2 0 0.2 0 0 0 38.4 0 0 0 0 0 0.2 0 0 0 0 0 0 0 0 0 0 0 0
0 0 0 0 0 0 0.2 0 0 0 22 0 0 0 0 4.2 0 0 0 0 0 3.8 17.8 0 0 0.8 0 34.2 0 0
0 19 0 0 0 0 10.8 14.6 30 23.2 8.6 12 2.8 0 0 11.4 0 0 0 0 0 30.8 20.2 1.2 0.2 0 0 0 0.2 0
0 1.4 0 0 0 0 5.4 0 1.4 0 0 10.6 0.2 0 0 0 0 0 0 0 0 0 0.2 0 0 12.2 2.4 0 20.2 0
0.2 1.2 0 16 0 0 6.4 27.2 10 5.6 7.6 7.2 0 0 0 0 8 14.8 2.8 0 0 1.4 0 38.4 0 7.6 0 4.6 0 0
9 18.8 0 0 0 1.2 20.4 40.2 5.8 6.6 2.4 0 2 0.6 0 32.6 0 7.2 0 0 0.4 0.2 25.8 46.2 1 27 0 5.6 0 0
0 0 5.8 0 7.4 28.4 0 0.2 0 0 0.2 0 0 0 0 0 0 0 0 0 0 0 0 0 0 0 10.4 8.6 0 0
0 19.2 14 28.4 52.6 0 0 0 0.8 7.4 13.8 28.4 55.6 48.4 37 31.2 0 50.2 23.6 64.6 33.2 22.2 0 0 83.8 0.6 6 0 0 88
0 0 0 14.2 19.4 13.2 34 0 11.6 0 0.2 0 32 53.4 0 0 0.8 7 59.2 28 19 0 70.6 0 6.6 0 9 4 21.8 40
0 0 0 0 37.4 0 0 5.4 2.4 0.2 0 0 36.2 75 0 0.2 51 0 18.4 2.4 0 0 27.4 22.6 7.8 0 0.4 0.4 26.2 9.6
37 21.8 0.4 0 0.2 0 19.8 54.8 69 36.2 37.2 19.8 3.6 0 30.6 61.2 19.8 8.6 0 4 29 0 0.6 33.8 1.8 66.4 0 28.2 22.2 0
7 0 0 0 0 0 0 23.8 0 8.4 0 2.2 0 0 3 2.2 0.2 0.2 0 0 0 0 0 0 0 22.8 0 7.4 5.8 0
0 18.6 0 0 10.4 23.4 0 2.4 2.8 0 0 9.4 3.2 31.2 0 4.8 0.2 7.6 32.8 7.8 0.2 0.2 0 19.6 0 3 0 0.4 0 0
3.8 62.8 7.2 9 1.6 0 0 0 9 10.8 0 0 20.6 27.4 20.6 33.4 59.4 23.8 5.2 34.2 12.2 18.8 0.4 0.4 25 8 0 0 0 74.4
6.4 0.2 10.4 15.4 67 16 0.4 0 0 0 0 0 50.8 47 17 0 32.2 8.6 22.4 16.6 18.8 0 0.6 9 23.4 0.6 0.2 0 14.6 8.4
0 0.6 0 0 14 5.2 0 0 0.8 0 0 0 0 1 0 10.6 0 0 0 0 0 0 0 2.4 0 5.4 0 0 1 0
22.8 0 0 0.8 26.2 7.2 39 18 24.2 24.8 0 5.8 6.6 30.2 10.8 34.8 24 26.2 28.4 36.2 5.8 39.4 1 0.2 38.6 37 0 22 19.4 44.6
0 0 0 44.6 0 0 26.4 0 0.4 0 6 0.2 17.8 0.2 0 20.4 11.2 2.6 0 0 0 11.2 101.8 0 0 0.6 0 0 27.6 0
0 0 0 0 38.6 30.4 0 7.4 0 0 0 0 0 7.4 6.6 0 0 0 0 0 0 0 0 0.2 0 0 11.2 0 0 0.2
0 8.8 0.4 12.2 0 12.6 64.6 0 2.6 0 0 0 44.6 61.6 7.8 39.2 23.2 14.4 49.8 53.4 11.6 0.8 68.2 11 0 20.2 0 13 39 23
2 10 0 0 13.2 28.8 0 0.2 0 0 0 11 0 16.6 3 0 0 0 0.4 0.4 9 0 0 0 15.2 0 0 0 0 0.2
61.8 0 23 0 43.8 1.8 0 83.2 0.2 23.8 57.8 40.6 0 0 18 8.6 0 0 0.2 0 4.8 8 0 0 0 47.6 20.8 62 0 0
0 0 0 0 0.2 0 0 0 0 0 2.4 0.2 0 0 0 0 0 0 0 0 0 0 0 0 0.2 0 19 29 0 0
3.6 0 8.2 23.6 23 0 33 1.4 0.4 22.8 3.6 0.4 18.6 48.6 12.2 15.4 75.4 40.6 15.4 40.6 11.4 13.8 65.6 22.4 21.8 2 17 8.8 4.4 47
0 0 0 27.4 46.4 24.2 0 0 16 0 0 0 23.2 0 0 8 23.2 13 32 14.2 0 0 82.2 32.6 0 0 16.2 0 36.8 25.6
5.6 0 0 0 0 0 0 0 0 0 37.8 25.6 0 0 0 0 0 0 0 0 0 0 0 0 0 0 1 0 0 0
0.2 24.6 0 0.2 36.2 0.2 0 5.4 21.8 18.6 0 0 0 40.8 0.4 0 33.4 0 0 5.2 0 0.6 25.4 16.8 0 0 7 0 3.4 19.8
0 0.6 0 0 16.2 0 18.2 0 0 0 0 0 0 2.8 9.4 0 0 0 0 0 0 0 0 0 0.4 2.8 0 1.6 0 0
0 0.2 11.4 3.6 1 47.4 0 0 0 0 0 0 19.2 42.4 7.8 6.4 5 0 51.4 0.4 14.8 0 13.6 42.4 0 0 21 0 0 0
1 23 0 0 0 0 6.8 4 0.2 0 0 22 0 20.4 0 0 4.8 0 0 0 0 8.8 0 0 2.8 0 5.6 0.2 1.4 0
3.6 30.2 3.6 0 41.4 0 0 10.6 14.8 25.2 8.8 0 0 1.6 34.2 51 0 0 0 0 2.4 21.4 13.8 0 10.8 36.8 0 0.6 0 30.2
0 0 0.2 0 6.4 34.2 0 0.8 0.2 0.2 0 6.8 0 0 0 1.2 0 13.6 0 0 7.6 4.6 0 41.8 0 0.2 0 0 0 0.2
0 0 3.6 0 8.4 6.4 0 2 0 0 6.6 21 0 0 9.4 0 0 0 0 0 0 0 0 0 0.2 0 0 17.4 0 0
0 0 14.2 0 0.2 1 0 0 0 0 0 3.6 0 0 21.6 0 0 0 0 0 0 0 0.2 0 0.2 0 0 48 0 0
2 0 11.6 1.8 60 70.4 0 1.8 0 1.2 17.2 20.4 0 34.4 24 0 1.8 34.8 0 6.6 0 0 22.6 43.2 0 11.2 32.2 28 14 28.8
0 45.8 3.2 0 0.2 0 17 0 0 0 0 3.4 2.2 11.2 1 18.6 0 0 0 0 0 13 27.4 0 0 0 0 0.2 7.4 3.4
0 0 0 0 0 0 0 6.4 0 0.4 9.2 10.8 0 0 0 7 0 0 0 0 0 0 0 0.2 0 10.8 0 0.2 0 0
0 19.4 0 0.2 18.6 0 0 0 0 0.4 4.8 0 0 0 3 0.2 4 0 0 0 0 0 28 0.2 6.8 0 22.6 10.8 0 0
0 4.2 0 0 0 0 26 0 6 0.8 0 0 15.2 4 8.4 48.2 23.2 1 30.6 0 0 0 25.2 8.8 0 26 0 0 5.4 0
5.8 2.6 0 0 0 0 16.8 0 3.6 0 0.2 0 0 13.2 0 0.8 0 0 0 0 0 0 39 0 0 7 0 0 14.8 1.2
0 84 0 10.8 0 3.6 26.6 9 2.8 6.4 8 0.6 5.2 22.2 0.2 23.2 16 0 0 0 0 20.8 0.6 1.6 0.2 17.2 0 13.6 5.4 1
1 0.2 0 0 0 0 0 0 0 0 0 0 0 0 0 0 0 3.2 0.4 4 1.4 0 0 25.8 0 0 0 0 0 0
0.6 0 0 0 0 0 0 0 0 0 31.8 12.6 0 0 0 0 0 0 0 0 0 0 0 0 0 0 0 0 0 0
6.4 3.4 24.6 11.8 27 4.6 5 38.6 26 53.8 0 0.4 10 42.8 7.4 49.8 86.2 34.8 29.8 19 0.2 35.6 4.6 19.6 43.6 38.6 0.4 0.2 9 94.8
0 0.2 8 0 24.4 26.8 0 0 0 0 4.2 5 0 0 0 0 0 0 0 0 0 0 0 0 15 0 0 12.2 0 0.2
1.6 0 13.8 0 0 0 16.8 22.4 17.4 5 0.2 0 0 8.6 0 13.4 0 0 4.4 0 0 0 1.2 45.4 0 42.4 0 0 6.2 0.2
29.6 20.6 17.4 9.8 30.4 16.8 0.2 23.4 0 0 40.2 54.2 0.2 88.2 21.2 11.2 0 0.4 1.4 0 0 0.4 0 8.8 0 0 32.8 57.8 0 0
0 0 0 0 0 0 0 0 0 0 29.2 17.4 0 0 0 0 0 0 0 0 0 0.4 0 0 0 0 0 0 0 0
0 0 0 0 33.2 20.2 0 0 0 0 0 14.6 0 24 0 0 12.4 0 15.6 4.2 0 0 40 28.2 8.6 0 18.2 0 0.8 0
0 2.8 0 3.2 0 6.6 0 0 0 0 0 1.2 0 60 0 0 41.6 23.4 39.6 27.6 0 11.8 0.4 19.8 7.2 0 0.2 0 0.4 5.2
0.2 6 0 0 84.8 7.6 0 0 0 0 7.6 1 0.2 0 39.6 0 0 0 0 0 0 0 0 0 41.6 0 0 7.2 0 0
0 32 0 0 6 0 28.2 0.2 7.6 0.2 0.2 0 2.6 42.8 5.4 12.8 0 0 0 9 0 2.2 0.4 0 0 9.2 7.4 10.6 1.2 0
0 0 0 35.6 0 0 0 0 2.4 0 0 20 0 0 0.4 0 0 3.6 0 0 0 0 0 0 0 0 0 0 0 0
0 0 0 0 0 3.2 0 0 0 0 31.2 8 0 0 0 0 0 0 0 0 0 0 0 0 0.4 0 0 0.2 0 0
0.2 9.2 0.2 0 46.8 34.2 0 0 0 0 0 0 52.8 46.4 0 0 14.4 53.2 23 26 7.8 0 0 0 0.2 0 1 0 0 0.6
0.8 27.2 0.8 0 0.8 0 0 8.4 0.2 0 0.2 12.8 0 0 0 0 0 0 0 0 0 17.6 0 0 10.6 13.6 13.8 0 0.2 0
0 35.2 0 0.4 2.4 0 0.4 0 0 0 0 0 0 0 0 7.4 0 0 0 0 0 7.6 41.6 0.2 0 0 0 0.2 18.6 0
0 8.8 0 0 35.2 12.8 0 14 0 0.2 3.4 0 0 2.8 12.2 10.2 0.2 0 0 0 0 0 4.8 0 0 10.4 0 22.2 14.6 0.2
0 0.4 0.4 0 22 0.2 0 6.6 0 0 51.2 12 0 0 0.6 0 0 0 0 0.2 0 0 0 0 0 0.8 0.4 54 0 0.2
0 0.8 0.8 9.8 4.8 1.2 149.4 0.2 80.4 9.6 0 0 9.2 0.8 0 60.4 12.8 12 35 13.2 0 0 39 24.6 0.4 77.4 0.6 16.4 98.6 3.6
0 59.2 0 15.6 23.4 7.6 0.8 3.8 15 13.6 0 0 2 14 0.2 0 59.2 16.2 20.4 22 11 5.4 13.4 0 1.8 0 0 0 22 18.4
4.4 7.4 0 0 0 0 54 10.8 0 0 18.4 0 28.4 18.2 0 65.2 15.4 10.8 37.4 9.2 16.8 0 18 38.2 0 44 0 0 24.2 0.2
0.2 0 5 0 26.6 44.8 0 1.8 0 0 5.4 0.4 0 0 0 0 0 0 0 0 0 0 0 0 0 0 1.6 7.2 0 0
54.6 0 48 0 36.2 39.6 0 5.8 0 0 20.8 9.4 0 0 55.4 0 0 0 0 0 0 0 0 0 0.2 5 27.6 75.4 0 0
15.8 0 0 0 0 0 0 0 0 0 0 0 0 0 9.6 0 0 0 0 0 0 0.2 0 0 0 0 9.4 57 0 0
0 0 0 0 105.6 26.6 0 0 0 0 0 10.4 0.2 0 22.8 0 0 0.2 0 0 0 0 0 0 2 0 53.8 41.4 0 0
0 0 0 0 23.2 59 0 1 0 0 0 2 0 0 9.2 0 0.2 0 3.2 0 0 0 0 0 0 0 19 28.8 0 0.4
5 31.6 3.6 13.8 0.2 0 4.8 0 0.6 0 26.6 24.2 5.4 0 0 41.8 8.2 0 0 0 6.6 0 12.4 7.6 3.6 7.8 0.6 25.6 0 0
0 0 0 0 0 13.4 0 0 0 0 0 0.2 0 0 16.8 0 0 0 0 0 0 0 0.2 0 26.6 0 0.8 0 0 0
0 0 0 0.2 0.2 13.4 17.8 0 13.8 0 19.8 31.2 0.6 12.6 0 0 0 0 0 0 0 0 59.4 0 0 0 0.4 0.8 32.8 0
3.2 23.4 0.2 42.4 22.2 1.2 8.2 0 2 0 0 0 16.4 29 0 0.4 26 33.2 20.2 50.4 7.4 0 26 7.4 43.2 0 0 0 0 40.6
