12.6 2.2 12.8 16.2 11.2 12.8 0 49.8 0 2 19.2 0.6 1 0 62.4 18.4 0.4 20 17.8 30 45.8 0.2 4.2 0 18.8 18.6 47.6 0 0.2 60.2
8.4 0 8.8 0 0 0 0 0.2 0 10.8 0 0.2 0 0 0 0 0 0 0 0 0.2 3.2 0 16 0 0 0 12.2 18 0
0.8 0 0 0 0 0 0 0 0 20.2 4 0 19 0 0 0 0 0 0 0 0 0 0 0 0 0 0 0 23 0
18.4 0 0 3.6 0 0 0 0 0 0 2.6 0 0.4 0 0 0 0.6 0 0 0 0 0 0 0 0 0.2 0 0 17.2 0
0 12.6 0 0 22.6 31.4 0 0 4.4 0 0 0.8 0 31 27.6 0.2 0 0 11 46.2 19 0 0.8 0 14.4 0 0 0 0 12
0 0 0 49.8 5.4 49.8 63 0.2 20.8 0 21.6 4.4 0 0 3.4 0 21.4 0 0 0 0 9.6 29.8 39 0 32 22.8 0 0 0
7.2 0 1.8 49.6 46.4 96.4 96.6 0 14.8 19.6 6.6 12.4 16 40 108 0 68.2 12.2 0.2 37.2 9.2 0 32.4 0 0.2 39 18 7.6 0.8 27.6
0.4 0 0 0 0 0 0 25.4 0 19 0.2 0 0 0 5.4 4.2 0 0 0.2 0 0 0 18.6 0.8 22.4 0 0 0.4 0.4 18.6
4.8 0 5.4 3.2 0 0 6.4 0 5 0 0.2 0 0 0 0 5.6 0.2 0 0 0 0 0 0.2 0 0 0 0.2 0 12.6 0.2
0 0 5.4 26.2 14.8 35.6 42.4 2.4 7.2 0 28.2 4.6 0 0 0 0 15.2 6.2 0 21.4 9.8 0 19 45 18.8 30 0.6 0 3.4 37.8
4.2 0 3.8 0 0 20 0.4 0 12.6 0 20 0.2 0 19.6 23.6 24 0 4.8 4.4 15.4 27.4 3.2 0.6 0 1.4 0 14.8 15.6 20.8 19.2
0.2 0 3.8 0 0 0 0 0 0 7.8 48.2 0.2 0 0 0 0 18 5 0 0 0 2.8 0 2.6 27.2 0 0.2 1 0 0
15.4 31.8 8.2 26.8 28.2 70.8 56.8 0.2 13.6 23.2 37.8 10 46.2 75.4 47.6 30.2 37 19.2 0.6 32.8 23.4 7.4 28.8 0 3 23 25.8 10.2 56.6 0
7.2 0 3.6 0 0.4 16.6 18.2 0.2 15.6 0 0 0 0 0 0 4.6 0 0 14.6 0 9 0 12.6 48.8 0 15.4 15.2 0.6 0.2 45.2
0.2 4.6 0 0 0 0.2 0 0 0 17.4 0 17.8 0 0 0 1 0 0 0 0 0 43.6 0 0 0 0 18.2 3 10.8 0
0.4 0 0 0 16.4 0 35.8 28.6 0 2 44.2 0 0 2.4 18.6 7.8 25.8 0 0 15 3.6 12.8 35.8 0 22 0 0 0 0 34.8
0 0 0 0 0 0 0 0 0 0 0 0 0 0 0 0 0 0 5.2 0 0 11.4 0 2 0 0 6.4 0 0 0
0 0 0 16 0.2 34.8 40.4 0 72.2 0 37.2 0 0 0 0 48.4 52.4 29 1 0 0.6 0.2 0.6 18.8 4.4 23.2 13.8 5.2 0.2 50.4
0 0 0 0 0 0 0 4.4 3.8 0 0 0 0 0 0 0.2 0 0 0 0 0 0 0 0 17.2 0 0 0 9.4 0
10.4 1.8 0 0 0.4 0 0 0 0 0 0 0 0 0.2 0.6 0 0 0 0 0 0 14.8 0.4 0 34.4 0 0 0 0 0
12 20.8 15.8 0 4.2 0.2 0 0 0 29 0 28.6 3.8 0 0 0 0 0 0 79 2.2 2.8 0 0 0 5.4 17.2 1.6 2.4 0
18.4 4.4 0.4 0.4 0 0 13.6 10.2 0 3.4 0 0 0 13.4 27.8 0.2 0 0 0.6 0 18.8 4.8 0 0.6 71.4 0 0 0 0.2 9.4
0 0 6.2 7.2 3.4 20.4 0.2 0 17.6 2.6 0.4 0 0 0.2 15.6 22.2 26 0 0.2 2 9.4 7 20.2 8.6 20.4 0.8 0 0 3.6 34.8
9.2 0 0 0.2 0 0.2 0 0 5.8 0.2 0 0 0 0 0 22.8 0 0 29.6 0 0.2 0 0.4 15.8 22.6 0 7 0 0 0
21.8 0 0 4.2 3.6 26.4 14.2 0 0.2 0 11 0 0 0 0 0.2 12 0 0 0 0 1 0 19.6 0 0 0 0 0 35.8
7 0 0 0 0 0 0 0 0 12.6 0 16.2 0 0 0 0 0 0 24 0 0 30.8 0.2 21.4 0 0 6.8 0 4 0
12.2 6.8 0 0 0 0 0 0 0 0 0 9 0 0 0 0 0 0 12.6 0 0 0 0 0 0 0 2.8 4.4 0 0.2
23.8 0 0 0.4 0 0 3.4 0.2 0 0 0 3 0 0 7.2 0 0.2 0 0 33.8 0 1.4 17.4 0 20 0.2 0 0 0.2 40.8
0.2 0 0 0 0 0 0 0 0 23.4 0 0 4.6 0 0 4.4 0 0 0 0 0 0 0 0 0.4 0 0 0 16.8 7.2
4.8 0 0 0 0.4 0 0 0 0 21.8 1.6 4.2 0 2.2 0 6.2 0.6 0 0 0 0 2.6 0 0.4 10.6 0 6.8 0 3.6 1.2
0 0 0 0 0 1 19.2 0 0 0 0 0 2 0 0 0.4 8.2 0 0 0 0 0 5.2 7.8 0 0.4 0.2 0 6.4 0.2
16.2 5.2 0.2 0 0 0 0 0 0 0 0 0 0 0 0 0 0 0 25.8 0 0 10.4 0 0 0 0 0 0.2 0 0
5.6 0 0 0 0 0 0 0 0 23 0 0 0 0 0 0 0 0 0 0 0 0 0 0 0 0 0 0.2 9.2 0
0 0 0 0 0 0 0 0 0 22.6 0 0 1.4 0 0 0.2 0 0 0 0 0 0 0 0 0 0 0 0 18.8 0
0 0 0 0 0 0 0 0 0 17.8 0 0 6 0 0 0 0 0 0 0 0 0 0 0.2 0 0 0 0 0 0
0.2 0 0 0 0 0 0 0 0 0 0 0 12.8 0 0 0 0 0 0 0 0 0 0 0 0 0 0 0 27 0
4.8 0 4 0 0 0 0 24.6 0 0 0 0 0 5.4 0 0 0 0 0 15 0 1 4.2 0 21 0 0 0 0 0
0 16 0 0 47 0 0.2 0 0 1.2 0.4 0 0 38.6 9.6 0 13.4 0 15.4 17.4 13.6 0 0 0 28.4 2.8 0 0 0 0
0 0 0 0 0 0 0 0 0 0 0 0 7.2 0 0 0 0 0 0 0 0 0 0 0 0 0 0 0 25.8 0
0 0 0 0 0 0 0 0 0 16.8 0 0 0 0 0 0 0 0 0 0 0 0 0 0 0 0 0 0 24.2 0
0 0 0 0 0.2 8.8 0 0 0 0 4.4 0 0 0 0 4.4 0 0 0 0 0 0 1.4 12.4 33 0.8 0 0 6.4 2.2
5 22.6 0 0 35.8 0 4.8 1.2 14.4 0 13.4 0 0 44.8 17.4 1.2 23.8 0 0.6 1.2 16 23 3.4 0 102.6 11.6 0 18.4 0 1.8
36.6 6.8 0 0 21 26.2 1 8.2 25.4 1.4 19.8 5.8 0.6 22.8 0 1.4 34.6 0 5 0 8.4 41.2 0 0.4 80.2 2.6 17.2 12.4 29 0
22.4 2.8 0 8.2 3 16.6 7.8 0 0 0.2 8.2 20.2 0 12 30.4 0.4 20.4 0 0 1.6 5.8 16.2 0.4 0 56 5 0 0 0 22.4
0 5.8 0 0 0.2 0.2 0 0 0 0 0 0.2 0 0 0 0 0 0 20.6 0 0 24.8 0.2 13 0 0 5.8 1.2 0 0
1.4 0 0 0 0 0 0 0 0 11.6 0 0 11.6 0 0 0 0 0 7 0 0 0 0 10 0 0 0 0 23.4 0
0 0 0.2 0 0 0 0 0 0 7.4 0 0 0.2 0 0 0 0 0 0 0 0 0 0 0 0 0 0.2 0 26 0
0 0 0 3.4 0 0 10 6.6 0 10.8 0 0 3 0 0 25 11.8 0 0 0 0 0 0.8 0 6.8 0 0 0 15.6 33.2
0.6 2 8 0 16 28 0 22.4 0.4 1.6 0 12 0 14.2 12.2 6.4 0 11.2 20.2 34.2 22.2 0 13.8 1 0.6 15.4 9.6 5.2 27.8 0
2 1 5.8 0 0 0 0 0 0 0 0 1 0 0 0 0 0 0 0.2 0 0 10.4 0.2 3.6 0 0 14.8 0 0 0
0 0 0 0 0 0 0 0 0 0 0 0 0 0 6 0 16 0 0 0 0 0 0 0 0 0 0 0 0 0
7.2 5 10.4 0 4.8 0 10.2 0 0.2 0.2 1 10.2 0 0 0 8.4 0 0 1.6 0 0 17.4 0 7.4 0 0 0 3 0 0
9.2 0 0 5.6 0 0 0.2 0 0 0 0 7.8 0 0 0 0 0 0 0 0 0 11.6 0 0 8.6 0 0 0 0 0
51.2 13.6 0 0 0.2 0 0 0.4 0 0 0 12.6 4.2 0 0 0 0 0 20.6 0 0 11.2 1 0.8 0 0 16.8 0.2 7.2 0
7.6 0.6 0 0 1 1 0 11 0 0 0.2 0 0 0 0 0 0 0 0 0 0 0 5.4 0 4.2 0 0 0 0 0
0 0 0 0 10.8 0 0 14.4 7.4 0 11 0 0 42.2 45.8 0 0 0 0 33.2 38.4 25.2 0 0 60.6 0 0 3.6 0.8 51.6
22.6 28.4 0 5.2 2.6 1.2 0 0 3.8 2.2 0 8.2 0 9.4 0 0 0.2 0 38.8 0 0.2 28 0.4 3.4 14.8 0 0.8 4.8 0 0
0.4 0.2 14.4 0.2 0.2 15.8 12 10 16.8 0 0 14 0 0 6.6 31.2 0 20 18.2 0 0 0 17.4 29 21.2 14.6 6.6 0 20.2 12
0 0 0.4 24 28.6 71 15.8 17 62.6 0 66.6 24.2 0 0.4 59.2 37.6 30.4 8.2 0 44.8 27.8 55.2 2.6 0.2 1.2 27.2 2.8 6.4 0 23.8
0.2 0 0 30.8 17.8 57.6 72.4 0.4 0 0 13.2 0 0 8 0 28 52.2 6 1 3.2 7.2 0.2 0 0 37.6 17.6 0 0 3.8 0.8
0 0 0 0 0 0 0 0 0 17.8 0 0 9.8 0 0 0 0 0 0 0 0 0 0 0 0 0 0 0 0.4 0
15 4.6 0 0 15.6 25.6 0 19.2 21.2 0 16 1.2 0 0.2 16.6 10.4 9 17.4 11.6 15.8 25.2 28.8 36.8 0 0 13.2 0.2 0.4 8.8 45.2
13 3 19.2 0 0 0 0 0 0 0 0 11.2 0 0 0 0 0 0 37.2 0 0 6.2 0 11.8 0 0 38.4 0 6.8 0.2
1.2 0 2.6 22.8 5.8 21.6 0 18 8 5.6 43.2 0 0 26.8 27 19.4 24.8 0 13.8 12.8 3.2 0 0.4 0 61.8 0 0.4 0 5 0.8
0 0 1.6 0 0 0 7.2 0 8.8 4 26.8 10.6 0 0.2 0 1.8 4.2 0.2 0 0 0 5.6 13.4 0 14.6 0 2.6 0 0 22.4
19.8 1.2 0.2 0 0 0 0 0 0 0.2 0 0 0.8 0 0 0 0 0 13 0 0 16.2 0 0 0.4 0 0 6.2 0 0
11.6 0 0 0 0 0 0 7 0 0 0 20 0 0 0 0 0 0.4 13.2 0 0 19.6 0.2 0 0 0 0 0 0 0
8.4 0 0 5 0 0 0 0 0 0 0 1.2 0 0 0 0 0.2 0 6 0 0 25 0.2 0 0 0 0 0 0 0
0.2 0 4 0 0 3 0 0 0 14 1 23.6 0 0 0 4.6 0 5 14.2 0 0 0 33 0 0 0 2.6 0 2.8 0
0 6.4 0 0 13.2 15.8 0 9.4 0 0 0 0 0 31.8 4.6 10.2 0 0 4.6 0.8 1 0 0 0 13.4 0.8 1.4 0.4 3 75.2
0 0 0 0 0 0 0 0 0 0 0 0 0.8 0 0 19.2 0 0 0 0 0.2 0.2 14.8 14.2 0 0 0.2 0 0.8 9.6
0 3 0.2 27.4 0 0.6 4.6 0 3.8 0 24 0 0 4.8 30.6 22.8 6.2 0 0 0 0 1.4 32.4 0.6 73.4 6.4 5.8 0 0 0
2 0 0 2.2 0 0.2 12.4 21.4 0 0 0.6 0 0 1.4 0 14.8 0.2 0 0 0 0 0 41.8 0 0 0.6 0 0 0.2 24.2
0.2 0 1 0 0 0 0 0.4 0 10.2 0 1.4 0 0 0 0 0 0 0 0.2 0 14.6 0 17 0 0 9.4 0 8.6 0
6.2 19.2 0 0 0 0 0 9 6.4 0 0 16.2 0 0 0 0 4.2 0 26.6 0 0 14.6 0 0 0 0 14.8 0 0 1.8
0.4 0 0 7 0 9.6 0.2 0 0 3.6 9.8 0 5 0 1.8 0.8 0.2 18 0 0 0 0 55.4 9 0 0 13.2 0 0 2
0 0 0 0.2 0 0 6 0 0.2 0 0.4 0.2 0 0.4 0 10.2 0 0 0.8 0 0 3.8 11.4 0 26.4 2.4 0.8 0.2 0 61.6
0 6.8 0 0 0 0 0 0 0 0.4 0 0 0 0 0 0 0 6.4 0 0 0 4.8 0 5 0 0 0.6 0 0 0
0.8 2 34 0 0 0 0 0 0 0 0 0.2 6 0 0 0 0 0.2 0 0 0 5.2 0 31.6 0 0 18.4 0 8.6 0
0 0 0 0.8 0 0 0 0 1.4 0 1 0 4.2 0 0 4.2 9.4 0.4 0 0.6 0 0 0 3 14.2 7 0 0 0.6 7.2
0 10.2 3.2 0 0 0.2 0 0 0 0 0 28.8 0 0 0 0 0 0 4.8 0 0 10.2 0.2 0.2 0.2 0 0 10.4 0 15.6
3.4 7 0 20.8 7.8 8.6 43.4 0.2 0.4 0.8 18.6 13.2 0 12.8 0 12 0 11.4 8 5.2 0 23.4 13 0 14.8 0 0 2.6 4.2 15.4
0.6 15 1 0 17 7 0 0.4 0 8.2 22.6 0 0 66.6 31 1.8 18.6 1.8 0 2.6 14 40.8 0 0 12.4 0 0 3.2 0 0.2
16.8 10.4 0 0 0 0 0 0 0 7.4 0 1.6 0 0.2 0 23.8 0 0 19.8 0 0 0.4 0 0 20.4 0 0 0 0 0.2
7.8 3.4 7 22.4 15.8 39 46.8 6.4 44.8 1.2 56.6 0 0 6.4 14.8 35 25.8 15.2 0.4 2.6 0 0 11.6 23.6 0.2 48.2 0 0 9.2 10.6
0.8 0 0.2 0 0 0 0 0 0 27.4 0 0 0 0 0 0 0 0.2 0 0 0 0 0 0 0 0 0 0 12.4 0
0 15.4 0 8.4 3 6.4 0 18.8 1.2 0 16.6 20.2 0 36.6 58 0 17.2 3.2 0 0.4 60.4 0 14 4 48 11.4 1 7 1.2 20.6
0 0 0 0 0 0 0 0 0 15 0 0 5 0 0 0 0 0 0 0 0 0 0 0 0 0.2 0 0 17.8 0
1.2 0 13.4 3.6 0 0.4 0 0 36.8 0 0 0.2 0 0.2 0 0 0 15.2 31.8 0 3.6 3.6 0 8 0.4 6.8 15.4 0.4 0 0
0 4.2 28.4 30.6 0 30.2 74.4 32.6 71.6 16 18.4 14.4 7.2 0 0 68.4 14.8 21.8 0.2 2.2 0.2 0.4 22.6 2.8 0 44 0 13 51.6 0
0 0.2 0 0 4 0.2 26.2 0 4.2 25.8 0 0 0 0 0 5.6 40.2 0 0 0 0 0 0.8 0 0 3.2 0.2 0 23.8 51.6
30.6 22 15.6 29.6 0 13.8 0 13.2 19.6 0.2 48 35.2 0 53.6 40 18.8 0 0 52.4 42 44 0 21.4 0 39 0.2 0 26.6 0 34.2
0.8 4.4 0 0 0 0 0 0 0 0 0 0 0 0.2 0.4 0 0 0 22.2 0 0 0 0 5.8 0 0 6.2 0 0 0
1.4 0 0.4 0.2 26.6 2.2 0 46.4 36 0 58.4 30.4 5.4 45.4 74 18.2 0.4 0 18.6 67.8 46 0.2 35.6 0 0.4 31.8 7.2 11.6 15.4 74
0.2 0 0 9.8 39.6 2.4 0 37.2 18.6 10.8 10 0 0 34 43.2 23.2 47.8 0.2 0.2 13.6 15.4 8.6 0.2 12.8 24.6 0.4 0 10.2 0 40
0 0 0 12.6 0 27.4 14.8 0 0.4 0 0 0 0 0 0 7.6 0 0 0 6.4 0 0 25.4 0 0 0 0 0 0 25.4
0 0 0 0 0 22.6 15.6 0 0 0 0 0 0 0 0 0.4 0 0 0 6 0 0 0.8 0 0 4.4 0 0 0 73.2
0 0 0 0 0 13.2 0.2 0 0 0 0 0 0 0 0 0 0 0.2 0 0 6.2 0 0 7.4 0.2 4 0.2 0 3.4 0
42.6 10.4 0 0 0 0 0 27.2 0.4 11.8 0 16.2 0 1 0.2 0 5.6 1 27 4.4 4 10.2 38.4 0 19.8 0 10.2 10 12.6 0
0 0 0 0 0 0 0 0 0 14.4 0 0 4.8 0 0 0 0 0 0 0 0 0 0 0 0 0 0 0 55.8 0
0.2 9 0 0 0 0 0 0 0 0 0 11.6 0 0 0 0 0 2.2 21.6 0 0 35.4 0 0 0 0 0 0 0 0
35.8 11.4 0 3.8 18.8 14.6 4.6 2.2 0 13.6 0 0 0 43.6 36 0 0 0 0 29.8 8.2 0.2 0 0 42.8 0 0.2 0.2 12.2 0
0.6 0 0 0 0 0 0 11.8 0 0 7.8 0 0 0 0 0 0 0 0 0 0 22.8 0.4 2.2 0.6 0 0 0 0 7.8
0.4 6 0.4 0 0 0 0 0 0 9.4 0 9.2 0.6 0 0 0 0 0 27.8 0 0 7 0 11.4 0 0 21 0 26.8 0
0 0 0 0 0 0 0 0 0 0 0 0 0 0 0 0 0 0 0 0 0 0 0.4 0.2 0 0 0.2 0 24.2 0
0 0 0 0 0 0 0 0 30 0 36.8 0.2 0 0 0.2 27.8 0 0 0 0 0 3.8 0 8.6 0.4 6.2 9.4 11 0 2.6
0.4 0 0 0 0 0 0 0 0 2.2 0 0 4.4 0 0 0 0 0 0 0 0 0 0 0 0 0 0.2 0 22.8 0
0 3 0 0 0.2 0 0 0 0 0 0 0 0 0 0 0 0 0 0.2 0 0 17.6 0 25 0 0 14 0 0 0
13.2 26.4 0 9.2 14.4 0 0 0 2.8 0 27.4 22.6 0 22.6 38.8 0 16.2 0 19.6 24.4 26.6 40.6 2 0 12.6 0 0 0.2 0 16.4
0 0.2 0 0 0.2 0 0 0 0 16 5.6 0 0 35.8 34 0.2 0.2 0 0 10.4 19.2 0 0 0 18 0 0 0 12.2 0
0 0 0 0 0 0 0 0 0 0 0 0 0.4 0 0 0 0 0 0 0 0 0 0 0 0 0 0 0 42.6 0
0 3.4 0 0 0 0 0 0 0 28.6 0 0 0 0 0 0 0 0 0 0 0 0 0 0 0 0 0 0 44 0
0 4.8 14.4 0 0 0 0 0 0 25.4 0 0 0.2 0 0 0 0 0 0.2 5 0 0 0.4 7.4 0 0 14 0.2 0 0
0 0 0 17.8 0 4.2 11 0 0 0 0 0 0 0 0 0.6 0 0 0 0 0 0 0.2 6 0 0.4 0 0 0.2 34.6
0 0 6.4 10.2 0 6.8 3.2 4.6 0 0 2 0 0 0 5.6 5 0.2 10.4 8.4 0 0.2 1.6 33.8 8.8 6.2 7.4 12.4 0 3.6 27.2
20.8 0.8 4.8 0 0 0 16.2 4 1 23 5.4 4.8 11.4 3.4 0 9 0 0 0.2 0.8 0.4 4.4 18.2 0 0 0 3.6 0 26.8 2
77.2 0.6 0 0 0 0 0 0 0.2 0 0 22.4 5.2 0 0 0 0 2 30.2 3.8 0.2 0 31.6 0 0 0 0 0.2 3.2 26.2
0 0 10 8.8 0 15.6 25.4 2.6 0.2 0 0 0.2 0 0 0.2 0 0 0 0 41.2 0 0 31.4 0 0.2 0 0 0 0 0.2
0 18.2 0 16.6 0 13.8 0 0 15.6 0 20.2 52 0 0 41 0 8.6 10.8 10.6 0 15.8 28.6 0 0 17.2 3 7.8 23.6 30 1.6
0 0 0 0 0 0 0 0 0 0 0 3.2 0 0 0 0.2 0.4 0 0 0 0 39.2 0 0 0 0 0 0 0 0
0 0 0.2 0 0 3.8 0 0 4.6 0 0 3.8 0 0 0 20.8 0 9.6 7.4 0 0 18 13.2 15.6 0.6 0 0.2 0.2 0 0
0 0 0 17.8 0.2 1 0 0 7.4 0 0 0 0 0 0.2 24.2 20.4 7.4 0 0.2 1.8 0 0 0 0 24.6 0 2.8 0 0
0 0 0 0 12 0.4 8.4 0 16.8 0 0 0 0 0 0 19.8 8.8 0 0 0 0 0 1.8 12.8 0 6.6 6.6 0 0 0
0 0 0 0 0 4 0 0 0.2 0 2 0 0 0 13.2 0 0.2 4.8 0 0 0 0 2.8 0 7.8 0 0 0 0 0
0 18.6 1 13.4 14 17.4 32.8 0 28.8 0 0 0 0 32.8 9.8 0 16.6 0 0 0 43.4 0.2 1.6 7.6 35.8 0 6.4 0 0 35.8
0 0 0.2 0 0 0 0 0 0 33 0 0 9.4 0 0 0 0 0 0 0 0 0 0 0 0 0 0 0 31.4 0
0 0.2 0 0 0 0 0 0 0 24.4 0 0 0.2 0 23 0 0 0 0 0 0 0 0.6 0 0 0 0 0 0.6 0
0 0.6 0 0 25.8 0 16.6 0 42 3 34.6 0 0 10 8.8 4.6 42.8 7.4 33.2 0 14 7.4 0 3.4 25.6 11.2 0.8 0 0 17.2
0 0 0 0 0 0 0 0 0 5.8 0 0 0 0 0 0 0 0 0 0 0 0 0 0 0 0 0 0 29.2 0
42.8 34.4 0 0 38.8 0 0 27.8 0 28.2 19.4 26.8 8.2 63.8 79.6 1 7.2 0 36.2 80.2 54.2 17.6 36 0 42.4 0 16 1.8 18.6 0
0 0 0 0 0 0 0 0 0 0.2 0 0 0 0 0 0 0 0 0 0 0 9 0 24.2 0 0 7 6.6 16 0
0 0 0 0 2.8 0.2 0 0 0.2 0 0 0 0 0 0 0 0 0 0 0 0 0 0 7.6 1 0 8.2 0 0 0
0.2 0 0 0 0 0 0 0 0 12.6 0 0 0 0 0 0 0 0 0 0 0 0 0 0 0 0 0 0 11.2 0
0 0 0 0 0 0 0 0 0 23.6 0 0 0 0 0 0 0 0 0 0 0 5.4 0 0.4 0 0 0 0 18.6 0
0 0 0.6 0 0 0 0 8.8 0 8.6 2.8 0 0 0 26.8 0 0.4 0 0 16 5.4 0 26.2 5.2 0 14.4 0.6 1.2 0 0
11 0 4 0 0 0 0 0 3.8 0 0 0 0 0 0.2 0 0 0 0 0 0 0 15.6 13.2 0 0 13.2 0 0 0
22.4 8.4 0 0 0 0 0 12.4 0 20.8 1 0 0 0 0 0 0.2 0 14.8 8 0 0 0 0 13.8 0 0 0.2 0 3
0 0 0 0 0 7.4 31.2 0 0 0 10.8 0 0 0 0 14.2 0 0 8.8 0 0 0.8 13.6 3.4 0 0 7.8 0 0 4
0 0 3.8 0 0 0 0 0 0 0 0 0 0 0 0 0 0 0 0.2 0 0 0 0 11.8 0 0 11.2 0 9.8 0.2
0.2 0 4 0 0 0 0 0 0 23.8 0 0 0.4 0 0 0 0 0 0 0 0 0 0.4 0 0 0 0 0 7.2 0
0 12.2 0 0 0 0 0 0 0 23.4 0 29.2 0 0 0 0 0 0 14.2 0 0 54.8 0 0 0 0 4.2 3.6 1.4 0
0.6 0 0 0 0 0 0 0 0 3 0 0 5.2 0 0 0 0 0 0.6 0 0.4 0 1 0 3.2 0 0 0 7.4 22.6
0 0 0.6 0 0 0 0 0 0 10.8 0 0 0 0 0 0 0 0 0 0 0 0 0 0 0 0 0 0 10.6 0
0.4 3.6 2.4 15.4 0.2 17.2 0.2 28.2 21.8 8.8 21 26.4 4 0.4 3.6 34 11 2.6 0 0 0.2 17.8 16 20 48.4 0.6 12.6 29.8 12.2 2.2
24.2 11 0.6 0 0 0.2 0.4 6.8 0 14.8 17.2 8.4 13 9.2 47.2 0 0 0.4 25.4 59.8 45.8 26.4 0.6 7.4 22.4 3 2.4 27.8 48 17.6
0 0 0 0 0 0 0 0 0 0.8 0 0 4.6 0 0 0 0 0 0 0 0 0 0 0 0 0 0 0 29.6 0
0 0 0 0 0 0 0 0 0 2.2 0 0 8.6 0 0 0 0 0 0 0 0 0 0 0.2 0 0 0 0 30 0
4 0 0.6 0.4 9.8 17.4 0 0 2.8 0 0 0 0 7.6 0 15.2 17.4 8.4 0 0 0 0.2 0 0 0.4 0.2 0 1.2 0 42.4
0 0 0 0 0 0 0 0 0 0 0 0 9 0 0 0 0 0 0 0 0 0 0 0.6 0 0 0 0 19.4 0
0.4 0 7.2 0 0.4 0 0 0 0 0 0 16.6 0 0 0 0 0 0 33.6 0 0 2.6 0.2 7.4 0 0 16.6 0 0 0
0.2 9.2 8.6 1.4 10.4 92.2 53.8 0 81.4 10.6 71.2 7.4 0 17 6.8 7.4 34.6 0 0 0.2 0.2 1.4 7.8 0.8 33.4 39.8 11.4 0 0.2 41.6
0 0.2 0 0 7.2 0.8 0.2 0.2 0 0 18.8 4.4 0 0 0 0 9.8 0 11.6 0 27.8 24.8 0 0.8 19.4 0 0 12 11.4 8.6
0 0 0 0 0 0 3.4 0 1 7 0 0 0 0 0 1 0 0 0 0 0 0 15.6 0 0 0 0 0 0 0
0.6 0 0 0.4 1.6 13 6.8 0 0 1 0.2 0 3 0 0 15.4 0 0 0 0 0 0 20 6.6 0.2 7.4 0 0 1 17.8
2 0.6 4.6 0 0 0 0 0 0 20.8 0 0 1 0 0 0 0 0 0 0 0 0 0 0 0 0 0 0 0 0
0 0 0 12.4 0 2 7.2 0.6 0.2 0 18.2 0.2 0 0 0.2 0.8 0 0 0 0 0 0 20.2 7.6 0 0.2 0 0 0 0.2
2 7 0 0.2 0 0 0 0 0 0 0 31.4 0 0 0 0 0 0 18 0 0 1.6 0 0 0 0 32.4 0.4 0 0
8.8 0.6 0 16 0 23 12 27 0.2 0 0 2.6 0 15.2 44 0 0 0 9.4 3 19.6 0 0 23.8 44.8 2.2 17.4 4.6 0 3.8
0 9.8 0 0 0 0 0 0 0 38.6 0 17.2 0 0 0 0 0 0 10 3.2 8 39.2 0 0.2 0 0 0 5.6 0 0.2
15.4 6.8 17 0 0 25.2 11.8 5.2 4.2 0.6 13.2 15.6 0 0 6 0 0 0 0 12.8 6.2 5.8 30 0 0 6.4 5.2 3 0 9.6
0 0 0 0 0 0 0 0 7.4 0 0 0 0 0 0 12.6 0 0 0 0 2.4 0 17.8 2.6 8.2 0 7.6 0.2 3.2 0
22.6 3.8 0 0 0 0 0 7.8 0 0 0 13.2 0 0 1.8 0 0 0 2.6 0 6 17.6 0 0.2 4.2 4 0 0.2 0 0
0.2 0 0 0 0 0 0 0 0 0 13.6 0 0 0 0 0.8 0.2 0 0 7.2 0 0 5.8 0 0 0 0 0 8.2 0
17 11.2 0 0 0 0 0 0 0 40.4 0.2 12 0 0 0 0 0 0 0 0 0 39.4 0 0 0 0 5.4 0.4 0 0
7.2 0 0 0 0.2 0 0 0 6 15.4 8.4 0 0 0 0 0 6.4 0 0 0.2 4 0 0 0 0 0 0.2 0 0 0
3.8 0 0 0 0 0 0 0 0 29.2 0 0 0 0 0 0 0 0 0 0 0 0 0 0 0 0 0 0 5 0
1.8 0 5.6 0 0 11.4 16.6 2.6 0 0 0.4 1.2 0 1.2 0 0.6 6 5 0 2.6 6.6 3.4 0 0 5.8 0 1.6 7 0 4.6
12.8 24.4 0 0 0 0 0 0 0 0 0 21.4 0 0.2 0 0 0 0 0 0 0 56.8 0 0.2 0 0 0 0.2 0 0
0 0 0 0.8 1.6 0 9.8 0.2 0 7.2 0 0 0 0.2 0 0 8.4 0 0 1 0 0 11 1 9.6 0 0 0 5.2 0
0 0 0 0 0 0 0 0 0 27.6 0 0 0 0 0 0 0 0 0 0 0 0 0 0 0 0 0 0 0.4 0
0 0 0 0 0 0 0 0 0 7.4 0 0 0 0 0 0 0 0 0 0 0 0 0 0 0 0 0 0 24.6 0
0 0 2 13.4 0 7.2 11 0 0 0 0 0 0 0 0 7.2 8.6 0 0 0 0.2 0 0 0 0 3.6 0 4 0 1.8
0.4 0 0 0 0 0 0 0 0 50 0 0 3.6 0 0 0 0 0 0 0 0 0 0.2 0.4 0 0 0 0 13.4 0
1.6 7.4 0.2 0.2 2.6 0 0 0.2 0 0 27.8 20.8 0 15.4 0 0 42.2 0.2 28.8 2.2 30.2 10.6 0 0.4 8.4 0 30.6 0 39 0.2
1 0 0 0 0 0 0 0 0 0 6.4 0 0 0 0.8 0 19.2 0 0 1.8 0 0 15.2 5.8 3.8 0 0 0 0 0
18.8 0.4 3.6 0 0 0 0 0 0 0 0 0.8 13 0 0 0 0 0 0 0 0 0 0 12.4 0 0.2 5 0 25.8 0
0 0 0 12.8 0 9.8 0 11.4 0 26.4 0.2 0 1.4 0 5.4 0 0 14.8 0 0.2 0 0 17.8 0 0 0 25.4 0 4.2 51.2
30.4 17.6 0 15.4 5.6 2.4 15.2 12 8 20.4 40.6 21.8 0 16.2 28.4 0 23 0 1.6 0 0 55.6 21.2 0.2 64.2 0 6.6 6.8 9.8 13
0 0 0 0 0 0 0 0 0 4.6 0 0 4.8 0 0 0 0 0 0 0 0 0 0 0 0 0 0 0 51.6 0
0.2 0 0 0 0 0.4 0 13 15.6 0 0 0 0 0 8 12.4 0 7.8 6 0 11.8 0 0 0 40.4 0 0 1.4 0 0
7.4 19.8 15.6 0 0 0 0 0 0 24.2 0 52.6 19.4 0 0 0 0 19.6 22.8 0.8 0 50.6 0 2.8 0 0 30.2 21.4 25.8 0
0 0 0 0 0 0 0 0 0 0 0.2 15.4 0 0 0 0 0 0 0.8 0 0 16 0.2 0 0.4 0 0 0 0 17
11.6 0 0 0 0 0 0 0 0.2 7 0 0 0 0.2 19.4 0.8 6 0 0 0 0 2.8 1.4 0 24 0 0 0 0.6 0
0 0 26.2 13 0 21.6 24 17.2 34.2 0 37 0 0 0 0 1.4 34 36.4 0.2 27.2 26 9.4 0 46.2 0 13.6 6.8 11.8 0 38.8
0 0 5 12 0 4 0 1.2 0 0 17.2 0 0 0 0.2 6 0.2 6.6 0.4 2.8 0 6.6 3.2 21.2 3.8 5.6 0.8 4 0.2 0
5.2 11.2 0 0 0 0 0 3.2 0 14.6 0.6 13.4 4.2 17.4 31.4 0 0 0 0 0 0 26.8 0 2.4 7.8 0 0.2 10 5.6 0
0 0 0 0 0 9.6 7.8 0.2 0 0 0 0 0 0 0 2.2 26.6 15.4 0 0 4.8 0 0.2 3.6 14.4 0.2 0 0 0 0
0 2.8 0 0 1 0 1 0.6 2.8 3 0 13.4 0 7.4 2.2 3.6 27.6 0 0 11.6 0.6 8.8 0 0 65 10.2 0 0 0 34.4
0.2 0.2 1.6 23.8 10.6 0 38.2 0 11.4 0 0 0.6 0 0 0.2 54.4 0.2 30.6 15.4 0 0.4 28.4 0 0 25.8 4.2 17 8.4 2.4 38
23.4 0 0 0 0 0 0 0 0 0.2 0 19.8 2.6 0 0 0 0 0 0.2 0 0 10 0 0 0 0 0.2 1 16.6 0
0 0 0 0 0 0 0 0 0 6 0 0 0 0 0 0 0 5 0 0 0 0 0 0 0 0 0 0 47 0
3.2 0 13.4 0.2 0 0 0 0 0 0.2 0 0 0.2 0 0 0 0 7.2 0.2 0 0 0 0 13.6 0 0 0 3.8 12 0
0.6 6.8 0 0.2 3.8 0 0 0 0 20.2 1.6 18.2 3 12.4 19.4 0 8.6 0 12.2 0.2 19 7.6 0.2 4 20.4 0 0 13.6 11 0
0 0 0 19.8 26.6 20.2 19 25.2 16.6 0 75.6 0.4 0 27.2 47.8 28.8 7.2 9.4 0.6 3.6 9.6 3.4 19.4 22 0 35.4 0.4 1.8 0 7
28.8 3.4 0 0.2 12.6 0 0 0.2 5.6 0.4 0 19 6.2 0.6 8.4 3 0.2 2 0 5.2 2.2 9.8 4.4 9 1.6 13.6 0 0 0.6 21
0 0 6.2 0 0 15.4 0.2 0 11.2 0 0 0 0.6 3 0 0.2 0 0.4 7.8 0 17 0 0 0.2 0.8 0 0.4 0.8 8.6 0.2
0.2 0 0 9.2 0 0 1.4 16.8 0 31 0 0 5.4 0 60.2 0.6 0 0 0 21.2 0 0 0 0 36.4 0.4 4 0 38.4 2.8
0 0 0 22.6 0.6 0 0 17.2 0 2.4 50.8 0.6 0 0.8 16 0 0.4 0 9 21.8 0 5.4 46.6 0.2 0.4 0 0 6.6 0 46.6
0 0.2 1.4 0 0 0 0 0 0 5.6 0 0 0 0 0 0 0 0 9.6 0 0 0.2 0.2 20.2 0 0 18.4 0 2.2 0
5.2 27.6 0 22.6 49.2 0 6 2.6 0 10.8 0.6 22 0 82.8 59 8 18.6 0 0 33.8 12.6 28.2 0 4.2 27.6 0 0 0.2 1.2 0.2
5.8 3.6 15.4 5.8 0.2 22 13.6 29.2 27.4 19.6 42.6 20 3 18.6 15 0 10.4 26.4 0.6 59.6 7.8 0.4 40 3.6 18.8 23.8 29.4 6.6 23.8 1
0 0 0 0 0 0.2 9 0.2 0.2 0 0 0 0 0 0 0 0 0 0 0 0 0.2 0.4 3.6 4.2 0 0.4 0 0 0.6
23.2 5.2 3.2 0 0 0 0 0.2 0 16 0 14.4 0 0 0 0 0 0 11.8 0 0 0 0 0.2 0 0 0.8 0 0 0
0 0 5.6 0 0 0 4.6 0 0 8.4 0 0 4.6 0 0 3.8 0 6.4 0 0 0 0 0 5.2 9.2 0 0 2 25.8 0.4
0 1 0 0 0 0 0 0 0 23 0 0 0 0 0 0 0 0 0 0 0 0 0 0 0 0 0 0 11 0
0.2 0 1 0 0 0 0 0 0 24.4 0 0 12.4 0 0 0 0 0 0 0 0 0 0 0 0 0 0 0 39 0
5.4 16.8 0 17 0 15.2 0 1.4 8.6 11.4 21.2 15 0 6 24.6 13 8 14.8 0 0.2 17.8 20.2 13.6 9 32.6 0.8 19 14.4 0 9
0 0 2.2 0 0 31.2 13 0 0 0 0 0 0 3.8 0 0 0 0 0 0 0 0 0 0 31.2 0.2 0.8 1.6 0 0
0.2 0 12.8 0 0 0 0 0 0 1.8 0 0 9 0 0 0 0 0.4 0 0 0 0 0 16.8 0 0 0 0 10 0
0 4.8 0 35 15 10.8 6.2 0 0 1.8 45 0 0 15.6 24.8 0 0 0 0 11.2 0 16.2 6.6 0 56.6 0 0 0.2 0 7.2
6.8 0 0 0 0.2 0 0 0 0 7.4 0 0.2 5 0 0.8 0 6.4 0 0 0 0 0 0 11.2 0 0 0 0 3.8 5.2
0 0 0 7.2 0 0.2 0 0 0 0 0 0 0 0 0 17.6 0 0 0 0 0 0 0 0.6 0.2 0 0.2 0 0 0
17 0 0 0 0 1.8 0 0.2 0 0.2 33.6 0 0 0 10.2 9.4 11.6 0 14 10.8 0 13.2 47 3.2 21.2 7.2 0.2 12 1.6 34.6
14.2 0 0 0 0.2 12.2 7.2 0 11.4 8.2 6.8 0 3.2 0 0 38 0.2 16.2 9.6 0 0 0 63.6 16.2 15.6 0 27.2 0 2.6 2.4
0 0 0 16.6 0.2 0 0 0 0.2 0 0 0 0 0.2 16 3.8 12.2 0.8 0 0 0 0 11.8 0 34.4 0 0 0 4.4 57.4
6.4 0.2 11.8 0 0.8 0 0.4 0.2 1.4 0 44.8 25.4 0 1.8 0 0 0 0 14.6 13.2 13.6 0.4 15.6 5.4 44.6 0 1.4 0 0 9
13 0.2 0 0 0 0 0 17.8 0 0 0 0.4 0 6.4 39 0 0 0 0 17.4 1.2 0 0 0 16.2 0 0 0 0 0.4
0 0 0 0 0 25.6 0 17.8 0 0 0.2 0 0 0 0 0 0 0 7 0 0 0 4.8 0.6 0 10.6 0 0 0 5.4
0 0 0 0 0 5 0 0 0 0 6.6 0 0 0 0 0 0 0 0 0 0 4 0 0 0 0 4 0 8 10.4
6.6 0 0 0 0 0 0 0 0 0 0 0 0 0 0 0 0 0 0 0 0 0 0 0.2 0 0 0 0 38.2 0
5.8 0 15.4 0 0 7.2 0 60.2 0 0 23.2 0 0 27.8 6 0 0.4 0 1.2 16.6 0 3.8 33.6 1.6 15.8 0 0 0 9.4 0
20.6 12.6 0 0 19.2 0.2 0 4.4 8.2 5 52 32.4 0 74.6 54.6 0 13.2 0.2 20.2 45.2 48 22.2 12.8 0 48.2 4 10.4 10.2 15.6 0
1.6 12.6 0 0 0 0 0 6.8 0 20 7.6 6.8 0 0 4.6 0 3.6 0 37.8 0 0 22.2 0 0.2 0.8 0 0 5.2 0 22.2
4 0.2 4.6 2.2 10.2 0 0 7.4 8.8 37.4 56.8 0.8 0 14.6 1.4 10 17.2 9.6 0.4 3 15.6 0 0 0 0.4 8 0.2 11.2 0 0
0 0 0 0 17.6 0 18.2 7 0 1.6 0 0 0 0 0 0.2 0 0 3.8 0 0 0.4 0 0 0.2 0 0 0 0.4 0.6
0 0 0 0.2 0 0 3.8 23.4 0 0 0.4 0.2 0 0 0 0 0 0 0 0 0 4 15 13.8 0 0 13 0 0.2 3
0.4 0.8 0.4 0 0 0 0 0 0 0 0 6.2 0 0 0 0 0 0 13 0 0 0.6 0 20.8 0 0 39.8 0 0 0
0 0 0 0.6 0 4.2 0 0 0 0 6.2 0 0 0 0 0 1.6 0 0.2 0 1.2 0 6.6 1 2.2 0 2.4 0 19.4 0.4
0 0 0 0 0 0 0 0 0 4.8 0 0 4.2 0 0 0 0 0 0 0 0 0 0 0 0 0 0 0 26 0
0 9.2 0 10 23.6 0 11 0.2 0 0.4 11 3.4 0 24.8 0.2 0 52.8 0 0 0 0 4 27.4 9.2 30.6 0 0 0 0.2 0
0 0 0 0 0 0 0 0 0 0 0 0 0 0 0 0 0 0 0 0 0 37 0 0 0 0 0 4 0 0
0 0 0 0 0 18 7.2 8 15.6 0 7 1 0 0 0 30 0 7.4 0.2 0.2 0 0 0 5.2 0 0 0 0.2 14.8 65.2
0 0 10.2 16.8 10 0 16 0 0 0 16.6 0 0 0 0 23.6 0.2 9.4 4.2 0 5.2 0 0.2 8.8 39.6 14 0 0 7.2 0
0.2 0.6 4.4 26 16.8 89.8 74.2 0 44 17.4 35.4 21.2 11.6 28.8 18.6 37 46.8 20 1.6 0.2 0 1.2 0 1.6 7.4 35.4 16.2 0 15 57.6
0 0 0 31 0 0 30.2 0 14 0.2 0 0 4.2 0.2 0 24.6 10 0.8 0 4 11.2 0 0 16.4 5 7.6 0.2 0 8.4 23
16.2 0.2 4 0 9.2 0.2 27 0.2 0 1 38.4 11.8 0 0 0 11.4 25.8 2.8 3.2 0 0.2 11.6 10.8 10.8 9.2 0 0 1.4 0 0.6
0 0 0 24.2 0 0.4 23.2 0 0.2 0 0 0 0 0 0.2 1 9.4 0 0 0 0 0 13.8 0 15.6 0 0 0 0 0
15 0 0 0 0 0 0 0 0 0 0 3.2 0 0 0 0 0 0 0.8 0 0 22.2 0 0 0 0 4.8 4 0 0
0.2 0 13.2 21.4 0 73.4 41 0 24.6 0 0 0 4 0 0.2 30.4 0.4 0.2 6.4 0 0 0 45.8 0.2 0 32.8 0 0 10.4 11.4
0.2 0.2 0 0 0 0 0 0 0 11.6 0 0 0.4 0 0 0 0 0 0 0 0 0 0 0 0 0 0 0 23.6 0
0 0 0 0 0 0 0 0 0 17.4 0 0 2.2 0 0 0 0 0 0 0 0 0 0 0 0 0 0 0 19.4 0
0 0.4 5 0.2 0 0 0 0 0 0 0 0 5 0 0 0 0 0 0 0 0 12 0 0 0 0 0 9.2 10.2 0
0 0 13.4 0.2 3.8 0 0.2 0 0.8 0 27.8 0 0 0 0 21.8 0.6 13.2 0 0 0 1 0.2 19.6 14.2 0 7.4 10.6 0 0.2
0 19.6 14.2 0 9.6 18 0 4.2 32.4 0 27.8 22.2 6.2 5.2 38 8.4 0 0 56.8 34.4 57 2.4 3.8 0 30.4 7.2 0.2 9 4.2 23.8
8.6 2.4 0 0 8.8 0 0 0 0 0 0 0 0 8.8 0 0 0 0 0 0 0 0.2 0 0 0.2 0 0 0 0 0
24.2 4.4 4.6 0 5.8 0 0 20.8 4.4 0 12 0 0 31.4 25 0 9.4 0.2 19.4 49 27 0.2 0 0 0.2 0.8 4 0 0 0.2
10.4 0 4 0 0 0 0 0 0 0 0 0 0 0 0 0 1.6 0 14.8 0 0 0 0 0 0 8.8 0 0 5.2 0.2
12.4 0 4.4 9 0 17.6 0 0 0 0 0 14.2 0 0 0 0 0 0 9.2 0 0 0 23.6 0 0.6 0 0.4 0 0 41.6
23.2 2.6 0 0 0.2 0.2 0 0 0 1 14.8 24.6 0 0 24.6 8.8 0 26 15.2 0.2 12.4 17.2 51.4 2.2 40.2 3.6 0 0.4 0.2 19
13.2 0 21 0.2 3.6 0.2 5.2 2 5.2 18 0 13 0 2.6 4 0.2 32.4 0.2 10 0 0 0 41.4 0 0 0 8.4 0 0.4 31.8
24.6 0.2 0 9 11.6 6.4 0 0 0 0 0 10.8 0 0 0 0 0 0 33.2 0 0 4.8 11.6 0 15.4 0 0 0 0 0.4
0.2 0 0 0 0 0 0 0 0 1.4 0 1.2 0 0 0 0 0 0 0 0 0 10 0 24.2 0 0 6 0 0 0
6.8 0 0 14.4 0.2 0 0.8 0.2 7.4 4.8 0 0 0 0.2 0 0 26.6 0 0.2 3 0 12.8 12.2 0.2 44.4 0 0 0 0 30.8
0.2 7.6 0 13.4 43.8 11 0.4 0 0 8.8 0 0 0 10.2 17.4 0 47 0 0.2 21.6 5.8 3.2 0 0 0 0 0 0 0 26.4
21.2 7.6 0 0 0 0 0 0 0 4.6 0 0 0 0 0 0 0 0 13.6 49.8 0 0 0 0.2 0 0 0 0 0 0
7.4 26.2 0 0.2 0 0 0 0 12.8 0 0 42.2 0 48.6 75.8 0 0 5.4 0 26.2 12.2 42.2 1 0 26.2 0 0 31.4 0 0.2
0.2 0 0 0 0 0 0 0 7.2 0 0 0 11.4 0.2 0 7.2 0 12.4 19.2 0 0 0.4 0 19.4 0 0 11.4 0 9 0
0 0 0 0 0 0 0 0 0 27.4 0 0 0 0 0 0 0 0 0 0 0 0 0 0 0 0 0 0 29.6 0
0 0 0 0 0 0 0 0 0 0 2 0 0 0 0 0 0.2 0 18.8 0 3.8 0 37.6 0 0.4 0 0 0.2 12 0
0 0 0 0 0 0 0 0 0 16.2 0 0 10 0 0 0 0 0 0 0 0 0 0 0 0 0 0 0 20.8 0
0 8.6 0 0 0 0 0 0 0 32 0 0 9.2 0 0 0 0 0 0.4 0 0 8.2 0 0 0 0 0 0 11.6 0
8.4 17.8 0.2 0 23.8 0 0 22.6 17.8 15.6 21.4 0 0 22.8 4.4 14.4 9.2 0 2 13.6 18.8 11.6 0 0.2 0 0 0.4 18.6 0.4 0
1 0 0 26.6 35.8 6.2 25.8 0 0 13.8 0 0 2.6 0 0.4 22.8 23.2 0.2 0 0 0 6.2 0 0.6 0 0 0 0 9.6 80.2
0.6 1.6 15 0 0.2 32.2 0 9.8 13.4 0 15 0 0 0 5 11.2 0 0 9.6 33.6 14.8 0 5.2 0 24.2 43.6 0.2 0 6.8 0
21 10.2 0 0 0 0 0 0 0 0.4 0 0 0 0.4 0 0 0 0 0 0 0 26.6 0 0 0 0 0 7.4 0 0
0 0 0 0 0 0 0 0 0 0 0 0 2 0 0 0 0 0 0 0 0 0 0.2 3.8 0 0 10 0 8 0
20.6 0 7.4 0.2 0.4 6.8 18 62.2 0 0 0.6 0.2 0 2.8 45.2 0.2 0.4 0 0 24.2 54.2 0.8 4.2 0 29.2 11 0.2 3.8 0 12.4
23.2 22 6.2 14.6 17.2 44.2 0 27 21.2 2.6 11.2 0.2 0 44.4 40.4 0.2 0 0 10.2 41.4 34.4 0.4 2.6 0 0 0.6 18.2 0 0 57.6
0 0 1 30.6 14.6 73.8 38.4 2.4 27.4 0 0 0 0 6.4 20.2 54.6 0.2 2.8 6 22.4 36.8 0.6 42.6 6.6 0 24.6 38.8 0.2 15 30
5.2 13.8 0 0 0 0 0 6.2 56.4 13.6 0 12.2 0 17 14.8 0 0 5.2 0 56.4 28 18.2 0 3 0.2 17 19.6 2 0.2 0
0 0 0 0 22.4 24.2 44.2 0 46.6 0 39 0 0 18.8 4.6 12.2 36.6 10 25.8 0 9 20.4 36 1.8 0.4 7.2 0 13.6 35.8 9.4
0 0 0 17.2 0 0 6.2 6.6 0 2.6 15 0 0 0.2 0 0 0 0 0 0 0 0 37 0 0 0.2 0 0 0 0
0 0 0 0 0 0 0 0 0 0 0 0 7.4 0 0 0 0 0 0 0 0 0 0 0 0 0 0 0 30.6 0
5 1.4 4.6 0 0 1 5 0 0 1.4 0 0 0 0 0 0.2 0 0 17 0 0 57.4 0.2 0.2 27 0 10 0.6 0 0
0.4 0.4 0 8 16.6 0 0 0 0 2.6 0 0.2 0 14 16.4 0 0 0 0 0 0 18.8 0.2 0 51.8 0 0 0 0 19.6
42.2 10 24.6 20.6 52.4 0 0 63.6 0.2 0 45 48.6 2.2 73.4 95.8 19.2 8.8 19.4 0.2 73.2 69.6 0.8 35.2 0 14 0 0 8 43.2 47.8
0 0 3.4 0 0 0 0 0 0 4.8 0 32 0 0 0 0 0 0 3.8 0 0 29.2 0 10.2 0.2 0 0.4 8.8 4.2 0
0 0 0 0 0 0.6 8.4 0 0 0.8 0.2 0 0 0.4 0 0 0 0 0 0.2 0 0.2 0 0.2 0.2 0 0 0 20.6 16.2
0.2 28.2 10 0.2 27.4 64.2 7.4 39 31.2 0 0 51.6 3.8 64 63.2 0 0 24.8 24.4 41.2 70.6 11 12.8 0 20.8 15.8 23 6.2 0 0
0 6.4 0 25.2 32.2 0.4 6.2 10.4 0 8.6 43.6 10.6 5 46.4 55 1.2 0 0 15.4 19.2 29.4 41.8 2 0 7 10.6 0 0 8.6 0.8
0 0 0 0 0 0 0 0 0 17.2 0 0 0 0 0 0 0 0 0 0 0 0 0 0 0 0 0 0 9.8 0
0 0 0 0 0 0 0 0 0 15.6 0 0 6.6 0 0 0 0 0 0 0 0 0 0 0 0 0 0 0 20.6 0
1 4.2 2 0 10.2 0.4 1.4 0.6 11.8 0 0 5.2 0 0 0 0 0 0 0 0 0 6.2 7.8 0 11.2 0 9.8 0 0 33.2
0 0.2 0 0 0 0 0 0 0 17.8 0 0 17 0 0 0 0 0 0 0 0 0 0 0 0 0 0 0.2 30.8 0
0.8 0 0 0 0 9.6 0.2 0 0.4 0 5.2 1.8 0 0 0 0 0 0 17.6 1.2 0 0 0 0 0 0 5.2 0 23 0
0 3.6 8.2 0 48.2 25.4 0 6.6 12.8 38.2 0 8.6 0 32.4 22.8 8.4 20.8 32 21.4 23.6 44.4 0 0 18.2 50.4 6.6 11 0 16.6 2.8
22 12.8 0 0 0 1.8 0 19.6 0 0 0.2 2.4 0 0 0 0 0 0 27.2 12.4 0 0 22.8 0 5 0 0 0 19.6 1.2
0 0 0.2 15 0 0 0 1.2 0 0.4 26.2 0 14.4 0 1.6 1 19 0 1.2 0 0 9 14.4 11.2 0 0 6 0 10.2 0
0 8.4 0 0 0 0.2 0 0.2 0 0 0 17.8 0 0 3.8 0 0 0 10.6 0 0 3.8 0 0 0 0 0.2 0 0 0
0 11.4 0 2.6 34.6 0 0 0 0 0 0.2 3.8 0 18.6 30.6 0.4 29.8 0 3.8 5 0 14.8 0 0 35.6 0 0 0 0 41.8
4.2 3 1 0.6 25.8 0 0 60.4 12.2 0 17.8 33.6 0 57.6 46.4 0 0 0.2 1.2 44.6 80.4 11.2 0 0 2.2 13 15 0.2 0 17.4
15.6 0 14 2.4 0.2 12.8 48 0.2 0 0.2 0 0 0.2 0 0.6 24.2 3.8 15.4 31.8 0 0 0 27.6 19 46.4 7 0.6 0 0.6 21.4
11.8 13.2 13.2 0 27.6 37.8 35.8 31 7.8 0.8 34.2 3 0 16.8 37 0 37.4 2.6 6.8 37.2 21.8 11 29.6 0.2 31.6 38 9.8 7 6.4 0.6
46.2 14.8 9 0 0 0 1.6 0 0.2 8 0 49 0 0.4 0 0.2 0 0 14.4 0 0 7.8 16 0 0 0 22 0.2 36.2 0
0.4 1 0 0.2 55.6 15.6 19 1.2 21 0 42.8 6.8 0 40.2 29.6 0.6 37.4 5.8 0 10.4 50.4 2.6 0 0 13.8 2.6 0 0 0 45
0 0.2 13.4 0 0 7 18.4 0.4 24.6 5.2 0 14.2 1.4 0 0 44.2 0 6.4 9.2 0 0.2 20.4 41 8.6 0.2 0 24.4 18 15 26.6
16.6 4.4 0 0 13.4 1.6 0 16.6 7.2 10.4 16.6 21.2 0.2 1.4 0.8 0.6 22.2 21.2 16.6 18.8 5 0 25 19 27 0 15 0 17 45.2
0 2.8 4.2 15.4 31.2 23 0.2 0 8.6 5 11.4 0.6 0 15 0 0.2 19 0 0 0 0 0.4 0 2.8 3.2 0.6 0 9.2 4.6 27.6
0.8 10.8 1.2 0 9 25.4 17.4 17.2 26.8 0.2 9.8 0 3 0 7.4 32.4 21.4 35.8 0.6 0 32 7.8 0.2 20 20.4 4.2 25 13.2 22 66
1.2 0 0 0 0 0 0 0 0 22.8 0 0 0 0 0 0 0 0 0 0 0 0.6 0 5.4 0 0 0 0 0 0
19.4 10 0 0.8 20 9.4 23.8 14.8 0.2 0.2 11.4 22.4 0 8.2 47.4 0 21.8 0 0.4 19 38 9.4 29.4 5.6 70.8 0 0 0 0.2 45.4
0 0 0 0 0 0 0 0 0 22.4 0 0 0 0 0 0 0 0 0 0 0 0 0 0.4 0 0 0 0 3.2 0
19 13.6 4 0 20 34.8 24.6 61.4 0 8.6 47.2 21.2 7.6 46.4 68.6 19 8.2 5.6 63.2 58.4 91 0.4 0.2 9.8 19.2 14.6 24.6 8.8 0 0
12.8 0 0 0 0 0 0 0 0 9.6 0 0.2 2 0 0 0 0 0 0 0 0 0 0 9.2 0 0 0 0 9.2 0
12 0 8.4 17.2 0 30.8 0.4 20 1.4 0 9 0 9 1 6.6 49.4 22.2 20 0 0 2.4 4 45 1 19.6 0 0 0.2 11.8 37.6
0 0.2 0 0 0 0 0 0 0.2 0 0 7.2 0.2 0 0 0 0 0.2 11.2 0 0 0 0 26.2 0 0 19.2 0 6.4 0
0 0 1.8 0 18.2 18.4 0 7.6 14.8 1.2 0 0 0 12.6 16 2.8 1 6.4 0 5.8 0 0 0 0.4 20.8 0 0 1.2 7.4 90.6
10 3.2 15.2 56.2 13.6 77 41.4 0.2 50 0 40 24.2 0 23.2 24.8 48 36.6 4 0 46 14.4 0.2 0 10.4 23.8 56.6 24.2 11.6 0 1.2
0 0 0 0 0 0 0 0 0 10.6 0 0 5 0 0 0 0 0 0 0 0 0 0 0 0 0 0 0 12.4 0
4.2 0 13 0 0 0 0 3.8 0 0 0 0 0 0 0 0 0 0.4 0.4 0 0 22.6 0 23.6 0 0 1 0 0 0
0 0.2 0 29.8 54.6 2.6 47 5.4 12.8 15.2 1.2 0 4 57.6 75.6 22.2 20.8 0 0.2 12.8 41.6 27.6 0 0 69.4 27.8 0 0 10.4 21.2
0 0 0 38.4 0 68.4 59.8 6.8 29.6 0 0 0 5 0.2 0 58.4 21.8 11.8 0 7 0.4 0 0 0.8 1.2 18 6.8 0 0 59.6
8.8 0 0 27 16.6 47.6 34.2 0 9.2 0.4 25.2 3.2 0 30.8 31.6 0.4 33.8 0 0 30.4 3 2 9.2 0 5.6 4.2 0 0 0 60.6
12 15.2 3.2 0 22.6 0 0 8.8 0 11.6 20.4 10.4 0 65 28 0 21 0.6 58.2 9.4 50.2 20.8 3.2 0 0 0 0 18.2 5.2 0
0 0 0.4 0 0 0.4 0.4 0 0 0 11.2 0 5.8 0 0 14.4 0 0 0 1.6 0 0 61.8 14.4 14.4 10.4 0.2 0 6.8 27.8
0 0 0 17.6 0 0 2.4 0 18.2 4.4 20.6 0 0 0 0 0 9.6 0.4 0 0 0 4.2 0 17.4 0 0 0 0 0 20.2
0 0 0 0 0 0 0 0 0 16.6 0 0 0 0 0 0 0 0 0 0 0 0 0 0 0 0 0 0 18.4 0
0 5.4 0 0 17 33.6 28.6 0 16.4 1.6 22.4 0.6 4 4.8 10.8 0.4 35.8 0 3 0.2 45.2 19.8 2.6 14.6 0 4.6 1.8 0 17 0.8
0 4 0 0 0 0 0 0 0 15.6 0 0 0 0 0 0 0 0 0 0 0 0 0 0 0 0 0 0 8.4 0
34 1.8 4.6 0 7.8 0 0 35.6 0 5 1 26.4 0 33.8 52.2 0 0 0 1 15.4 24.4 0 0 0 18.2 0 0 16.6 0.2 0
0 0 1.6 30.2 0 0 32 0.2 26.2 0 0 3.2 0 0 0 32.6 4 19.8 0 0.4 0 0 0 6.4 0 0 0.6 0 0 34.8
0 0 0 10.4 0.2 12.8 0 0 0.8 0 0.4 0 0 0 0 0 0 0 0.2 0.2 0 0 32.2 0 0.2 6.8 0 3.8 9.6 21.4
2.8 0 0 5.2 0 0 0 13 0 12.2 11.8 1.2 4.6 0 0 0.4 8.6 0 32 0 0 1 39.8 15 0 0 14.2 0 0 0.2
12.2 4.2 0 0 0 0 0 0 0 20.8 0.4 0 0 0 0 0 0 0 5.2 0 0 9.4 0 10.8 0 0 0 0 0 0
0.2 0 1 53.8 11.6 47.6 53.4 0 0 0 0 0 5.8 2.4 2 3.4 10 0 0 2 0 0.2 0 3.8 0 0.6 8.6 0 7 15.6
0 0 0 6.4 7.4 21.2 28.6 0.2 0 0 13 0 0 22.6 8.2 6.4 18.2 0 0 45.2 8.4 0.2 0.6 0 24.4 4.8 0 0 0 42.2
0 1 12.8 6.8 7.2 49.4 15.4 27.2 16 0 24 0.2 5 0 11.2 32 10 20 9.8 9 17.2 4.4 15.6 0 0 15.4 10.2 5.4 9.4 32.4
0 6.2 0 27.4 1.6 5.6 46 7 2.4 24 46.4 27.2 2 15.6 40.4 0.6 15.4 0 0 27.8 8.2 12.6 0 2 4.4 0.6 0 1.6 19.2 50.8
0 0 0 0 0 0 0 3.8 0 8.8 0.8 8.6 0 0.8 0 15.8 0 0 0 0 0 7 11 25.6 3.4 0.4 0.8 0 10 2.2
0.2 0 0 0.2 26 0 0 0 25.6 0 33 0.2 0 42 0 0 51.4 0.6 21.2 0 18 0 2 13 49.4 0 0.2 0 0 0
0 0 0 16.6 0 23.6 0 0 2.6 0 5 0 7.8 0 0 0 11.4 8.8 0.2 0.2 0 0 18 0 0.6 8.4 5.8 0 0 0
11 13.4 0 0 0.2 0 0 20 0 23.8 18 46.8 0 8 41.8 0 0 0 12.4 13.4 0.4 6.4 0 0 40.6 0 0 14 9.8 0
0 0 0 0.6 0 0 0 0 0.8 9.6 0 3.2 0 6.2 0 0.2 0.2 0 0 0 0 0 0.4 0.6 14.2 0 0 0.2 10.4 0.4
15.4 0.2 25 16.2 0.2 41.4 11 0 22.4 6.8 34 0 0 9.4 10.4 27.2 4.6 30.2 0 4.2 11.8 16.8 0 12 0.2 27.2 36.6 0 27.2 11.6
7.8 0 0.4 0 0 0 0 0 0 6.8 0 0 0.4 0 0 0 0 0 0 0 0 0 0 0 0 0 0 0 15.6 0
0 8 10.6 0 0 0.6 0 0 0 0 0.2 19.8 0 8.8 9 0 0 3.6 11.8 5 28.2 0 0 0 23.4 0 0 0 0 0
0 0 0 8.6 0 0 0 0 0 0 0 3.4 0 5.4 11.2 0 0 0 4.6 0 0.6 9.8 0 0.4 0 0 0 5 0 0
0 0 0 0.6 0 17.4 37 0 9.2 0 0 0 0 0 0 27.4 0 0.2 0.4 0.2 0 0 0.6 0 3.4 6.6 0.2 0 5 22.8
0 21 0 14.6 0 36.6 36.6 0 7.2 0 16.2 0 0 10.2 25.6 25.2 7.2 0 2.2 7 18.8 7.6 61.4 0 6.8 20 1 0 9.6 40.2
0 0 0 0 0.4 0 0.2 0 0 0 0 0 0 15.8 0 0 0 0 0 0 0 0 1.4 0 0 0 0 0 0 54.2
0.2 0 0 0 0 0 0 0 0 26.2 0 0 9.6 0 0 0 0 0 0 0 0 0 0 0 0 0 0 0 0 0
0 1 15 0.8 7.8 19 9.8 1.4 9.8 0 0.6 15.2 0.4 0 3.6 6.2 0.2 1 33.2 0 7.4 0.4 26.6 0 1.4 19.4 24.4 9.8 0 31.6
1.8 0 0.2 23.8 7 16.6 2.4 0 26.6 0.2 19.6 19.2 0 0.8 6.8 10.2 3.4 16.6 0 4.6 6.6 0.4 18.6 19.4 43.6 14 12.8 9 2 32.8
2.8 3.4 7.2 0 0 19.6 0 1.6 26.2 0.4 0.4 10.8 0 0 12.8 15.2 19.4 0 22.4 10.6 5.6 22.6 4.6 0 11 0.4 21.8 0.4 32.2 42.6
3.6 12.6 17.6 0 0 0 7 1.6 32.8 4.4 35.2 0 0 7.4 10 0 11 11.8 39.6 2.6 11 22.6 0 10.4 33 14 21.4 9.6 35.2 0.6
0.2 0 0 2.6 5.4 0 7.8 22.4 6.6 12.8 1.4 6.2 0 13.4 21.8 4.4 3 0.2 0.6 13 19 8 0 0.2 25 0 0 14.8 0 0.2
16.6 5.4 0.2 0 0 0 0 0 0 11.6 20 8.4 0 0 18.2 0 40.4 0 40.2 0 9.4 3.6 41.8 1.2 54.6 0 0 3.2 0 0.2
17.2 17.2 0 0 0.2 0 0 0 0 0 0 26.8 0 0 0 0 0 0 9.4 0 0 33 0 0 0 0 0 4.6 0.6 0
0 7 0 0 0 0 0 0 0 0 0 1.4 0 0 0 0 0 0 11 0 0 7.6 0 0 0 0 9.8 0.2 0 0
0 0 0 0 0 11 18 0 0 0 0 0 3.6 0 0.2 0.2 0 0 0 0 0 0 0.2 2.2 4.2 0 0 0 8 14.4
0 5 0 0 0 0 0 0 0 32.6 0 0 4 0 0 0.2 0 0 0 0 0 0 0 0 0 0 0 0 17.2 0
0 0 0 0 0 0 4.4 3.2 0 0 0 0 0 0 0 0 0 0 0.4 0 0 0 12.6 0 26.4 0 0 0 0 0
0 0 0 0 0 0 0 0 0 0.2 0 0 0 0 0 0 0 0 0 0 0 0 0 0 0 0 0 0 14.8 0
0 4.4 0 12.6 0 26.6 49 0 59.4 0 17 0 12 0 0 33.8 0.2 21.8 0 0.2 3.6 0 0 14.6 1.4 11.6 20.4 4 14.4 0
0 0 0 0 0 0 0 0 0 7.6 0 0 0 0 0 0 0 0 0 0 0 0 0 0 0 0 0 0 16.4 0
0 0 0 0 0 0 0 0 0 17.6 0 0 0 0 0 0 0 0 0 0 0 0 0 0 0 0 0 0 16.4 0
4.4 4.2 0 0 0 0 0 0 0 5.4 0 29 0 0 0 0 0 0 12.6 0 0 28.8 0 0 0 0 0.4 13 5 0.2
0 0 0 0.2 0 0 2 0 0 0 0 0 4 0 0 0 9 6.8 0 0 0 0 0 0 0 4 0 3 0 0
18.6 0 0 0 0.2 0 0 0 0 0 0 16.2 0 0 0 0 0 0 5.6 0 0 0 0 0 0 0 0.2 0 6.8 0.4
0 0 0 4.6 0 5.2 0 0 0 1.8 11.2 0 0.2 0 0 0.6 0 16.6 0 0 0 0 0 24.8 0 7 13.4 0 0 44.6
0.2 0 0 3.2 0 0 4.4 0 26.2 0 23.6 0 0 0.6 0 19.8 0.6 0 2 0 7.4 6.2 22 11.8 0.2 17.4 0.4 5.2 3 9.8
0 0 0 0 0 0 0 0 0 11.8 0 0 0 0 0 0 0 0 0 0 0 0 0 0 0 0 0 0 13.2 0
0 17 8.2 0 0 39.8 0 35 7 0 7.4 1.6 4.6 23.6 24 2.6 0.2 6.6 0 36.6 21 0 0 0.8 25 11.8 10.2 0.2 20.8 1
0 0 0 0 0 0 0 0 0 8 0 0 0 0 0 0 0 0 0 0 0 0 0 4.6 0 0 0 5 4.4 0
0 0 14.4 0 0 0 0 0.8 0 7.2 0 0 0 0 0 0 0 0 15.4 0 0.2 0.4 0 19.8 0 0 7.4 2 0.2 0.2
3.4 0 0 0 0 0 6.2 0 0 0 0 0 0 0 0 0 0 0 0 52.4 0 0 0.2 0.2 0 8.6 0 0 0 0
30 0 1.4 0 0 0 0 0 0 4.4 0 0 0 0 0 0 0 0 0 60.2 0 0.2 0 0.4 0 0 0.4 0 0 0
0.2 0 5 0 0 0 0 0.2 0 0 0 0 0 0 0.6 0 0 0 0 27.2 2.4 0 0 0 0.2 0 0 0 0 6.2
12.8 0 1.8 0 0 5 0 0 0 0 0 0 0 0 0 0 0 0 0 0 0 0 0 0 0 0 0 0 0.4 0
0 0 0 6.2 0 18.8 17 0.2 0 0 0 0 0 0.4 0 0 0 0.8 0 0.4 0 0 12 6.8 7.8 0 0 0 0 0.6
0 0 0 8 0 4 0 6.8 0 0 5.2 0 0 0.2 0 0 0 0 3.8 0 0 0 0 0 21 0 0 0 0 0
7.4 2.2 5.8 0 0 3.2 0 0.8 1 12.4 1.6 3.6 8.4 0 6 0 1.2 0 0 28 14.8 0 1.6 0 0 0 0 0 0 0
0 3 2 0 18.6 45.8 7.6 0 22 0 32 0.2 0 30.8 23 0 66 6.4 3.4 14.4 0 0.2 0 8.4 0.2 0 0 6 0 0
0 15.4 0.8 0.8 0 0 0 7 0 13 25.6 19.6 0 24.6 38.2 0 1.2 0 1 7.2 0 33.4 9.8 1 34 0 9.6 18.6 2 0.2
0.2 0 0 0 0 0 0 4 0.4 3.8 16.8 0 0 1.2 7 0 0 0 0 0.2 0 0 0 0 0 6.4 0 0 0 0
0 0 0 0 0 0 0 0 0 0 0 0 0 0 0 0 0 0 0 0 0 0 1.6 19.2 0 0 0 11.2 0 0
15 0 0 0 2.2 3.6 0 0 0 0 0 0 3 0 0 0 0 0 0 10.8 0 0 0 0.2 0.6 3.4 0 0.2 10 0
6.8 0 4.6 6.4 30.8 0 0 0 19.2 1 38.8 27.4 3.8 42.6 35 0.2 15.8 0 6.2 10.8 53.4 15.6 0.4 26.2 8 0 1.2 0 21.4 9.4
0 0 0 13.2 3.6 10.6 26.6 0 25 0.6 22 0 0 2.2 15.2 0.2 38.6 0 0 20.4 8.8 0 11 0 22.6 0 0.2 0.8 4.4 10
3 0.2 0 17.6 5.4 14.8 0 0.6 14.2 0 0 0 0 0 10 17 5 6.8 0 0 0 0 0 0 0.2 8.8 0 2.2 0 45.2
0 4 3.8 0 0.8 0 0 0.4 21.6 0.2 0 0.8 0 6.8 0 11.6 37.2 11.2 0 0 3.6 4.6 0.2 9.8 0 5.6 0.2 0 0.4 19.2
4 0 2.6 0 0 0 6.2 0 0 0 0 7.2 0 5 0 9 0 5 0.2 0 0 8.6 11.2 8 0 0 0 0 0 0
0 0 0 25.6 0 2 0 0 0 0 0 0 0 0 0 19.6 0 0 0 0 0 0 0.2 27.2 0 4.4 0 1.8 0.2 0
1.4 0 0 0 0 0 0 0 0 0.2 0 0 0 0 0 0 0 0 0 0 0 0 0 0 0 0 0 0 22.4 0
0 0.2 0 8.4 0 47 17.2 22.2 16.8 0 10.6 0 10.6 0 0 17.6 0 19.4 0.6 5.6 0 0 0 13 33.2 0 30.4 0 0 0.2
12.6 1.4 0 0 0 0 0 0 0 0 0 0.6 0 0 0 0 0 0 0 0.4 0 0 0 0 0 0 0 0 0 0
0 1.6 10.6 8.6 6.2 36.8 0 14.8 7.6 0 27.4 17.6 0 0 18.2 2.2 10 8.6 11.4 60.4 0 0 7 0 0 11.8 19.2 3.8 3 35.2
7.8 0 0 0 0 0 0 7.8 0 4.8 0 1.6 0 0 0 0 0 0 0 8.2 0 0 0.2 0 0 0 0 0.2 13.4 0
0.2 3.2 0 0.2 3 28.4 58 3.6 6.6 0 5.4 0 0 21.8 4.6 7.6 37.8 0 15.8 12.2 6.8 1.2 0.6 4.2 0 33.8 0 0 0 0
0.6 0 0 0 0 0 0 0 2.2 0.6 0 0 0 0 0 0 0 0 6.4 0 0 2 0 15.2 0 0 0 0 17 0
2.8 0 0 26.6 0 0.6 0.6 0 0 0.2 29 0 0.2 0 0 4.4 0 0 0 0 0 9.6 8.2 3.8 0 0 0 0 0 13
0 0 10.8 0.4 0 0 6.6 0.2 8.4 17.4 0 9.8 0 0 0 20.2 0 8.4 0 0 0 0 10 0 0 0 26.2 0 0.6 0
29 7.4 0 0 35.6 8.4 8 38.2 13 12.2 22.8 10.8 8.6 61.4 36.6 0 34 0 0 6.6 41.2 29.2 0 0.4 8.4 0 0 16.6 14.6 0
0.2 0 4 0 0 0 0 0 0 0 0 7.8 0 9.4 20.4 0 1.2 0 10.2 15 9 0 0 0 20.6 0 0 0 0 1.2
0 0 0 0 1 0 0 0 0.6 3 0 0 0 0 0 9.4 0 0 0 0 5 12.4 2 0 7.6 0 0 0 5 0
16.8 0 0 0 0 0 0 0 0 14.8 0 8.4 0 0 0 0 0 0 0 0 0 7.8 0 0 0 0 0 7.2 0 0
6.4 0 0 2.2 0 3.8 7.8 0.2 0 4.6 0 0.6 0 0 0.2 14.2 0 0 4.8 0 0 0 13.6 0 0 3.8 8.6 0 0 0.2
0 0 0 3 0 16.4 28.6 0 0 2 18 0 0 3.4 0.2 0 32.2 0 0 0 6.2 0 0 3.8 34.4 0.2 0 0 0 18.6
2.6 0 5 0 11.6 6 0 4.2 4.4 0 19.2 12 0 33.8 20.8 0.2 0.6 0 8.4 13.8 12.2 12 8.8 0 18.8 0 0 9.6 0 0
0.2 0.2 0 0 0 0 0 0 0 16.6 0 0 0 0 0 0 0 0 0 0 0 0 0 0 0 0 0 0 0 0
0 1.6 0 0 0 6.2 19.8 1.6 0 3.2 8 0 0 0 0 0 33.6 15.4 0 0 0.2 12.6 2.4 6 10.6 0 0.4 0 0 3.4
0.2 0 0.2 0 0 0 6.2 0 0 0 0.4 0.6 0 0 0 8.4 0 0 15.4 0.6 0 18.4 5.6 2 0 0 0 0 0 0
2 0 0 0 0.2 0 0 0 0 0 0 0 0 0 0 0 0 0 1 0 0 8.4 0 1 0 0 0 0 0.4 0
0 0 0 0 0 0 0 0 0 17 0 0 0 0 0 0 0 0 0 0 0 0.2 0 0.2 0 0 0 0 8.6 0
0 0 2.2 21 12.6 3 2 13 13.8 0.4 15.2 0 8.4 27.4 31.8 17.8 0.2 2.6 1 20.2 37.8 0 0.2 0 15.2 22.8 0 0 0.4 0
0 6.8 0.2 16.2 1 42.4 15 20.4 0 0 25.8 0.4 0 0 0 30.4 14.8 0 0 0 0.4 0 0 0 15.6 28.8 11.4 2.6 0 23.8
0.2 0.2 0 8.6 7.2 12.6 10.2 0 2.6 0 0 0.2 0 15.2 10 0 0 0 2.6 10.2 4 10 0 0 27.4 4.4 0 0 0 4.4
0 0 0 0 0 0 0 0 0 14 0 0 0 0 0 0 0 0 0 0 0 0 0 0 0 0 0 0 0 0
2.6 1.8 9.2 19.4 0.6 23.4 26.6 0 14.2 0.2 14.4 0 7 0 0 1 0 5.2 0 0 0 0 0.2 0 0 0 0 0 8.2 21
0 0 0 0 0 0 0 0 0 4.6 0 0 0 0 0 0 0 0 0 0 0 0 0 0.2 0 0 0 0 9.2 0
0 0 0 0 0 0 0 0 0 0 0.8 0 0 4.6 0 0 0.2 0 0 0 0 1.4 0 0 1.2 0 0 0 0 23.8
0 0 0 11.4 0.2 0 0.2 1.2 0 0 0 0 0 0 0 0 0 4.8 0 8.4 0 0 11 0 10.8 0.6 0 0 0 6.4
9.4 0 0.2 0 0 0 0 0 0 0 0 3.2 0 0 0.2 0 0 0 0 0 0 2.6 0 12.8 0 0 1.4 0 6.2 0
5.2 0 0 0 0 0 0 0 0 0 0 0 0 0 0 0 0 0 0 0 0 0 0 4.8 0 0 0 0 0 0
0 1 0 0 3 0.8 0 0 0 0 0 0 0 0 0 0 0 5 0 0 0 0 0 0 0.2 0 0 0 0 0
0 0 0.8 0 12.4 2.4 10.6 11.8 0 15.4 26.2 14.6 4.4 37.6 33.4 10.8 10.6 0 12.8 0 11.2 16.8 22.2 0 0 0 17 5.8 13.2 0
0 6.4 0 3 8 10.2 2.2 24.2 6.2 0 0 23.6 0 13.8 18.8 0.8 0 6.4 0.2 24 37.8 0.2 0 0 0 0 0 4.8 0 14.4
0 0.2 0 0 0 0 0 0 0 0 0 0 1.2 0 0 0 0 0 0 0 0 0 0 0.2 0 0 0 0 13.4 0
0 0 0 0.2 0 0.2 0 0 0 0 0 0 0 0 0 8.8 0 0 0 0 0 0 0 0 4.8 0 0 0 0 0
0 0 0 0 0 0 0 0 0 0.6 0 0 0 0 0 0 0 0 0 0 0 0 0 7.8 0 0 0.2 0 6.4 0
0 0 0.2 5 0 0 14.2 5 0 0 0 0 0 0 0 0 0.2 0 0 0.2 0 0 0 0 0 0 0.2 0 4 0
7.8 2 0 0 0 0.2 0 0 0 0 0.2 5 0 0 0 0 0 1 0 23.8 0 0 0 0 0 0 23 0 0 0
0.4 0 3.8 0 0 0 0 0 0 3.6 0 0 3 0 0 0 0 0 0 0 0 9.2 0.2 2 0 0 1.8 1.4 23.6 0
0 0 0 0 0 4 0 0 0 3 0 5 0 0 0 0.2 0 0 3 0 0 0.8 0 0 0 0 0 0 0 0
14.4 6.6 0.8 0 0.2 0 0 0 0 1.6 0 4.8 0 0 3.4 0 0 0 0 6.6 0 0 11.2 0 18.4 0 0.2 0 0 10.8
0 0 0 0 0 19.8 26.6 0 0 0 0 0 0 0 0 0 8.4 0 0 0 0 0 0 0 0 0.2 0 0 0 0
0 0 0 0 0 0 0 0 0 7.2 0 0 5 0 0 0 0 0 0 0 0 0 0 0 0 0 0 0 18.8 0
0 0 0 0 0 0 0 0 0 0.8 0 0 0.8 0 0 0 0 0 0 0 0 0 0 0 0 0 0 0 25.4 0
0 0 0 14.6 0 0 0 2 0 0 29.8 9.6 0 11.8 9.6 19.4 36 0 12.6 5 13.4 0 0 0 0 6.8 0 4.6 2.8 0
0 0 0.2 0 0 0 0 0 0 0 0 0 0 0 0 7.8 0 0 0 0 0 0 0 0 0 0.2 8.8 0 0 0
0 0 0 0 0 0 0 0 0 12 0 0 0 0 0 0 0 0 0 0 0 0 0 0 0 0 0 0 0 0
0 8.4 0 0 0 0 0 0 0 0 0 0 0 0 0 0 0 0 0.6 0 0 34 0 0 0 0 0 0 0 0
4.2 0 0.4 0 0 0 0 0 0 0 0 0 0 0 0 0 0 0 0 0 0 0.2 10 0 0.2 0 0.6 0 0.4 0
2.8 0 0 0 0 0 0 0 0 0 0 0 0 0 0 0 0 0 0 0.2 0 7 0 0 0 0 0 0 0 0
0 7.4 0 0 0 1 0 0 0.4 4 11.4 16.4 0 0.2 22.8 0.4 0 1.2 0 20.4 8 0 0 0 0.8 3.4 0 0 0 11.2
0 10.4 0 1.6 0 7.4 0 0 0.2 0 12 0 0 0.2 6.4 0 4.8 0 0.4 4.4 0 8.6 0 0 15.6 0 0 0 0 0
0 0 2 0 11.2 0 0 0 34.8 0 9.2 3.2 0 4.2 0 0.2 0 7.6 0 1.8 1 2 0 0 0 11.2 3.4 0 0 0.2
1.8 0 0 0 0 0 0 0 0 0 0 2 0 0 0 0 0 0 0 0 0 12.2 0 0 0 0 0 0 0 0
0 0 0 0 0 0 0 0 0 0 0 0 0 0 0 0 0 1.2 0.2 0 0 0.8 0 2.2 0 0 6.6 0 0 0
0 0 0 0 0 0 0 0 0 9 0 0 5 0 0 0 0 0 0 0 0 0 0 0 0 0 0 0 0 0
0 0 2.6 0 0 0 0 8.8 0 0 0 0 0 7 21.8 0 0 0 0 14.4 0.8 0 0.4 0.4 0 0 0.8 0 0 0
9 0 0 0 0 0 0 0 0 0 0 0 4 0 0 0 0 0 0 0 0 0 0 0 0 0 0 0 0 0
1 0 0 0 0 0 0 0 0 0 0 0 0 0.2 0 0 0 0 6.6 0 0.4 0.8 0 2.6 6.4 0 0.4 0 4 0.6
0 0 0 0 0 0 0 0 0 3 0 0 0 0 0 0 0 0 0 0 0 0 0 0 0 0 0 0 0 0
3.6 2 0 0 0 0 0 0 0 2.2 8.6 10.6 0 0 0.2 0 0.4 0 0 11.4 0 6.6 0 0 0 0 0.4 0 0 0
0 0 0 0 0 0 0 0 0 0 0 0 8 0 0 0 0 0 0 0 0 0 0 0 0 0 0 0 1 0
0 0 4 0 0 0 0 0 0 0 0 9 0 0 0 0 0 9 0 0 0 0 0 7.6 0 0 0.4 0 0 0
0 1.2 0 0 12.8 0 18.6 8 4.6 1 35.8 0 0 22.6 6.6 0.4 11.2 12.2 0.8 9.6 6 0 0.2 3.2 0 0.2 4 17.6 4 0.4
0 0 0 0 0 0 0 0 0 15.4 0 0 0 0 0 0 0 0 0 0 0 0.2 0 0 0 0 0 0 3.4 0
0 0 0 0 0 2.4 6.6 0 0.2 0 0 0 0 0 0 13 1.8 0 0 0 0 0.6 0 0 0.4 4 0 0 0 0
0 0.2 3.8 0 0 0 0 0 0 0 0 0 0 0 0 0 0.6 0 0.6 0 0.8 0.2 8.8 0 0 3.6 6.4 0 0 0
0.2 0 0 0.8 4.8 0 4.6 0 6 0 0 0 0 0 3.8 0 12.4 0 0 0 0 0.4 0 0.2 0.2 0 0 0.2 0 0.4
0 0 0 3.4 2.6 0 1.4 0 0 0 0 7 0 3 0 0.6 0 0 0 0 0 0 0 0 0 0 0 0 0 0
0 0 0 0 0 2.6 0 4 0 0.4 0 0 0 0 0 0 0 0 0.6 0 0 0 0 0 0 3 0 0 0 0.4
0 0 0 0 0 0 0 0 5.2 0 0 0 0 0 6.8 0 0 0 0 0 4.4 0 0.2 0 0 15.4 0 0 0 0
0 0 0 0 0 0.4 4 2.6 0 0 4.8 0 0 0 0 0 0 0 0 0 0 0 0 0 0 0.2 0 0 0 0
0 0.8 0 0 0 0 0 0 0 0 0 0 0 0 0 0 0 0 0 0 0 2.2 0 0 0 0 0 0 0 0
0 0 0 0 0 0 0 0 0 0 0 0 0 0 0 0 0 0 0 0 0 0 0 0 0 0 3 0 0 0
0 0 0 0 0 0 0 0 0 0 0 0 0 0 0 0 0 0 0 0 0 0 0 0 0 0 0 0 5 0
