13 0 0.2 6.2 0.6 23 0 0 0.8 8.2 0 0 0 0 2.6 0 0 0 11 3 0 0 0.2 0 0 10.2 0 0 0 0
0 0 0 0 0.2 0 0 0 1.2 0 0 7.4 0.6 0 0 0 0 0 0 0 0 0 0 0 0 0 0 5.8 0 2.8
0 0 0 0 0 0 0 0 0 0 0 0 0 0 0 0 0 0 0 0 0 0 0 0 0 0 0 6 0 0
0 0 0 0 0 0 0 0 15 0 0 0 0 0 0 0 0 0 0 2 0 0 0 0 0 0 0 0 0 0
0 0 5.8 2.2 0.4 0 0.2 0.6 0 0 0 0 8 0 0 5.8 0 0 0 0.2 6.8 0 3.6 0 0 0 0 0 5.4 0
0 0 0 0 0 2.2 0 1.4 4.2 5 0 0 0 0 2 3 11.6 0 0 0 0 0 0 1.8 3.8 0 0 0 0 0
1.4 18.6 1.4 3.2 0 28.4 11.4 11.2 0 0 3.6 0 0 0 0 14.4 0.8 0 0 0 9 6.4 15.8 0 24.8 0 0.2 3 2.4 0
0 10 0 0 0 0.2 0 0 0 0 0 0 2.6 0 0 0 0.4 0 0 0 0.4 0 0.8 0 0 0 0 3 4.6 0
6.2 0 0 0 0 0 0 0 0 0 0 0 3.2 0 0 0 0 0 0 0 0 0 0 0 0 0 0.6 0 0 0
0 0 11.4 0 11 0 0 0 0 0 0 0 0 0 0 3.8 16.6 0 0 0 0 0 0.2 0 24 0 0 0 0 0
0 0 0 0 14.4 15.8 0 0 0.4 0.4 7.4 5 1.4 0 7.4 0 0 0 0.4 0 4.2 0.4 6 0 0 0 9.2 0 2.6 0
0 0 0 0 10 0 0 0 4 0 0 0 0 0 0 0 0 0 0 0 0 0 0 0 0 0 0 0 0 0
4 16.6 0 8.6 14.2 0 30.8 4.6 11 6.4 8.4 0.2 0 16.2 0.4 4.4 31.4 0 9.8 0 19.2 8.4 5 0.2 0 0 0.4 40.8 0 0
0 0.2 0 0 0 0 0 0 0 0 0 0 0 0 0 0 10.2 0 11 0 0 0 0 0 6 12.6 0 0 0 0
1 0 0 0 0 0 0 0 0 0 0 0 22.4 0 0 0 0 0.4 0 0 0 0 0 2 0 5 0 0.2 0 0
0.2 0.2 0.2 0 5.8 9.4 0 0 0 0 0 0 1.8 0 0 6 0.2 4 0.4 0 0 0 0 1.8 0 0 0 0 0 0
0.2 0 0 0 0 0 0 0.2 0.2 0 0 0 0.4 0 0 0 0 0 0.4 0 0 0 0 0 0 5.6 0 0 0.8 0.2
0 1 0.4 11 20.6 10.6 13.2 15.4 0 0 6 0 0 0 12.2 0.2 12.6 0 0 0 0.2 0 0 10.6 5.8 0.2 0.6 0 0.4 0
0 0 2.6 1 1 0 0 0 0 0 0 0 0 0 0 0 0 0 0 0 0 0 0 0 0.4 0 0 0 0 0
0 0 0 0 0 0 3.6 0 0 0 0 0 0 0 0 0 0.4 0 0 0 0 0 0 0 0 0 0 0 0 0
0 0 0 0 0 0 0 0 0 0 0 5 0 0 0 0 0 2.2 0 0 0 5 0 0 0 2 0 0 0 3.8
0 13.4 0.2 0 0.6 0 0 0 0 0 0.4 0 12.8 1.2 0 0.4 0 0 0 0.6 0 0 0.2 0 0 0 0.2 0 0 0
0 6.6 2.4 0 0 0 0 4 0 0 0 0 0 0 6.6 0 0 0 0 0 0 0 8.6 0 0 5 8.8 0 0 0
0 0 0.6 0 0 0 0 0 0 0 0.4 0 0 0 0 0 0 0 0 0 0 0 4 0 0 0 0 0 0 0
0 0 0 8.8 0 0.4 0.2 0 0 0 0 0 0.8 0.4 0 0 0.2 0 15.6 0 0 0 0 0.2 0 0 11.4 0 0 0
3 0 0 0 0 0 0 0 0 0 0 0 0.4 0 0 0 0 0.4 0 11.8 0 0 0 0 0 0 0 4.4 0 6
2.4 0 0 0 0 0 0 0 0 0 0 0.2 0 0 0 0 0 2.4 0 0 0 0 0 0 0 0 0 0 0 0
4 10.6 0.4 0 0 0 0 0 0 0 0 0 0 0 0 3.8 0 0 0.2 0 0 15 0 0 0 0 0 0 0 0
0 0 0 0 0 0 0 0 0 0 0 3.8 0 0 0 0 0 0 0 4 0 0 0 0.2 8 0 0 8 0 0
0 0 0 0 0 0 0 0 0 0 0 0 0 0 0 0 0 0 0 0 0 3.8 1.6 0 0 0 1 2.6 0 0
0.4 0 0 0 0 0 0 0 0 0 0 8 0 0 0 0 3.6 0 0 4.6 0 0 0 0 0.4 0 0 0 0 0
1 0 0 0 0 0 0 0 0 0 0 0 1.2 0.6 0 0 0 0 0 3 0 0 0 0 0 0.2 0 0 0 0
0 0 0 0 0 0 0 0 3 0 0 4 0 0 0 0 0 0 0 0 0 0 0 0 0 0 0 0 0 0
2 0 0 0 0 0 0 0 8 0 0 0 0 0 0 0 0 0 0 0 0 0 0 0 0 0 0 0 0 0
0 0 0 0 0 0 0 0 5 0 0 0 0 0 0 0 0 0 0 0 0 0 0 0 0 0 0 0 0 0
1.2 8.4 0 0 0.6 0 0 0 0 0 0 0 0.2 0 0 0 0 0 0 1.2 4.2 0 0 0 0 1 0 0 0.2 0
0 0 0 4.8 0 0 0 0 14.8 0 0 0 0.4 6.4 0 0 0 0 0 6.8 1 2 0 0 0 0 0 0 1.8 0
0 0 0 0 0 0 0 0 5.8 0 0 0 0 0 0 0 0 0 0 0 0 0 0 0 0 0 0 0 0 0.2
0 0 0 0 0 0 0 0 0.6 0.2 0 1 0 0 0 0 0 0 0 0 0 0 0 0 0 0 0 0.2 0 0
0 0 0.4 0 0 0 0 0 0 0 0 0 0 0 0 0 0 0 19.6 0 0 0 0 0 0 0 0 0 0 0
0 0 0 10.2 0 0 0 2.8 0 0 0 0 0 0.4 0 0 3.8 1.8 0 0 0 0 9 0 0 0 25.6 0 0 1.4
0 0.4 11.2 4.6 0 0 0 0 0 0 0.4 0 1.6 4.6 0 0.2 0 0 2.8 0 0 0 0 11.8 0 0.2 9.6 0 10.6 10
0 0 5.4 0.2 0 6.8 20 0 2 0 0.4 0 4.4 5 0 0 0 0.2 0.4 0.2 0 0 0 0 0 0 0 0 10.2 0.8
0 0 0 0 0 0 0 0 0 0 0 0 5 14.8 0 0 0 0.2 0 0 0 0 0 0 0 0.2 0 0 0 5.8
0 0 0 0 0 0 0 0 11.2 0 0 0 0.6 0 0 0 0 0 0 0 0 0 0 0 0 4 0 0.2 0 0
0 0 0 0 0 0 0 0.2 14.2 0 0 0.8 0 0 0 0 0 0 0 0 0 0 0 2.8 0 0 0 0 0 0
0 0 0 0 2.8 3.8 0.2 0 6 0 0 0 0 0 0 0 0.2 0 0 0 0 0 0 0 0 0 0 0 0 0
2.2 0 0 3.4 1.2 0 0.2 0 0 0 0 0 0 1.2 0.4 2 0.2 1.2 3.4 0 3.2 0 9 0.2 0 0.8 0 2.4 0 0
0.8 0 0 0 0 0 0 0 0 0 0.6 0 0 0 0 0 0 0 0 0 0 0 0 0 0 4.6 0 0 0 0
0 0 0 0 2.2 0 0 0 0 0 0.6 0 9 0 0 0.6 0.6 0 0 0 0 0 0 0 0 0 1 0 0 0
0 0 0 0 0 0 0 4 3.4 0 0 0 0.4 0 0 0.2 0 3.8 0 0 0 0 0 0 0 0 0 0.2 0 0
0 0 0 0 0 0 0 0 0 0 0 0 10 1.4 1 0 0 0 0 0 0.4 0 0 0 0 6.2 0 0 0 0
5.6 5.2 6.8 4.8 4.8 0.2 0 0 0 0 0 0 3 0 0 0 0 1.6 0.2 7.2 0 3.8 0.2 0.6 0 0 0.2 0 0 5.8
0 0 0 0 0 0 0.6 0 0 0 0 0 14.8 11.6 0 0 1.6 2 4.6 5.8 0 0 0 0 0 0 0 0 0 0
0 0 0 0 0 0 0.2 0 0 0 0 0 0 1.2 0 0 1.4 0 9 0 0 0 1.6 14.4 0.6 1.2 5.4 0 0 0
8 0 0.4 0.2 0.6 7 0 5.8 0 0 0 0 0 9.2 11.8 9 25.8 0 0 2.2 5.6 8.2 13 1 24.2 0 0 0 0 6
0 0 0 0 0 0 8.2 0 0 0 0 0 0 0 0.4 0 8.8 4 0 0 0 0 0 0 15.6 0 0 0 0 0
0 0 0 0 0 0 0 0 2 0 0 0 0 0 0 0 0 0 0 0 0 0 0 0 0 0 0 7 0 0
0.2 0 7.4 0 9 0 0 6 0 0 0 0 0.2 0 0 0 0.2 0.8 14.6 6.8 6.2 0 0.2 0 7.6 2.2 6.4 0 0.2 0
0 1.2 0 0 0 1 0 0 11.2 4 0 0 0 0 0 0.6 0 0 0 0.2 0 0 0 10.8 0 0 0 0 0 0
0 0 0 0 0.2 34 0.2 4 5.4 0 0 4 0.8 0 0 0 1.2 7.2 2.2 0 0 0 0.4 0 0.2 0 0 0 7.2 0
0 0 0 0 2.4 0.8 0 0 0 0 0 0 0 5.4 0 7 0 0 0.2 0 0 0 0 0.2 0 0 0 0 0 0
0 0 0 0 0 0 0 0 0 0 0 0 0 0 0 0.2 0 0 0 0 0 0 0 0 0 0 0 0 0 9.8
0 0 0 0 0 0 0 0 0 0 0 0 0 3 0 0 0 0 0 0 0 0 0 0 0 0 0 0 0 0
0.4 0.2 0 0 0 0 0 0 0 0 0 0 5.6 0 0 0 0 0 0.2 0 0 0 0 11 0.2 2.2 0.2 0 0 0
0 4.8 0 0 0 0 0 0 8 0 0.2 0 0 0 0 0 0 0 0 0 0 0 0 0 0 0 4 0 0 0
0 10 0 1.2 2.4 0 0 0 5.8 0 0 0 0 4 0 0 0 0 0 0 0 7.6 0 0 0 1.8 5.4 0 6.8 0
0 0 8.2 0 0 0 0 0 1 0 0 0 0 0 4 0 5.6 0 0.2 0 0 0 0 4.4 0 0.2 0 0.4 0 0
0 0 0 0 4 0 15.8 0 0 0 0.6 0 2.2 0 0 0 6.6 0 2.4 0 0 0 0.4 0.8 17.2 0 0 0 0 4
0 0 0 0 0 0 0 0 1 0 4.6 0 0 0 0 0 0 0 0.4 0 0 0 0 0 0 0 0 0 0 0
6.6 0 0 0 0 0 0 0 0 0 0 0 0 0 0 0 0 0 0 0 0 0 0 0 0 0 0 5.4 0 0
0 5.6 0 0 0 0 0 0 0 1.4 0 0 0.2 0 0 0 0 9 0 0 0 0 0 0 0 6.4 0 0 0 5.4
5.6 0 0 0 1.2 0 0 0 0 0 0 0 0.4 0 0 0 0 0 0.2 0 0 0 0.4 0 10.2 5 0 0 0 0
0 0 0 0.2 0 3 0.2 0 0 0 0 0 0.4 0 0 0.2 2.4 0 10 0.2 0 0 0 0 12.6 0 3.6 0 0.2 0
0 0 0 0 0 0 0 0 0 0 0.2 0 0 0 0 0 0 0 0 0 0 0 0 0 0 0 0 0 0 2.8
0.2 0 0 0 0 0 0 0 0 5 0 0 6.6 0.2 0 0 0 0.4 0.2 0 0 0 0 16.4 0 0 0 0 0 0
0 0.2 0 0 0 0 1.8 0 0 0 0 0 0 0 0 0 0 0 6 0 0 0 0 0 1 0 0 0 0 0
0.2 0 0 0 0 0 0 0 0 0 0 0 0 0 0 0 0 1 0 0 0.2 0 0 0 0 8 0 0 0 3.6
1.4 7.2 1 0 0 2.8 0 7 0.2 0 0.2 0 11.8 0.2 0 0 0 0 0.2 0 0 0 0 0 0 0 0 1 0 0
0 0 0 4 0 0.2 0 0 0 0 0 0 0 5 0 8 0 10.6 0 0.4 0 0 0 0 0.8 0 0 3 0 0
1 0 7.8 3.8 0 10.4 0 0.2 0 0 0 0 1.6 0.2 0 0 0 4 0 0 0 0 0 0 0 0 0 0 0 0
0 0 0 0 9.2 0 0.6 7.2 0 2.4 0.2 0 6.2 0.2 5.4 0 10.4 0.6 4.8 0.2 0 0 0 9.6 4.2 0 0.4 8.4 0 0
0 0.4 5.6 19 0.2 0 0 0 0 0 0 0 1.4 7.6 0 0 0 0 0.2 0 0 0 10.6 0 0 0 7.6 0 0.2 0.2
0 0 0 0 0 9.8 0 0.2 0 0 0 0 0 0 0 0 0 0 0 0 0 0 0 5 0 0 0 0 0 0
0.2 0 0 0 0 0 0 0.2 0 0 11 0.4 0 0 11.8 0 17.6 0 8.8 0 1.2 2.2 0 14.4 23 0 0 13.2 0 4
0 0 0 0.2 0 0.6 9.4 0 0 4.2 4 0 0 0 0 0 0 0 0 0 0 0 0 0 4.6 0 0 0 2 0
7.2 11.2 0.6 0 15.2 0 0 2 0 11.8 11.2 0.8 20.4 0 0 0 2.4 0 0 0 8.8 4.2 0.8 0 0 0 0.2 0 2.2 0
0 0 0 0 0 0 0 0 0 0 0 0 0 0 0 0 0 0 0 0 0 0 0 2 0 0 0 0 0 0
0 14.6 0 15 0 0.4 17.2 0 0 0 0 0 0.4 0 11.6 20.6 0 0 0.6 0 25.6 3 7.6 0 0 0.2 0 0.2 0 0
0 13.2 0.2 13.4 11 0 0.2 3.4 0 0 0 0 0 0 0 16.6 0 0 0 4.2 1.8 1.6 1 0 0 0 0.2 0 17.2 0
0 5 0 0 0 0 0 0 0 0 0 0 0 0 0 0 0 0 1 0 0 4 0 0 0 0 0 0 0 0
0 0 0 0 0 0 0.4 0 0 0 0 0 0 0 0 0 3 0 0 0 0.2 0 0 0 0 0 15.4 0 0 0
0 0 0 0 0.2 0.6 7 0 1 0 0 0 0 0 0 0 0 0 0.2 0 0 0 0 0 0 0 0 0 0 0
0.4 0 0 0 0 0 0 0 4 0 0 1.2 0 0 0 0 0 3.4 0 0.6 0 0 0 0 0 2 5 0.4 0 4
0 0 0 0 0 0 0 0 0 0 0 0 0 0 0 0 0 0 0 0 0 0 0 0 0 0 0 6 0 0
0 0 0 0 0 0 0 0 0 0 0 0 0.4 8 0 0 0 3.6 0 0 0 0 0 0 0 0 0 0 0 0
0 22.2 6 0 2.4 0 0.2 0 0 0 0 0 0 0 0.6 0 0 1 0.2 6 3.6 6.8 0 0 0 0 0 3 0 0
0 0 0 0 0 0 0 0 3.8 0 0 0 0 0.2 0 0 0 0 0 0 0 0 0 0 0 0 0 0 0 0
7.4 0 0 0 0 0 0 0 0 0 0 0 3.2 0 0 0 0 0 0 0 0 0 0 0 0 0.2 0 2.2 0 0
0 0 0 0 0 0 0 0 0 0 0 1.2 0 0 0 0 0 0 0 0 0 0 0 1.2 0 0 0 3.6 0 0
0 0 0 0 0 0 0.6 0 0 0 7 0 0.4 0 0 0 0 0 0 0 0 0 0 0 0 0 0 0 0 0
0 0 0 0 0 0 0 0 6.8 0 0 0 0 0 0 0 0 0.2 0 0 0 0 0 0 0 0 0 0 0 0
0 0 0 0 0 0 0 0 0 0 0 0 13 0 0 0 0 0 0 0 0 0 0 0 0 0 0 0 0 0
5.4 20.2 3.2 0 0 0 0 0 0 0 0 0 0 14.4 0.4 4.4 0 1 3 7.8 0 0 0 0 0 0 0 0 0 0.2
0 0 3 0 0 0 0 0 1 0 0 0 0 0 0 14.2 0 0 0 0 7.8 0 0 0 0 0 0 0 0 0
0 0 0 0 0 0 0 0 0.6 0 0 0 0 0 0 0 0 0 0 0 0 0 0 5.6 0 0 0 6.8 0 0
0 0 0 0 0 0 0 0 0 0 0 0 0 0 0 0 0 0 0 0 0 0 0 0 0 0 0 25 0 0
0 0 0 0 0 0 0 0 10.2 0 0 6.4 1.8 4.2 0 0 0 1.8 0.4 0 0 0 0 3.2 0 0 1 0 0 0
0 0 0.4 0 0.4 0 0 0 0 0 1.8 0 0 0 0 0 0 0 0 0 0 0 0 0 0 0 0 0 0.4 0
0 5.4 0 0 0 0.2 0 0 0 0 0 0 0 0 0 0 0 0 0 0 0 0 5.4 0 0 0 0 0 0 0
9.2 0 0 0 0 0 0 2.2 8.8 0 0 0 0 0 0 2 0 0 3.8 5 0 6.8 0.2 0 0 0 0 0 0 3
7.2 0 0 3.6 0 0.2 0 0 0 0 0 0 0 0.4 0 0 0 0 0 0 0 0 4.4 0 0.2 4 0 0 0 0
0 3.8 3.2 0 0.2 1.4 0 0 0 2.8 0 0 0 0 0 0 0 0.8 1.2 0 0 0 0 0.2 0.8 0.2 4.4 0 0 0
0 0 10.2 0 0 0.8 0 0 1.2 0 0 0 21.6 0.2 0 18.8 0.2 2.6 0 0.2 0 0 0 0 0 15.4 3.6 14.2 0 0
0 0 0 0 0 0 0 0 0 0 0 0 0.2 0 0 0 0 0 0 0 0 0 0 8 0 1.8 0 0 0 0
0.2 0 0.2 0 0 0 0 0 0 0 0 0 0 5.6 0 1.6 0 0 4.6 0 0 0 0 0 0 0 12.6 0 5.2 0
0 0 0 0 0 6.6 0.2 0 0 0 2.2 0 0.2 0 0.4 0 0.4 0 3.2 0 0 0 3.2 1 5.6 0 0 0 0 0
3 0.2 0 0 0 0 0 1.2 0 0 0 0 0 0 0 0 0 0 0 0 0 0.2 0 3.8 7.6 0 0 0 0 0
0 0 0.8 0 5 0 6.8 0.4 2 0 2.4 0 0 0 0 0 3.6 0 0.2 0 14.8 0 0 0 0 0 0 0 0 0
0 0 0 0 0 0 0 0 8 0 0 6.2 0 0 0 0 0 0 0 0 0 0 0 0 0 0 0 6.8 0 0
0 1.6 0.6 0 0 0 0 0 0 0 0 0 8.2 0 0 0 0 0 0 0.4 0 0 0 1.4 0 0 0 0 2.8 0
0 0.2 0 0 5.6 11.8 15.6 13 0 0 0 5 5.8 0 0 0.8 2.8 0 0.2 0 0.6 0 0.8 0 3.8 0 0 0 4.8 0.2
0 0.2 0 0 0 0 0 0 0 0 0 6 3.6 0 0 0 0 0 0 0 0 0.2 0 0 0 0 0 0 0 0
0 7.6 3 19.6 0 0.4 0 0 9.6 0 1.2 0 6.2 14.4 0 11.4 0.2 0 0 2.2 20.4 0 7.4 1 0 4.2 2.2 10 0 0
0 0 0 0 0 0 0 0 0 1.4 0 0 0 0 0 0 0 0 0 0.4 0 0 0 5.2 0 8 0 0 0 0
0 0 0 0 0 0.2 0 0 1.8 0 0 0 0 0 0 0 0 0 0 0 0 0 0 5 0 0 0 0 0 0
0 0 0 0 0 0 0 0 8.8 0 0 0 0 0 0 0 0 1.4 0 0 0 0 0 3.8 0 0 0 0 0 0
0 3 0 0 0 0 0 0 0 0 0 0 0 0 0 0 0 0 0 0 0.8 3.2 0 0 0 0 0 0 0 0
0 11.8 0 0 0 0 0 0 0 3 0 0 0.4 1.4 0 0 0 0 0 0 0 0 0 0 0 0 0.4 0 0 1
0 0 0 0 0.2 0 0 0.4 0 0 0 0 0 0 0 0 1.2 0 10 0 0 0 0 4.2 0 0 0 0 0 0
0 0 0 0 0 0 0 0 0 0 0 0 0 0 0 0 0 3 0 0 0 0 0 0 0 0 0 0 0 0
0 0 0 1.4 3 0 0 0 3.2 0 0 0 0 11 0 0 0 0 0 0 0 0 0 0.6 0 0 0 0 0 5.8
0.2 0 0 0 0 0 0 0 0 3.8 0 0 0 0 0 0 0 0.4 0 0.2 0 0 0 0 0 0 0 0 0 0.4
0 0 0 0 0 0 0 0 16.8 0 0 0 0.8 0 0 0 0 0.2 0 0 0 0 0 0 0 0 0 0.2 0 0
0.2 0 0 0 0 25.8 0 0 0 0.8 0.8 0 8.4 9.8 0 0 0 0 0 7 0.2 0 0 0 0 0 0 0 0 0
0 6.4 6 0.2 0 0 0.2 0.4 2.2 2 0 0 0 0 0 2.8 0 22.6 0.6 7.4 10 11.4 0 0 0 1.2 0 0 14.4 0
0 0 0 0 0 0 0 0 0.8 0.6 0 3 0 0 0 0 0 0 0 0 0 0 0 0 0 0 0 2.6 0 0
0 0 0 0 0 0 5.8 0 0 0 5.4 0 0 0 0 0.2 0 0 1.6 0 0 0 0 0 0 0 10 0 0 0
0 0 0 0 0 0 0 0 0 0 0 4 0.4 0 0 0 0 0 0 0 0 0 0 0 0 0 0 21.6 0 0
6 0 0 0 0 0 0 0 0 0 0 0 0 0 0 0 0 0 0 0 0 0 0 0.2 0 2.8 0 0 0 0
0 0 0 13.8 0.4 1 14.6 0 0 0 14.2 0 6.2 3.6 3 0 7.2 0 6.8 0 0.8 6.2 0 0 0 1.2 0 0 0 0
0 0.2 0 0 20 0 0 0 0 0 0 0 1 5.6 0 0 0 0 0 0 7.8 0 0 0 0 0 1 0 0 2.4
0 0.2 0 0 0 0 0 0 0 0 0 0 0 0 0 3.8 0 0 0 0 0 0 0 0 0 0 0 0 0 0
0 0 0 0 0 0 2.6 0 0 0 0 0 0 0 0 0 0 0 0 0 0 6.8 0 0 6.6 0 0 0 4 0
0 0 0 0 0 0 0 0 1.6 0 0 5 0 0 0 0 0 0 0 0.4 0 0 0 0 0 0 0 0 0 0
0 0 0 0 0 0 0 0 0 0 0 0 0 0 0 0 5 0 0 0 0 0 7 0 0 0 0 0 0 0
0 9.6 0 1 0.8 25.4 0.4 0 0.2 0 0 0 0 3.8 0 0.2 5.4 1.6 0 0 8.2 0 1.6 0 2 0 0 3.6 0 1.2
0 0 0 0 0 0 0 0 4.6 0 0 1.6 0 7.2 0 5.4 0 10.8 0 1.2 0 0 0 0 0 0.4 0 5.8 0 4
0.2 4.6 0 0 2.4 0 0 0 0 0 4 0 1.4 0 0 0 0 0 0 0 0 0 10 0 0 7.4 0 0 0 0
0 0 2.2 0 0 4.8 0 0 0 0 0 0 0 0 0 0 0 0 0 0 0 0 0 0 0 0 0 0 0 1
3 0.2 0 0 0 0 0 0 0 0 0 0 0 0 0 0 0 0 10 3.8 0 0 0 0 0 0 0 0 0 0
0 0 0 0 0 0 0 0 0 0 0 0 0 0 0 0 0 0 0 0 0 0 0 0 0 0 0 5 0 0
0 0 0 0.4 0 0.2 0 0 0 0 0 4 0.2 0.2 0 0 0 0 0 11.8 0 0 0 5.2 0 0 0 0 0 0
0 0 0 0 0 0 0 0 8 0 0 0 0 0 0 0 0 0 10.6 0 0 0 0 0 3.4 0 0 0 0 0
0 0 0 0 0 0 0 0 4 0 0 0 0 0 0 0 0 0 0 0 0 0 0 0 0 0 0 3 0 0
0 0 0 1 0 0 0 0 0 0 0 0 0 0 0 0 12 0 0 0 0 0 0 0 0 0 0 0 0 0
0 0 0 0 0 0 0 0 0 0 0 0 1.2 10.8 0 0 0 8.2 0 0.4 0 0 0 0.4 0 3.6 0 0 0 0.4
0 0 0 0 0 0.2 0 0 4 0 0 0 0 0 0 0 11.8 0 0 0 0 0 0 0 0 0 0 0 4 0
0 0 0 0 0 0 0 0 6.6 0 0 0 0 0 0 0 0 0.4 0 0 0 0 0 0 0 0 0 0 0 0
0.2 0 0 0 0 0 0 0 5.2 0 0 0 0.2 0 0 0 0 0 0 0 0 0 0 0 0 0 0 0.4 0 0
0 0 0 0 0 0 0 0 0 0 0 0 0 0 0 0 0 0 0 0 0 0 0.4 0 10.6 0 0 0 0 0
0 0 0 0 0 0 0 0 17 0 0 3.8 0 0 0 0 0 0 0 0 0 0 0 0 0 0 0 0 0 0.2
0 0 0 5 16.2 0 3.8 0 0 0 0 0 1 0 0 6.6 5.6 0 0 0 1.8 0 8 0 0 0 0 0 2.4 3.6
0 0 0 0 3.8 0 0 0 0 0 0 0 0 0 0 0 0 0 0 0 0 0 0 0 0 0 0.2 0 0 0
0 0 0 0 0 0 0 0 4.6 0 0 0.2 0 0 0 0 0 0 0 0 0 0 0 13.4 0 10.2 0 0.6 0 0
0.2 0.2 0 0 0 0 0 0 16.8 0 0 0 0 0 0 0 0 0 13.8 0 3 0 0 0 0 0 6 0 0 0
8.6 8.4 0 2 0 0 0.2 0 0 0 0 0 19.2 0 0 25.8 6.8 6.4 0.2 0 0 0 0 5.2 0 0 6.8 0 0.2 0.2
0 0 0 0 0 0 0 0 8.6 0 0 0 0 0 0 0 0 0 0 0 0 1.4 0 0 0 0 0 6 0 0
0 0 0.2 0 0 1 0 0 0 0 2.2 0 0 0 0 0 0 0 0 0 0 4.8 0 0 0 0 0 0 0.8 0
0 1.4 3.6 0 0 0 0 0.2 9 1.4 0 2 4 7.4 1 0 0 7 0 2.4 1 0 0 0 0 11 0 0 0 5.4
0 0 0 0.2 0 0 0 0 0 0 0 0 2.2 1.6 0 0 0 0 0 0 0 0 0 0 0 0 0 0 0 0
0 0 0.2 0 1.6 0 0 0 0 0 0 0 0 0.4 0 0 0 0 0.2 0 0 3.4 0 0 0.6 0 10.4 0 0 0.2
0.2 0 0 7.2 0 20 10.2 11.4 0 0 12.4 0 0 0 1.2 0 8 0 1.4 0 4.8 0 1.2 0 0 0 0 12 0 0
0.2 0 0 0 0 0.4 0 0 0 0 0.4 0 11.4 0 0 0 5.8 0 0 0 0 0 0.8 0 4.8 0 0 0.2 0 0
0 9.8 0 0 0 0 0.4 0 5.2 3 0 0.8 0 0 0 2 0 0 0.2 0 0 0 3.4 0 0.2 0 0 4 0 0
0 0.4 1 0 0 0 0 5.4 3.4 0 0 0 0.4 0 14.6 0 0 0 6.6 0 0.2 0 0 0.2 0 0.2 6.6 0 0 0
0 5.8 0 0 0 25.4 0.4 0.2 0 0 0 0 0 0 0 0 0 0 0 4.2 0 0 0 0 0 0 0 0 0 0
0 0 0 7.4 0 0.2 11.2 23.8 0 0 0 0 0 0 0 0 31.8 4.2 0 0 0 0 0 0.2 5.8 0 8.2 0 0 0.2
6.8 0 0 0 0 0 0 0 0.4 0 0 0 8.6 0 0 0 0 0 0 0 0 0 0 0.2 0 0 0 0 0 0
0 0 0 0 0 0 0 0 0 0 0 0 0 0 0 0 0 0 0 0 0 0 0 0 0 0 0 5 0 0
0 0 0 0 0 0 0 0 0 5.4 0 0.2 1.2 0 0 0 0 0 0 0 0 0 0 8 0 0.2 0 3.6 0 0.4
0 0 0 0 0 1 0 0 0 0 0 0 0 0.2 0 6.8 0.2 0 2 8 0 0 3 3.2 0.6 0 0 0 0 0
0 14.8 7.8 1 2 4.8 0 0.2 0 0 0.2 0 0.4 1.8 0 0 21.8 0 16.2 0 0.2 0 14.2 0 0.4 0 0 0 0.2 0
0 0 0 0 0 0 0 0 1.8 0 0 0 0 0 0 0 0 0 0 0.2 0 0 0.2 0 0 0 0 0 2.8 4
0 0 0 0 0 0 0 0 0 0 0 7 0 0.4 0 0 0 0 0 0 0 0 0 0 0 0 0 0 0 3.6
0 6 0 0 0 0 0 0 0 0 0 0 0 0 0 0 0 0 0 0 0 0 0 0 0 0 0 14 0 0
7.6 2.8 0 0 0 0 9.2 0 4.6 0 5 0 0.6 0 0 5.4 0 0.2 5 5.4 0 2.4 0 0.2 3.8 0 7.4 0 1.2 0.2
0 0 0 0 0 0 0 0 0.8 0 0 3.2 0 0 0 0 0 0 0 0 0 0 0 0 0 3 0.2 4.4 0.4 0
0.4 16.8 13.2 5.2 0 0 0 0 1.4 0 0.2 0 0 6.2 0 4.6 0 4.2 0 0 0 0 13.6 0 0.2 0 5 0.2 18.6 0.2
11.2 9.8 0 0 0 0 1.4 13.4 0 3.6 0 0 0.4 0 3 15.6 5.2 0 7.6 0 5.8 0 21.6 0 21.4 0 0 0.4 0 2.6
0 0 0 0.6 0 0.2 0 0 3.8 0 0 2 0 3.4 0 0 0 2.8 0 0 0 0 0 0 0 0 0 0.2 0 0
0 0 0 0 0 0 0 0 2 0 0 0 0 0 0 0 0 0 0 0 0 0 0 0 0 0 0 0 0 0
0 0 0 0 0 0 0 0 1.4 0 0 0 2.2 0 0 0 0 0 0 0 0 0 0 0 0 0 0.4 0 0 0
0 0 0 0 0 0 0 0 6 0 0 5 0 0 0 0 0 0 0 0 0 0 0 0 0 0 0 0 0 0
0.4 1.6 0 0 0 0 8.2 0 0 0 0 0 0 0 0 18.4 11.2 13.2 0 0.6 1 0 2.2 3.4 0 0.6 0 7 6.2 0
2 0 0 0 0 0 0 0 0 0 0 0 0 0 0 0 0 0 0 0 0 0 0 3 0 0 0 0 0 4
0 0 9.8 0.2 0.2 10.2 0 0 0.4 0 0 0 0.2 7.4 0 0 0 0 1.4 0 4.8 0.2 0 0 12.8 0 22.6 0 0 2.8
0 0 0 0 0 0 0 0 0 3 0 0 1 0 0 0 0 0 0 0 0 0 0 0 5 0 2 0 0 0
0 0 9.6 0 0 0.4 0 2 0 0 0 0 0 0 0 0 0 0 0 0 0 0 0 0 0 0 0 0 0 0
0.2 0.4 4.8 4 0 10 0 0 0 0 0 0 0 0 0 0 0 0.2 2.2 14.2 0 0 0 0 0 0 0 0 0 0
0 0.2 1.2 0 0 0.4 0 0 0 5 0 0 0 0 2 0 7 0 13.2 0 0 0 0 3 0 0 0 0 0 0
0 3.4 0 0 0 1 0 0 0 0 0.4 0 0 0 0 11.6 0 0 0 0 7 0 0 0 0 0 14.4 3 1.2 0
0 1.4 0 0 0.8 0 5.4 0.2 0 0 5.2 0 0.4 0 0 0.2 0 9.2 0.2 0 0 0 5.8 0.2 0 0 0.2 5 11.6 0.2
2.2 0 0 0 0 0 0 0 0 0 0 0 0 0 0 4 0 0 0 0 0 0 0.8 0 0 0 0 0 0 0
0 0 0 0 0 0.2 0 0 0 0 6.2 0 0 0 0 0 0.2 0 15.4 0 0 0 0 0 0 0 0 0 0 0
0 0 0 0 0 0 0 0 0 0 0 4 0 0 0 0 0 0 0 0 0 0 0 0 0 0 0 0 0 0
9.6 0 0 0 0 0 0 0 0 0 0 0 0 0 0 0 0 0 8.6 0 4 0 0 0.2 0 9.6 0 0 0 0
11.6 2.4 6.4 11.2 2.6 1 0.2 0 0 0 0 0 5.4 1.8 4.8 14.8 0 0 0 15 21.8 9.4 10.4 0 7.4 0.2 27.6 0 0 0
0 0 0 1 0 0 0 0 0 0 0 7.4 0.6 0 0 0 0 1 0 1.4 0 0 5.4 0 0 0 10.4 2.8 0 0
0 0 1.6 0 0 0 0 0 0 0 0 0.2 1 4.6 0 5.2 0 1.8 0 0 0 3 4.8 0 0 0.6 0 0 0 0.2
0 0 0 0 0 0 0 0 0 0 0 0 0 0 0 0 5 0 0 0 0 0 0 0 0 0 0 0 0 0
0 0 0 0 0 0 0 0 0 0 0 0 0 0 0 0 0 3 0 0 0 0 0 3.8 3 0 0 0.2 0 0
4.6 0 0 0 0 0 0 0 0 0 0 0 0.4 0 0 0 0 0 0 0 0 0 0 0.2 0 8.8 0 0 0 0
0 0 5 0 0 0 0 0 0 0 0 3.2 0 0 0 0 0 0 0 0 0 0 0 1.6 0 0 0 0.2 0 0
0 0 0 0 0 0 0 0 0 0 0 0 0 0 0 0 0 0 0 0 0 0 0 0 0 0 0 8 0 0
0 9.2 0.2 0 0 9.2 7.4 0 0 0 0 0 0.2 0 0 0.6 0 0 0.4 0 0 0 0 0 0 0 0.4 0 3.4 0
0 0 0 0 0 0 0 0 0 0 0 0 1.2 3 0 0 0 0 0 0 0 0 0 0 0 0 0 5.8 0 0
0.4 0 3.2 0 0 0.6 0 0 0.4 0 0 0 7.4 0 0 0 0 0.2 0 0 0 0 2.4 0 6 0 0 7.4 0 0
0 1 0 0 5 0 4.8 0 0 0 0 0 0.2 0 0 0 6.8 0 0.6 0 0 0 0 1 10.8 0 0 0 10.8 0
0 0 0 0.6 7 0 12.2 8.2 5.8 4 14.4 0 0 1.8 13 4.4 6.2 6 0 0 8.2 4.4 0 0 22.8 0 7 0 0 2
0 0.4 0 0 0 0 0 8 0 0 0 0 0 0 0 2.2 0 0 0 0 0 0 0 0 5 0 0 7 5.4 0
0 0 0 0 2.8 0.2 3.8 0.2 0 0 0 0 0.4 0 0 0 5.8 4.4 0 0 0 0.4 0 0 0.2 0 0 0 6.8 0
0 0 0 0 0 0.4 6 0 0 0 0 0 0 0 0 0.2 0 0 0 0 0 0 0 0 0 0 2.4 0 0 0
0 0 0 0 0 0 0 0 0 0 0 0 0 0 0 0 0 0 0 0.8 0 0 0 0.2 0 0.2 3.8 0 0 0
0 0 0 0 0 0 21 6 0.4 6 2.4 0 0 0 0 0.2 2.6 4.2 16.6 0 0 0 0 0 0.4 4 0 0 0.2 0
0 0 0 0 0 0 0 0 6.8 0 0 7 0 0 0 0 0 0 0 0.4 0 0 0 0 0 0 0 9.8 0 0
0 0 0 0 0 0 0 0 4 0 0 0 0 0 0 0 0 0 0 0 0 0 0 0 0 0 0 0 0 0
0 0 0 0 14.2 0 0.4 0.2 0 5.4 0.6 0 0 0 0 0 0 0 0 0 0.2 0 11 8 0 0 0 0 0 0
0 1 7.6 0 0.2 9.2 0.6 6.2 0 0 1 0 0 8.6 0 0 0.2 3.8 1 0 0.6 1.6 0 0 0 0 9.2 0 0.2 0
0 0 0 0 0 0 0 0 1.6 0 0 0 0.2 3 0 0 0 0 0.6 0.8 0 0 0 0 0 0 0 0.8 0 0
0 0.4 0 0 0 0 14.8 0 0 0 0.2 0 0.6 0 0 3.8 0 1.6 0 0 0 0 1 0 0 0 8.6 0 7 0
0 0 4.4 0 0 4 0 0 0 0 0.4 0 0.2 6.8 0 0 0 0 0 0.8 0 0 0.2 0 0 0.2 0 3 0 0
0 0 0 0 0 8.6 0 0 0 3 0 0 0 0 0 0 0.2 0 0 0 0 0 0 0 0 0 5.2 0 0 0
5.2 0 0 2.8 0 9.4 0 0 0 0 0.8 0 0 0 0 0 0 0 42.2 0 0 0 0 0.2 0 0 0.6 3.8 0 0
0 0 0.2 0 0 0 0 0 0 0 0 0 0.2 0.2 0 0 0 0 11.8 0 0 2.2 0 0 0 2 0 0 14.4 0
0 0 0 0 0 4 0 0 0 0 0 0 10.8 0 0 3.4 0 3.4 0 0.6 0 0 0 0 0 0 0 0 0 5.8
0 0 0 0 0 0 0 0 0 0 0 0 0 0 0 0 0 0 0 0 0 0 0 0 0 8 0 0 0 0
0 0 1.8 0 4.4 0 1 0 0 0 0 0 0 0 0 0 0 0 0 0 0 2.8 0.6 0 9.6 0 12.8 0 0 0
1.4 0 0 7.6 0 0.4 0 0 0 0 0.2 0.2 2 0 0 0.2 0.4 0 0.2 0 0 0 0 1.8 0 0 0.6 0 0 0
5 0 0 0 0 0 0 0 5.2 0 0 0 2.2 1.2 0 0 0 0.2 0 0 3.2 0 0 0 0 0 0 0 0 0
0 22.6 0 4 11.8 10.4 2.2 0 2 0.8 0 0 6.6 6.6 0 0 0 16.4 0 7.8 3 0 1.6 0 0 0 0 0 0.2 0
0 0 0 0 0 0 0 15 0 0 0 0 0 0 4 0 0 0 0 0 0 0 0 0 0 0 0 0 0 0
0 0 0 0 0 0 0 0 10 0 0 0 0 0 0 0 0 0 0 0 0 0 0 0 0 0 0 0 0 0
0 7.4 0 0 0 0 0 0 3.2 0 0 0 0 0 0 0 0 0 0 3.6 3 0 0 0 0 2 1 0.8 0 0
0 0 0 0 0 0 0 0 13.4 0 0 0 0.4 0 0.2 0 0 0 0 0 0 0 0 0 0 0 0 0 0 0
0 0 0 0 0 0 0 0 4 0 0 0 0 0 0 0 0 0 0 0 0 0 0 0 0 0 0 0 0 0
1 0 0 0 3.6 2 7.2 0 0.4 0 8 0 1.6 4 0 0 0 0 0 0 0 0 18.2 0 2.4 0 0 0 0.2 5.4
0 0 0.8 0 0 12 21.4 0 6 0 0 0 0 0 0 0 0.4 0 6.6 0 0 0 0 0 0 0 0.6 0 5.2 0
0.8 0 0 0 0 0 0 0 0 0 0 0 0 6.4 0 0 0 0 0 0 0 8.6 0 0 0.4 4.8 0 0 0 0
4.2 0 0 0 0.4 0 0 0 0 0 0 0 1.2 4.2 0 0 0 0 0.4 0 0 0 0 0 0 4.4 0 0.2 0 0
0 6.2 0 0 0 4.6 3.8 0 0 0 0 0 0 0 0 5.2 0 0 0 4 6 5.6 6.6 0 0 0 0 0 0 0
0 32.8 0.2 0.2 0 2.2 0 4.2 0 0 0.6 11.2 0 0 3 5.2 0 0 0.8 0.6 9.2 7.6 2.4 2.8 0 12.8 3.2 0 0 0
2.6 0.2 0.8 0 0 0 0 0 0 6.2 8.6 0 0 1.2 1 3.4 3.2 0.6 0 0 0 0 2.8 0 27.8 0 0 0 18.6 0
5 4 0 0 0 0 1.2 4 0 0 0 0 0 0 0 0 0.2 0 0 0 0 19.4 0 0 0 0 0 0 0.2 0
0.4 7.4 0 0 0 0 0.4 0 1.6 0.2 22.2 0 16.2 0.4 3.8 18.2 0 0.4 0 0 0 0 0 0 33 0.2 0 4.4 0 0.2
0 0 0 0 0 16 0 0 0 0 0.4 0 0 0 0 0 0 0 0 0 0 1 0 0 6.4 0 0.2 0 0 0
0 0 0 0 0 0 0 0 0.2 0 0 2.8 0 0 0 0 0 0 0 0 0 0 0 0 0 0 0 3 0 0
0 0 0 10.8 0 0.2 0 0 2.4 0 4.8 0.6 7.2 0 0 0 0 2 0 0 0 0 0.2 0.2 0 0 0 0 0 4.6
0 1.6 5.8 5.2 0 0 0 0 0 0 0 0 1.8 0 0 0 0 0 0 2 0 0 0.2 0 0.2 0 3.6 0 5.6 0
15.4 12.2 0 31 0 0 0 11.4 8.4 8.6 0 0 0 0 0 6.8 0 0 10.6 0 5.2 2.4 9 0 0 8.2 0 10.8 0 3
0.6 0 0 0 0.4 0 0 0 0 0 0 0 0 0 0 0 0 0.6 0.4 0 0 0 0 2 0 11.4 0 0 0 0.6
0 26 8.8 14.2 0 0 0 0 7 0 7.4 0 0 0 8.8 3.2 7.8 0 0 0 3 3.2 0 11.6 12.2 5.4 6.2 0 0.4 11.8
0.6 2.8 0 8.4 0 0 0 0 0 0 0 0 0 4.2 0 0 0 4.8 0.2 0 0.2 4.8 10.2 0 0 0 6.2 5 0 3.6
0 0 0 0 0 0 0 0 5.8 0 0 0 0 0.4 0 0 0 0 0 0.8 0 0 0 0 0 0 0 1 0 0
0.6 0 0 0 0 0 3.8 0 0 0 0 0 0 0 0 0 0 0 0 0.2 0 0 0 3.6 0 3 0 0 5.2 1.6
0 0 0 0 0 0 0 0 3.2 0 0 2 0 0 0.2 0 0 0 0 0 0 0 0 0.6 0 0 0 0 0 0
0 0 0 0 0 3 0 0 10.4 0 0 1 0.2 0 0.8 0 0 0 0 0.2 0 6.6 0 0 0.2 0 0.4 0 0.2 0
9.4 0 0 0 2.2 8.6 0 0 7.8 0 0 0 0.6 9.6 0 0 0 0 0 5.8 4.8 5.8 7.4 0 0 9.2 10.4 4 0 9.4
6.8 0 0 0 0 0 0 0 0 0 0 0 3.2 0 0 0 0.2 0.2 11.4 0 0 0 4.2 0 0 0 0 0 0 0
0 0 0.4 0 0 17.6 2.4 0.6 1.6 0 0 0 1.2 0 0 0 0 0 10.8 0 0 0 0 4 0 0 0 1.2 0.2 0
0 0 0 0 0 0 0 0 0 0 0 0 0 6.2 0 0 0 0 0 5.8 0 0 0 0 0 0 0 0 0 0
0 3.6 1.2 12.2 12.6 0.2 0 0 0 0 0.2 0 6 7.8 0 0 0 0 0.4 0.4 6.6 2.8 0 0 0 0 0.4 0 4.6 0
16 4.4 0.2 7 6 18.4 0.2 0 0 0 8 0 0 10.2 0 17 0 1.8 0 2 0.4 12.4 0.4 0 0 0 24 0 0 5.6
1 0 0 0 0 0 0 0 0 0 0 0 0 0 0 0 11 7.8 0 4 0 0.2 0 0 0 0 11.8 0 2.2 0
2.8 6.4 0 17.2 0 0 0 0 2 0 5.4 0 0.2 5.2 0 2.8 12 0 0 3 0 8.8 7.2 0.2 7 0 11.8 0 0 0
5.2 0 0 0 0 0 0 0 14.8 0 0 0 0.6 8 0 0 0 9.6 0.2 0 2.8 0 0 6.8 0 0 0 0 0 0
0 8.8 0.4 0 17.4 0.4 0 0 0 0 1.2 0 0.6 0 0 0 0 0 1.8 0 0 0 9.2 0.2 4.2 0 13 0 14.8 0
1.2 0 5.8 0 0.2 0 1.6 0 0 0 0 0 5.4 0 0 0 0 0 18 0.6 0 0 0 19 5.2 0 0 0 0 0
0 3.2 0 4 0 10.6 16.6 0 0 0 0.6 0 8.2 0 0 0.4 0 0.6 0.4 6.2 0 0 0 2.4 0.2 1.4 1.6 0 0.6 0
0 0 0 0 0.2 7.6 16.6 0 3.2 0 4.2 0 13.8 7.8 0 4 1.2 0.2 0 0 0 0.2 0 0 3.4 0 11.4 0 1.2 0
0 1.4 0.2 0 6.6 1.4 2 7 0 0 0.8 0 4 0.6 0 0.6 13.8 0.4 7 0 7 0.2 6.6 0 0 12.6 0 2.4 0.4 2
0 0 0 0 0 0 0 0 5 0 0 0 0 0 0 0 0 0 0 0 0 0 0 0 0 0 0 0 0 0
0.2 5.8 7.6 0 5.2 10.2 0 0 0 0 0 0 0 22 0 0 9.2 4.6 0 0 0 0 3 0 0 0 0 0 0 0.2
8.2 10.8 0.4 16.2 5.2 0.4 0 0.2 0 0.4 0.2 3 7.6 5.6 0.2 16.6 0 2.6 0.6 6.8 10.8 5.4 7.4 10.4 32.4 9 22.8 0 0 1.8
0 0 0 0 0 0 0 0 3 0 0 0 0 0 0 0 0 0 0 0 0 0 0 0 0 0 0 0 0 0
3.6 5.8 0 0 5.4 2 0 20.6 2 0 0 0 0 0 5.6 0 8.8 0 6 0 0.6 0 4.2 1.4 0 0 0 0 0 0
0 0 0 0 0 0 0 0 0 0 0 0 0 2 0 0 0 0 0 0 0 0 0 15 0 0 0 0 0 0
0 0.2 0 2.2 0 2 5.6 0 0 0 0 0 6.4 0.2 0 3.4 0 0 0 0 0.8 0 5.2 0 0 0 0 0 0 0
13 6.8 0 9.2 0 0.4 0 1.6 0 0 0 0 0 0 0 1.2 0.2 10.4 13.4 1 10.8 11.6 7.4 0 27.6 0.4 0 0 0 0
0 0 0 0 0 0 0 0 6 0 0 0.2 0.2 0 0 0 0 0 0.4 0 0 0 0 1.2 0 0 0 0 0 0
0 0 0 0 0 0 0 0 0 0 0 0.4 0.2 0.4 0 0 0 0 0 0 0 0 0 0 0 0 0 0 0 0
0 0.2 13.2 0 13 0.4 0.2 0 0 0 0.6 0 0 0 0.2 23.2 0 0 1.4 0 0 0 0 0 8.8 0 11 0 20.8 0
0 0 0 0 0 0 12.6 14.4 0 0 15.4 0 8.6 0 0 0 30.6 0 0 0.2 0 0 0 2 15 5 0 0 0.2 0
0 29.2 0 0 3.4 0 0.6 0 4 0 5 0 2 5 0 0 13.2 0 9.8 0.4 0 0 0.8 0 3.6 0 0 0 0 0
0 0 0 10 16.4 0 0.2 0.2 0 0 0 0 0.4 15.6 0 6.8 0 10.4 0 5.2 6.8 5.8 20 0 0 0 0 0 0 3.2
0.2 0 0 0 0 0 0 0 0 0.2 0 0 0 0 0.2 0 0 0 0 0 0 1.4 10.6 6 0 9.2 0 0.2 0 0
0 0 0 0 6 0.8 0 0 0 0 27.8 0 3 0 0.2 0 0.2 0 0 0 0 0 0.2 0 2.4 0 0.2 0 0.2 0
0 0 0 0 0 0 0 0 5.2 0 0 0 0 0 0 0 0 0 0 0.8 0 0 0 0 0 0 0 0 0 0
0 0 0 0 9.6 0 0 0 0 9 0 0 0 0 0 0.8 10 1 0 0 4.4 0 0 1.2 0 0 0 4 0 0
0 0 0 0 0 0 0 0 3.4 0 0 2.4 0 0 0 0 0 0 0 0.4 0 0 0 0.6 0 0 0 0.2 0 0
0 0 0 0 0 0 0 0 0 0 0 0 0 4 0 0 0 3 3.2 2 0 0 0 0 1 0 0 0 7.8 0
0 0 0 0 0.4 0.4 0 3.6 0 0 0 0 0 0 0 0 34.8 0 0 0 0 0 0 5.4 4.8 0.6 0 0 0 0
4 0 0 0 0 0 0.6 0 0 0 0 0 0.4 0 0 0 12.4 0 0 0 4 0 0 0.4 0 3.2 0 3 0 0
3.8 0 0 0 0 3.4 0 0 0 0 0 0.2 0 0 0 0 0.4 0 0.2 0 0 0 0 0 0 3 0 0 0 0
0.2 0 0 0 0 0 0 0.2 11 0 0 1.6 0 2 0 0.4 0 4.4 0 3.8 0.2 0 0 8.4 0 0 0 7 0 4.8
0 1.2 0 1.2 0 0 4.4 0 0 0 0 0 0 0 3 0 0 0 0 0 0 0.8 10 0 6.4 4 0 0 3 0
0 13.4 8 1 0 0.2 8.6 0 0 0 6.4 0 0 0 0 0 14.2 0 4.4 0 0.8 2.2 0 0 0 0 0 0 3.8 0
11 0 0 0 2.8 8 0.2 0 0.2 0 0 9 5.6 0 0.6 6 0 0 6.8 0 2.8 0.2 7.4 0 4.4 3.6 0 0 6.4 0
0 0 0 0 0 0 0.2 0 3 0 0.2 0 4 0.2 0 20.2 8.6 0 0.4 0 0 6 7.2 0 6.2 0 0 23.4 3.4 0
0 0.2 4 0 0 0 0.4 0 0 2.2 0 0 2.4 0 0 0 0 0 0.8 0.6 0.2 0 0 0.6 0.8 5.2 0 2.6 0 0
0 0 0 0.2 0 8.2 0 5 5 0 5.8 0 0.2 13.2 0 0 0 0 0 0 8.2 3.8 0 0 0 0 14.6 0 0.2 0.6
0 0.4 0 0 0 0 0 10 0 0 0 0 0 0 0.2 5.8 0 0 0 0 0 0 0 0 0.2 0 0.4 0 0 0
0 4.8 0 0 4.6 0 0 0 13.2 0 0.8 0 1.4 3.8 0 0 0 17.6 0 0.6 25.2 3 7 0 0 0 0 0 0 4
0 0 0 0 0 0 6.2 0 0 0 0 0 0 0 0 0 1.8 0 0.2 0 0 0 0 3.8 0 0 0 0 0 0
0 0.8 0.2 8.4 0.6 0 24 12.2 0 0.4 2 0 0 7.6 5.4 8.4 11.8 0 0 0 0 0 5.4 10.4 0 14.2 0 9.4 0 5.8
0 0 0 0 2 0 0 0 0.2 0 0 0 0 9.4 0 4.2 0 5 0 0 5.8 0 4.4 0 0 0 0 0 0 0
0 0.2 8 0 0 0 0 0 0 0 0 0 0 0 0 0 0 0 0 0 0 0 0 0 0 0 0 0 4.8 0
0 0 0 0 0 0 8.2 6.2 0 0 0 0 0 0 0 0 7.6 0 0 0 0 0 0 5 0 0 0 0 0 0
0 0.4 1.4 5.6 0 0 13 3.6 0.6 5.2 0 0 6.6 0 0 0 4.4 0.4 0 5.2 0 16.6 0 0 7.8 3.2 0 0 11 0
0 0 0 5 0 0 0 0 0 0 0 0 0 0 0 0 10 0 0 0 0 0 0 0 0 0 0 0 0 0
0 0 0 0 0 0 0 0 9 0 0 3 0 0 0 0 0 0 0 0 0 0 0 0 0 0 0 0 0 0
10.8 0.2 2.2 0 0 0 0 0 0 6 0 0 0 0 1.6 0 18.6 3.8 0.2 9.6 0 0 0 0.2 6.2 0 4.4 0 0 0.2
9.6 0.4 0 0 3.6 22.2 5 5.2 0 0 0 0.2 0 0 5.2 0.2 0 0 0 0 11.2 0.8 0.2 13.6 0.2 0.4 0 0 4 0
0 0 0 0.6 0 4.4 2.4 11.4 0 0 0 0 0 0 0 0.2 10.2 0.6 12.4 0 0 0 0 0.6 0 0 0 0 12.4 11.8
0 4.2 0.2 0 0.4 0 0 14.4 0.2 0 0 0 0 0 4.8 16.2 0 10.2 0 0.6 13.2 8.4 0 0 0 13.8 0 0.4 0 0
0 28.4 0 0 3.8 1.4 0.4 0 0 0 0 0 1 0 0 0 0 0 15 0 0 0 9.4 0 0 0 0.6 0 0 0
1.4 0 0 8.2 0 0 0 0.2 0 0 0 0 0 19.2 0 0 0 6.2 24.6 0 0 0 0 1.4 1.4 1.4 0 0 0 0
1.4 0 0 0 0 0 0 0 0 0 0 0 0 1.6 0 0 0 11.2 0 0 0 0 0 0.2 0 0.2 0 0 0 0.4
0 0 0 0 0 0 0 0 0 0 0 0 0 0 0 0 0 1 0 0 0 0 0 5 0 0 0 0 0 7
0 8.8 0 0 0 1.2 0 0 0 0 0.2 0 0 0 0 0 7.4 0 0 0 0 0 0 0 0 0 0 0 0.4 0
0 0 0 0 0 0 0 0 0 0 0 0 0 0 0 0 0 0 0 0 0 0 0 0 0 0 0 7 0 0
0 0 0.4 0 0 0 0 0 0 0 0 0 0 0 0 0 0 0 0 0 1 0 0 0 0 0 0 0 0.6 0
0 0 0 0 0 0 0 0 5.6 0 0 0 0 0 0 0 0 0 0 0 0 0 0 0.4 0 0 0 0 0 0
0 0 0 0 8.8 0 9.4 10.4 0 0 16.8 4 0 0 0 0 0 0 5.6 0 0 0.4 6.8 11 0 12.6 1.2 0 13.8 0.2
0 0 0 0 0 0 0 0 4 0 0 9 0 0 0 0 0 0 0 0 0 0 0 0 0 0 0 4 0 0
0 0 0 0 0 0 0 0 7.8 0 0 0 0 0 0 0 0 0 0.4 0 0 0 0 0 0 0 0 3.8 0 0
0 0 0 0 0 0 0 0 0 0 0 0 0 15.4 0 0 0 0 0 0.6 0 0 0 0 0 4.6 0 0 0 1.4
0 0 5 0 0 0 0 3 0 0 0 0 0 0 0 0 0 0 0 0 0 0 0 0 0 0 0 0 0 0
0 0 0 0 0 0 0 0 0 0 0 0 0 0 0 0 0 4 0 0 0 0 0 0 0 0 0 0 0 0
0 0 0 0 9 8.8 14 0 4.4 0 0 0 0 0 0 0 0 0 0.4 0 0 0 0 7.8 5.2 4 8.4 0 0 0
0 0.8 8.4 0 0 9.8 0 0 0 0 0 1.6 0 0 0 0 3.2 0 0 0 0 8.6 0 11.4 0.2 0 0 0 0 0
0 0.2 0 0 0 0 0 0 0.4 0 0 0 2.8 0 0 0 0 0 0 0 0 0 0 0 0 0 0 5.6 0 0
0.6 0 0 1.6 0 4 1.2 0 0 0 0.8 0 0 3.8 1 8.4 0 0 1.6 14.8 0 0 21.2 0 6 3.2 2 11.2 8.6 0
2 0 0 0 0 0 0 0 1.2 0 0 0.8 0 0 0 0 0 0 0 0 0 0 0 0 0 0 0 0 0 0
0 0 0 0 3.2 0 0 0 0 0 0 0 0 0 0 0 0 8 0 0 0 0 0 0 0 3.8 0 6 0 0
9 0 0 0 0 0 0 0 0 0 0 0 0 0 0 0 0 0 0 0 0 12 0 0 0 0 0 0 0 0
0 0 0 0 0 0 0 0 0 0 0 0.4 0 0 0 0 0 0 0 0 0 9 0 2 0 0 0 1.6 0 0
2.6 0.4 2 0 0 0 0 0 0 0 0 0 3.4 0 0 0 0 0 1.6 0 0 12.8 0 0.2 0 0 0 0 0 0
0 0 0 0 0 0 0 4 2 0 0 0 0 0 0 0 0 0 0 0 0 0 0 0 0 0 0 0 0 0
0 0 0.2 0.2 0 0 0 0 0 0 0.8 0 0.2 0.6 0 0 16.2 0 0.2 0 0 0 0 12.6 0 0 0 0 3 0
0 0 3 0 0 0 2.4 0 0 0 0 0 2.4 0 0 9.4 0 0.8 0 0 0 0 0 0.6 1.2 0 0 0 0.2 0
0.2 0 0 0 0 0 0 0 16.8 0.2 0 0 0 0 0 0 0 0 0 0 0 18.8 0 0 5 0 0 0 0 0
0 4.6 1.6 0 0.2 0 0 4 0 0 3.4 0 0 0 0 8.8 2.2 0 2.4 0 6.6 0 0 0 17.2 4 5.8 0 0.2 0
0 34.6 3.6 0 0 4.8 0 0 0 0 0 0 0 7.2 0 0.4 0 16.4 0.4 0 6 0.4 14.8 6.8 0 0.2 0 0 7 15.4
0 0 0 0 0 0 0 0 0 0 0 0 0 0 0 0 0 0 0 0 0 3 0 0 0 0 0 0 0 0
0 0 0 0 0 0 0 0 0 0 0 0 0 0 0 0 4 0 0 0 0 0 0 0 0 0 0 0 0 0
0 0 0 0 0 0 0 0 0 0 0 0 0.4 0 0 0 0 0 0 0 0 0 0 0 0 0 0 9.6 0 0
0.2 0.4 12.6 5.6 5.2 3.8 7.4 14.4 0 9.4 0 0 7.2 5.2 0 3.8 6 1.8 25.8 0 11.6 3 7.2 0 0 0 6.2 0 0 0.2
0 0 0 10.8 0 0.8 8.8 18 6.2 0 8 0 0 1.6 5.8 0 2 0 21 0.2 6.4 0 0 0.2 25.2 0 14.8 0.2 0 0
0.8 0 0 0.2 0 4 1.4 0 0 0 0 0 7.2 0.2 0.2 1.8 5.8 0 29 0 0 0 3.8 0 0 0.2 0.2 4 3 0.2
0 0 0 0 0 0 0 0 0 4 0 0 0 1.6 0 0 0 1.4 0 0 0 0 3 5.4 0 0 7.6 1.6 0 0.4
3.8 0 0 0 0 0 0 9.6 0.4 0 0.2 0 0 0 0 0 7.8 0 0 0 0 0 0 0 0 0.2 0 0 0 0
0 0 0.2 0 0 0.2 7.2 0 0 0 8.2 0 0 0 0 0 19 0 0 0 0 0 0 0 0 0 0 5.2 0 0
0 0 0 0 0 0 0 0 3.4 0 0 0 0 0 0 0 0 0 0 0 0 0 0 0 0 0 0 0.6 0 0
0 4 0 0 0 0 18.6 14.6 0 1.6 0.2 3.4 0 0 12 0.2 29.4 0 0 6 4.2 0 3.6 0 20.2 0 0 0 0 0
0 0 0 0 0 0 0 0 0 0 0 0 9.2 1.4 0 0 0 0 0 0 0 0 0 0 0.4 0 0 0 0 0
20.8 4 0 0.8 0.2 1.2 0 0 0 7.6 0 5 0 0.8 8.4 0.4 10.4 0 31 0.2 9.4 4.2 5.2 0 12.2 0 0 0 2.2 0
0 0 0 0 0 0 0 0 11.8 0 0 0 5 0.2 0 0 0 4 0 0 0 13.4 0.6 0 0 0 0 1.8 0.2 0
0 0 6.8 20.8 1.4 0 18.4 6.2 0 0 0 0 0.2 3 0 1.8 19 0 0 0 4.6 0.4 0.6 0 38.2 10.6 0 0 0 0
0 0 0 0 0 0 0 0 7.8 0 0 0.6 5.2 0 0 0 0 0 0 0 0 0 0 5.6 0 0 0 0.8 0 0
0 13 1 0 0 0 17.2 0 2.2 0 0 0 4.8 0 0 6.4 2.2 1.4 0 0 0 0 1.6 0 1 0 0 0 0.2 0
0 1.4 0 0 0 0 3.8 12.8 0.6 4 3.6 0 8 0 0 0 0.4 0 0 0 0 0 0 0 11.8 0 0 14.6 0 0
2.8 0 0 13.4 17.8 0 0 4 24.4 0 0 0 0 3.4 0 12 0 11.2 0.2 6.2 20.2 5.8 9.2 0 0.6 0 12 7.6 7.2 2
0 17.6 0.2 4 0.2 0 0 0 0 0 0 0 0 3 0 0 0 1.8 0 7 16.6 3.4 8 0 0 0 19.2 0 0 0
0 0 10 0 0 6 0 0 0 0 0 0 0.2 5.6 0 0 0 0 0 0 0 0 0 11.2 0 0 0 0 0 0
0 0 2 0 0 0 0 0 0 0 0 0 3 0 0 0 0 6 0 0 0 0 0 0 0 0 0 0 0 0
1.4 0 0 0 0 1 0 0 3.6 2.8 0 0 3.6 0 0 0 0.2 0 18 5.6 0 3 13.4 0 4.4 0 6 6.8 0.2 0
0 10.4 0 0 0.4 0 23.4 0 0 0 13.8 0 0.2 0 0 4.2 28.8 0 0.4 0 0.2 0 0 0 0 0 0.2 0 0 0
5.8 16.6 0 15.4 7.6 8.6 1.4 0 0 0 0 0 9 0.6 0 0 0 0 0 1 7.8 14.4 16.6 0.4 0 0.2 0 3.8 6.8 0
0 0 0 0 0 0 0 0 2 0 0 0 0 0 0 0 0 0 0 0 0 0 0 0 0 0 0 0 0 0
0 0 0 0.2 0 0 11.6 0.2 3.2 0 0 0 4.6 0.2 0 0 5.8 0 0 0 0 0 0 0 0 0 0 1.4 3.8 4
0 0 0 0 0.2 1 0 0 0 0 0.4 0 0 0 0 0 0 0 0 8 0 0 0 11 0 4 0 0 22.4 0
3.4 0 0 0 0 0 0 0 0 0 0 0 0 0.4 0 0 0 0 0 5 0 0 0 0 0 2.2 0 0 0 0
0 0 0 0 0 0 0 0 0 0 0 0 0 0 0 0 0 0 0 0 0 0 0 0 0 0 0 7 0 0
1.8 0.2 7.4 18.4 10.6 3.8 11.4 8.2 1 1.2 0 0 0 0 3.2 29.8 0 0 0 0.4 6.2 5.6 11.8 0 10 0 0 1 12.8 0.2
0 0 4.4 0.6 16.2 0.2 0 11.2 0 0.2 10 0 0.2 7.2 0.2 7.6 16.8 0 3.4 0 0 13 0 8 51.2 0.2 0 0 0 7.4
0 3.4 9.6 0 11.4 0 0 4.2 0 0 5.6 0 0 0 0 0 16 2 1.2 0 12.4 5 5 0 0 2 4.6 0 0.6 0
0 0 0 0 0 0 0 0 5.6 0 0 0 0 0 0 0 0 0 0 0 0 0 0 0 0 0 0 5.4 0 0
4.8 0 0 0 0 0 17 26.6 5.4 0 1.2 0.2 0.2 0 5 3 19 0 0.4 0 0 0 0 15.8 0.6 2.4 4.4 0 0 0
0 0 0 0 0 0 0 0 2.2 0 0 0 0.8 0 0 0 0 0 0 0 0 0 0 0 0 0 0 5 0 0
0 0 4.6 0 0 0 0 0 0 0 0 0 0 0.4 0 0.6 0 0 0.4 0 0 0 0 8.2 5.8 1 0 0 0 0
0 0.8 0 0 0 6.8 0.2 0 0 0 0.6 0 0 0 0 4 0 0 0.2 3.2 0.2 0 0.2 0 0 0 9.8 0 0 0
0 0 0 0 0 0 0 0 0 5 0 6.4 10.4 0 0 0 0 2.8 0.2 0 0 0 0 0 0 3.4 0 0 0 0.8
7 0 0 0 0 0 0 0 1.6 0 0 0 0 0 0 0 0 0 0 0 0 0 0 0 0 0 0 15.4 0 0
0 0 0 0 0 0 10.6 0 0 0 0 0 0.4 0 0 0 0 0 1.6 1.2 0 0 0 0 0.6 0 3.6 0 0 0
0 8 0.2 8 0 0 5.2 0 0 0 0 2.8 0 26.6 0 21 12.2 0.2 0 0 28.4 21 8 0 0.2 22 0 17.4 1.8 11
11 29.6 12.8 11.8 1 1.4 13 0.2 4.2 0 0 0 11 7 1 12.8 0 0 12.2 0 14.2 0 0 0 2.8 2.2 1 0 0 2.8
0 0 0 0 0 0 0 0 5 0 0 0 0 0 0 0 0 0 0 0 0 0 0 0 0 0 0 0 0 0
0 0 0 0 0 14.2 0 0 0 0 0 0 0 0 1 0 0.2 0 0 0 0 0 0 2.2 0 0 0.2 0 0.2 0
0 0 0 0 0 0 0 5 0 0 4.4 0 0 0 0 0 0 0 2.8 0 0 0 0 7.8 0 4.6 1.4 0 0 0
0 0.2 0 0 0 13.6 0 4 5.8 0 0 0 0 0 0 0 0 0 0 0.2 0 5 0 0 0 0 0.2 0 0 0
3 0 0 0 0 0 0 0 9.8 5.8 0 0 0 0 0 0 0 9.2 0 0 0 13 0 0 0 0 0 0.2 0 0
0 0 0 0 0 0 0 0 8.2 0 0 0 5.4 0 0 0.4 0 13.8 0 0 0 0 0 0 0 0 0 7.2 0 0
0 0 0 0 0 1.6 0 0 0 5.6 0 9.2 0 3 0 0 0 0 0 0 0 0 0 12 0 0.6 0 0 0 0
0 9.4 3 0.4 0 0 0 0 9.4 0 0 0 5.4 0 4.4 0 0.2 0 15.6 1 6.8 9 6 0 0 0 0 4.2 0 0.2
0.2 0 0.2 0.4 0 0 18 0 0 0 1.2 0 0 0.4 0 0 13.2 0 0 0 0 0 0 2.8 0.2 0 0 0 3.4 0
0 0 0 0 0 0 0 0 0.2 2.8 0 0.2 0 0 0 0 0 0 0 0 0 0 0 10.6 0 0 0 0.2 0 0
0 0 0 0 0 0 0 0 14.2 0 0.2 0 0 0 0 0 0 0 0 0 0 0 0 0 0 0 0 18.6 0 0
6.4 0 5 4.6 15.2 0.6 0 5.8 0.4 0 8.4 0 0 0 0 8.6 8 6 0 1.4 29.2 22.2 28.4 0 11.8 1.4 16.2 0 13.4 0
0.2 0 0 0 0 2.6 0 0 0 0 0 0 9 2.6 0 0 0 0.2 0 0 0 0 0 0 1.4 4 0 0 0 0
0 0 0 0 0 0 0 0 0 0 0 8 0 0 0 0 0 0 0 0 0 0 0 0 0 0 0 0 0 0
1.8 0 0 0 0 0.4 0 0 0 0 0 0 0 5.8 0 0 0 11 0 0 0 0 0 0 0 0 0 0 0 0
0 0 0 0 0 0 3 0 1 0 0.2 3.2 0 0 0 0 0 0 0 0 0 0 0 18.4 0 0 0 0.2 0 0
0.2 0 0 0 0 0 0 0 0.4 0 0 0 0 14.6 0 0 0 10.8 0 0 0 0 0 0 0 0 0 0 0 0
1.6 31.6 0 20.8 0 0.4 0 0 5.6 0 0 5.4 0 0 4 0.6 1.6 8 28.2 18 18 7.2 6 0 14.6 0.4 11.4 0 12.6 6
1 0.2 3 0 0.2 0 0 0 0 0 0.2 0 0 0 0 13.6 1.4 4 0 0 20 0 6 0.2 0 0 11.2 5 0 2
0.2 6.8 2.6 10.8 12.6 0.4 0 11.6 0 1 0.8 0 0 0 2.8 0 5.6 0 0.4 0 11.6 14.2 4 0 7.2 10 12.4 0 0 0
0 0 0 0 0 0 0 0 0 0 0 0 0 18.4 0 0 0 0.2 0 0 0 0.2 0 0 0 0.2 0 0 0 0
0 0 0 0 0 0 0 0 0 0 0 0 0 0 0 0 0 0 0 1.6 0 0 0 7.4 0 0 0 0 0 0
1.4 0 0 0 0 0 0 5 7.2 0 5 5.2 0 0 0 0 0 0 0 0 0 0 0 0 0 0 0 6.2 0 0
0 0 0 0 0 0 0 0 6.6 0 0 0 0 0 0 0 0 0 0 0 0 0 0 0 0 0 0 4.4 0 0
12.2 17.6 0 0 0 0 0 0 0 0 6 0.2 4.4 0 0.2 0 0 0.2 0 1.4 0 8.2 12.8 0 0 2.2 0.2 0 9 0.4
0 0 0.4 0 0 0 0 0 2.8 0 0 1.2 0 0 0 0 0 0 1.4 7.4 0.6 0 0 0 0 0 0 1.2 0 0
0 0 0 0 0 0 0 0 0 0 0 0 0 0 0 0 0 0 0 0 0 0 0 7 0 0 0 16.8 0 0.2
3.2 9.4 0 0 0 0 0 0.2 0 2 0 0 0 2.2 0 0 0 0 0 3 1.2 0 0.4 0.2 0.2 13.8 0 11.2 0.2 2.8
0 0 0 0 0 0 0 0 12 0 0 0 0 0 0 0 0 0 0 0 0 0 0 0 0 0 0 0 0 0
8.8 18.6 0 0 7.6 11.4 0 1.2 0 0 0 0 0 11.8 1.4 0 0 0 14.4 6.4 0 0.4 3.2 0 0 15.8 0 0 0 12
0 0 0 0 0 0 0 0 1.6 0 0 5 0.6 0 0 0 0 0 0 0 0 0 0 0 0 0 0 6.8 0 0
6 0 0 0 0 0 0 11.8 0 8 0 0 0 0 3 0 0 0 0 0 0 0 0 6.8 0 0 0 0 0 0.4
0 0 28.2 20.8 5 8.4 42 10.2 10 5 13.6 2.8 10.4 17.4 6.6 23.6 0 14 0 0 14.8 0 14.6 0 40.8 12 28.6 15.6 0 8.6
0 0 0 0 0 0 0 0 30.2 0 0 10.6 0 0 0 0 0 0 0 0 0 0 0 0 0 0 0 8.2 0 0
0.2 15.8 0.6 3.2 9.6 0 16.4 0 0 0 0 0 0 9 0 0.2 28.6 0 0 0 0 0 0 14 9.8 0 0 0 4.4 1.2
0 16.6 0 7.8 2.8 0 0 0 0 0 0 0 0 4.8 0 11 0.2 6.6 0 0 8.6 5.2 7.6 4 0 0.2 0 8 0.6 0
0 0 7.4 7.8 16.4 0 6.4 3 0 0 4.4 0 1.6 3.4 0.4 0.4 10.2 10.6 0 0.2 0 0 0 1 21.8 0 0 11 0 0
2.6 18.8 0 0 4.2 0 13 0.2 0.4 0 3.4 0 0.2 2.4 0 17.4 0 0 0.4 10 0 2.2 0.2 8.2 5 0 24.2 0 0 11.2
0 0 6 4.2 0 0 5.4 0 0 11 0.2 0 0 0.4 0 4.8 7 1.2 15.8 0 21 0 18.8 0 0 16.6 4.4 0 0 0.2
0.4 8.8 13.6 0.8 0 0 21.4 0 0 1 0.6 0 0 15.2 0 17.2 0 11.6 15.2 5.6 15.6 0 0 1 15.2 0 13.2 0 0 9.6
0 0 0 0 1.4 7 0.6 2 0 2 0.2 0 3.8 0.2 1 0 0 0 4.8 0 0 5.4 0 0 48.2 19.8 0 0 4.6 0
0 0.6 0 0 0 11 0 0 5.6 0 0.2 6.6 0 11.4 0 0 0 0.2 0 2.2 0 0 0 0 0 0 0 0 0 9.2
0 0 0 0 0 0 0 0 0 0 0 0 0.6 0 0 0 0 0 0 3.4 0 0 0.2 16.6 0 13 0 7.2 0 0
0 0 0 2 0 0 0 0 8.2 0 0 0 2.6 0.2 0 0 0 0 0 0 0 0 0 0 0 0 0 1 0 0
0 0 0 0 0 0 0 0 9 0 0.6 0 0 0 0 0 0 0 0 0 0 0 0.4 0 0 0 0 0 4 0
3.6 0 0 0 0 0 0 0 13.4 4 0 0.2 6.6 11.4 0 0 0 7.4 0 0 0 0 0 15.6 0 10.2 0 6.6 0 0
7.8 0 0 0 0 0 5 0 27.2 0 0 0 6.8 0 0 0 0 2.6 0 0 0 0 0 0.6 0 0 0 0 0 8
0 0 0 0 0 17.8 0 1 0 0 0.4 0 0.4 0.2 0 0 0 0 1.8 0 0 0 0 0.2 1.6 0 0 0 4.2 1.4
11 4.8 0 0 0 0 0 0 3.4 5 0 6.4 0 0 0 0 0 0 0 0 3.2 0 0.4 0 0 0 6.8 0 0 0
0 0 0 0 0 0 0 0 0.2 0 0 0 1.6 0 0 0 0 0 0.2 0.2 0.2 0 0 5.4 0 5.2 0 0 0 0
0 3.2 0 0 5.6 0.2 0 8 0 0 27.6 0 2.2 0 0 0 0 0 11.2 0 0.2 0 0 7 0.2 12 16 0 1.6 0
0 0.2 0 0 0 0 0.2 0 0 0 0.4 0 0 0 0 0.4 17 0 0.8 0 0 0 6 0 0 0 0 0 0 0
0 0 0 0 0 0 0 0 0 7.2 0 6.8 3.4 0 0.2 0 0 0 0 0 0 0 0 0 0 3 0.4 0 0 0
0 0 0 2.6 0 0 0 0 0 0 0 0 0 0 0 0 0 0 0 0 0 0 0 0 0 0 8.4 0 0 0
0 29.6 0.4 7.8 7 0 0.4 0 0 0 0 0 0 15.2 0.2 20.6 0 11.2 0 24.6 22.4 0 12.2 0 0.2 0 0.4 0 23.8 0
1.4 0 0 0 0 0 0 0 0 0 0 3 0 0 0 0 0 0 0 0 0 0 0 0 0 14.6 0 0 0 0
0 0 6.2 0 0 1.2 33.6 0 0 0 26.8 0 32.4 0.2 2.8 15.4 48.8 0 12.2 0 0 0 14 6.6 41.8 7.8 1 5.8 0 7.4
0 0 0 0 0 0 0 0 0 0 0 0 0 0 0 0 0 0 0 0 0 0 0 0 0 0 0 3 0 0
0.4 0 0 0 15.2 0 0 0 7.8 0 0 0.8 0 0 0 0 0 0 0 0 27.8 0 0 0 0 0 0 0 0 0
0 0 0 0 1.2 0 0 0.2 3.2 0 0 0 0 0.4 0 7.2 0 0 0 0 0 0 0 0 0 3.8 0 0 0 0
0 0 0.2 4 8.6 0 0 0 3 0 0 0 0 0 0 0.4 0 2.8 16.4 0 1.4 0 0 0 0 0.2 0 0 0 0
6.8 0 0 12.2 0 0 23.4 7.8 0 0 0 0 0 5 0 0 0.2 6.4 29.4 3.4 0 7 0 0.2 4.8 0 0.4 0 11.8 0
1 0 0 0 0 0 0 0 0 0 0 0 0 0 0 0.4 11.2 0 13.4 0 0 0 0 0 17 0 0 0 0 0
0.2 0 12 0 16.4 0 0.4 5.4 0 0 0 0 1.2 2 4 0.2 15 0 0 0 0 0 0 0 0 0 11.8 0 0 0.4
0 0 0 0 0 0 0 0 9.6 0 0 0 0.6 0 0 0 0 0 0 0 0 0 0 0 0 0 0 5.8 0 0
0 0 0 0 0 0 0 0 0 0 0 0 10.4 0 0 0 1.6 0 0 0 1 0 0 6.6 0 0 0 0 1.4 0
0 24.6 8.2 5 8 0.8 0.8 0 0 0 0 0 0 0 0 0 0.2 7 4.4 5 0 0 0 0 0 0 0.2 0 12.4 0.4
0 0 0 0 0 0 0 0 0 0.2 0 8.8 0 0 0 0 0 0 0 0 0 0 0 0 0 0 0 12 0 0
12.4 0 0 0 0 0 0 0 14.6 6.4 0 8.8 11.2 11.2 3.2 0 0 0 0 0.2 0 0 0 21.6 0 16.4 0 0 0 11
0 14.8 14 0.6 12.2 12 0 0 1.8 0.8 0.2 0 12.8 0 0.2 11 0 6.6 0 7.8 29.6 2.2 6 0.2 0 6.2 0 6.8 0 0.2
0 0.2 0 0 0.4 21.6 19.2 0 15 0 1.2 0.8 0 2 0 0 5.4 3.6 16.6 0 0 0 0 0.2 1 0 5.2 0.8 3.8 0
0.2 0 0 0 0 0 0 0 30.4 0 0 17.4 0 0 0 0 0 0 0 0 0 0 0 0 0 0 0 30 0 0
0 0 0 0 0 0 0 0 0 0 0.6 0 8.4 0 0 0 0 0 0 0 0 0 0 2 0 0 0 0 0 0
0 0 0 0 0 0 0 0 0 0 0 6.2 0 0 0 0 0 6.6 0 0 0 0 0 0 14 6 0 0 0 0.2
0 0 0 0.2 0 11.2 1.4 5.2 0 0 0.2 0 0 0 0 0 5 0 0.4 0 0 0 0 0 0 0.4 0 0 0 0
0 0 4.6 0 0.8 0 0.2 0 4.2 0 0 0 0 16.4 0 0 0.4 0 39.2 17.8 0 0.8 0 0.2 0 0 1.2 0.2 0 3
0 0 0 0.4 0 0 0 0 0 0 6.6 9.2 12.4 0 0 0 0 0 0 0 0 0 0 0 0 0 0.2 0.2 0 0
6.4 32 1 0 11.2 0 14 0.8 0 0 0.2 0 0 10 0 0 3.6 0 0 0 31.6 0 0.6 0 5 0 2.2 0 18.2 0.2
2.4 0 0 5.2 0 0.6 1.2 7.4 0 0 0.4 0 0 0 0 0 6.6 0 24 0 13 6.8 0 0 0 6 0.2 0 0.2 0
6 28.8 6.4 36.8 15.4 0 0.4 0 0 0 0 0 0.2 0 0 0.4 0 0.2 21.2 0 14.4 13.6 0 0 0 0 0.4 0 3.8 0
7 0 0 0.2 0 11.2 0 23.4 0 0 6.8 0 0 0 0 0 8.4 0 4.8 2 0 0 0 0.2 25.4 0.4 2.6 0 0.6 0
0 0 0 1.4 0 0.4 0 0.2 0 0 13.4 0 0 0 4.2 0 15 0 16.8 0 0 4.6 0 0 0.2 0 9 8 6.8 0
0 0.2 6.4 14.6 0.6 0 0 5.4 0 4.8 0 0 10.2 9.4 2.6 5.2 8.2 0 17.6 14.4 1 15.6 0 1.4 0 0.2 0 0 0 7.2
7 0 0.2 0 0 0 0 0 0 0 0.2 0 0.2 17.4 0 0 0 0 0 0 0 0 0 0 0 7.4 0 0 0 6.6
1.4 0 0 0 0 0 0 0 8.4 0 0 0 0 0 0 0 0 0 0 0.2 0 0 0 0 0 0 0 15 0 0
0 16.2 0.4 0 3 39 4.6 15.6 0 0 24.8 13.4 0 0 0 0 0.4 0 0 0 0 0 0 0.2 10.8 22.6 0 0 0 0
8.2 0.2 4 14.6 0 0.4 28 6 4 0 0 0 4.2 0.8 0 15.6 0 18.4 0 0.2 4 14.4 12.8 0 0.4 0 0 0 0 14.8
3 13.6 0 0.4 9 12.2 11.6 0 6.6 0 14.8 0 0 0.2 0 0.4 0 11 0 2.8 0 0 0 0 0 0 0.6 2.6 0.2 0
0 27.4 12.8 10.6 0.6 20.6 23.8 8.8 6.4 0 0 0.4 0.2 0 0 4.6 50 0 0.2 11 0 2.2 12.6 0 0 0 0 0 0.2 2.6
0 0 0 0 0 0 0 0 5.8 0 0 7.2 9 0 0 0 0 1.4 0 3 0 0 0 0 0 0 12.6 0 0 0
0 1.2 0 9.4 1.6 1 0 0 0 0 0 0 0 0 0 0 13.4 0 18.8 0 2 0 14.8 0 0 0.2 2.6 0 0 0
0 0 0 0 0 0 0 0 9.2 0 0 0.8 0 0 0 0 0 0 0 0 0 0 0 0 0 0 0 2 0 0
0 0 0 0 0 0 0 0 14.8 0 0 0 0.2 0 0 0 0 0 0 0 0 0 0 0 0 0 0 0 0 0
0 0 0 0 0 0 0 0 5.6 0 0 0 0.4 0 0 0 0 0 0 0 0 0 0 0 0 0 0 7 0 0
0 0.2 0 0 0 0 0 0 0 0 0 10 6.6 0 0 0 0.2 0 0 0.4 0 4.8 0 1 0 0 0.4 0.4 0 0
0 0 0 0 0 0 0 0 0 0 0 0 0 1.4 0 0 0 7.6 0 3.8 0 0 0.2 0 0 0 0 0 0 0
0.2 0 0 0 27.2 11.2 0 0 0 4.8 0 4 0 0 0 0.6 6.4 0 40.4 2.8 9.8 0 15.8 0 1.4 0 0.4 4 23 0
0 0 0 0 0 0 0 0 10 0 0 3.6 0 0 0 0 0 0 0 0 0 0 0 0 0 0 0 3.4 0 0
0 0 0 0 1.4 0.4 0 0 0 0 0 0 0 0 0 0 0 0 0 0 4.2 0 0 0 0 0 4 0 0 0
0 0 0 0 0 0 0 0 0 0 0 0 2.4 0 0 0 0 0.2 0 0 0 0 0 0.2 0 0.2 0 3 0 0
5.8 0 0 0 0 0 0 0 0.4 4 0 0 0 2.4 0 0 0 10.6 0 0 0 0 0 1.6 0 1.2 0 0 0 0
0 0 0 0 0 0 0 0 18.4 0 0 10 0 0 0 0 0 0 0 0 0 0 0 0 0 0 0 16.6 0 0
0 0.2 0 0 0 0 0 0 7 0 0 2.8 0 0 0 0 0 2.2 0 0 0 0 0 0 0 0 0 0.8 0 0
12.2 27.4 6 4.8 0 1.4 0 0 0.4 0.4 0 2.8 0 0 0 8.4 0 0 5.8 0 3.2 0 0 0.2 0 0 0.2 5.2 0 0.6
0 0 0 0 0 0 13.8 0 0 0 0 0 0 0 1.2 0 0.6 0 11.8 0 0 0 0 0 16.6 0 0 0 0 0
0 0 0 12.6 0 0.4 0 11.8 0 0 1.8 4 8 8.2 0 7.4 10.8 0 0 0 4.8 0 0 0 0.4 0 1.2 0.4 0 0.2
0 23.6 11 0 18 4.6 15.4 16 0.6 0 0 0 0 0 1.2 8.2 3.6 0.2 5.4 0.2 0.8 5.8 39.6 13 29.8 14.4 0 0.4 0.8 6.4
0 0 0 0 0 0 0 0 0 0 0 0 0 2.4 0 0 0 0.2 0 0 0 0 0 16 0 0 0 0 0 3.4
0 0 0 0 0 0 0 0 12.4 0 0 0 0.4 0 0 0 0 10.4 0 0 0 0 0 10.8 0 0 0 0 0 0
0 0 0 0 0 12.8 0 0 0 0 0.2 0 0 0 0 0 0.4 0 44 0 0.4 0 0.2 0 48.4 7.6 0 0 6 0
0 0 0 0 0 0 0 0 0 0 0.2 0 7 0 0 8 0 0 0.2 0 3 0 0 0 0 0 0 0 0.6 0
0 0 0 0 0 0 0 0 17.6 0 0 0 0 0 0 0 0 0 0 0 0 0 0 0 0 0 0 6.4 0 0
0 0.4 0 0 0 0.2 0 0 1 4 0 0 6.8 0 0 0 0 0 0 0 0 5.2 0 0 0 0 12.6 0.2 0 0.6
0 0 0 0 0 0 0 0 0 0 0 0 0 0 0 0 0 0 0 0 0 0 0 0 0 0 0 16 0 0
9.4 12.6 18.6 12.4 0 4.8 15.6 0 9.6 6.8 0 0 0.8 19.2 0.2 33 15.2 0 0.4 7.6 0.2 11.6 22.6 0 1 11.2 0.8 12.8 0.2 3.4
0 11.6 0 0 19.2 21.8 0.4 6.2 0.2 0 0 4.8 5.8 4.4 0 0 0 7.4 2.4 0 0 0.2 0 0 19.2 1.4 0 0 12.6 6.4
14.8 0 0 0 0 0 0 0 10.4 0 0 0 1 21.2 0 0 0 0 0 12.6 0 0 0 0 0 0.8 0 0 0 8.2
0 7.6 5.8 0 11 0.2 19.6 41.2 0 0 3.8 0 7.4 0.4 11.2 0.8 0.2 0.8 0.4 0.2 0 0 0 16.6 43.8 0 0 0 0 0
0 9 0 7.6 12.6 0 0 0 0 4 3.6 2.2 3.8 0.2 0 15.6 0.4 0 1.6 0 2.4 3.8 0.2 0 17.6 0 0.8 0 20.6 0
6.6 10.2 0 0 20 0 5.8 35.8 0 13.4 28.8 2.6 11.8 0 17 0 29.4 0.2 0.4 3.8 0 5.2 0 0.6 44.4 22.4 0 20.8 32.8 0
0 7 0 0 0.4 10.6 16.2 0.6 0 0 0.2 0 0 0 0 0 0.2 0 0 0 0 0 7.8 1.2 0.8 1.2 1.8 0 0 0
0 0 0 0.2 0 3.8 3.4 0 0 4 0 5.8 0 0 0 0 5.2 0 0 0 0 0 0 11.8 0.4 0 3.4 0 0 0
0 0 0 0 0 0 0 0.4 0 0 0 0 10.6 5.8 0 0 0 0 0 0 0.2 0 0 14.2 0 10.6 0 8 0 14.2
0 16.8 0 29.2 11.8 0 0 0 0 0 0 0 0 0.4 0 14.2 14.8 0 0 0 0 0 0 0 0.2 0 0.4 0 15.2 0
7.6 0 0 13.2 0 0 0 0 1.8 0 0 0 0.2 0 0 0.6 0 5 13.6 0 7.4 0 0.4 0 0 6 10.6 3.2 0.4 0
8.4 17.8 1.4 2.2 10 15.6 8.2 23 0 0.8 0.2 0 0 0 12.4 0 0 0.6 23.8 0 0 0 0.2 0 12.2 0 0 0 0.2 0
0 0 0 0 0 0.2 0 0 8.8 0 0 0 0 0 0 0.2 0 0 0 0 0 0 0 0 0 0 0 5.8 0 0
0 24.6 0 10.2 0.2 16.4 13.8 0 5.8 0 0 0 0 0 0 0.2 0.2 0 7.8 0.6 8.4 0 16.8 0 0 0 0 0 16 0
0 0 0 0 0 0 0 0 0 0 0 0 7.6 0 0 0 0 0 0 0.2 0 15.8 0 0 0 0 0 7.4 0 0
0 0 0 0 0 0 0 0 6.2 0 0 5 0 0 0 0 0 0 0 0 0 0 0 0.2 0 0.6 0 0 0 0
0 27.2 0 0 0 0 0 0 0.2 0 0 0 8.8 11 0 0 9 13 0 0 0 0.2 10.4 0 0 0 1.6 16 0 7.6
0 0.2 0 0 0 0 0 0 0 0 0 0 9 2 0 0 0 0 0 1.6 0 0 0 0.2 0 0 0 0 0 0
0 0 0 0 0.4 0 0 0 0 0 0.2 0 20.4 0 0 0 0 0 0 0 0 0 0 0 0 0 0 10 0 0
1.6 15 0 21.2 15.2 0 0 0 0 0 11 4 0 36.8 0 34.4 0 0 17.6 0 26.4 0 31 0 10 3.4 17.6 0 0 0.8
0 0 0 0 0 0 0 0 4.4 0 0 0 19.8 10.6 0 0 0 5.2 0 3.6 0 0 0 0 0 0 0 0 0 10.4
0 0 0 0 0 0 0 4.6 0 0 7.2 0 10 0 0 0 25.8 0 0.2 0 0 0 8.8 0.4 9 0 0 0 0 0
0.2 10.2 0 0.2 0 20.4 20 1.2 6.2 6.6 0.4 0 0 13.8 0 1.2 0 0.6 0.2 0.4 0 4 0 0 0 0 0 0 0 0.4
0 0 0.2 0 0 3.2 0 0 0.2 0 0 1 17.8 0.2 0 0 4.8 0 0.4 0 0 0 0 5.2 0 4.4 0 3.6 0 0
0 0.4 0 0 0 8.6 0 0 15.2 0 0 0.2 0 0 4.2 0 10.4 0 3.6 0 0 0 0 2 0 0 2 0.2 0 0.2
6.2 0.6 0 0 0 0 0 0 3.4 8.2 7 13 0 1.6 0 0 0 1 2.6 0 0 0.4 0 0 0 0 1 2.8 0.2 2
0 0 0 0 0 0 0 0 0 0 0 0 3.6 0 0 0 0 0 0 0 0 0 0 7.4 0 0 0 0 0 0
0 4.6 4.2 0 0 4.2 9.6 6.6 0 0 0 0 0 0 0 0.4 8.6 0 14.8 0 0 0 4.2 0.2 0 0 0 0 0.6 0
26.4 0 0 0 0 0 6.6 0 2.6 0 0 0.2 0 0 0 0 5.8 6.6 0 3 0 0 0 0.8 0 0 0.2 0 0 6.8
10.4 5.6 0 3.8 11 8 0.2 15.2 0 0.8 19.2 0.6 0 0 9 12 8.2 2.2 24.4 0.8 25.2 4.4 8 7.2 43.4 18 0 0 2.4 0
0 0 0 3 0 0.8 15.2 0 0 0 10.2 0 4.2 0 0 0 0 4.6 27.6 0 0 0 0 0 0 0.4 0 0 0 0
0 0 0 0 0 0 0 0 0 0 0 0 0 3.8 0 0 0 0 0 0 0 0 0 0 0 0 3 0 0 6.2
0 0 0 0 0 0 0 0 0 0 0 0 5.8 0 0 0 0 13.6 0 7.8 0 0 0 0 0 0 0 8.8 0 0
0 0 0 0 0 0 0 7.4 0 0 10.6 0 0 0 5.8 0 8.4 0 0 0 0 0 0 1.2 3.6 1.8 0 0 0.2 0
0 12.6 0 9.6 7 1.8 0 18.2 0 0 0.2 0 0 0 0 0 0 0.2 19 16.8 1.8 0 5.4 0 17.2 0.8 0.4 0 1 0
8.6 15.6 0 0 0 0.2 0 8.2 0 0.2 0 0 0 0 0.6 0 11.2 0 0 8 0 0 0 0 60.8 5.4 0.2 0 0 0
0 0 0 0 0 0 3.4 8 0.4 0 10 0 0 0 4 0 0 0 0.2 0 0 0.6 0 0 48.4 0 0 2 0 0
0.8 0 0 0 0 0 0 0 0 0 0 0 8.4 0.2 0 0 0 11.8 0 0 0 0 0 14.8 0 0 0.2 0 0 4.8
0 0 0 0 0 0 0 0 5 0 0 0.2 0 0 0 0 0 0 0 0 0 0 0 0 0 0.2 0 5.6 0 0
0 0 4 0 0 10.8 5 3 0 0 0 0 0 0 0 0 0 0 0.2 0 0 0 0 0 0 0 0 0 0 0
0 0 0 0 0 0 0 0 0.2 0 0 0 2.6 0 1 0 0 0 0 0 0 0 0 11.2 0 0 0 0 0 0
0 0 0 0 0.4 0 13 1.4 0 0 0 0.2 0 0 0 0 0 0.2 1.2 0 0 0 0 5.6 0 0 0 0 0 0
0 0 0 0 0 0.2 0 2 0 0 7.6 10.6 0 0 0 0 0 0 0 0 0 0 0 1.6 0 0 0 16 0 0
0 16.2 0 0 1 0 0 1 0 0 0 0 0 0 0 0 0 0 0.6 0 0 0 0 0 0 0 0.2 0 0 0
3.4 0 0 0 3.6 0 0 0 0 0 0.2 0 0 4.4 0 0 0 4.8 0 0 0 0 0 0 0 0 0.8 0 3 4.8
0 26 11.8 20.6 0 27 13.4 0 0 0 0 0 0 16 0 26.4 0.2 0.6 0.4 6.6 0.2 0 0 0 0 0 19.8 0 3.4 9.6
4 0 0 0 0 0 0 0 0.8 0 0 0 5.6 0 0 0 0 0 0 3.2 0 0 0.2 0 0 0 0 4.2 0 0
0 0 0 0 13.6 1.6 6 0 0 1.6 0.4 0 0.2 0 3 1 3.6 0 11 0 1.2 0 0 0.4 0 0.2 0.2 0 0 0
0 0 0 0 0 0 0 0 1 0 0 0 7.8 20 0 0 0 13.4 0.2 0.2 0 0 0 2.4 0 0 0 13.8 0 0.2
7.6 0 0.2 0 0 0 0 0 0 5 0 0 8.2 0 0 0 0 0 0 0 0 0 0 0 0 6 0 0 0 0
0.2 0 0 0 0 0 0 0 5.8 0 0 2 0.4 21.6 0 0.2 0 0.2 0 0 0 0 0 1.6 0 11.6 0 0.2 0 0.2
0 0 0 0 0 0 0.8 4.8 0 0 4.2 0 0 0 0 0 9.6 0 0.2 0 0 0 0 0 4.4 0 0 0 0 0
2.2 9.2 0.2 0 0 0 0 0 0 0 0 0 0.2 5 0 0 0 0 0 0 0 0 0 0 0 0 0 0 11.2 0
0 0 0 0 0 0 0 35.8 0 4 0 0 0 0 9.4 0 0.6 0 6.2 0 0 0 0 0 0 0 0 0 0 0
13.6 44.8 0 0 5.6 0 0.2 0 0 0 0 0.2 0 0 0 8.4 0 7.4 0 0 14.6 12.8 18 0 0.4 0 0 0 0 0
0 0 0 0 0 0 0 0 42.6 3.6 0 5.4 0 0 0 0 0 0 0 0 0 0 0 0 0 0 0 29.4 0 0
8.4 6.8 0 31.8 10.2 0.4 9.8 0 4.2 0 0 0 11.8 0 0.2 21.4 0 0 0 0.2 10 0 15.6 0 0 0 8.2 0.2 11 8.8
0 0 0 0 0 0 0 0 28.8 0 0 0 0 0 0 0 0 0 0 0 0 0 0 0 0 0 0 4.2 0 0
0 0 0 0 0 0 0 0.2 0 5.4 0 0 0 0.2 0 0 0 1 0 0 0 0 0 16 0 6.4 0 0 0 4.8
0 0 0 0 0 19.4 0 16.6 0 0 4.8 0 0 7 0 3.6 0 0 6.4 0 0 0 0 13 0 0.2 0 0 0 0
23.6 0.4 18.4 0 6.4 42.4 0 5.4 0.4 11.4 8.4 11.6 0 0 0.4 0 0.2 5.2 30.6 9.4 0 0 3.4 14.4 26.8 55.8 19.8 23.4 1.2 0
2 0 0 0 20.2 4.8 15 0 2.4 0 1 0 2.4 0.2 0 24.6 0 21.6 0 0 0 0 15.6 4.2 0 0 0 0.2 0 6.8
0 0 0 0 0 0.4 6.4 0 2 0 0 0 0 3 0 0 0 0 0.2 0 0 0 0 7 0 5.8 0 0 0.2 0
6.6 0 0 0 0.2 0 0 0 1.6 0.4 0 1.2 5.8 25.8 0 0 0 7.8 0 0 0 0 0 18 0 18.2 0.2 0.2 0 0
0 0 0 0 0 0 0 0 0 1.2 0 0 0.8 0 1.8 0 0 0 0 0 0 0 0 3.2 0 0 0 6 0 4
0 0 0 0 0 0 0 0 11.4 0 0 0 6.8 17.8 0 0 0 0 0 1 0 0 0 0 0 0 0 0 0 0
0 0 0 0 0 0 0 0 0.6 0 0 0 0 0 0 0 0 0 0 0 0 0 0 0 0 0 0 12.4 0 0
0 0 0 0 0 0 0 0 3.4 0 0 0 0 0 0 0 0 7.6 0 0 0 0 0 1.8 0 0 0 0 0.2 7
0 43.2 0 3.2 0 0 0.2 0 0 0 0 0 0 0.2 0 6.2 0 0 1.4 0 0 0 6.4 0 0.2 0 0 0 1 0
0 0 0 4.8 0 7 1.2 0 0 5.8 0 0 12.6 2.8 0 0 14.2 11.6 21.8 0 1 2 1.6 0 1.8 0 1.4 0 16.4 0
0 0 0 0 0 0 0 0 18.4 0 0 0 10.8 0 0 0 0 1.2 0 6.6 0 0 0 0 0 0 0 0 0 0
0 8 0 0 0 0 8.4 0 0 0 3.4 0 7.2 0 0 0.2 0 0 0 0 0 0 0 0 0.2 0 1.2 8.4 0 0
10.6 0 0 0 0 0 0 0 0 0 0 0 0 0 0 0 0 0 0 0 0 6.2 0.2 0 0 0 0 0 0 0
0 0 9 0 0 14.8 0 0 4.8 0 0 0 0.6 0 0 0.2 0 7 9.2 0 0 0 5.2 11.6 0 0 0.4 0 0 4.2
20.2 4.6 0.2 0 0 0 18.4 6 0 0.2 0 0 0.2 24.4 4.6 18.2 0.2 23.6 36.2 20 7.6 0 13.8 0 0.4 0 26.4 0.6 0 0.2
0 0 0 0 0 0 0.4 0 0 0 5.2 0 0 0 4.4 0 7.6 0 0 0 0 0 0 6.4 5 0 0 3 0 0
0 0 13.8 0 17.2 0.2 0 1.6 8.6 4 0.4 4.4 0 0 0 2.4 28.4 0 20.4 0 0 7.4 1.2 4.4 17.6 0 0.2 2.8 0 0
0 0 0 0.4 0 0 0 0 7 0 0 0 0.4 0 0 0 0 0 0 0 0 0 0 0 0 0 0.2 0 0 0
0 0.8 0.2 0 5.8 0 16.8 0 0 0 18 0 0.8 0 0 10.6 0 0 0 0 0 0 0 10.8 16.8 0 1 5 1.4 0
0 0 0 0 0 0 0 0 11.6 0 0 12.4 0 0 0 0 0 0 0 0.2 0 0 0 0 0 0 0 18.8 0 0
0 0 0 4 0 0 0 0 3 0 0 0 0 0 0 0 0 8 0 0 0 0 0 0 0 0 0 0 0 0
0 7.4 0 0 0 0.4 0 0 0 0 0 0 1.8 0 0 0 15.2 0 2 0 0 0.6 0 0 3 5.8 0.6 5 0 3.2
0 0 0 0 0 0 0 0 0 0 0 0 0 0 0 0 0 0 0 0 0 0 0 7 0 0 0 0 0 0
0.6 0 0 0 12.2 13.4 0 0.6 4.2 0 4.8 2.8 0 0.2 0 0.2 0 0.2 17.2 0 0 0 0 0 37 0 0 0 0.6 0
0.2 0 0 0 0 0 0 0 21.2 0 0 0 0 0 0 0 0 0.2 0 0 0 0 0 0 0 0 0 22.4 0 0
6 0 0 0 0 0.8 4.4 10.8 0 0 0 1.2 0 0 0 0 0 0 0.4 0 0 23 3.4 0 12 0 0 0 5 0
5 35 2.2 8.8 10.8 12.4 9 0 0 0 0 0 15 0 3.6 0 0 3.2 0 0 0.2 9.6 25.2 0.4 0 0 1.8 0 26.4 1.4
0 32.6 0 0 0 0 0 0 4 0 0 0 2.4 0 0 0 0 9 0 1.4 4.2 0 0 0 0 0 0 3.4 0 0
8.4 0 0 24 0 0.2 0 0 9.8 0 0 0 1.8 0 0 0 0 0 0 0 11.4 7.4 0 0 0 0 8.4 3 14.6 12
1.4 17.4 3.2 11.2 9.4 0 0.2 0 1.2 0 0 0 1.2 0 0 11.6 0 0 1 0.4 41.6 0 0.2 0 0 1.4 20 4.8 5.2 6.6
0 17.4 0.2 15.8 27.6 0 0.2 0 0 10 10.6 0 0 15.6 0 12.8 17.4 0 20.6 0 23.6 0.4 3.2 0 0.8 0 5.8 0 27.6 1.4
0 0 0 0 0.8 9 0 0 0 0 0 0.4 0 0.4 0 0 0 0 17 0 0 0 0 0 0 0 1.4 0 0 0
0 0 0.4 0 0 0 0 0 0 0.2 0 3 1.2 26.2 0 0 0 1 0 17 0 0 0 23.2 0 34 0 21.2 0 11.6
0.2 0 0 0 9.8 4.2 1.2 0 0 0 5.6 0 0 9.8 4.8 0 5.4 0 16 2.8 0 0 0.2 8.4 8.4 0 17 0 0.2 0
0 0 0 0 0 0 0 0 3.4 0 0 0.8 0 0 0 0 0 0 0 0 0 0 0 0 0 0 0 8.8 0 0
12.2 31.6 1.8 0 5 18.6 21.4 0.2 6.8 0 0 0.4 0 0 0.2 14 0 9.6 0 4.4 0 0 9.4 0.2 2.8 1.4 0 0 22 0
0 0 0 2 0 0 0 0 38.2 0 0 5.4 0 0 0 0 0 0 0 0 0 0 0 0 0 0 0 0.4 0 0
1.8 0 0 5.2 0 12.4 26 0 18.8 0 0.4 0 0 0 0 0 0 0 22.2 1.8 0.4 0.2 17.4 22.4 0.8 0.4 14.4 0.4 0 0
0 4.4 1.6 0.2 0 21.2 8.8 1 0 0 5 0 5.8 39.4 0 0 0 25 0 0 0 0 3.2 0 0.2 0 1.4 0.2 0.4 5.2
0 0 0 0 0 0 0 0 4 0 0 5.6 0 0 0 0 0 0.4 0 0 0 0 0 0 0 0 0 0 0 0
0 14 2.4 18.6 0.4 19 4.6 0 0 0.8 0 0 0 0 0 9.2 0 1.8 0 0 0.2 0 0.2 0 0.2 0 20.4 0 13 8.2
0 0 0 0 0 0 0 4.6 0 0 7.6 0 0.2 0 0 0 0.6 0 0.8 0 0 7.4 0 0 0 0 0 0 0 7.8
0 0 0 0 0 0 0 0 0 3 0 0 33.2 11.2 0 0 0 21 0 10.4 0 0 0 13.2 0 19.6 0 7.8 0 5.6
0 0 0 0 0 0 0 0 12.4 0 0 4.2 3.8 4.6 0 0 0 1 0 0 0 0 0 0 0 0 0 0 0 0
0 0 0 0 0 0 0 0 0 4.8 0 0 8 0 0 0 0 0 0 0 0 0 0 7.2 0 6 0 0 0 0
0.2 0 0 0 0 0 0 0 1.6 0 0 0 16.4 27.4 0.2 0 0 7.8 0 0.4 0 0 0 0.2 0 23.8 0 0 0 3
0 21 0.2 0 0 0.4 0.2 0 0 0 0 0 0 0 0 0 0 1.8 0.2 0 0 0 0 0 0.6 0 15.2 0 8.4 0
0 0 7.8 3.2 9.4 0.2 15.4 8.2 0 0 20.8 0.2 0 0 6.6 0 15.2 0 0 0 4.2 0 0 10.6 19.2 0 2.2 0 3.8 0
9.8 14.2 0 0 0 0 0 11 7.8 0 0 0.6 0 3 0 8.4 0 3.2 0 0 0.2 0 16.4 0 4.6 0.2 21.2 25 9.4 0
0 0.2 0 4.2 0 0 0.4 3 2.8 0 0 5.2 0 0 4 0.2 0 0 14.4 0 0 0 0 0 23.6 0 0 0 0 0
0 0 11.8 58.8 0 0 0 0.2 0 0 0 0 0.4 14 6.2 65.8 0 16.8 0 0 54.8 14.6 9.6 0 0 0 13.4 0 3.6 7
3 18 6.4 0 0 0 0 0 0 0 11.2 0 0 0.6 0 1.4 33.6 12 17.8 3.4 24 25.6 6.8 0.2 22.2 16.6 12 0 8.2 0
0 0 0 0 0 0 0 0 15 0 0 0 0 0 0 0 0 7.4 0 17.2 0 0 0 0 0 0 0.4 0 0 0
6.8 0.4 0 0 0 15.8 0.2 13 2 0 6 0 0 0 14.8 0 0.8 0 41.6 0 0 0 15 0 47 0 0.6 0 0 0
0 0 0 0 0 0 0 0 5.8 0 0 7 0 0 0 0 0 0 0 0 0 0 0 0 0 0 0 7.2 0 0
0 1.4 0 0 8.4 17.4 0 0 0 4.6 0 0 0 11.4 0 21.4 0 0 0 4.4 0 0 0.2 0 0 0 7.8 0 0 0
0.6 37.8 14.8 6.6 13.8 0.2 19.4 0 0 0 0.6 0 1.4 10.6 0 2.2 0.4 0 0.4 9 47 43 4.8 4.4 5.2 0 9 0 6 11.8
0 0 0 0 0 0 0 0 0 0 0 0 17.4 0 0 0 0 7.2 0 10 4.4 0 0 0 0 0 0 0 0 0
0 24.4 6 22 0 0 41.6 0.2 0 0 0.2 0 1 20.6 0 16.4 28.6 0 0.6 0.2 20.2 11.2 6 4.6 9.2 0 10.4 8.4 18.2 0
0 0 0 0 0 0 0 0 3.6 0 0 0 0 0.4 0 0 0 0 0 0 0 0 0 4 0 2 0 0 0 0
0.2 3.8 0 0 0 0.2 0 0 19 0 0 0 0 0 0 0 0 5.2 0.6 0 0 0 0 0 0 0 0 0 0 0
0 30.6 22.8 8.4 0 0.2 20.4 9.2 21.4 7.2 5.4 0 0 0 0 11.4 7.8 0.8 23.4 20 20.4 1.8 6.8 0 2.4 0 0.4 0 0.2 0
1.2 0 22.6 0 0.4 25 0 12.6 0 0.8 0.8 0 0 19.4 0 1.6 0 6.2 0 0 0 0 5.8 9.8 0 0 7.2 6.6 0 18
0.8 14 14.6 7 21.6 10.8 15.2 45.8 10.4 23.4 15.2 24.4 1.8 0 24.4 27 9.8 17.8 19.6 0.2 24.6 21.6 26.4 18.4 74.8 36.6 0.6 37.6 0 3.6
0 0 0 0 0 0 0 0 10.6 0 0 0 0 0 0 0 0 0 0 0 0 0 0 0 0 0 0 3.4 0 0
0 0 0 0 0 0 0 0 0 0 0 0 0 9 0 0 0 7.6 0 0.4 0 0 0 9.4 0 0.6 0 1 0 0
16.8 3 0 0 0 0.6 0 7.2 0 0 0 0 0 5.2 3 0 0 3.8 0 0 0 0 2.8 0 3 0.6 0.6 0 0 0.4
0 13.6 10.6 0 17.8 36.2 16 0.2 0 0.2 0.6 0 0 5.4 11.8 0.6 19.2 0 0 0 6.4 1.2 18 0 41.2 0 0 3 0 0
0 19.2 0 16.6 0 0.4 0.4 0 7.6 0 0 0.2 0.4 7.4 0 7.2 17 2.8 28.6 0 15 0 5.6 0 0 0 0.2 0 0.4 0
4.4 0 0 0 0 0 0 0.4 9.8 0 23.8 0 0 4.8 7.4 7 0 0 1 0 0 1.8 1 0 15.8 0 44 0 17.6 3.2
0 0 0 0 0 0 0 0 0 2.6 0 0 0 4.2 0 0 0 0 0 0 0 0 0 15.8 0 11.2 0 0 0 0.2
33.8 0.4 0 0 0.6 0 0 0 17.4 0 7.4 0 0.4 23.8 0 0 0 6 29 2.8 0 0 6.2 0.2 10.8 21.4 2 0 0.2 14.6
7 0 9.6 0 0 0 0 22 3.2 0 36.6 0 0.2 0 0 0 5.2 0.2 28.6 0 0 2 7.4 26.6 35 0 0.4 0 0 0
0 0 3.4 0.2 7.6 14.4 8 0 0 0 0 0 2 20.6 0 0 0 8.4 51.6 0 5.6 0 0.2 0.6 0 0.2 0.4 0 29.6 18.2
0 0.4 5.2 0 7.8 0 37.6 11.8 0 0 25.4 0 0 2.6 0.4 0 30.4 37 60.8 6.6 0.4 0 0 16.8 58 0.2 1.8 0.4 0.4 0
0 0 0 0 0.8 35.2 0 0 0 0 0 0 0 0 2 0 0 0 3.2 0 0 0 0 0.4 3.8 0 0 9.6 0 0
0 0 0 0 0 0 0 0 13.4 0 0 5.2 0.4 0 0.4 0 0 0 0 0 0 0 5.4 6.2 0 0 3.6 10.4 0 0
9.8 0 0 0.2 0 0 15.8 0.2 3.8 2.6 10.2 1.4 13 0 0 0 1.6 0 13.2 1.8 0 3 0 11 18.6 0.6 0 0.4 0.8 0
0 0 0 0.4 9.8 0.2 7.4 0 0 0 10 0 0 0 0 0 17.8 0 0 0 0 0 2.4 0 11 0 1 0 0 0
11 53.8 0 0 9.2 0 0 0 0 0 0 0 0 0 0 0.2 0 0 0 2.4 21.2 9.8 8.4 0 0 0 0 0 0 0
3.8 0 0 0 0 0 0.2 0 0 0 0 4.6 0 0 0 0 0 0 0 0.2 0 0 0 16.4 0 0 0 0 0 9.8
0 0 0 0 0 9 0 0 13.2 0 0 4.8 0 0 0 0.2 0 0 0 0.2 0 0 0 0 0 0 0 12.6 0 0
0 0 0 0 0 0 0 0 4.2 0.4 0 0.2 0 35.6 0 0 0 18.4 0.2 0 0 0 0 0 0 0 0 6 0 0
0 0 0 0 0 6 0 12.4 1.8 5 0 0 0.2 0 2 0 0 0 0 0 0 0 0 0 0 5 0 6.6 0 0
0 0 0 0 0 0.6 0 0 14.6 0 0 3.4 16.4 0.4 0 0 0 0.2 0 0 0 0 0 0 0 0 19.2 12.2 0.4 1.6
10.4 0 0 0 0 0 0 0 26.6 0.2 0 0 0 1 0 0 0 5.2 0 6.2 0 0 0.2 1.8 0 4.6 0 0 6.8 0
0 0 0 0 0 0 0 0 0 3 0 0 0.2 4.6 0 0 0 11.2 0 0 0 0 0 17 0 0 0 0 0 0
6.6 0 6.8 0.2 0 14.4 0 0.6 5.2 3 0 0 11.4 0.4 0 0.2 0 0 3.2 0.4 8.8 0 4.4 0 0 0 0 0 1.4 0
0 0 0 0 0 7.4 0 0 0 0 0 8 0 0 0 0.2 0 0.4 0 7.6 0 0 0 0 0.4 0 0 0 0 0
0 0 0 0 0 0 0 0 16.6 0 0 10.4 0 0 0 0 0 0 0 0 0 0 0 0 0 0 0 5 0 0
22.4 37.4 16.6 29.8 28.6 0 11.8 0.2 17.6 0 0 1.4 0 13.6 0 0 4.6 14.8 0.6 18.6 70.8 15.4 38 0 2 11.6 12 0 20.4 9.8
0 2 0 0 0 6.2 0 0 19 0 0 11.8 0.2 0 0 0 0 1.4 0 0 0 0 0 0.4 9.6 0 0 20.4 0 0
0.2 0 0 0 14 14.2 0 0 0 0 0 0 0 22.2 0 2 1 3.4 6.6 0.4 26.6 0 0 0 0.4 0 18 0 0 0
0.2 0 0 0 0 0 0 0 4.8 0 0 2 0 0 0 0 0 0 0 0 0 0 0 0 0 0 0 0 0 0
0 0.2 3 8.6 0.8 28 0.2 3.2 0 0 0 0 0 0 0 0 5.6 0 24.2 0 0 0 0 0 12.2 0 0 0 0 0
0 0 0 0 0 0 0 0 12.4 0 0 0 0 0 0 0 0 0 0 0 0 0 0 0 0 0 0 7.6 0 0
0 0 0 0 0 0 0 0 11.2 0 0 0 0 0 0 0 0 0 0 0 0 0 0 0 0 0 0 22.8 0 0
1.2 0 0 0 0 0 0 0 11.8 0 0 0 0 9.6 0 0 0 0 0 0.2 0 0 0.2 10.8 0 1.2 10.6 0 0 4.4
0.4 8.4 8.6 3.4 12.4 9 0 0 0 0 26.6 0 0.4 3.6 0.2 12.4 0 0 0 0.2 30.4 9.4 5 0 0 0 0 0 0 0.6
0 0 0 0 0 4.8 0 0 0 0 5.4 0 0 0 0 0 13.4 0 0 0 0 1.6 0 0 7.8 0 0 0 0 0
1.4 0 1.4 0 0 0 9.6 0 11.8 0 0 0 0.2 13.8 0 0 0 0 0.2 0 1.4 0 0 0 0 0 0.2 0 5 7
0 23.8 8.4 0 0.2 0 37 1.6 0 0 0.4 0 4.2 0 1 31.4 0 20 4 0 0 0 13.6 0 26.8 0.6 0.6 9.4 0 0
0 27.8 0 0 11.2 3 59.6 0 0 0 2.8 0 0 0.6 7 14.8 42 0 0 0 0 0 0 0 26 0 0.2 0 0 0
0 0 0 0 0 0 0 0 5.8 0 0 13.8 0 0 0 0 0 0 0 0 0 0 0 0 0 0 0 9.4 0 0
0 0 0 0 0 0.2 0 0 0.6 0.2 0 3.8 0.6 0 0 0 13 0 0 0 0 0 0 10.6 0 0 0 22 0 0
0 0 0 0 0 0 0 0 20 0.2 0 1 15.4 30.4 0 0 0 20 0 7.2 0 0 0 1.2 0 19.4 0 1.4 0 3.8
0 0 0 10.6 0 0 0.8 4.8 0 2.2 0 0 18.6 0 0 0 13.8 0 25.8 0 0 0 1.2 0 21.4 0 21.4 0 6.4 0
12.4 0 0 0 0.2 0 0.4 0 9 0.2 10.2 0 7.8 7.6 4 0 0 7.8 0 6 0 6 0 22.4 4.8 31.6 0 0 0 21.6
0 0 0.8 0 0 8.6 0 0 0 4 0 0 1.8 0 0 0 0 0 0 0 0 0 0 0 0 0 17.2 0 0.6 0
0 0 0 0 0 0 0 0 0 1.8 0 0 1 0 0 0 0 0 0 0 0 0 0 7.2 0 0 0 26 0 0
0 6.2 10.6 0 0 0 0 0 10 0.2 0 0 4.2 0 0 0 0 0 0 0 0 0 0 0 0 0 0 6.6 1.2 0
14.4 0 0 0 0.2 0 0 0 0.2 0 0 0 48.2 0 0 0 0 0 0 0 0 0 0 0.8 0 0 0 0.2 0 0
0 0.2 0 0 0.4 9.6 0 0 0 0 3.8 0 0 0 0 0.2 31.6 0 0 0 0.2 0.2 0 4.4 29.6 0 0 15.6 4.2 0
0 48.4 4 27 0 18.2 0.4 0 0 0 0 0 5.8 0 0.2 1.2 0.2 0.2 0.2 0 9.2 1.6 0 0 0 0 17.8 0 21.6 0
0 0 0 0 0 0.2 0 0 5.2 0 0 0 19 13.6 0 0 0 0 0 2.4 0 0 0.2 0 0 1.4 0 0 0 0
0 0 14 4.8 21.2 16.4 12.8 35.6 2.2 12 9.4 23 0 0.4 16.4 2.8 26.6 0 0 0 0.2 7.6 1.2 0 10.4 36.4 0 9.4 3 0.2
0 0.2 0 0.2 0 0 0 0 1.6 0.2 0 2.2 22.2 17.8 3.6 0 0 24.6 0 0 0 0 0 7.2 0 10.4 0 4.4 0.2 10.2
19.6 27.6 0 0.2 7 11 0 0 0 0 0.2 0 0 0 0 10.6 0 21.6 13.4 0.2 27.8 11.2 7.6 0 7.8 0 1.2 0 0 0
5.8 5.6 0 0 0 0 4 0.2 11.8 0 0 4.2 0 0 0 0 3.4 2 16.4 0 0 0.2 0 0.2 13 0 0 12.6 26.6 0
0 6.2 11.8 3 37.6 5.6 8 32 0 0.2 40.6 0 0 0 7.2 1.4 0.2 2.2 20.8 0 0.4 0 31.2 0 0 20.2 21 20.6 15.8 12
0 0.2 13.4 39 23 1.8 7.4 6.8 0 0 0.2 0 0 0 0 18.8 0 0 0.2 0 38 5.4 22 0 0 0 31 0 11.8 0
0 0 0 0 0 0 0 0 1 0 0 12.8 0 0 0 0 0 0 0 0 0 0 0 0 0 0 0 29.2 0 0
5.8 0 0 0 0 0 0 0 0 0 0 0 0 24.2 0 0 0 0 0 20.2 0.4 0 0 0 0 0 0 0 0 0.4
0 23.2 7.6 0 1 27.2 0 5 0 0 0 0 4.8 4.8 0 4.6 0 3.8 0 12.8 16 4.4 23 0 0.2 0 23.4 0 0.8 0.4
0 0 0 23.4 28.8 11.8 31.6 0 0 0.2 0 0 0 5.6 0 31.8 94.6 0 7.2 9 0 0 17.6 0 28 0 24.4 0 29 0
0.2 0.2 0 0 4.6 0 0 0.2 41.6 0 0 3.8 17.2 4.4 0 0 0 18 0 14.8 0 0 0 7.2 0 0.2 0 0 0 12.6
0 0 0 0 0 0 0 0 0 0 0 0 11.6 24.8 0 0 0 8.8 0 0 0.2 0 0 0.4 0 0.2 0 8 0 0
0 0 0 3 8 35 0 0 0 0 0 0.6 0.4 1 0 8.6 0 0.8 0.2 3.4 0 0 0 5.2 0 0.8 2.6 0 0.4 0
0 0 0 0 0 0 0 0 0.2 0 0 9.2 0 0 0 0 0 0 0 0 0 0 0 0 0 0 0 26.6 0 0
0 0 0.4 0 0 65.2 0 0.8 46.2 0 0.2 12.4 23.6 0.6 0 18.6 0 0 0 0 17 0 4.6 0 4.4 0.2 10.8 2.6 0 0.4
1 0 0 0 0.2 0 0 0 7.6 0 0 0 0 12.4 0 0 0 12.4 0 0 0 0 0 0.4 0 0 0 0 0 0
0 0 0 0 0 0 0 0 6 0 3.2 0 0 0 0 0 0 0 0 0 0 0 0 0 0 0 15.8 0 0 0
0 0 0 0 0 0 0 0 31.4 0 0 5 0 0 0 0 0 0 0 0 0 0 0 0 0 0 0 36.6 0 0
0 0 0 0 0 0.4 0 0 13.4 0 0.4 0.4 0 4.2 0 0 0 0 0 0 0 0 0 14.6 0 0 3.6 0 0 0
4.8 0 0 0 0 0 0 0 0.2 0.8 0 0.2 0 6.6 0 0 0 0 0 1.8 0 0 0 0 0 0 0 5.8 0 7.8
15 66.6 29.6 14.6 0 0 20.6 4.4 0 0 0 0 5 21.2 0 29.6 0 0 6 26.8 22.2 18.6 26.2 0 0 0 41.6 0 22.4 17.6
0.2 0 0 0 0 0 0 0 0 0 0 5.4 0 4.8 0 0 0 10.8 0 0 0 0 0 18.8 0 5 0 0 0 0
0 0 0 0 0 0 0 0 20.2 0 0 0 0 0 0 0 0 0 0 0 0 0 0 0 0 0 0 10.8 0 0
16.2 0 0 0 0.2 0 0 0 9 0.2 0 3.4 1.8 4 0 0 0 10.8 0 0 0 0 0 11.8 0 0 0.6 0 0 0
1 0 0 12.4 2.6 16 15.6 7 0 0 17.4 0 0 0 0 3.6 29 0.2 0 0 0 0 0 8.8 1.8 0.2 1.4 0 0 0
0 0 0 0 0 0 0 0 14 0.2 0 7.8 0 0 0 0 0 0 0 0 0 0 0 0 0 0 0 0 0 0
0 0 0 0 0 0 0 5.6 0 11.6 0 0 19.6 10.4 1.2 0 0.2 0 0 0 0 0 0 32.8 0 30.6 0 0 0 12
0 0 0 0 0 24 2.2 0 0 0 24.4 0 0 7.8 0 0 3.8 1.8 0 0 0 0 0 0 0 0 10.4 1.6 0 0
0 0 0 0 0 0 0 0.2 0 0 0 10.8 17.2 0 0 0 0 0 0 1.2 0 0.2 0 24 0 15.2 0 0 0 0.2
0 0 0 0 0.4 0 0 0 0 10.2 0 4.6 9.4 0 0.6 0 0 1.4 0 4.8 0 0 0 2.4 0 0 0 0 0 0.2
4.4 0 0.6 0 0.4 8.8 0.2 0 0 0 0 0 0 0 0 0 0 0 26.6 0.2 0 0 0 0 10.8 0 0 0 0 0
0.2 28.6 0 0 2 0.4 12.6 0 0 0 0 0 0 9.2 0 4.8 4.8 0 69.2 10.4 2.4 0 8.2 0 0 0 21.8 0 24.4 0
0 0.8 0 0 0 5.8 15 0 0.2 0.2 0 0 0 0 0 0 6 0 8 0 0 0 0 0 0.4 0 0 21.6 0 0
0 0 0 0 0 0 0 0 21 0 0 5.4 0 0 0 0 0 0 0 0 0 0 0 0 0 0 0 1.6 0 0
8 5.8 0 0.2 20.8 14.8 0.4 0 0 0 19.2 0 0.2 0 0 3 8.2 12.4 31.4 0.8 10.8 0 2.8 0 0 0 21.2 0 0 0
6 0 0 0 0 0 0 0 0 0 0 0 16.4 0.4 0 0 0 0 0 0 0 0.2 0 0.2 0 9.2 0.4 0 0 0.2
0 0 0 0 0 0 0 0 24.4 0 0 0 0.4 0 0 0 0 0 0 0 0 0 0 17.2 0 0 0 0 0 0
1.2 0.2 0 0 0 0 0 0 6 0 0 0 0.2 0 0 0 0 0.2 6.4 0 0 0 0 15 17.8 0 0 0 0 0
0 0.4 0.2 0 0 18.2 0 0 0 0 0 0 8.4 0 0 0.6 0 0 15 0 0 0 0 5.2 0.2 0 0.4 0.4 12 0
0 45.4 0 0 0 0 0 0 0 0 0 0 0.4 1.2 0 0.6 0 0.2 11 0 0.6 0 0 0 0.4 0 18.2 0 0 0
18.4 0.2 0.2 31.4 0 20.4 53.8 36.6 3.6 5.6 23.4 6.8 0.8 5.2 20.4 0 77.8 0 38.2 0 0 5.2 19.8 21.4 29.2 1.6 21.4 22.6 16.2 7.8
0 0 0 0 9.8 1.6 30.2 1.8 6.4 0 3.8 0 13.2 0.2 0.8 0 1.2 0 72.2 0 0 0 0 2.6 0 0.2 0 0 0 0
0.2 20.2 12 33.4 6 18.6 68.6 0 0.2 3.8 0 0 18.6 17.2 0 15 31.6 20.6 10.8 10.6 43.4 5.4 13.4 0 0 0 0 0 22.6 13.8
0 0 0 0 0 0 0 0 33.4 0 0 7.4 0 0 0 0 0 0 0 0 0 0 0 0 0 0 0 0 0 0.2
0 26.6 0 19.6 18.6 19.4 12 8.6 0 0 5 0.4 0 4 1.4 0 3.4 2.4 0 0.4 27.8 0 21.8 0.2 21 0 21.2 26.4 18.8 0
0 0.8 0 0 0 0 0 0 21.8 5.4 0 21 0 0 0 0 0 0 0 0 0 0 0 0 0 0 0 33 0 0
0 0 0 0 0 24.8 21.8 0 7.6 0 0 0 4 0 0 0.2 0.6 0 1.2 0 0 0 0 4.4 24.4 0 0 2.4 0 0.4
0 0 0 0 0 0 0 0 9.4 0 0 0 0 17.4 0 0 0 16.4 0 0 0 0 0 0 0 7 0 0 0 0.8
0 0 0 0 0 0 0 0 25 0 0 4.2 0 0 0 0 0 0 0 0 0 0 0 0 0 0 0 12.8 0 0
4.8 30.6 0 19.2 5.2 0 0 3 0.8 0 0 0 14.4 0.2 0 0 0.2 13.6 9.8 0 6.2 3.6 5.2 0 0 0 7.8 0 1 0.4
0.8 49.6 0 4.2 0 0 0 0 0 0 0 0 0 2.4 0 7.6 0 15.4 46 8 10.6 5.2 12.2 0.6 0 0.2 18.8 27.8 16.6 0
17 23.4 15.2 15 0.2 0 11.8 26 19.6 0.2 0 15.8 0 22 8.8 0 59.8 0 25 24.6 40.4 32.8 18.4 0.2 66 35.2 0 27 16.2 23.4
0 0.2 0 0 0 0 0 0 0 0 0 4 23.2 12 0 0 0 12.4 0 0 0 0 0 0 0 0 0 0 0 8.2
0 0 8 0 15.2 0 0 0 10.6 0 0 0 0 0.8 0 0 0 0 0.2 3.8 0.2 0 0 0 0 0 7.4 0 0 0.8
0.6 0 0 0 0.2 5 0 0 4.4 0 0 0 22.6 21.4 0 0 0 0.2 0.2 8.4 6.8 0 1 0.4 0 0 0 0 0 0.8
1 0 0 0 14.6 0 0 0 4.6 0 0 5 0 0 0.4 0 0 0 0 0 0 0 0 4.8 0 0 0 0 0.6 0
0 0 16 0 0 0.2 0.6 28.4 0 0 16.8 0 0 0 0 0.2 2.2 0 40 0 0 5 8 0.2 25.4 15 5.4 0 18.6 0
0.2 0 0 8.4 0.2 33.4 0.2 0.2 0 1 8.4 0 0.2 44.4 0 0 0 0.6 0 0 0 0.4 8.6 16.8 0 0 19 0 18 24
0 0 0 0 0 0 0 0 0 2.4 0 0 1.4 0 9.2 0 0 0 0 0.4 0 0 0 15.2 0 4.8 0 0 0.6 0
0 19 0 13 1 20.2 35.6 0 0 0.2 6.4 0 0 0 6 0.4 43.2 0 9.8 0 24.4 8.8 0 0 26.4 0 0.2 0 0.4 0
0 0 5.4 0 4 0 0 4 4 0 0.4 3.4 0 0 0 0 0 0 3.8 0 0 0 0 0.6 14.8 0 0 0 11.6 0
0 0.2 0 0 4.8 0 0 0 0 0 0 0 0 13.2 0 0 0 27.2 0 0.2 0 0 0 4.6 0 9 0 12.6 0 0.2
2 0 0 0 0 0 0 0 0.2 0 0 0 0.8 21.8 0 0 0 0 0 6.2 0 0 0 0 0 0 0 0 0 0
0.6 0 0 0 0 0 0 0 27 0 0 0 0 7.2 0 0 0 0.6 0 14 0 0 0 6.2 0 31.8 0.2 0.4 0 4
0 0 0.4 4.6 0 10.4 0 5.4 0 0 0.6 11.4 2.6 9.4 0 0 0 0 9 0 0 0 0 6.8 0 6.6 24.8 0 0 0
0 0 0 0 0 0 0 0 17.2 0 0 0 0 0 0 0 0 0 0 0 0 0 0 0 0 0 0 11.8 0 0
4.6 2.4 12.8 9.8 0 0 0 37.6 0 0 7.4 0 4 0 10.6 0.2 0 0 46.2 10 19.2 0.6 0.6 0 9.2 23.8 7.2 2.6 8.2 0
7 56.2 0 4.4 1.4 0 17.8 0 0 0 0.2 0 0 0.8 0 10.6 16.8 3 0.6 4 35 18.8 1.2 0 15 0.2 0 0 5 0
0 0 0 0 0 0 0 0 0 0 0 8 0 0 0 0 0 0 0 0 0 0 0 0.2 0 0 0 26.8 0 0
12 0 0.4 0 0 1.4 2.4 3 3 0 6.6 0 0 3.2 0 0 12.2 4.2 15.8 0 0 29.2 0 0.2 25.8 0 0.4 0 5.2 0
6.2 0 0 0 1.4 0.8 16.4 4 0 0.6 0 0 0 5.4 2.8 0 0 0 0 0 0 0 0 1 0 0.8 0 0 0.6 0
11.6 19.2 3 0 0 17 0 0 0 0 0.2 0 0 0.2 0 0 0 0 22 0 2 7.2 0 0 1.4 0.4 0 0 0.8 0
0.4 0.2 0 0 0 0 0 0.2 9.2 0 1.8 0 3 18.8 0 0 0 0.2 0.8 0 0 0 0 0 0 0 20 0.4 0 0
0 12.6 0 0 0 9.6 11.4 0 7.2 0 0 0 0 0 0 0 19 0 0.6 0 0 0 0.4 4 3.6 0 0 0 9.4 0.2
0.4 0.2 0 0 0 21.2 16.4 0 11.4 0 0.2 0 0.8 0.2 0 0 0 0 0 0 0 0 0 0.2 0 0 17 0 0 0
2.8 0 3.6 0 0 0 0 0.4 56.2 27.6 0 22 2.6 10.2 12.6 0 0 0 0 11.4 0.4 0 0 10.4 0 27.2 1.6 28.8 0 9.2
0 0 0 0 0 0 0 0 21.2 0 0 4.2 0 0 0 0 0 0 0 0 0 0 0 0 0 0 0 32.6 0 0
0 0 0 0 0 0 0 0 14.2 0 0 0 0 0 0 0 0 0 0 0.2 0 0 0 0 0 0 0 40.6 0 0
0 0 0 0 0 0 0 0 2 0 0.2 0.2 0 0 0 0 0 0 20.6 0 0 0 0.2 0.2 0 0 0 3.6 0 0
0 0 0 8.2 21.4 2.6 45 0 0 0 0 0 24.2 11 0 12.8 0 2 6.2 0 0.2 0 0.6 7 0.4 1.4 2.8 0 28.8 1.4
0.2 0 0 0 0 0 0 0 26.4 3 0 21.8 0.2 0 0 0 0 0 0 0 0 0 0 0 0 0 0 30.4 0 0
0 58.4 5.4 0 0.2 42.8 33.4 4 11.4 0 0 0 21.8 12.4 0 21.8 19.2 9.4 3.2 0 5.8 21 23.8 0 19.4 0.8 0 0 13.8 7
2.6 0 0 0 0 0 0 0.2 0 2.2 0 0 15.2 11.4 0 0 0 0.4 0.2 0.2 0 0 0 1.4 0 18.2 0 0 0 0
23.2 29.6 0 21.6 48 0.6 0.2 0.4 0 0 0 0.2 0 26 0 16.8 0 4.6 0.8 36.6 52.6 9 11.2 0 4.2 0 5.2 0 8.8 16.4
0 0 0 0 0 0.2 0 0 21.8 0 0 0 12.4 0 0 0 0 0 0 0 0 0 0 7.4 0 0 0 0.2 0 0
1 0 0 0 0 0.2 0 0 0 0 0 0 0.4 32.4 0 0 0 25.4 0 0.2 0 0 0 4.6 0.2 8.6 0 0 0 0
0.4 0 0 0 0 0 0 0 0 0 0 0 0 17.6 2 0 0 25.6 0 4.2 0 1 0 0 0 16 0 0 0 0.2
0 0 0 4.4 0 0 0 0 0 4 0 0 0.2 0 0 0 0 0.2 0 0 0 0 0 23.2 0 0 7.8 0 0.2 0
0.4 21 11.2 23 0 6.2 0 0 0 3.8 0 4 0 18.6 0 0 11.4 0 48.4 7.2 22.2 2.4 14.2 0 1 0 0 0 5 0
0 47.6 15 45.6 61.8 11.8 0 2.2 11.4 0 28.4 0 24.8 22 3 40.8 47 8.2 14.4 18.2 11.4 24.6 30 0 12 0 0 24.8 25.6 10.4
0 0 0 0 0 0 0 0 0 0 0 4.4 13.4 0 0 0 0 0 0 2.4 0 0 0 6.8 0 0 0 0 0 0
0 4.4 5 66 30.8 8 7.4 7.6 3.8 0 0 0 0 16.6 5.2 33.4 21 0 0 8.2 11.2 10.6 17.2 10.6 0 0 25.2 0 14.6 6.2
0 0 0 0 0 0.2 0 0 16.4 0 0 7.4 0 0 0 0 0 0 0.2 0.6 0 0 0 0 12.2 0 11 0 0 0
0 0 0.2 0 0 6 0 0 14.8 0 0.6 0 4.2 17.8 0 0 0 3.8 0 0 0 0 0 0 0 0 0 5.6 0 0
0 0 0 0 0 0 0 0 31 0 0 0 0 0 0 0 0 0 0 0 0 0 0 0 0 0 0 7 0 0
13.8 0 0 0.2 0 2.8 0 0 40.8 0 0 4.4 0 0 0 0 0 0 0.4 0.2 0 40.4 0 0 10.6 0 0.2 0.2 0 0
0 0 0 0 0 0 0 0 18.2 0 0 10.6 0 0.2 0 0 0 0 0 0 0 0 0 5.2 0 0 0 6.8 0 0
0.6 77 7.2 40.8 0 0.6 0 7.6 1.2 0 13.8 1 13.8 28.8 4.4 32 32.6 18.2 36 15.2 40.8 21.4 0.4 0 35.4 0 13.6 0 22.2 24.4
16.2 10.4 20.8 42.4 6.8 0.2 0 9.4 1.8 0 0 3.2 0 39.4 10.8 0 15.6 0 43.2 12.4 24.8 13.2 27.4 0 17 11.8 3.4 16.6 0 3.2
7.6 4.2 0 0 0 0 23.6 4.8 0 0 0.6 0 0 0 4 0 0.2 0 35.2 2 20.8 1 0.6 13 14.8 2.2 16.8 0.2 33.4 0
0 52 9.2 43.4 16.8 0.2 44.8 0 0 0 0 0 0.4 10.8 0 4.4 28.2 0 0 7.2 30.6 0 0 0 0 0 39.6 0.2 21.8 0.4
0 0 0 0 0 0 0 0 8.4 0 0 0 0 0 0 0 0 0 0 0 0 0 0 0.4 0 0 0 37.2 0 0
0 0 0 0 0 0 0 0 5.2 0 0 0 0 0 0 0 0 0 0 0 0 0 0 0.2 0 0 0 18.6 0 0
0 0 0 0 0 0 0 0 41 0 0 0 0 0 0 0 0.2 0 0 0 0 0 0 0 0 0 0 16.8 0 0
0 0 0 0 0 0 0 0 26.2 0 0 0 0 0 0 0 0 0 0 0 0 0 0 0 0 0 0 16.8 0 0
0 0 0 0 0 0 0 0 34.2 0 0 3 0.2 0 0 0 0 0 0 0.4 0 0 0 0 0 0 0 0.2 0 0
0 0 0 0 0 0 0 0 8.8 0 0 13 0 0 0 0 0 0 0 0 0 0 0 0 0 0 0 1 0 0
4.8 0 0.6 3 0 0 0 0 0 0 0 0 0 0 0 0 0 0 0 0 0 29.6 0 0 0 0 0 0 0 0
0 13.4 10.2 30.6 0 36.8 36.4 0 0 0 25.4 0 7 8 0 2.4 0 0 0 0.2 3 12.2 0 0.6 34.2 1.6 40.4 0 21.6 0
0 0 0 0 0 0 0 0 25.4 0 0 0 0 0 0 0 0 0 0 0 0 0 0 0 0 0 0 11.6 0 0
0.4 0 0 0 0 0 0 0 15 0 0 0 0.8 0 0 0 0 11.2 0 7 0.2 0 0 0 0 9.2 0 0 0 3.2
0 0 0 0 0 0 0 0 4 0 0 0.4 0 0 0 0 0 0.2 0 0 0 0 0 0 0 0.6 0 19.8 0 0
0 0 0 0 7.6 0 0 0.2 8.8 9.2 0 1 0.2 0 0.6 1.4 0 0 0 0 0 0 0 4 2.6 0 0 30.4 0 0
0.4 0 0 0 0 0 0 0 0.6 0 0 0 0 0 0 0 0 0 0 0 0 0 0 0.2 0 0 0 26.8 0 0
0 7 0 0 0 41.2 0 0.4 0 5 28 0 3.2 31.6 0 0 0 8.2 0 0 0 5.2 0 0 0.4 0.2 0.4 0 0.2 0
0.4 0 0 9 0.2 0.2 0 0 3.4 0 0 0.2 0 11.2 0 0 0 0.4 0 0.2 4 0 0 4 0 0 0 8.2 4.6 0
0 1 2.4 0.2 21.2 47.6 22.8 0.2 0 0.2 0 0.2 1.6 0 0 10.8 11.8 0 74.6 0 32.8 7.8 35.8 0.2 0 32 2.2 0.2 22.8 0.6
0 0 0 0 0 0 0 0 31.2 0 0 5.2 0 0 0 0 0 0.2 0 0 0 0 0 0 0 0.4 0 0 0 0
0 6.8 3.2 0 0 0 0 0.8 14.4 3.2 0 2.2 25.2 27.8 0 0 5.8 44 11 20.2 0 3.8 0 4.2 0 9 0 0 0 16.4
0 71.4 11.6 27.8 0 0 0 0 13.4 0 0 0 0.4 0 0 0.2 0 0.2 0 11.2 22.2 0 0 0 0.2 0 27.2 0 20 0
0 0 0 0 0 0 0 0 0.4 0 0 0 0 0 0 0 0 0 0 0 0 0 0 0 0 0 0 23.6 0 0
0 0 0 0 4.8 0 0 33.8 8 7.8 12 0.6 0 0 21.8 0 0 0 0 0 0 2.8 0.2 18.2 8.4 0.4 0 25.2 0 0
0 0 0 0 0 0 0 17.6 0 0 18 0 8 0 8.8 0 0 0.8 0 0 0 0 0 19.6 4.6 0 0 0 0.4 0.2
0 32.2 0 6.6 0 20.6 34 0 0 0 0 0 0 1.4 0 0 32 14.8 0 0 1.4 0 0 0 0.2 0 42.2 0 5.6 0
2 0 0 0 0 9.6 0 0 21.2 0 0 0 5.8 0 0 0 0 0 35.8 15 0 0.2 0 0 0 12 0 23.4 0 0
0 0 0 0 1.4 0 0 0 26.2 0 0 2.4 0 0 0 0 0 0 0 0 0 0 0 0.4 0 0.6 0 0 0 0
46.8 30.2 0 0 0 0 13.2 16.2 0.2 0 0 0 12.4 4 10 0 7.6 0 43.2 7 25.2 38.4 20.4 0.2 59.2 11.2 0 0 20.6 0
26.8 0 0 0 0 0 0 0 0 1 0 0 24.4 2.2 0 0 0 0 0 0.2 0 0 0 0.6 0 0 0.2 21.6 0 0
0 0 9.6 0 0.6 9.4 72.6 0 0 0 21.6 0 11 0.2 0 0 0.2 4.6 0 0 0 0 2.8 0 12.6 1.2 0.6 12 6 0
0 0 0 0 0.2 0 0 0 0 0 16.6 6.2 0 0 0 0 23.2 0 18.6 0 0 0 0 0 18.8 0 0.2 2 0.2 0
0 0 0.2 0 0 0 0 0 0 0.2 0 0 3.2 12.8 0 0 0 0.4 0 0 0 0 0 25.4 0 8.6 0 0 0 3.2
4.8 10 13 9.6 0.2 0 0 0 0 0.6 0 0 5.8 5.6 4.2 0 0 0.2 42.4 14.8 0.2 0 0 22.4 0.2 0 6.4 3 0 0.6
0.4 0 0 0 0 0 0 8.6 5.4 5.4 0 0 11.6 9.8 0 0 0 0 0 0.6 0 0 0 11.4 0 19.4 0 0 0 2.4
0 0.6 0 0 10 0.2 26.6 38.6 0 0.2 57 5 0 0.2 12.4 0 65.2 14 29.2 0 0 0.4 0.4 0 56.4 6.4 3.4 12 1.4 0.4
0 0 0 0 0 0 0 0 24.2 0 0 6.4 0 0 0 0 0 0 0 0 0 0 0 0 0 0 0 15.4 0 0
0 0 0 0 0 0 0 0 1.2 0 0 0.2 0 0 0 0 0 0 0 0 0 0 0 1 0 0 0 28.6 0 0
5 18.2 6.8 13.4 0 4.8 8.4 0 4.8 0 3.8 0 0 4.8 0 0 0 0 22.2 11.8 9.4 43.4 7.2 0.6 14 0 14.8 0 51.6 0
3.2 0.2 0.6 0 15.6 19.2 0 0 0.6 0 0 0 20 0 4.6 0 0.8 0.2 1.8 11.8 12.2 0.2 0 0 1.6 0 20.4 0.2 14.4 0.4
0 0 0 0 0 0 0 0 6 0 0 7.6 0.2 0 0 0 0 0 0 0 0 0 0 0.2 0 0 0 41 0 0
1.8 40.2 19.4 54.4 37 11.8 50.8 11.4 0 2 11.6 0 4.8 0 12.2 59.8 84.2 0 19.4 0 106.4 12 53.8 6 88.8 0 6.6 4.8 9.6 0.2
8.8 1.6 1.6 3.6 2.4 0 17.6 0 2.6 6.8 1.4 0 0 13.4 0 0 5.8 0 41.6 5.4 0 14.8 16.6 1.8 15.6 15.8 25.2 0 4 6.6
0 0 0.2 0.8 0 0 30.8 8 0 0 29.4 3 0 18.4 0 0 0 0 55.2 0 8 0 0 0 42.4 0 12 0 43.8 0
0 8.2 0 0 0 0.2 5.6 0 0.2 0 2.4 0 0 4.8 0 0.6 1.4 0 0 12.6 0 0 0.4 0 0 0 11.6 0 0 0
0 0.6 0 0 0 8.4 0 0 2.8 0 6.6 0 0.8 11 0 2 13.4 3.6 0 0 0 0 0 0 5 0 68.2 0.4 0.2 0
0 0 0.6 0 3.2 0 4.2 0 29.2 5.2 0 0.2 0.2 34.6 0 6.4 0 17.2 0 50.6 7.6 6 8.2 0 15.6 5.4 23 35 0.4 26.2
0 0 0 8.2 0 0 0 0 0 0 0 4.4 27 15.6 0 0 0 0.4 0.2 20 0 0 0 0 0 0 0 0.2 0 0
0 0 0 0 0 0 0 0 62.6 0 0 0.2 0 0 0 0 0 0 0 0.2 0 0 0 0 0 0 0 8 0 0
22.6 0 0.4 0.2 12.4 18.2 13.4 13.8 0 3.2 0 0 33.8 2.4 2.2 0 7.6 7.4 53 22.6 0 0 8.8 11.6 39 29.4 0 2 0 22
0 0 0 0 0 0 0 16 0 6 0 0 0 0 3.6 0 0 0 0 0 0 0 0 0 3.4 0 0 0 0 0
0 0 0 0 0 0 0 0 14 0 0 0 0.2 0.2 0 0 0 0 0 0 0 0 0 0.2 0 0 0 20.4 0 0
0.2 0 0 0 0.2 0 0 0 11.4 0 0 0 0 0 0 0 0 0 0 0.2 0 0 0 23.8 0 10.2 0.2 7.8 0 0
0.8 0 0 0 0 0 0 0 16.4 0 0 1.6 3.6 0 0 0 0 0 0 0 0 0 0 2.4 0 0 0 0.2 0 0
2.8 0 0 0 5 0 0 0 0 10.8 0 0 0 11.6 0 0 0 0.2 0 0 0.6 0 0 5.6 0 5 0 0 0 34.4
0 0 0.6 0 14 0 2.6 0 0 0 8.4 9.4 0 0 0 2.4 1 0 0.4 0 0.8 0 11 7.8 0 0.2 0 42.4 0.2 5.8
0 0 0 0 13 0 0 26.2 0.8 4.8 5.2 0 0 0 7.6 0 0.2 0 0 0 0 0 0 9.2 0 4 0 0 0 0
0.8 3.6 0 0 0 10.2 25.8 18.2 0 0 0.4 0 4 18.8 0 0 29.6 23.8 69.8 35.4 20.4 13.8 0.4 0.6 13.8 0.6 0 0 19 0
0 0 0 0 0 0 0 0 62.4 2 0 36 0 0 0 0 0 0 0 0 0 0 0 0 0 0 0 77.6 0 0
12.4 45.6 31.8 12.8 14.6 52 18.8 0 0 0 1.4 0 34.4 13 0 42.6 0.4 0 18.2 0.2 63.4 17.4 22.8 14 30.6 0 6.8 4.8 20 0
0 0 0 0 0 0 0 0 16.4 0 0 0 0.2 14.2 0 0 0 0 1.4 7.2 0 0 0 0 0 9.8 10.2 0 4 3.6
0 0 0 0 0 0 0 0 3.4 0 0 8.4 0.2 0 0 0 0 0 0 0 0 0 0 0.4 0 0 0 5.6 0 0
0 14 0 0 0 23.2 0 0 0.2 3.4 8.6 0 24.2 0 0 0 17.8 0 29 1.4 0 0 0 0 0.2 10.4 17.2 0 36.6 3.8
28 19 7.8 0 0 0 15.2 5 0 0 0 0 0.2 3.8 0 0.2 0.2 0 86.2 5.4 34.8 15 6.6 0 19 10 36.6 0 13 0
0 0 0 0 0 0 0 0.2 0 1.6 0 9.2 13 13.2 0 0 0 0.2 0 0 0 0 0 0 0 5.8 0 4.2 0 5.6
1.2 30.4 0.4 0 2.2 0.8 31.4 31.6 10.6 7.2 0.8 0 3.6 0 0 27.2 0 2.2 27.8 0 42.4 12 53.4 1.4 75.4 10.2 0.6 5.8 8.4 0
2.8 29 0 5.2 9.6 0.6 0 0 17.8 7.2 12.4 19.6 0.2 0 0 10.2 0.2 0.2 12 0 0 0 1 12.8 0 7.2 15.2 34.8 0 0
0 0 0 0 0 0 0 0 16.8 0 0 0.4 0 34.4 0 0 0 25.8 0 3.8 0 0 0 0 0 0 0 6.2 0 10.6
0 0 0 0 0 0 0 0 4.8 0 0 0 5.8 0 0 0 0 0 0 0 0 0 0 0 0 0 0 8.4 0 0
0.2 0 0 0 0.2 4 0 0 5.4 0 0 0 0 0 0 0 0 0 0 0.2 0 0 0 24.4 0 8.8 0 0 3.8 0
0 0.2 0 0 0 0 17.8 16.6 22.8 0 18.8 0 0 0 6.2 0 19.2 0 61.8 0.2 0 1 0 0 11 0 2.2 0.2 0 0
0 0 0.2 0 0 0 0 4.6 0 0 0 0 0 0 0 0 0 0 0 0 0 0 0 8.4 16.8 0 0 0 0 0
0 8.6 0 0 36.8 0 0 33.4 31.8 0 2.8 0.2 0 0 0 0 0 0 24.6 0 0 0 0.4 8.8 0.2 0 0 0.2 0 0.2
0 0 0 9.2 26 0.6 4.8 19 0.2 0 24.6 0 2 4.2 7.4 0 33 0 0 0 0 0 1.4 9.2 14.4 0.2 14 0 14.8 0
0 0.8 0 0 0 0 0 0 0 0 0 0 17.2 23.8 0 0 0 0.8 0 0 0 0 0 0 0 0 0 0 0.6 2.8
24.8 44.6 0 45.6 18 0 0 0 11.6 0 0 4.6 0 47.2 0.2 40.2 0 33.2 25 40.8 73.2 13.4 24.8 0.6 17.4 0 21 42.8 8.4 14.6
0.4 40.2 0.6 14.6 13.6 14.2 43.4 0 0 0 13 2.6 36.8 20.6 0 18.2 37.6 18.8 16.8 0.4 36.8 14.6 16.4 0 9.8 7.8 0 0 38.8 0
0 20.2 0 10.8 15.6 0.2 41.2 1 0.6 0 0 0 19.4 50.4 0 0.2 0 5.8 0 0 0 3 0 0 0 0 18.8 0 43.2 1.6
0 38.6 12 0 8.4 0 0.2 34.8 30.8 13.2 22.6 12.8 0 0 34.2 12.6 8.4 0.2 39.2 21.4 13.8 0 42.2 16 38.8 26.4 0 14.4 0 0
0 0 0 0 0 0 0 21.6 6.6 0 9.2 0 0 0 11 0 0 0 0 0 0 0 0 19.4 1.2 8 0 0 0 0
0 4 0.4 15.4 20 24.8 0 0 0 0 0 0 0 3.8 0 5.8 0 0 0 0 3.4 0 0.6 0 0 0.2 44.6 0 36 1
20.2 50.2 11.8 17.8 7.4 0 4.6 0 0 0 5.4 0 0.4 0 0 27.2 0.4 1 49.4 0 48.8 8.8 26.4 0 18 16.4 0 0 3 21.8
0 0 6.6 30.8 10.6 15.6 12.6 0 0.2 0 0 0.4 0 31.8 0 13.4 0 20.2 0 2.8 31.8 0.2 9.6 0 0 6.6 43 0 28.6 20.2
0 0 0 0 0 0 0 0 0 0 6.6 0 0.2 0 0 7.8 0 0 0.6 0 0 0 0 13.8 7 0 0 0 0 9
14.6 54.6 19 0 24.8 36.6 12.4 37.8 18.2 10.4 12.6 0 0.2 26 9.4 19.8 35.2 0.4 36 18.4 52.6 0.2 21 0 38 45.2 2.6 0 0 0
0 0 13.8 6.2 0 19.4 0 0 7.4 0 0 0 1.2 0 0 0.4 21 0.2 8.6 0 0.2 4.2 4.2 0 43 0.2 31.4 0.4 26.2 0
3 0 0 0 0.4 0.2 0 0 0 4 0 0 0.2 20 0 0 0 28.6 0 0 0 0 0 19.8 0 6.6 0 0 0 9.2
0 45.2 0.6 27.6 12 21.2 0.2 0 0 0 17.4 0 1.2 17.8 0 37 37.8 0 12.4 0 8.6 2.8 0 0 31.8 0.2 28.6 0 11 8.6
12.4 0 0 0 3.4 0 0 0 0 0 0 0 10.8 20.4 0 9.4 0 4 0 6.8 0 0 7 0 0 0.2 14.4 0 0 3.2
0 0 0 0 0.2 0 0 50.8 44.6 17.4 0.2 18 21 12.4 25.6 0 0.2 0 0.6 0 2.8 0 0 27 22.8 74.2 0.2 49.4 0 17.6
0 0 0 0 0 0 0 0 0 0.2 0 0 10.8 1.2 0 0 0 1.8 0 0 0 0 0 9.4 0 0 0 0 0 0.6
10.2 82.6 14.2 7.6 0 50 20.4 0 15 4.2 12.8 5.4 36.8 0 6.6 20.4 30.6 0 35.2 0 34.6 14.8 19.4 0 33 3.8 10.6 0 4.4 0.2
0 51.8 7.6 36.6 0 0 60 0 0 0 0 0 0 23.8 0 0 26.8 1.8 17.6 2.4 28.4 0.4 0 0 0 0 21.2 0 33.4 0.2
0 0 0 0 0 0 0 0 17.2 0 0 12.4 0 0 0 0 0 0 0 0 0 0 0 0 0 0 0 5.4 0 0
0 13 0.8 0 14 0.6 6.4 4.8 0 0 17.4 0 0.2 8.2 0 0.2 0 13.6 45 4.6 1.8 0.2 18.4 0 5.4 0 27.4 0 33 1
0 0 0 0 0 0 0 5.6 3.6 0 0 0 7.6 2.4 0 0.4 10.8 0.4 10.4 0 0.2 0 0 0.2 8.2 10.8 0 0 0 2.4
0.2 25.8 0 22.2 0 0 23 0.4 1.2 0 9.4 0 13.2 0 0 0 0 8 8.4 8.6 7.2 0 0.2 0.2 0 0 28.6 0 21.8 11.6
0 0.4 0 0 0 0 0.4 0 7.2 0 0 4.4 28.6 0 0 0 0.4 0 23.2 0.6 0 0 0 0.6 0 0 0 0.2 0 2
10.8 0 0.6 0 0.4 18.4 2.2 5.8 0.2 0 6 0 2 27.4 0 0 0 0 35.6 6.6 0 0.4 0 9.8 37 5.6 0 0 7 7
0 0 0 0 16 2 0.2 4.6 5.2 9.2 6.4 0 2.2 0 0 0.2 0 0.8 0 0 0 0 5 0 0 0 0.2 0 0 6
0 0 0 0 0 0 0 0 21 0 0 0 0 0.6 0 0 0 14.6 0 0 0 0 0 0 0 19 0 0.8 0 0
0 0 0 0 0 0 0 0.2 0.2 0 0 0 5.2 1.2 0 0 0 28.2 0 0.2 0 0 0 8.8 0 23 0 0 0 0
0.2 0 0.2 0 17.8 25 0 0 0 0.4 6.4 0 19.6 34.6 6.4 1.2 5.4 21 0 12.6 0 5.8 0 16.4 0 11.2 0.6 0.2 0 19
1.2 0 0 0 0.2 6.6 0.2 4 2.2 0 10.2 0 0 0.4 0 0 19.4 7.2 25.6 0.8 0 7 0 0 23.4 0 0 0 0.6 0
0 0 0 0 0 0 0 5.2 10.2 9.2 16.2 0 0 0 4.6 0 6.8 0 0 0 0 0 0 15 0 0.4 0 0.4 0 0
1 0 0 0 0 0 0 0 3.4 0 0 0 0 12.4 0 0 4 21.4 8.4 4.4 0 0 0 10.8 0.6 0 0 3.4 0 1.2
0 0 0 15.2 4.4 0.4 30.8 3.6 0 0 0 0 0 0 0 0 22.2 0 17 0 16.6 0 0 0 8.4 0.2 15.8 5.4 0 0
0 0 0 0 0 23.6 0.2 0.2 0 0 9.2 0 0 0 0 4.8 15.4 0 0.2 0 0 0 0 4.8 26.8 0 11.2 0 0.6 0
11.8 0 0 5.6 1.6 24.8 0 6 0.2 0 0 0 0.2 0 0 0 6.4 6.2 62.6 5.4 6.6 0 1.6 3 8.2 0 0 12.2 23.6 0
0 0 0 0.2 11 0 8 8.6 0 0 5.6 0 0 0 0 0 0 0 0 0 0 0 0.6 1 0 0 0 0 0 0
0 0 0 0 0 0 0 0 14.6 0 0 9 0 0 0 0 0 0 0 0 0 0 0 0 0 0 0.2 12.2 0 0
17.6 4.8 42.2 18 9.8 1 0 31.8 0 0 24 0 0 18.6 12.6 24 0.8 0 41.8 8.8 15.6 3 25.2 0 24.6 7.2 0 0 4.6 0
0.2 0 0 0 0 0 0 0 0 1 0 0 8.2 3 0 0 0 0 0 0 0 0 0 9.2 0 6.4 0 0 0 0
0 0 0 0 0 10.4 0 38.6 0 6 26.4 0 0 0 7.2 0.2 18.4 0 0 0 0 0.2 3.6 0 30.4 4.6 0 0 0 0
26.8 0 0 0 16.2 24 0 0 22 3.8 14.6 10.4 6.6 24.4 0.6 0 0 17.6 0 1.6 0 11.8 5.4 24.6 0.4 19.2 15 10 9.8 23.2
0 0 0 0 0 0 0 0 10.6 0 0 4 0 0 0 0 0 0 0 0 0 0 0 0 0 0 0 22.4 0 0
0 10.2 0 7.2 14 0.2 2.4 0 0 0 5 1.8 0 28.2 0 15.6 0 2 1 10.8 5 2 0 0 0.8 0 23.2 5.4 0 5.2
3.6 10 11.4 11.4 0.2 17.8 0 0 0 0 0 0 5.6 3.8 3.2 13.6 0 0.2 0.2 0 28.2 0.2 0.2 0 0 0 37.4 0 29.8 0.2
1.2 0.6 0 0 0 0.2 0 0 17.4 0.4 0 0 8.2 22 0 0 0 20 0 12.4 0 0 0 0 0 0 4.2 3.4 0 21
0 0 0 2.2 0.4 0 29.6 7 0 7.4 6.8 0 1.8 0 0 4.2 0 10.2 0 0.2 0.2 0 0 25.4 1.4 5.2 27.8 0 0.2 0
0 0 0 0 0 0 0 0 21 0 0 2 0 0 0 0 0 0 0 0 0 15 0 0 0 0 0 0 0 0
0 0 0 0 0 0 0 0 12.4 0 0 0 0 0 0 0 0 0 0 0 0 0 0 0 0 0 0 10.6 0 0
0.2 0.8 2.8 11.6 0 0 0.2 0 2.4 0.6 0 0.2 0 18.8 0 13.2 0 10.8 0 9.8 12.2 2.2 15.4 0 0 0 0.4 1.2 16.4 7.8
0 0 0.8 0.2 0 0.2 0 0 7.8 0 1.2 10 0 0 0 0 0 0 0 0 0 4 0 0 13.6 5 0 0.2 0 0
1 0 0 0 0 0.2 0 0.2 0 0 0 0 0.2 0 0 0 0 0 45.2 0 0 0.2 0 0 4.4 0 0 0.2 15.4 0
1.6 0 3.2 0.6 0 0 0 0 0 0 2.6 0 1.6 15.4 0 0.6 0 0.2 0 2 0 0 0 7.2 0 0 0 0 0 0
0 0 0 0 0 0 0 0 7.6 0 0.2 1.4 19.2 0 0 0 0 0.6 0 0.2 0 0 0 16.2 0 6.8 0 19 0 6.8
0 32.4 0 0 13.8 0 13.6 17.6 0 0 13.2 0 0 5.6 7.6 0 82.2 0 31.4 0 0 9.2 3.6 0.2 42.2 7.2 0 0 14.6 0.6
8.4 5.8 0 0 5 21.4 17.6 0 0 0 0 0 0 9.2 1.4 22.4 0 0 12.2 0 26.6 0 10 0 1.8 0 0.2 0 0 0
0 29.8 15.8 7.6 0 0 0.2 30.2 0 0.2 0 0.2 0.4 0 5.4 2.6 24 0.2 5.6 0 19.6 0 6.2 0 19.4 10 26 4.4 14.8 0.4
0 0 0 0 0 0 0 0 0 0 0 0 0.2 27.6 0 0 0 17.6 0 1 0 0 0 0 0 0 0 0 0 13.6
24 0 0 0 0.2 0 0 0 3.4 7.4 0 2.6 0 0.4 8.2 0 0 11.6 0 9 0 0 0 32.6 0 46.2 0 0 0.4 8
0 0 0 0 0 0 0 0 0 0 0 0 7.2 0 0 0 0 0 0 0 0 0 0 20.6 0 15 0 0.2 0 0
0 0.2 0 2.2 0 0 0 0 8 0 0 0 14 45.8 0 0 0 13.4 0 0 0 0 0 0 0 0 0 6.2 0 0.2
0 0 0 0 0 0 0 0 2 0 0 2 18.6 17.2 0 0 0 4 0 0 0 0 0 0 0 0 0 8.8 0 10.4
0 1.2 16.8 0 2.8 0.6 12 9.4 8.4 0.2 10.4 6.2 0 0 0.4 3.6 0.2 8.6 14.6 0.6 0 0 0.4 1 0.8 0 28.6 13.2 0 0
0 0 0 0 0 0 0 0 0 0 0 0 15.6 0 0 0 0 0 0 8.2 0 0 0 5.8 0 0 1.4 0 0 0
0 0 0 0 0 0.2 8 0 19.6 0 20.6 5.2 0 0.4 0 6.8 13.4 0 0 3 0 0.8 0 0 25.8 0 21.6 8.6 0 0
0 48.2 0.8 0 4.6 20.2 0 0 0 0 1.6 0 0 0 0 4.2 0 22.6 2 0 38.8 8.4 12 1.8 0 2.8 0 0 2 0
