5 0 0 0.2 0 9.8 0 12.8 8.6 0 0 0 1.2 12.8 0.2 0.4 0 13.2 0 5.8 10.4 0 2 0 18.8 16.4 0 0 0.8 0 0 0 9 12 0 0 0 17.2 0 0 0 7.2 13.2 0 0 0.2 0 0 12.8 0
0 0 0.6 0 0 0 0 0 6.6 11.6 1.2 0 0 0 0 0 17.6 0 0 0 0 0 0 21.8 0 4.2 0 0.2 0 0 0 0 0.2 0 6.8 2 0 0 1 0 0.2 0 0 0 0 0 0 0 0 0
0 0 0 0 0 0 0 0 0 0 5.8 0 0 0 0 0 18.6 0 0 0.4 0 0 0 0 0 0 0 0 0 0.2 0 0 0 0 0 3.4 0 11.2 11.2 0 0 0.2 0 0 0 0 0 0 0 0
0 0 13 0 0 0 0 0 0 0 0 0 0.2 0 0 0 0.4 0 0 0 2.6 0 0 0 0 0 0 0.6 0.2 0 0 0 0 0.2 0 0 0 0 7.6 0 0 0 0 0 0.2 0 0 0 0 0
18.4 7.6 0 0 0.2 0 0.6 0 0 4.6 0 0 0 21.6 3 10.8 0 0 0 0 0 0 0 0.4 0 0 0 0.4 0 0 2.2 0 12.4 12.6 0 0 0 3.2 0 0.2 0 0 0 0.8 14.2 0.4 10.4 0 5.8 0.2
0 0 1.8 16.2 0.6 0.4 0 29.4 10.2 0.2 7.8 0.2 0.4 10.4 22.4 3 0.6 5.4 0 1.2 0 0 0 0 0 0 0.2 0 4.4 1.4 1 16 8.2 15.4 12.2 0 4 0 2.2 0 0 0 9.6 16.4 0 0 0.4 0 0 0.4
6 32.2 0 32.2 1 1.8 0 0.6 0 20.4 0.2 35.4 14 0 9.6 0 0 0 0 0 0 3.2 2.6 0 0.4 16.2 3 0 0.2 8.4 20.8 1.6 16.8 11.8 0 0 0 0 3.2 0 0.2 0 21.4 10 23.4 16.6 7.2 0 25.6 0
0 0 0 0 0 0 4.8 0.2 0 0 0 0 0 0 0 0 0 0 0 0 12.4 0 0 0 7.2 2.8 0 0.4 0 0 0 0 0 0 0 0 0 0.2 2.6 0 0 0 0 0 21.4 0 0 0 0 0
0 0 5 0 0 0 0 0 0 0 0 0 0 0 4.6 0.4 0 0 9.2 0 0 0 0 0 0 0 0 0 0 0.8 0 0 0 0 2 0 0 0 0 0 0 0 0 0 0 0 0 0 0 0
0 1.8 6.8 0 0 0 1.2 0 0 0 0 14.8 0 0 2.6 0 0 21.4 4.6 0 0.6 0 0.4 0 0.2 6.8 10 1.2 9.6 12 0 8.8 0 1 0 0.2 0.2 0 1.2 16.4 0 0 31.2 0 1.8 0 8 0 3.6 10.6
14.6 0 0.4 0 0 0 12.2 8.2 1.4 18 9.6 0 1.2 17.2 0.2 15.6 5.8 0 13.8 2.4 0.2 3.2 0.2 0 0 0 0 0 0.2 0 0 0 0 0 0 0.4 5 0 7.6 0.6 13 0 0 4.8 0 0 0 0 0 14.2
0 0 0 15.2 0.2 0 2 0 0 0 0 0 0.2 3.8 0 0 0 5 0 5 5 0 0 0 0 0 0 0 0 0 0 0 0 0 0 0 0 0 0 0 0.2 0 0 0 5.4 0 4 0 0 0
25.4 12.6 7.8 42 0 10.6 22 17.2 0 0 0 13.8 0 2.2 0 0 11.8 8.6 16.8 0 0.2 8.8 20.4 0 30 4.8 11.6 0.2 19.2 2.6 10.8 17.2 1.8 0 5.6 0.2 20.2 8.4 26.8 4.4 0.8 8 21.8 1 6.4 13.2 9.6 0 28.8 18.4
0.2 0 0 0 5 0 0.2 0 0.4 0.2 0 0 0 0.6 0.4 10.2 1.2 0.2 0 0.2 4.4 0 0 0 0 0 0 0 0.4 6.4 0 0 8.8 0 0 0 3.2 0 0 12 5.6 0 0 0 0 6.6 0 2.8 0 0
0 0 8 0 3.6 3 0 0 5.2 17 0 0 0 0 0 0 24.2 7 0 0 0 0 0 22.4 0 0 0 13.2 0 0 0 0 0 0 0.2 4.8 0 0 0 0.2 0 5.4 0 0 0 0 0 4.8 0 0
0 0 0 0 0 0 2 0 0 0 4.8 0.2 25.2 0 11.6 3.4 0 0 0 0.4 0 2.4 0 0 11.8 0 7 0 21.8 15.2 1.4 0 1 0 0 0.2 0 6.4 0 16.6 0 0 0 7.8 0 0 6.8 0 0 0
0 0 7.2 0 0 0 0 0 5.2 0.2 7.2 0 0 0 0 0 0 0 0 0 0 0 0 0 0 0 0 0 0 0 0 0 0 0 0 0 0 0 0 0.2 0 0 0 0 0 0 0 0 0 0
0.6 0.2 0 22.8 0 11.4 5.6 0 0 0 0 6.2 12.6 20 13.8 0.2 0 0 0 0 0 0 0 20 0 12.2 0 0 21.8 0 0.2 16.8 0 27.2 9.6 4.6 0 0 0 0.4 0.2 0 16.2 25.4 0 0.2 12.4 0 0.2 18.2
0 0 0.2 0 0 0 0 0 0 0.2 0 0 0 6.2 0 0 8.8 0 0 5.2 0 0 0 0 0 0 0 0 0 0 0 0 0 0.6 0 0.2 0 0 2.2 0 0 0 0 0 0.2 0.2 0 0 0 0
0 0 0 0 0 0 0 0 0 0.2 0 0 13 0.2 2.8 1 0 0 0 0 3 0 0 0 0 0.2 0 0.2 0 0 0 0 1.2 0 0 0 0 0 0 0 0 5.8 0 0 0 0 3 2.4 1.2 0.8
6.6 6.2 3.4 0 4.4 0 1 0 0 0 0 1.2 0 0 0 0 6.8 2 1 0 0 0 0 2 0 11.6 0.2 16.6 0 0 15 0 0.4 0 0.4 0 0 13.8 7.6 0 0 0 0 0 0.2 19.6 0 0 0 0
8.6 0 0 0 0 0 0 0.4 1 0 0 0 0 0 0 0 0 0 0 0 0 7 2 0 22.4 0 0 3.6 0 0 0 0 7.6 0 0 1 0 2.6 0 0 0 0 16.8 0 9.4 0.4 0.2 2.2 2.6 15.2
6.2 0.6 0 0 0 0 0 0 17.8 4.6 0 0.2 4 0 0.4 26.8 0 0 0.2 0 0 0 0 0 0 11.6 0 0 9.8 0.6 0 4 25.6 1.6 14.4 0 0 2 0 0.2 0 0 0 9.2 13.2 6.2 0.8 0 0 1
0 0 0 0 0 0 9.8 1 0 0.2 0 0 0 8.2 0 0 0 0 0 0 5.6 2.8 0 0 0.4 0 5.4 6.8 12.4 0 2.2 0 0.2 0.2 0 0 0 4 0 13.6 14.8 0 2 0 0.2 0 0 0 6 2.2
0 0 0 0 0 0 0 0.2 0 0 0 0 0 15.4 0 0 0 0 0 0 3 3.8 0 0 3.4 2.4 0 0 0 0 0 0.8 0.6 17.4 0.4 0 0 0 0 0 0.4 0 4 0 0 0 0.2 0 0 0
0 0 0 0 1.4 0 0 0 7 35.4 21.6 0 0 0 0 0 0 0 0 0 0 0 0 0 0 0.4 0 7.8 0 0 0 0 0 0 0.2 0 12 2.8 0 0 0 0 0 0 0 2 0 2.4 0 0
0 0 0 0 0 0 0 0.4 0 7 0 0 0 0 0 0 0 0 0 0 0 0 0.2 0 0 10.4 0 1 0 0 0 0 0 0 0 0 0 0 0 0 0 0 0 0 0 0 0 0 0 0
0 8.6 4.6 0 3.2 0 0 0 0 0 0 0 0 0 0.6 0 1.4 0 0 0 18.4 0 3 0 10.2 0 0 0 0 0 10 0 0 0 0 0 0 0 0 0 0 0 0 0 2 0 0 0 0 0
0 0 0.2 0 0 0 0 7 0 0 0 0 0 0 5 0 6 0 0 0 3.4 0 0 0 0 0 0 0.2 0 0 0 0 0 0 0 0 0 0 2.2 0 0 0 0 0 0 0 0 0 0 0
0 0 0.2 0 0 0 0 0 0 0 0 0 0 0 0 0 0 0.6 0 0 6.4 0 0 0 4.2 0 0 22.2 0 0 0 0 0 0.8 0 0 4 0 0 0 0 0 0 0 0 0 0 0 0.6 0
0 0 0 0 0 0 9.2 0.2 0 0 0 3.8 0 0 0 0 6.8 0 3.8 0 0 0 0 0 0 0 0 0 0 0 0 0 0 0 0.2 0.2 0 0 12.8 0 0 0 0 0 0 0 0 0 0 0
0 0 7 0 0 0 0 0 0 9.6 6.4 0 0 0 0 0 0 0 0 1.2 0 0.2 0 10.2 0 0 0 0 0 0 0 0 0 0 0 0 0.8 8.6 0 0 0 0 0 0 0 0 0 0 0 0
0 0 14.6 0 0 0 0 0 0 0 0 0 0 0 0 0 0 0 0 0 0 0 0 0 0 0 0 0 0 0 0 0 0 0 0 0 0 0 10.4 0 0 0 0 0 0 0 0 0 0 0
0 0 0 0 0 0 0 0 0 0 0 0 0 0 0 0 6.6 0 0 0 0 0 0 0 0 0 0 1.8 0 0 0 0 0 0 0 0 0 0 7.6 0 0 0 0 0 0 0 0 0 0 0
0 0 1 0 0 0 0 0 0 0 0 0 0 0 0 0 8.2 0 0 0 0 0 0 0 0 0 0 0 0 0 0 0 0 0 0 0 0 0 14.8 0 0 0 0 0 0 0 0 0 0 0
0 0 5.6 0 0 0 0 0 0 0 0 0 0.2 0 0 0 0.8 0 0 0.2 0 0 0 0 0 0 0 0 0 0 0 0 0 0 0 0 0 0 24.2 0 0 0 0 0 0 0 0 0 0 0
0 0 0 0 10 0 0 0 0 0 0 0 0 0 0 0 0 0 0 0 11.2 8.6 0 0 28 0 0 0 0 0 0 0 0 0.2 0 0 0 0 0 0 0 0 0 0 0 0 0 0 0 0
0.8 3.8 0 0 3.2 0 0 0 0 0 0 0 1.2 0 0 0.2 0 0 0 4.6 0 0 0 0 0 0 3 0 6.2 0 5.8 0 7 0 0 0 5.2 0 8 0 0 6.2 0.2 0 14.6 0 10.4 13 4 4.6
0 0 0 0 0 0 0 0 0 0 0 0 0 0 0 0 13 0 0 0 0 0 0 0 0 0 0 0 0 0 0 0 0 0 0 0 4 0 0 0 0 0 0 0 0 0 0 0 0 0
0 0 3 0 0 0 0 0 0 0 0 0 0 0 0 0 12 0 0 0 0 0 0 0 0 0 0 0 0 0 0 0 0 0 0 0 11 0 0 0 0 0 0 0 0 0 0 0 0 0
0 0 0 0 0 0 16.6 0 0 0 0 0.4 0 0 0 0.2 0 0 0 0 3 0.2 0 0 0 0 0 0 13.2 0 0 0 0 0 0 0 0 0 0 0.2 0 0 0 9.8 0 0 0 0 0 0.4
0 6.8 0 0 3.8 0 8.4 0.2 0 9.6 0 0 1 2.4 13 3.2 0 0 0 0 0 0 0 25.6 0 0 31.6 0 0 0 0 0 0.2 0 0 0 0 0 0 0 4.2 0 0 0 22.6 0 6.4 0 7 0
0 0.6 0 9.2 8 0 0 0 0 0 0.4 0 36.4 0 0 2.6 6.2 0 0 0 0 4.8 0 14 6.6 0 10.6 7.4 0 12.6 0.2 0 8.4 0.2 0 0 5.8 0.4 0 0 21.6 6.6 6.6 0 2.6 3 0.2 4.8 0 5.2
0 3.8 2.2 0 0 0 1.4 0 0.2 19.8 0 0 13.4 0 2.2 0.6 0 0 0 6 7.6 6.2 0 0.6 0 0 0 0 0 0 0.2 0 0 36 0 0 2.4 7.4 0 0 0 0 0 0 3.6 0 7.4 0 0 0
0 0 0 0 0 0 0 0 0 0.4 0 0 0.4 0.2 0 0 0 0 0 0 0 0 3.4 9.6 0 0 0 4.6 0 0 0 0 0.6 0 3.8 0 0 0 0 0 0 3.8 0 0 0 0 0 9.2 0 0
0 0 0 0 0 0 0 0 0 10.6 0 0 0 0 0 0 0 0 0 0 0 0 0 0 0 0.2 0 0 0 0.2 0 0 0 0 0 0 0 0 0 0 0 0 0 0 0 0 0 0 0 0
0 0 0 0 0 0 0 0 0 0 0 0 0 0 0 0 11 0 0 2.6 0 0 0 0 0 0 0 0.4 0 0 0 0 0.2 0 0 0 2.8 0 0 0 0 0 0 0 0 0 0 0 0 0
0 0 2.2 0 0 0 0.2 11.8 0 0 0 0 0 0.2 2 0 0 0 5.4 0 0 0 0.6 0 0 0 0 0 0 0 0 0 0 3.2 0 0 0 0 0 15.6 0 0 17 18.6 0 0.2 0 0 0 0
5 3.4 0 0 0 4 0.6 0 0 0 0 5 0 0 0 0 0.8 2 0 0 0 2.8 0 0 0 0.2 0 0 0 0.2 0 11.4 4.2 1.8 10.8 0 0 0.4 0.8 0 4.8 2 0 0 6.4 6.6 15 4 1.6 2.2
0 0 0 0 0 0 0 0 0 0 12.6 0 0 0 0 0 0 0 0 0.2 0 0 0 0 0 0 0 0 0 0 0 0 0 0 6.8 0 0 0 10.4 0 0 0 0 0 0 0 0 0 0 0
0 0 0 0 0 0 0 0 0 0 0 0 0 0.2 0 13.8 0 0 0 0 0.2 0 0 0 0 0 0 0 0 2.8 0 0 0 0 0 0 0 0 0 0 0 0 0 3 0 0 0 0 0 0
0 0 0.2 0 0 0 0.2 0 20.4 14.4 3.2 0 16 0 0 0.4 0 0 0 0 0 0 0 14.4 0 6.2 0 0 0 0 0 0.2 0.2 2.2 0 0 0 0 0 0 5.8 0 3.2 0 0 0 0 0 0 0
0 0.2 0 0 6.8 0 0 0 0 13.6 0.2 0 6.2 0 0 0 0 0 0 0 5 0.4 0 0 0 0.4 0 0 0 0 0 0 0 0 0 0 0 0.4 0 3.4 0 0 0 0 0 0.2 0 0.2 0 0
0 0 5 0.8 0.4 0 0 0.2 0.2 29.2 0 0 0.2 0 0 0.2 0 0 0 0 0 0 0 0 0 0 0 0 0 0 0 0 7.2 0 0 0 9 0 0.4 0 0 3 0 0 0 0.2 0 1 0 0
0 0 0 0 0 0 0 0 0 13.4 0 0 0.2 0 0 0 0 0 0 0 0 0 0 0 0 0.2 0 0 0 0 0 0 0 0 0 0 0 0 0 0 0 0 0 0 0 0 0 0.2 0 0
27.8 0.2 2.2 0 0 0 0 0.4 0 1 4.6 0 29.4 8.4 0 13.2 0 0 0.4 0 2.2 0 0.4 0.4 13.8 0 0 0 0.2 0 3.2 0 0 3.4 0 0 0 0 0 0 6 0 0 0 3.6 0.2 0 0.2 3.8 8
0 0 1.2 0 9.8 0 0 0 0.2 25.2 3.8 0 1.6 0 0 0 0 0 0 0.2 0 8.2 4.4 0 0 0 0.2 0 0 0 0 0.2 0 0 0 0 3 14.6 0 12.2 0 0 0 0 0 0 0 18.2 0 0
0 0 3.6 4.8 0 0 0 0.4 0 0 1 0 0 0.4 0.4 19.8 7.8 0 0.4 0 0.2 0.2 0 0.4 0 0.2 0 0 0 10 0 32.2 9.2 0 0 6.6 0 5 0 18.4 0 0 0 8.8 0 0 2.4 0 0 2.8
2.4 26.6 0 17.6 0 0 17 0 9.6 0.4 8.4 29 0 38.6 0.4 0 0 18.8 19.2 16.8 23.4 0 1.2 10 6.6 0 31.6 0 0 9 9.6 21.8 6.6 13.4 0 0 0 0 0 0 7.6 3.6 33 0 12.4 0 6.6 12.4 0 7.4
7.2 2.6 0 14.2 0 1 5.8 23.2 0.2 0 0 22 7.4 30.2 19.8 0 0 12.8 16.8 3.6 25.4 0 0 0.2 20.4 0 0 0 0.2 0 0 6.6 0 0 0.4 0 0 0 0.6 0 0 5.8 7.2 3.6 4.6 5.4 7.2 4.4 0 4.2
0 0 0 0 0 0 0 0 0 0 0 0 0 0 0 0 0.2 0 0 1.6 0 0 0 0 0 0 0 14 0 0 0 0 0.2 0 0 0 0 0 1 0 0 0 0 0 0 0 0 0 0 0
8.2 10.4 0 8 1.8 0 6.8 0 0 0 0 0 1.2 19.2 0.2 0.2 0 0 0 2.2 0 0 1 9 21.8 10 0 0 1 0.8 0.4 10.8 9 0 0 0 0 12.8 3.8 0 6.4 2 15.2 0 10.2 0.8 0 6.8 0 0
0 0 0 0 0 0 0 0 0 5.8 13.2 0 0 0 0 0 0 0 0 11 0 0 0 3 0.2 0 0 6 0 0 0 0 0 0 5.4 0.4 0 2.4 0 0 0 2 0 0 0 0 0 0.2 0 0.4
0 0 6.6 11.2 0.2 0 0 0 0 0.6 0 0 11.2 22 0 8.2 10 0.4 0 0 0.2 1.2 0 0.4 50 7.8 0 0 13.2 0.2 0 2.6 17.6 1.4 0 0.2 0 0.2 0 7.6 5.6 0 6.8 0 0.8 6.6 0.8 0 5.4 0
8.4 0 0.2 17.2 0 0 0 0 0 0.6 0 0.2 10 2.8 0 0 0 0 0 0.2 0 0 0 0.2 0 0 9.6 15.4 0 0 0 0 0 6.2 0 0 0 0 0 0 4 0 0 0 0 0 0 0 0.4 5.6
0 0 0 0 0 0 0 0 0.2 25.8 0.6 0 0 0 0 0 0 0 0 2 0.4 0 0 0 0.4 0.2 0 0 0 0.8 0 0 0 0.2 0 5 0 5.4 0 0 0 0 0 0 0 0 0 0 0 0
0 0 0 0 6 0 0 0 0 0 5.2 0 0 0 0 0 0 0 0 0 0 0 0 3.4 0 0 0 0 0 0 0 0 0 0 0 0 0 0 0 0 0 0 0 0 0 0 0 0.4 0 0
0 0 0 0 0 0 0 0 0.2 0 0 0 0 0 0 0 0.2 0 0 0 0 0 0 12.8 0 10 0 7.8 0 0 0 0 0 0 0 0 0 0 0 0 0.8 0 0 0 0 0 0 0 0.2 0
0 0 2.8 0 0 0 0 0 0 7.2 20 0 0.2 0 0 0 0 0 0 0 18.2 7 0 0 0.2 13.6 0 0 0 0.4 0 0 0.2 0 0 0 0 0 0 0.2 0 0 0 0 0.2 0 0 0.8 0 0
0.2 0 7.8 0.4 0 0 3.8 0 2.6 0 0.4 0 26.4 0 0 18.4 0 0 0 0 0 0 4.8 0 11.4 0 0 0 0 0 0 0 0 0 0 0 0.6 0 0 0 2 0 1 4.4 14.2 0 0 3.6 3 0
0 0 0 4.4 0 0 2.2 0 7.4 0 0 0 0.2 0 0 4.4 0 0 0.2 0 0.2 0 0 3.4 0.2 0 0 0 0 0 0 0 0 0 0 0 0 6.4 0 8 0 0 0 0 0 0 0 0 0 0
0 14.6 0 13.2 0.2 3.8 0 0.6 0 0.4 0 16.2 4.4 0 0 0 0 0 4.2 0 0.2 0 0 24.6 4.8 0 0 0 10 0 0 0.2 0.4 0 0 0 0 0 0 0.6 0 3 0 0 7.6 0 0 12 0 0
0 0 0 0 0 5 13.6 0 0 0 0 0 0 0 0 0 2 0 0 0 0 0 0 0 0 0 0 1 0 0 0 22.4 0.2 0.2 0 0 4 0 0 8.4 4.4 1.8 0 0 0 0 0 0 0 0
0 0 14 0 0 0 0 0 0.2 0 0 0 0 0 0 0 0 0 0 0 0.4 0 0 0 0 0 0 0 0 0 0 0 0.2 0 0 0 8.4 3.4 0 0 0 0 0 0 0 0 0 0.4 0 0
0 0 4.6 4.2 1 0 0 0 1.2 4.6 1.8 0 0 0 2 6 0 0 0 0 0 0 18.6 0.2 0 0 0 7.8 0 0 0 0 0.2 0 3.8 0 0 0 0 0 0 3.2 0 0 0 2 0 24.6 0 0.2
0.2 0 0.4 0 3.2 0 0 0 5 0 2.2 0 12.4 0.2 0 0.2 0 0.6 10.2 0 6 0.2 0 0 0 4 0 0 0 3 0 12.2 0 0 0 0 0 6 2.8 0.2 0 0 0 0 0 0 0 0 0 0
0 0 0 0 0 0 1.8 0 0 0 8.2 0.2 5 7.2 0 0.2 0 0 7.8 0 1.8 0 0 0.2 0 0.2 0 0 0 1.8 0 0 0 0.4 0 0 0 12.8 0 0 0 0 2.4 0 0 0 0 0 0 0
0 0 0 0 0 0 0 0 0 0 0 0 0 0 0 0 5.2 0 0 0 0 0 0 0 0 2 0 0 0 0 0 0 0 0 0 0 0.2 4 0 0 0 0 0 0 0 0 0 1 0 0.6
0 0 0 0 0 4.4 0 0 0.2 0 3 0 0 0 0 0 14.6 10.6 0 0 0 0 0 0 0 0 0 0 0 0 0 0 0 0 8.2 0 5 0 0 0 0.8 0.2 0 0 0 0 0 0 0 0
0 0 1 0 0 3 0 0 0.6 0 0 0 0 0 0 6.4 0 4 0 0.4 0 0 0 0 0 0 0 0 0 0.2 0 0 0 0 0.2 0 0 0 0 0 0 0 0 0 0 0 0 0 0.2 0
0 0 0 0 0 0 0 0 0.4 5.4 3.4 0 0.6 0 0 0 0 0 0 0 0 4 1.2 33.2 0 0 0 0 0 0.4 4.6 0 0 0 0 0 0 0 0 0 0 0 0 0 0 0.2 0 0.4 0 0.2
0 0 0 7.6 0 0 0 0 0 4 0 0 0.2 18.4 0 0 0 0 0 0.4 0 0 0 18.4 0 0 0 1.2 0.2 0.4 0 0 0.2 0.6 0 0 0 0.2 2.2 0 5 5.4 13.2 0 5.8 0 20.6 7.8 0 0.2
0 0 0 0.2 9.4 2 0 0 0 0 0 0 37.2 0 4.2 0.2 0 0 0 2 0.2 0.2 22.6 1.4 12.4 0 0 5.6 0.6 0 0 0 0 0 0 0 0 4.8 0 0 0 0 8 0.2 0 0 0 12.2 0.6 19
1.4 0.2 0 0 0 0 0 0 0.2 27 0.2 0 8.4 0 3 0 0 0 0 0 0 0 0.6 10.8 0 0 0 0.2 0 8.2 0.2 0 0 0 0 0 0 0 0 0 0 0 3.8 0 0 0 0 12.8 0 0
0 7 0 0.8 10 8.2 11.8 32 3.6 0.2 2.4 20 24.2 0 0 2.8 17.8 0.4 8.4 0.2 0.8 0 0 6.6 0 0.2 1 0 0 3.4 0 18.8 0 41 9.6 11.6 0 0 0.2 0 0 0 27.6 8.6 0.8 0 0 0 0 0
0 0 7 0 0 0 0 0 0 0 0 0 0 0 0 0 4.8 0 0 0 0 0 0 0 0 0 0 0 0 0 0 0 0 0 0 0 4 0 0.2 0 0 0 0 0 0 0 0 0 0 0
20.2 0.6 0 0 3.8 0 0.2 0 0 18 0 0.2 0 0.2 6.2 0 0 3.2 0 0 18.8 5.4 0.6 6.8 12.4 0 19.2 0.4 1.4 6.8 0 0 0 13.2 0 0 0 0 0 0 0 8.8 1.2 15.6 17.6 0 0 0 6.8 23.4
0 0 0 0 0 0 0 0 0 0 0 0 0 0 0 0 7.4 12 0 0 0.2 0 0 0 0 0 0 0.4 0 0 0 0 0 0 0 0 3 0 0 0 0 0 0 0 0 0 0 0 0 0
0 0 0 0.4 0 0 0 0 10.4 0 0 0 0 0 0 0 0 0 0 12.4 5.8 0 0 2.8 0 0.4 0 0 0.2 0 0 0 0 0 5 0 0 0 8 0 14.8 0 0.8 0 0 0 0 0 0 11
0 0 0 37.4 0 21.8 0.2 0 1 0 0 41.2 1 14.2 16.6 2.8 11.8 14.6 3.2 7 0 4 0.2 0 5 13.2 7.4 0 7.2 0.4 0 25.4 0 0.2 0 20.4 7.8 0 5.2 0 0 0 14.8 29.6 0.4 0 0 0 0 0
0 0 0 0 0 0 0.4 17.8 0 0 0 0 0 1.6 10.4 0.2 0 0 0 0 8.2 0 0 0 0 0 0 4.4 0.4 0 0 0 0 17.8 0 0 0 0 0 0.2 0 0 24.6 0 0 0 4 0 0 0
20.4 14.4 0.8 1.6 0 0 14.2 0 0 11.8 18 0 0.8 0 0.2 0 0 2 0 0 23 24.4 5.8 14.6 0 0 22 0 0 0.4 8.6 8.6 0 4.8 0.2 0 0 0 0 0 0 0 0 10.6 22.8 12.4 7.4 21.8 9.8 5.6
0 0 0 0 0 0 0 0 0.4 5.4 0 0 0 0 0 0 0 0 0 0 0 0 0 0 0 5.6 0 0 0 0 0 0 0 0 0 0 0 0 0 0 0.2 0 0 0 0 0 0.4 0 0 0
20.6 14.8 0 0 0 8.8 0.4 0 0 0 16.6 13.2 0 0 0 6.2 0 2.4 26.2 0.4 0 16.8 7.6 12 23.2 0.4 14.8 0.2 17.2 0 8 7.8 0.4 0.2 0.2 6 4 0 0 28.8 7.4 0 0 0 25.4 16.4 33.6 7.6 7.4 18
24.4 10.2 7 0 0 6 1.4 0.6 2.6 5.8 0 0 2 0 0 28.2 0 0 0 0 6.4 1.4 0.6 13.8 0 0.2 18.8 0 13.4 2 0 25 5.6 25.6 0 0 0 0 0 0 12 5.2 24 0 16 4.2 16.6 0 7.6 0.4
0 5.6 0 0.4 0 0 0 0 0 0 0 0 0 1.6 0.2 0.8 0 0 0 0 28 0.6 0 0 0 0.2 0 0.4 25.2 0 0.4 0 1.2 0.8 0 0 0 0 0 0.4 5.2 0 0 0 0 0 0 0 0 0
0 0 0 0.2 0 0 14.4 0 0 0 0 0 10.8 0.4 8.2 15.6 0 0 0 0 0 0 0.4 0 10.4 0 0 0.4 0 0 0 0 6.2 0 0 0 0 0 0 0 0 0 0.2 10.6 0 0 0.2 0 0 0
0 0 0 14 0 0 0 0 0 0 0 0 0 6.8 0 0 0.2 0 0 0 0 0 0 0.2 0 0 0 0.2 0 0 0 0 0 0 0 0 0 0 0 0 0 2.6 0.2 0.8 0 0 0 0 0 8
0 0 5.4 0 0 0 0 8.6 0 17 10.4 0 0 6.6 0 0 4.2 0 0 0.2 7.2 8.6 0 10.8 0 0 0 0 0 0 0 0 4.4 0.2 0 0 4 0 4.2 0 0 0.4 0 0 0 0 0 18.4 0.4 0
0 0 13.6 0 0 0 0 0 0 0 0 0 0 0 0 0 8.8 1 0 0 0 0 0 0 0 0 0 0 0 0 0 0 0 0 0 0 7 0 8.6 0 0 0 0 0 0 0 0 0 0 0
0 0 0.6 0 0.2 0 0 0 1 24.6 0 0 0 0 0 0 0 0 0 0 0 0 0 0.4 0 0 0 0 0 0 0 0 0.2 0 0 0 0 0 0 0 0 6 0 0 0 0.2 0 16.8 0 0
11 0.4 6.4 0 0 0 0 2.8 0 0 0 0 0.2 13.2 0 0 10.6 0 0.4 0 0.4 3.8 0 0 2 0 0 0 10.8 0 8.4 5.2 6.2 0.2 0 0 0 0 0 0 1.6 0 0 0 15.8 8.2 11 0 2.4 0
0 0 1.6 0 0 0 0 0 0 8.4 0 0 0.2 2.8 0 0 0.4 0 0 0.6 0 0 0 0 0 0 0 3 0 0 0 0 0 0 0 0 0 7 0 0 0 0.2 0 0 0.2 0 0 0 0.2 0.4
0 0 0 0 0.6 0 0 0 19.8 30.6 0 0.2 0 0 0 0 16.4 1 0 2.6 0 0.2 0.2 5.6 0 0.4 0 0.4 0 0 0 0 0 0 0 1.8 9.8 0 0 0 0 0.2 0 0 0 0 0 8.2 0 0
0 0 11.2 0 0 0 0 0 0 0 0 0 0 0 0 0 17 0 0 0 0 0 0 0 0 0 0 0 0 0 0.2 0 0 0 0 0 0.4 1.2 8.8 0.2 0 0 0 0 0 0 0 0 0 0
0 0 0 0 0 0 0 0 2 0 0 0 0 2.2 0 0 0 0 0 3 0 0 0 10 0 0 0 0 0 0 0 0 0 0 0 4 0 0 0 1 0 0 0 0 4.2 0 0 2.6 0 14
0 0 9.8 0 0 0 0 0 0 0.2 2.8 0 0 0 0 0 0.2 0.2 0 0.2 0 0 0 0 0 0 0 0 0 0 0 0 0 0 0.2 0 0 0 3.4 0 0 0 0 0 0 0 0 0 0 0
0 0 0 0 0 0 0 0 0 0 0 0 0 0 0 0 1.8 0 0 0 0.6 0 0 3.2 0 0 0 23.6 0.2 0 0 0 0 0 0 3.6 0 0 0 0 0 0 0 0 0 0 0 0 0 0
19.8 18.8 5.2 0.2 5.8 0 0 0 0.2 0.8 0 0 0 0 0 0 0.4 0 0 0 0 19.6 16.8 0.4 35 0 0 0 0 0 0 0.2 0 0.4 0 0 0 0 0 0 0 0 0 0.4 51.6 6.6 1.4 15 0 20.4
5.8 0.2 7.2 0 0 0 0 0.2 0 0 0 0 11.4 0 0 0 0 0 0 8.4 6.2 4.6 0 0 0 0 0 0.2 0 0 0 0 0 0 0 0 18.6 0 0 1.2 0.2 0 0 0 22.4 4 0 0 33 6.4
0 0 0 0 0 0 0 0 0 0 0 0 0 0 0 0 8.8 0 0 0 0 0 0 0 0 0 0 0 0 0 0 0 0 0 0 0 0 0.2 0 0 0 0 0 0 0 0 0 0 0 0
0 0 7.8 0 0 0 4 0 0 0 0 0 0 0 0 0 21.2 0 0 0 0 0 0 0 0 0 0 0 0 0 0 0 0 0 0 0 0 0 0 0 0 0 0 0 0 0 0 0 0 0
0 0 0 0 0 0 0 0 0 2.4 0 0 0 0 0 0 5 0 0 0 0 0 0 0 0 12 0 7 0 2.2 1 0 0 0 0 0 0 2 11.4 0 0 0 0 0 0 0 0 0 0 0
0 0 0 0 0 0 0 11.6 0 0 0 1.4 0.2 0 0 8 0 0 9 0 0 3.4 0 0 0.4 0 0 0 0 0 0 0 5.8 0 0 0 0 0 0 12 0 0 0.2 0 0 0 0 0 2 0
0 0 0 0 0 0 0 0 0 4.6 0 0 0 0 0 0 0 0 0 0 5.2 0 0 0 0 17.6 0 0 19.8 1.4 0 0 0.6 0 1.6 0 0 0 0 21 0 0 0.2 0 0 0 0 1 4 0
0 0 6.6 6.2 0.4 0 0 0 3 1 5.4 0 0 0 13.6 0 12.6 10.2 0.2 4.4 0 0.4 0 0 0 0.2 0 5.6 0 0 0 0.2 0 2 15.6 0 6.8 5.6 9.4 0 0 0.8 0.2 5 0 0 0 0.2 0.4 0
0 0 5.4 0 8.4 0 0 0 0 2.6 0.4 0 18.6 0 0 7.6 0 0 0 0 2 4.8 0 0 0 0 0 0 0 0.2 0 0 0 0 0 0 0 0 0 0 0 0 0 0 0 0 0 8.2 4.8 0
10.8 0 0 0 0 0 10.8 0 0 0 0 0.4 0.2 0 0 0 0 0 18.6 0.6 5.8 0 0.8 0 0 0.2 0 0 0.6 2.8 11.6 0.2 0 0.8 0 0 0 0.2 0 29 0 0 0.2 0 0 31.4 0 0 0 0
0 0.2 10.6 9 11 0 0 0 0 1.8 0 0 0 7.8 0 0.8 0 0 0 0 34.6 1.4 0 20.2 0 0.2 0 1.6 4.2 0 0 0.2 0 4.6 0.2 9 4.6 3.6 10 0 0 0 0 0 0.4 0 0.4 12.2 6.4 0
0 0 0 0 0 0 0 0 0 16.4 0 0 0 0 0 0.2 0 0 0 0.2 0 0 0 0 0 0 0 4.4 0 0.6 0 0 0.2 0 0 0 0 0 0 0 0 0 0 0 0 0 0 7 0 0
0.2 0 0.2 0 4.8 7.8 0.8 0.2 0 0 0 0 0 0.6 0 0.2 4 0 0 0 0.4 0 0 0 0 0 0 0 0.4 22.4 1.8 5.6 0 0.2 0 0 4 2 0 7.8 3.4 0 0 0 0 0 0 0.2 0 0
0 0 0 9.6 0 0 0 0 0 0 0 0 0 0 7 0.2 0 0 0 0 0 0 0 0 0 0.2 7.8 0 8.6 0 0 0 0 0 0 0 0 0 0 3.2 11.4 0 0 0 0 0 0 0 0 0
0 0 0 1.4 0 0 0 0 0.4 0 0 0 0 0 0 0 13 1.2 15 0 0 0 0 0 0 0.8 0 0 0.2 13.6 0 3.4 0 0 0 0.2 0 0 0 5.2 0 0 1.6 15 0 0 0 0 0 0
0 0 0 0 0 0 0 0 0 0 0 0 2.2 24.8 0 0 0 0 0 0 0.2 3.8 0 0 0.4 0 0 0 0 0 0 0 0 0 0 0 0 0 0 1.2 0 0 0 0.2 0 0 0.2 0 0 0
16.4 0.2 21 0 5 0 0 11.2 2 0.2 0 0.2 2.6 8.8 0 0.2 0 0 4 0 27.6 0 5.8 0 0 0.2 7 0 5.6 0 0 0 2.2 0 0 0 1 7.8 0 1.2 0 0 0 1 0 0 0 3 9 7.8
0 0 8.4 0 0 0 0 0 0 0 0 0 0 0 0 0 16.4 0.2 0 0 0 0 0 0 0 0 0 1 0 0 0 0 0 0 0 0 11.2 0 1.8 0 0 0 0 0 0 0 0 0 0 0
0 0 2.2 0 0 0 0 0 0.2 0 0 0 0 0 0 0 0 0 0 0 0 0 0 0 5.6 0 0 0.2 0 0 0 0 0 0 0 0 0.6 12.2 0 0 0 0 0 0 0 0 0 0 0 0
0 5.6 4.4 30.2 0 1.2 0 14.8 0 14 1.2 9 25.2 4.4 6.8 0 4.6 0.2 0 0 0 0 0.2 0.8 5.2 0 17.2 1.6 0.2 0 0 0.2 0 0 0 4 0 0 0.2 0.4 0 0 0 0.8 12.4 0 7.6 0 0 1.6
0 0 1.2 0 0 0 0 0 0 0 0 0 0 0 0 0 11 0 0 0 0 0 0 0 0 0 0 0 0 0 0 0 0 0 0 0 2.4 0 0.4 0 0 0 0 0 0 0 0 0 0 0
0 21.6 3.2 0.2 0 0 6.2 0 0.8 0 7.2 0 0 0 0 0 13.6 0 4.6 0 0 4 6.8 11.4 27.6 0 34.8 16.8 0 0 14.6 0 0 25.8 0 0 15.8 41 5.6 0 0 9.4 0 0 23.2 18 1.2 32.6 7 0
0 0 0 0 0 0 0 0 2.6 0 4.6 0 0 0 0 0 0 10.2 0 0 0 0 0 0 0 8.8 0 0 0 0.2 0 0 0 0 0.6 0 0 0 0 0 0 0 0 0 0 0 0 0 0 0
0 0 0 0 0 0 0 0 0 0 0 0.6 0 11 0 0 0 0 0.2 0 9.8 0 0 0 0 0 0 0 0 0 0 0 3.2 1 0 0 0 0 0 1.2 0 0 0 0 0 0 0 0 0 0
0 0 7 0 0 0 0 0 0 0 0 0 0 0 0 0 0 0.2 0 0 0 0 0 0 0 0 0 0 0 0 0 0 0 0 0 0 10.4 0 4.4 0 0 0 0 0 0 0 0 0 0 0
0 0 0.4 0 0 0 0 0 0 0 0 0 0 0 0 0 0 0 0 0 0 0 0 0 0 0 0 0.8 0 0 0 0 0 0 0 0 4 0 7.8 0 0 0 0 0 0 0 0 0 0 0
0 0 1.4 0 0 0 0 0 0 0 0 0 0 1.6 0 0.2 0 0 0 0 12.8 0 0 0 0 0 0 0 0 0 0 0 0 0 0 0 0 0 0 0 0 0 0 0 2.6 7.4 0 0 0 0
0 0 0 0 0 0 0 0 12.6 0 0 5 9.4 0 0 0 6.4 0 5 0 0 0.2 0 0 0 10.6 0 0 0 0 0 0 0 0 9.8 0 0 0 0 0 0 0 0 0 0 0 0 0 0 0
0 0 11.6 0 0 0 0 0 2 14.8 0 0 0.2 4.8 0 0.4 0 0 0 0 0 0 0 0 20.8 0 0 0 0 0 0 0 0 0 0 0 0 0 5.4 0 0 0 0 0 0 0 0 0 0 0
0 0 0 0 0 0 0 16.4 10.2 3.6 0.2 0 0 0 0 0 0 0 7.4 0 7.6 0.2 0 0 0 0 0.2 0 6.6 0 0 0 0 0 0 0 0 0 0 1.4 0 0 15 0.2 0 0 0 0 0 0
0 0 0 0 4.2 2.4 0 0 0.2 0 3.8 0 0 0 0 0 0 5 0 0 0 0 0 0 0 0 0 4 0 0 0 0 0 0 0 0 2.4 0 0 0 0 0 0 0 0 0 0 0 0 0
0 0 0 0 0 0 0 0 0 1 0 0 0 0 0 0 10.2 0 0 0 0 0 0 0 0 0.6 0 0.2 0 0 0 0 0 0 0 0 0 0 0 0 0 0 0 0 0 0 0 0 0 0
0 0 11.6 0 0 0.4 0 0.4 8 0 0 0 0 0 0 0 0 0 0 0.6 0 0 0 15.4 0 7.8 0 2.4 0 0 0 0 0 0 0 0 0 15 2 0 0 11.2 0 0 0 0 0 30.2 0 0
0 0 0.4 0 0 0 0 0 0 0 0 0 0 0 0 0 0 0 0 8.6 1.6 0 0 0 0 0 0 0 0 0 0 10.2 0 0.4 0 0 5 0 0 0 0 0 0 4.8 0 0 0 0 0 0
0 0 10 0 0 0 0 0 0 0.4 0 0 0 0 0 0 0 0 0 0 0 0 0 0 0 0 0 0 0 0 0 0 0 0 0 0 6.6 0 0 0 0 0 0 0 0 0 0 0 0 0
0 0 3.8 0.6 0 13 8.8 0 0 0 0.6 0 35.6 0 0 0.2 0 10.8 20.2 0.4 0 0.2 18.8 12.2 8 7.8 4.4 1 18.2 0 1 4.4 0 0 11.6 0 5 7.2 10.6 0 0 0.2 1.2 3.2 0 0 0 0 0 0
10.6 0 19 0 7 0 0 0 0 0.2 13.6 9.4 0 0 7.4 0.2 8.4 0 0 0 0.6 16 0 13 12.2 3.6 19.6 4.8 0 0 6.8 12.6 0 0 0 6.4 5.8 6.2 13.2 0 0.6 0 0 14.8 16.8 13.2 0 38.6 0 10.4
0 0 15.6 0 0 0 0 0 0 0 0 0 0 0 0 0 5.4 0 0 0 0 0 0 0 0 0 0 0 0 0 0 0 0 0 0 0 0 0 0 0 0 0 0 0 0 0 0 0 0 0
0 0 2.4 0 0 0 0 0 0 0.4 0 0 0 0 0 0 9.6 0 0 0 0 0 0 0 0 0 0 0 0 0 0 0 0 0 0 0 1.6 0 0 0 0 0 0 0 0 0 0 0 0 0
0 0 0 0 0 0 0 0.2 0 1.6 0 0 4.8 0 0 22.4 0 0 0.4 0 0 0 0 0 0 0 0 0 0 0 0 0.2 0.6 0 0 0 0 0 0 0 0 0 0 3.8 0 0 7 0 0 0
0 0 0 0 0 0 0 0 0 0 0 0 0 0 0 0 13.2 0 0 0.2 0 0 0 0 0 0 0 0 0 0 0 0 0 0 0 0 2 0 5.6 0 0 0 0 0 0 0 0 0 0 0
0 0 0.2 0 0 0 0 0 3.8 0 0 0 0.2 0 0 0 0 0 0 0 0 0 0 0 0 0 0 0 0 0 0 0 0 0 4 0 0 0 7.6 0 0 0 0 0 0 0.2 0 0 0 0
7 5 0 34.6 0 23.6 0 0 15.8 5.4 0 29.8 1.4 46.4 20 0.2 0.6 20.8 7.2 0.2 0 5.8 0.2 8.6 0 0 18.2 0 0.2 0 0 16.6 0 32.4 0 5.8 0 0 0 0 19.2 0 0 28.6 0 0 0.2 0.2 0 0
4.8 0 0 2.6 0 0 0 0 4.6 0.4 0.8 0 0 0 8.4 0 0 0 0 0 0 5 0 4.8 0 0.8 16.2 0.2 0 0 0 0 0 17.8 0 0 3 0 0 0 17.4 1.4 0 0.2 0 2.4 0 8.2 2.6 38.4
0 0 0 0 0 0 0 0 0 0 0 0 0 0 0 0 0 0 0 0 0 0.2 0 0 0.2 0 0 7.8 0 0 0 0 0 3.8 0 0 0 0 0 0 0 0 0 0 0 0 0 0 0 0
0.2 0 0.2 2 0 0 8.2 6.4 0 0.2 0 0 0 13.2 0.2 0 0 3.2 0 2.2 0 0 0 0 0 0 0 0 4.4 1 0 0 0 0 0 0 0 0 0 0.2 0 0 0 0 0 0.4 0 0 0 0
0 0 0 0 0 0 0 0 0 0 0 0 0 0 0 0 0.4 0 0 0 0 0 0 0 0 0 0 0 0 0 0 0 0 0 0 0 0 0 7.6 0 0 0 0 0 0 0 0 0 0 0
0 0 0 0 0 0 0 0 0 0 0 0 0 0.8 0 0 0 0 0 0 0 0 0 0 0 0 0 0 0 4.4 0 0 0 0 0 0 0 0 0 6.2 2.8 0 9.8 0 0 0 0 0 0 0
0 0 0 0 0 0 0 0 7.8 0 0 0 0.2 0 0 0 16.6 0 0 0 12.2 0 0.4 1.2 1.4 0 0 0.2 0 0.2 0 0 0 0 0 0 6 0 0 0 0 14.4 0 0 0 0 0 5.4 0 0
2.8 4.2 0 0 0 0 0 9.6 7.8 0.2 15.4 0 0 27.4 0 0 0 7 10 0 0 14.8 0.2 5.6 19 0 0 0 0 0 0 4.6 0 0 0.6 4 0 4.2 0 0.2 0 0 0 0 4.4 0 0.8 12.2 0 0
3 0 17.8 0 4 0 0 0 7.4 0.2 9.4 0 0 0 0 0 0.4 0 0 0 1.2 1 0 1.6 3.2 0 0.2 0 0 0 0 0 1.2 0 0.6 0 0.4 0 0 0.2 0 6.2 0 0 0 0 3.2 8.2 7.6 0
0 0 0 0.2 0 0 0 0 0 0 12.4 0.2 0 0 0 16.2 0 0 9.4 4.2 0 12.4 0 13 0 0.6 0 0 8.4 0.4 0 0 20.2 0 7 0.4 0 15.8 0 0 0 0.2 0 0 0 0.6 0 11.4 0 0
0.6 0 0 0 0 0 0 0 1.4 0.2 0 0 0.2 2.6 0.2 0 0 0 2.2 0.4 9.8 0 0 0 0 0 0 0 0.2 0 0 0 0.2 0 0 0 0 4 2 0 0.2 0 2.4 6.4 0 0 0 0 0 0
0 0 0 0 5.6 0 0 0 0 0.8 0 0 1 2.8 0 0 0 0 0 4.4 0 0 0 0 4.2 1.8 0 0 0 0.4 0 0 0.4 0 0 0.2 0 2.8 0 2.6 0 0 0.2 0.8 0 0 0 0 0 0
0 0 5.8 0 0 0 0 0 0 0 0 0 0 0 0 0.2 8.2 0 0 0 0 0 0 0 0 0 0 0.2 0.6 0 0 0.2 0 0 0 0 4.8 0 0 0 0 0 0 0 0 0 0 0 0 0
0 0 0 0 9.6 0 0 0 3.2 18.8 0 0 0 0 0 0 0.2 0 0 1.2 4.2 0 0 0 0 0 0 0.2 0 0 0 0 0.4 0 0 2.2 0 1.6 4.8 0 0 15.2 0 0 0 0 0 0.4 0 0
0 0 0 0 0 0 0 0 0 0 0 0 0 0 0 0 0.2 0 0 0 0 0 3.4 5.4 5.6 0 0 0 0 0 0 0 0 0 0 0 0 6.4 0 0 0 0 0 0 0 0 0 0 0 0
0 0 8 0 0 0 0 0 0 0 0 0 0 0 0 0 0 0 0 0 0 0 0 0 0 0 0 3 0 0 0 0 0 0 0 0 0 0 5 0 0 0 0 0 0 0 0 0 0 0
0 0 0 0 0 0 0 14.4 0 0 0 0 0 0 0 0 0 0 4.8 0.4 0.2 0 10.2 0 0 0 0 0 7.8 0 1.6 0 0 0 0 0 0 0 0 1 0 0 0 1.4 0 0 0 0.8 0 0.4
0 0 0.6 0 4 0 0 0 7.2 9.8 0 0 0 0.2 0 0 0 0 0 1 0 0 0 0 0 0.2 0 0 0 0.8 0 0 0 0 0 0 0 0 0 0 0 0 0 0 0 0 0 15.2 0 0
0 0 0.2 0 0 5 0 3.6 0 0 0 0.2 0 0 6 1 0.2 0 0.8 0 0 0 0 0 0 0 0 9.6 0.2 0 0 0 0 11.4 0 0 0 0 7.6 0 0 0 0 0 0.2 0 0 0 0 0
0 0 0 0 0 0 0 0 0 0 0 0 0 0 0 0 0 0 0 0 0 0 0 0 0 0 0 12.6 0 0 0 0 0 0 0 0 0 3 17.4 0 0 0 0 0 0 0 0 0 0 0
0 0 0 0 0 0 0 0 0 0 0 0 0 0 0 0 14.6 0 0 0 0 0 0 0 0 0 0 0 0 0 0 0 0 0 0 0 7.4 0 0 0 0 0 0 0 0 0 0 0 0 0
0 0 0 0 0 0 0 0 0 0 0 2.2 0 0 0 0 0 0 0 0 0 0.8 0 0 0 0 0 0 0 0 0 0 0 0 0 0 0 0 0 0.2 0 0 3 0.8 0 0 0 0 0 0
0 0 0 0 0.2 0 0 0 0 0 0 0 0 0 0 0 32 4 0 0 0 0 0 0 0 0 0 0 0 0 0 0 0 0 0 0 0 0 7.8 0 0 0 0 0 0 0 0 0 0 0
17 0 0 0 7.8 0 0 0 0.4 2.6 8.8 0 11.6 0 0 0.2 4.2 6.6 0 1 0.6 0.2 0 11.2 0 10.6 24 0 0 0 0 0 0 0 0 0.2 0 0 0 4.2 14.8 0.2 0 0.4 4 0 6.2 0.6 0 43.6
0 0.4 0 0 0.2 0 0 0 0 0 0 0 0 0 4 1.4 0 0 0 6 5.4 0 0 0 0.2 0 0 0 0 0 0 0 0 14.8 0 0 0 0 0 5.4 0 0 0 0 0 0.2 0 0 0 0
0 0 5.8 0 0 0 0 0 0 3.2 20.6 0 0 0 0 0 0 4 0 6 0 0 0.2 1 0 0 0 0 0 0 0 0 0.2 0 0 6.6 4 2.8 0 0 0 0.6 0 0 0 0 0 0 0 0
0 0.8 0 0 1 0 0 0 0 2.8 5.6 0 0 0 0 33 0.2 0 9.8 0 1 15.6 0 0 0 0 0 0 0.6 0 0 0 0 0 0 0 0 5 8.8 23.8 0 0 0 0 7.2 3.2 0 0 0.6 0
6.2 0 2 6.2 1.2 0 0 0.6 0 0.8 12.4 0.2 14.4 0 0 0 0 0 0 0.2 0.8 8 0 25.4 22.8 0 24.4 10.2 8.6 0 0 0.2 0 0 0.8 0 12.4 15.4 2.6 15 0 0 0 0 33.4 6.6 0 21 2.2 9
0 0 6.8 0 0 0 0 0 0 0 0 0 0 0 0 0 13.8 0 0 0 0 0 0 0 0 0 0 0 0 0 0 0 0 0 0 0 0 0 0.2 0 0 0 0 0 0 0 0 0 3.2 0
1.8 0 0.2 5.6 0 0 0 0 0 1 0 0 0.2 1 0 0.4 0.2 0 0 3.6 0 14.8 0 0 7.6 0 10.8 0 0 0 0.4 0 0 0 0 0 0 0 0 0 0 0 0 0.2 0 6.2 0 0 0.2 0.8
0 0.6 1.8 0 8.2 2 0.8 0 8.8 0 9 0 0.2 0 0 0 0 2.2 0.4 3.6 0 0 0 26.2 0 7.8 0 0.2 0 2.2 0 0 0 0 0 4.8 3.8 2.4 17.6 0 0 20 0 0 0 3.4 0 11 0 0
0 0 0 0 0 0 0 0 0 11.8 0.2 2.4 0.2 0.2 6.4 0 0 0 0 0 0 0 0 1.2 0 0 0 0.4 0 2.6 0 0 0 0 0 0 0 0.8 0 0 0.2 2.6 0 0 0 0 0 0 0 0
0 0 0 0 0 0 8.8 0 0 0 0 0 0 0 0 0.2 0 0 0 0 5.8 3.2 0 0 0 0.2 5.2 0 0 0 0 0 0 0 1.8 0 0 0 0 0 0 0 0 0 7.2 0 0 0 0.2 6.4
9.6 0.8 0 9.4 0 18.2 0 0 2.8 5.4 0 0.2 8.4 0 0.6 0.4 0 12 0.2 0.2 6.6 0 0.2 0.2 1.4 20.4 15 0.2 15.8 0.2 0 8.6 8 13.2 5.2 0.2 0 0 0 0.4 21 0 15.8 9 0 0 0 8.8 0 11.6
0 0 0.2 0.2 0 0 0 0 0 0 0 4 0.2 0 0 0.2 3.8 0 10.8 0 0 0 0.2 10.6 0 0 0 0.8 0 3.6 0 0 0 0 0 0 0 3.2 0 0 0 0 3 0 0 0 0 0.2 0 0
0 0 0.8 0 0 0 0 0 0 0 0 0 0.6 0 0.2 0 6.2 0.8 0 0 0 0 0.2 0 14.4 0 0 0.2 0.4 0 8.4 0 0 0 0 0 2 5 8.4 6 0 13.4 0 0 0 0 0 0 4 0
0 0 0 29 0 0.6 6 0 0 0 0 0 0 6.6 0.6 0.4 0 0 0 0 0 0 0 0 0 0 0 0 9.8 0 0 0 0 1 0 0 0 0 0 0.4 4.2 0 0 0.2 0 0 0 0 0 0.2
9.2 9.4 0 0 0 0.2 0 0 0.2 0 4 0 15.6 0 5 0.6 0 0.2 3.2 0 0 0 0 0.2 0.2 0 19.2 0 0 3.8 0 3.6 0 0 0 0 0 0.2 2 0.2 0.6 0 7.6 0.2 0 0 0 2 0 7.6
0 0.4 0 10 2 6.6 0.8 3.4 0 0 0 10.4 14.6 19 10.4 0 0 4.8 7.8 4.4 0 0 5 0 0 14.4 0.4 0 0 0.6 0 0 0.4 19 0 2.4 0 0 0 0.6 20.8 0.2 14 1 0.2 0 3.4 0 0 0
0 0 6 0 0 0 0 0 0 0 6.2 0 0 0 0 0 0 0 0 0.2 0 4 0 21.8 0 0 0 0 0 0 0 0 0 0 0.4 0 13.2 0 9.8 0 0 3.4 0 0 0 0 0 0 0 0
0 0 6.8 0 0 0 0 0 0 0 0 0 0 0 0 0 8.8 0 0 0 0 0 0 0 0 0 0 0 0 0 0 0 0 0 0 0 2.4 0 0 0 0 0 0 0 0 0 0 0 0 0
0 0 0 0 0.4 0 0 0 0 4.8 4 0 0 0 0 0 0 0 0 0 0 0 0 5 0.2 0 0 0.2 0 0.4 0 0 0 0 0 0 0 0 0 0 0 0 0 0 0 0 0 0 0 0
10.4 0 1 0 0 0 4.8 0 0 14.4 3.4 0 0 0 0 0 8.8 0 10 1 0.4 0 0 18.4 0 0 8.8 0 0.8 0 0 0 0 0 0 0 11.6 0.6 0 0 0 0 1.8 0.2 8 0 0 2.8 6 4.8
4.8 0.2 0 0 8 1.2 0.4 10.4 8.2 0 0 0 0.2 40.6 13 0 0 0 0.8 0 1.6 9.6 7.8 10.4 5.6 0 12 0 30 0 0.2 6 0 6.4 0.2 0 0 0 2 0.2 0 0.2 16.4 1.8 13.4 0 13.2 0 6.8 12.4
10.6 0 5.4 0 0 0 0 0 0 0 0 0 0.2 0 0 0.6 0 13 0 0 0 0 4.2 0.2 2.8 11.8 0 0 0 0.2 0.2 5.2 6.6 0 0 2.4 0 0.4 11 2.6 0 0 0 0.2 8 5.6 0 0 0.8 0
0 0 0 0.4 0 2.8 0 0 0 0.4 4 0 4.4 0 0 0 0 0 0 0 0 0 0 3.2 0 7 0.4 0 0 0 0 0 0 0 0 0.4 0 1.6 0 2.6 4 0 0 0 0 0 0 0 0 1.8
2.4 0 10 0 0 0 0 0 0 0.2 0 0 0.2 0 5.2 0 0 0 0 0 20 3.6 0 0 0 0 0 1 2.2 0 0 0 0 0 0 0 2.2 0 0 0 0 0 0.4 0 23 0 0 0 9.6 0
0 0.2 4.6 0 0 0 8.2 0 0.4 0 0 0 26.2 11.2 0 4.2 0.4 9.4 0 0 16.6 10 0 0 0.8 0 4.8 0 1.2 0.2 5 0 0.6 0 2.8 4 0 3.6 0 0 0 0 0 0.6 0.2 4.4 0 17.6 4.8 0
0 0 1 0 0 0 0 0 0 0 3.4 0 0 0 0 0 0 0 0.2 0.4 0 0 0 0 0 19.8 0 0 0 0.2 0 0 0 0 0 0 0 0 0 0 0 0 0 0 0 0 0 0 0 0
9.4 0 0 0 0 0 0 0 0 1.6 0 0.2 24 0 3.4 12.4 0 0 0 5.8 13 0 0 3.4 25.6 0.8 24.4 0 1.4 2.8 0 0.2 3.6 0.4 0 0.6 0 5 9.2 0 0 10 1 0 0 13.6 35.2 7 13 0
0 9.8 3.4 32.4 2.6 12.8 5.8 0.4 0 0 7.4 0 0.4 0 0 0.2 0 5.8 7.4 0.6 0 8.8 0 0.2 16.8 11.2 18.4 0.4 18.6 9 8.6 18 0 0.2 0 10.8 2.8 0.2 0 16.6 7 0 0 0 12.2 18.8 5 0.4 7 0
0 0 0 0 0 0 0 0 0 0 0 0 8.2 0 0 0.2 6 0 0 0.6 1 0 0 0 0 0 0.4 0.2 0.2 0 0 1 0 0 0 0 0 0 0 0 0 0 0 0 0 0 0 0 0 0.2
0 0 0 0 0 0 0 0 0 0.4 13.4 0 0 0 0 0 0 0 0 0 0 0 0 15.4 0 0 0 7 0 0 0 0 0 0 0 0 0 0.8 0 0 0 0 0 0 0 0 0 0 0 0
0 0 0 0 0 0 0 0 0 0 0 0 0.2 0 0.2 0 23 0 0 0 0 0 0 0 0 0 0 0 0.2 0 0 5 0 0 0 0 0 0 0 4.2 0.2 0 0 0 0 0 0 0 0 0
0 0 5.8 0 0 0 0 0 0 0 0 0 0 0 0 0 0 0 0 0 0 0 0 0 0 0 0 0.2 0 0 0 0 0 0 0 1.8 4 0 2.2 0 0 0 0 0 0 0 0 0 0 0
0 0 9.6 0 0 0 0 0 0 0 0 0 0 0 0 0 9.2 0 0 0 0 0 0 0 0 0 0 0 0 0 0 0 0 0 0 0 5 0 3.2 0 0 0 0 0 0 0 0 0 0 0
0 10 0.8 23 0.4 8.8 0.8 0 3.2 0 0 0 0 1.8 0 0 0 5.6 14 0 0 10.8 0 33.6 7.6 0.6 0.4 7.2 18 0.4 0 0 0 0 10.8 0 0 2.8 0 0 0 0 0 3.4 0.2 3 0.4 10.4 10 0
3 0 0 14.2 0.6 0 0 0.2 0 0 0 0 0 1.4 5 0 0 0 0 0 0 0 0 0 0 0 0 0 0 0 0 0 0 0 0 0 0 0 3.4 0 0 0 0 0 0 0 0 0 0 0.2
0 0 2.2 0 0 0.2 0 0 2.8 1.2 0 0 1.4 0 0 0 0 0 0 0 0 0 0 0 0 11.6 0 0 0 0 0 0 0 0 0 0 0 1.6 0 0 0 0 0 0 0 0 0 0 0 0
8.2 0 0 5 2.4 0 0 1.2 0 0 0 0 22 0.4 0 4.2 0 0 0 4.2 0 0 0 0.2 0.2 0.2 3.8 0 0.4 0 0 0 0.4 0 0 0 0 6 0 10 0.4 0 0 34.4 0 0 12.6 6.4 0 25.4
0 0 0 0 0 0 0 0 0 0 0 0 0 0 0 0 0 0 2 0 0 0 0 1 0.2 0.2 0 5.8 0 0 0 4 1.2 2.2 0 0 1 0 0 0 0 0 7 0 2.4 0 0 0 0 0
0 0 0 0 0 0 0 0 0 0 4.2 0 1.4 0 0 0 0 0 2 0 0 0 0 0 0 0 0 0 0 0 0 0 0 3.8 0.2 0 0 0 0.6 0 5 0 11.8 0 0 0 0 0 0 0
0 0 0.6 5.6 0 0 0 5.6 0 25.6 0 0.2 0.2 0 0 9 0 0 21 0 0.2 3.2 0.2 6.4 0 1.6 0 1.2 16 0 0 4 0.8 30.2 0 3 0 0 0 0 1 3 0.2 11 0.2 0 0.2 0 1.2 1.6
0 0 0 15.4 0 0.4 0.8 0 0 0 0.6 8.2 0 0 1.2 0 0 0 0.2 0.2 0.8 10.8 0 0 0 9.6 0 0 6.6 0 0 22.8 16.8 13 7.2 0 2 5.6 0 27.8 0 0 0 0 0 0 0 0 0 0
0 3 10.6 0 0 0 0 0 0 0.8 0 0 0.2 15.6 6 0 0 0 0 0 0 0 1.2 0 17.8 0.2 0 0 6.4 21 0 0 0 1 0 0 1.4 4.6 0.2 0.2 0.2 0 0.8 0 9 0 3.8 0 0 0
3.2 0 0 0 1.2 0 0 0 0.2 0 4.8 0 0 0 0 4.2 0 4 0 0 0 25.6 0 14 0 0 20.4 0.8 11.8 0 0 0 4.4 0.2 0 0 5 0 0 1.4 0 0 0 0 13.8 0 0 0 0 0
0 0 1.4 0 2.6 0 0 5 0 0.4 0 0 0 0 0 0 0 0 0 1 4.4 0 0.2 0.4 14.2 0 0 0.2 0 0 2.4 0 0 0 0 0 0 0 0 0 0 0 0 0 12.6 0 0 0.2 15 0
0 5.2 0 0 0 0 0.2 4.2 0 0 0 0 0 0 0 12.6 0 0 0 0 0.2 7 2.2 0 0 0 0 0.2 0 0 0 5 0 0 0 0 0 0 0 13.2 0 0 0 0 0 0 0 0 0 0
0.2 0 6.2 0 0 5 0 0 0 0 0 4.8 0 0 0 0 5.4 0 0 0 0 0 1 0 0 0 0 0 0 0 0 0 3 0 0 0 0 0 0 0 6.2 0 0 0 0 0 0 1 0 0.2
0 0 0.8 0 0 0 0 0 0 0.4 0 0 0 0 0 0 10.2 0 0 0 0 0 0 0 0 0 0 4.8 0 0 0 0 0 0 0 0 0 0 6.8 0 0 0 0 0 0 0 0 0 0 0
4.4 13 0 0 0 0 5 0 0 0.4 11.4 0 4.8 0.2 0.2 0.4 0 0 0 6.4 0 1.4 4.2 0 17 0 10.8 0 11.6 5.6 0 0 0 0 0 0 5 26 4.4 0 0 0 0.2 0 9.6 0 0 1 0 1
30.4 0 0 0 0 0 8.6 0 0 9.8 10.4 0 0 0 6.4 33.2 0 0 5.8 1.6 0 17.8 0 3 18 0 37.8 0 0 0 2.8 0 4 0 0 0 0 9.4 4.4 5.4 0.6 0 0 0 17.8 0 9 0 23.6 16.2
0 0 0.4 0 3.2 0 0 0 0 8.8 0 0 0 0 0 0 0 0 0 1 0 0 1 11 0 0 0.4 0 0 0 0 0 4.2 0 0 0 0 0 10.2 0 0.4 6.4 0 0 0 0 0 12.6 0 0.4
8.6 3.6 8.4 0 6.8 0 0.8 0.2 0.6 0 0 0 7.4 0 0.2 0 0 2 0 0 0 0 0 11.2 1 0.2 15 0.2 0 0 0 0 0 0 0 0 10.4 0 6 0.2 2.6 0 0 0 0.2 0 0 0 0 0.4
0 0 0 0 0 0 0 0 0 0 0 4.2 0 0 0 0 0 0 0 0 0 0 0 0 0 0 0 0 0 0 0 0 0 14 0 0 0 0 0 0 0 0 0.8 0 0 0 0 0 0 0
0 0 0 6.4 0 0 0 0 0 0 12.4 0 7.6 0.2 0 15 0 0 0 0.2 0 0 0 0.8 0.4 9.6 0 0 1.4 0 0 4.2 0 0 4 0 0 0 0 0 0 0 0.4 0.4 0 0 0 0 0 0
0 0 1 0 4.4 0 0 0 9 0 6 0 0 0 0 0 0.8 0.2 0 4.4 0 0 0 0 0 16 0 0.2 0 0 0 0 0 0 0 0 0 0.2 0.6 0 0 6.6 0 0 0 0.2 0 4.4 0 0
0 0 0 0 0 0 0 0 1 0 0 0 0 0 0 0 1 0 0 0 0 0 0 0 0 0 0 0 0 0 0 0 0 0 0 0 3 0 0 0 0 0 0 0 0 0 0 0 0 0
0 0 1.8 0 0 0 0 0 0 0 0 0 0 0 0 0 21 0 0 0 0 0 0 0 0 0 0 0 0 0 0 0 0 0 0 0 3 0 0 0 0.2 0 0 0 0 0 0 0 0 0
0 6.8 0 0.6 0 0 0 0 0 1 0.6 0.6 26.8 1.2 11.8 0.4 0 0 0 0 15.2 1.2 0.4 11.8 0 0 10 0 0 0 0 0 3.8 4.2 0 0 0 0 0 7.2 0 0.2 0.2 0 0 0.2 24.8 0 0 0
0 0 0 0 0 0 0 0 0 9.4 0 0 0 0 0 0 0 0 0 0 0 0 0 0 0 0 0 5.4 0 0.2 0 0 0 0 0 0 0 0 0 0 0 0 0 0 0 0 0 0 0 0
0 0 0 8.2 0 2 4.6 0 0 0 8.4 0.2 0 0 0 1.6 7.4 0.2 0 0 0 0 0 0 0.2 0.4 0 0.6 5.4 0 0 1 0 11 0.2 3.6 3.2 0.2 0 8.4 0 0 0.2 4 0 0 0 0 0 0
1.2 0 0 20.2 0 4.6 0 0.2 9 0 0.2 12.2 9.6 10 0 1.8 3.4 0 0 0 0 0 12.6 0 0 0 0 0 12.2 7.6 0 0.2 1.4 0 0 0 0 0.6 0 0 0 3.8 0.6 0.4 0 0.2 11 0 0 0
5 5.8 6.2 24.6 2 7.8 6 0 0.2 0.2 0 36.6 3.2 0 12.8 6.8 0 16 16 4.4 0 0.8 0.4 0.4 5 0 6 0 14.2 15.6 0.2 14.8 0.2 24 6.4 6.4 0.8 0.2 0 0 14.4 5 17.6 28 0 0 16.8 0 0 14.2
0 0 0 9 0 0 0 4.2 0 0 0 13.2 21.8 0.6 0 0 0.2 13.6 0 1.8 0 0 0 0 2.2 0.2 0 0 0 4.2 0 0 0 0 5 0 0 0 2 0 9.6 0 0 0 0 0 0.2 0 0 0.2
0 0 0 0 0 0 0 0 0 0 0 0 3.4 0 0 0 0 0 16.8 0.2 0.2 0 4.2 8 0 0 0 0 31.6 0 0 0 7.4 4.8 0 0 0 0 0 0.4 9.8 6.8 0.6 16.8 0 0 0 0 0 0
0 0 0 0 0 3.4 0 13.8 0 0 0 7.8 0 0.2 0 18.6 0 0 0 0 0 0 0 0 0 0 0 0 11.4 10.6 0 0 0.2 0 0 0 0 0 0 0 0 0 0 0 0 0 0 0 0 0
0 0 0.2 0 0 0 0 0 0 0.4 0 0 0 0 0 0 6.6 0 0 0.4 0 0 0 9 0 0 0 0 0 0 0 0 0 0 0 0 0 0 0 0 0 0 0 0 0 0 0 4.4 0 0
0 1 0 0 0 0 0 0.8 0.2 0 8.8 20.8 0.2 22.4 20.4 1 0 20.2 4.6 0 0.2 0 0 0 0 0 0.2 0.8 0 0.2 0 0.4 0.2 28.2 0 0 0 0.8 0 0 0.6 0 0 16.8 0.2 0 0 0 0 0
0 0 5.6 0 0 0 0 0 0 0 0 0 0 0 0 0 0 0 0 0 0 0 0 0 0 0 0 0.2 0 0 0 0 0 0 0 0 5 0 0.2 0 0 0 0 0 0 0 0 0 0 0
0 0 3.4 0 0 0 0 0 0 0 0 0 0 0 0 0 0 0 0 0.2 0 0 0 0 0 0 0 0 0 0 0 0 0 0 0 0 3 0 8.2 0 0 0 0 0 0 0.2 0 0 0 0
0 0 0 0 0 0 0 0 0 0.4 0.4 0 0 0 0 0 0 0 0 0 0 0 0.6 0.4 0 8.2 0 0 0 0 0 0 0.2 0 0 0 0 0 5 0 0 0.6 0 0 0 0 0 0.2 0 0
0 0 0 14.4 0 9.4 0 0 0.2 0 0 0 0.6 0 0 0 0 4 0 0 0 0 0 3 0 10 12.4 0 5.6 0 0 0 0.4 0 0.4 0 0 0 0 0 10.4 1 0 0.2 0 0 0 0 0 0
15.6 0.2 0 15 0.2 3 1.6 0 0 0.2 16.6 0 13.8 0 0 0.8 0 0 2.8 0.2 0 10.2 0 0 0.8 0 29.6 0 2.8 0.4 5.4 0 8.8 7.2 3.2 0 0 7.8 4.8 21.2 3 0.2 0 0 0 0 0 15.8 4.4 18.4
0 0 0 2 0 0 0 0 0 0 0 0 0 0 0 0 0 0 0 0 0 0 0 0.2 0 0 0 0 0 0 0 0 0 0 0 0 0 0 0 0 0 8.4 0 0 0 0 0 5.4 0 0
7 8 1.2 0 0 0 0 0 0 0 15 0 16 22.6 0 0.4 0 0 0 0 2.2 14.6 0.8 0 5.4 0 3.8 0.2 0 1.8 11.2 7.6 0 0 0 0 0 0 0 0.6 0 0 1.4 0 4.6 27.8 0 9.4 12.2 0.2
0 0 0 0 0 0 0 0 0 0 0 0 0 0 0 0 0 0 0 0 0 0 0 0 0 0 0 12 0 0 0 0 0 0 0 0 0 0 0 0 0 0 0 0 0 0 0 0 0 0
0 0 0 0 0 0 0 0 0 0 0 0 3.6 0 0 0.4 0 0 0 0 15.2 0 0 0 0.2 0 0 0 0 0 0 0 0 0.2 0 0 0 0.2 0 0 0 0 0 0 0 0.2 0 0 0 0
0 0 0 0 10.4 0 0 0 0 29.6 10.2 0 0 16.6 0 57.8 0 0 0 0 0 29.2 0 0 0 0 0 0 4.6 0 0 0.8 0.4 0 0 0 0 11.8 0.2 0.2 14.4 0 0 4.6 0.2 0 0 3.8 0.2 0
0 0 21.2 0 0 0 0 0 0.4 0 6.2 0 0 0 0 16.6 9.6 0 0 4 0.2 4.2 0 4.4 0 0 0 6.8 0.2 0.2 0 0.4 0 0 0.2 12.8 0 6.6 0 0 0 0 0.2 0 0 0 5.6 0 0 0.2
0 0 0 0 0 4.6 5.4 0 0 4.8 0 0 0 0 0.2 0 0 0.2 0 0 15.6 0 0 15.2 0 0 0 0 0.2 0 0 0 0.2 0 0 5.8 3.4 12.2 0 0.2 0 0 0 0 0 0 0 26 0 0
0 0 0 0 0 0 0 0 7.4 0.6 5.2 0 0 0 0 0 0 0 0 0 0 0 0 0 0 8.2 0 0 0 0 0 0 0 0 0 0 0 0 0 0 0 0 0 0 0 0 0 2.6 0 0
0 0 15.2 0.2 0 1 0 20.2 0 0.2 0 0 24.4 7.6 3.6 1.4 0 0 0.2 3.8 0 10.8 0 0 0 0 0 0.4 0 0 0 0 0.6 0 0 0 5.4 8.6 0.4 11.6 6.6 7 0 0 0 0 0 0 0 0.8
3 0 0.2 0.2 0 0 0 11.4 0 6.2 0 0 27.8 0 4.2 0 0 0 0 0 0 0 11 0 8.6 0 0 0.4 0 0 0 0 0 0.4 0 0 4.2 0 0 0 0 2 6.2 0.2 10.2 0 37.8 4.6 6.2 5.2
6.2 0.2 2.6 0 0 0 0 0 0 0 0 0 0 0 0 0 0 0 0 1.4 0 0 0 1.2 0 0 0 0.2 0 0 3.6 0 0 0 0 0 0 0 7 0 0 2.6 0 0 0 15.6 0 14.4 0 0
0.4 12 0 0 0 0 0 0 0 30.2 8.8 0 0 0 0 0 0 0 0 0 20.2 17.6 0 11.4 15 0 21 0 0 0 6.6 0 0 0.4 0 0 0 4.8 0 0.4 0 7.6 0 5.8 19.2 8.6 0 15 0 22
0 0 0 0 0 18.2 0 0 0 0.4 6.8 0 0 0 0 0 1.4 1.4 0 0 0.4 1.8 0 0 0 3.4 0 8.6 0 0 1.4 0 1.8 0 9 4 0 0 3.4 0 0 0 0 0 0 0 0 0 0 0
0 0 0.2 0 0 0 0 0 0 0 0 0 0 0 0 0 1.6 0 0 0 0 0 0 0 0 0 0 1.4 0 0 0 0 0 0 0 0 0 0 0 0 0 0.8 0 0 0 0 0 0 0 0
0.2 0 0 0 0 0 0 0 0 1.6 3.2 0 1 0 0 10.4 0 0 0 0.8 0 0 0 0 0 0 4.8 0.4 0 0 0 0.6 0 3.8 0 0 0 0 0 0 0 0 0 0 0.4 4.4 0.2 7 0 4.2
0 0 11.8 0 0 0 0 0 0 0.2 0 0 0 0 0 0 0 0 0 0 0 0 0 0 0 0 0 0 0 0 0 0 0 0 0 0 5 0 0 0 0 0 0 0 0 0 0 0 0 0
0 0 14 0 0 0 0 0 0 5.8 0 0 0 0 0 0 4.6 0 0 0.2 0 0 0 0.8 0 0 0 0.4 0 0 0 0 0 0 0 0 0 0 0 0 0 0 0 0 0 0.2 0 0 0 0
11.8 6.8 0 8 2.6 0.2 0 0 0 0 4.6 2.8 28.8 0 5.8 0 0 0 0 6.4 0.2 4.8 0.4 0 0 0 0 1.8 0.4 0 3.6 0 7.4 0.2 0 0 0 0.2 0 0 12.2 0.2 0 0.2 0 0 2.2 0 0 10.4
0 5.8 10 0 0 0 0.2 11 1.6 0 0 13 23.4 0 9.4 3.4 0 0 2 0.6 0 0 0.2 0 0 0 0.4 0 0 0 0 0 0 9.6 0.2 0 9 3.8 0 0 0 0 9 6.6 0 0 5.8 0 0 0
0 0.2 0 14 0 0 2.6 2 12.6 0 3.4 2.2 0.2 5.6 0 0 5 0 0 0 0 9.2 0 0.6 4.6 0 0 6.8 14.2 0 4.6 0 0.2 0 4.2 13.8 0 0 0 0 0 0 0 11.4 0 13.2 0 7.8 0 13.6
0 0 0 0.2 0 0 0 0 1.4 7.8 0 0 0 0 0 0 0.2 0 0 2 0 0 0 0.4 0 0 0 0 0 0 0 0 0 0 0 0 0 3.8 7.2 0 0 8 0 0 0 0 0 0 0 0
0 0 0 2.8 0 0 0 0 9 0 0.4 0 0 0 0 0 0 0 0 0 0 0 0 0.8 0 6.4 0 0 0 0 0 0 0 0 0 2.6 0 0 0.8 1.2 0 0 0 0 0 0 0 0 0 0
3 6.4 0 0.2 0.6 0 3.8 0.6 3.8 0 5 0.4 0 0.6 0 35.4 0 1.2 0 0.2 0 16 3.4 0 30.6 0 0 0 0.2 3.8 7 0 8.2 0.2 0 0 0 0 0 0 0 0 0 0 24.6 0.2 0 6 20.6 0
21.4 0 2.4 0 0.2 0.2 12 0.2 0 0 6 0 0 0 0 4.4 0 0 0.2 0 12 7.4 0 0.6 23.6 0 36.6 0 12.4 16.2 10.2 0 0 0.2 0 4 0 13.2 0 0.8 0 1 0.6 5.6 16.8 13 0.8 6.6 0 1.4
0.4 10.8 0 31.2 2 10.8 12 0 0 0 5 12 0 0 0 0 0.2 0 2 7 0 7.4 0.2 0 0 0 9.2 0 15 3.8 9.8 0.2 8.2 0 0 0 4.8 0 0 20.4 14.8 0 13.6 21.6 0 0.2 0 7.4 2.4 3.6
7.8 13 0 0 1.8 10 0 0 0 0 10.8 0 0 0 0 0 0 6 0 0.8 0 5.6 8.4 0 0 5.4 14.6 0.2 0 0 6 6 0.2 0 0 0 0 9.2 3 0 0 0.6 0 0.2 1.6 24.2 0 8.6 0 8
1.6 25.2 0 24.4 0.2 0 0 20.6 15.6 0.2 0.8 1.2 0.4 0.8 10.2 0.2 0 0 19.4 0 0.4 1.6 0 10.2 5.6 6.8 0 0.2 19.6 1.6 3.6 8 0 0 0.8 0 0 0 0 19.4 10 0 23.4 0 14.2 3.6 0.2 0 0.6 6.4
0 0 0 0.2 0 0 0.8 0 0 0 0 0.2 0 0 0 9.6 0 0 1.8 0 15.4 3.8 0 0 11.6 0 0 0.6 5.8 0 0 0 0.2 2.8 0 0 0 0 0 0.2 0 0 10.6 7.4 0 0 0 0 0 0
0 0 0 0 0 0 0 0 0 0 0 0 0 0 0 0 0 0 0 0 0 0 0 0 0 0 0 0 0 0 0 0 0 0 0 0 15 0 0 0 0 0 0 0 0 0 0 0 0 0
0 0 2.2 0 0 0 0 0.6 1.8 0.2 0 0 0.6 8.4 0 0 0 0 0 0 0 0 8.2 42 0 0 0 1.2 0 0 0 0 0 0.6 0 0 0 0 5.4 0 0 12.4 0 0 0.4 0 0.2 0 0 6.8
0 0.4 0 0 0 0 0.2 0 0 0 0 0 0.2 0 0 0 0 0 0 0 5.4 0 0 0 10.4 0 0 17.2 0 0 0 0 0.2 15.2 0 0 0 0 0 0 0 0 0 0 0 0 11.8 0 0 0
29.8 0 19 0.4 8.2 10.2 0 13.6 0 0 14 14.6 0 3 7 0.4 0 0.2 9 7.8 0 31 0 0 9.6 0 27.8 0 0 16.6 3 0 14.4 0.8 11.8 0.2 7.4 29 0 0.2 0 10.2 0.8 0 16 12.6 11.4 22.8 36.4 21.8
0 0 0 0 7 0 0 0 13.6 11.8 10.2 0 0 0 0.4 0 0 0.2 0 8.2 0 0 0 2.4 0 0 0 0 0 0.2 0 0 0 0 4 0 0 0 0 0 0 0 0 0 0 0 0 0 0 0
0 0 20 0 0 0 0 0 0 0 0 0 0 0 0 0 1.6 0 0 0 0 0 0 0 0 0 0 0.2 0 0 0 0 0 0 0 0 15 0 0.2 0 0 0 0 0 0 0 0 0 0 0
33.8 0.8 5 4.8 16.2 13.8 0.4 0 1 5.6 19.8 1 0 0 0 6.8 0 0 0.8 0 0 18 9.6 0 0 9.4 0 0 0.2 2.6 0 15.6 6.4 0 3.6 16.4 0 8.2 1 0 0 2.6 0 22.2 9.8 12.6 12.2 4.4 24.8 15.6
48.4 0.2 7 4.2 3.4 0 0 0 4.8 3.6 0 0.4 0 0 0 11.2 0 0 0.4 0 1.2 0.2 0 0 0.4 0 33.4 0 0 0.2 14.4 0 0 0 0 5 6.8 0 2.4 4.8 0 7.8 0 3.6 24 7.4 23 0 6.4 21.4
0 0 0.2 0 0 0 0 0 0 0.4 0 0 0 0 0 0 13 1 0 0.6 0 0 0.2 0 0 0 0 0.6 0 0 0 0 0 0 0 0 0 0 8 0 0 0 0 0 0 0 0 0 0 0
0 0 4.4 0 0 0 0 0 0 0 0 0 0 0 0 0 9.8 0 0 0 0 0 0 0 0 0 0 0 0 0 0 0 0 0 0 0 0.6 0 5.2 0 0 0 0 0 0 0 0 0 0 0
9.8 0 0.4 0 0 0 0 0 0 0 0 0 0.2 21.2 0 0 0 0 0 0 6.6 0 1.4 0.2 0 0 0 0 0 0 0 0 5.8 0 0 0 0 0 0 0 0 1.4 0 0 0 0 9.6 1.4 0 9
0 0 6.2 0 0 0 0 0 0 0 1.2 0 0 0 0 0 27 0 0 0 0 0 0 0 0 0 0 0.6 0 0 0 0 0 0 4.8 0.4 13.6 0 0 0.2 0 0 0 0 0 0 0 0 0 0
0 0 0 0 0 0 0 0 0 0 0 0 0 0 0 0 0.2 5 0 5.2 0 0 0 0.2 0 0.4 0 0 0 0 0 0 0 0 0 0 7 0 0 0 0 0 4 0 0 0 0 0 0 0
0 0 11.4 0.4 0 12 0 0 1.2 1 2 0 14.4 7.8 0 44.2 8.8 5.8 0 0 0 10.2 0 9.6 0 1 1 0 0 0 0 0.4 10.2 0 11.4 19.4 13.8 0 8 0.2 7.2 0 0 0 0 3.8 17.4 24.4 24.4 0.6
0 0 0.6 0 0 0 2.2 0 0 21.4 0 0 0 0.2 0 0 0 0 0 0 0.8 0 0 11.6 0 0 0 0.2 1.6 0 4 0 0 0 0 0 0 0.2 4 0 0 0 0.2 0 0 0 0 0 3 0
0 0 0 0 0 0.4 0.2 0 1.8 0 9.2 0.2 0 0 0 0 7.4 0 0.2 0 8 0 0 0 0.2 0 0 1.4 23.2 0 0.2 0 1 0 0.4 0 6 0 0.4 0 0 1.2 12.4 0 0.2 0 0.2 1.8 0 0
0 0 0 0 0 0 0 0 3.2 2.8 0 0 0 0 0 0 0 0 0 0 0 0 1.2 0 0 0 0 0.4 0 0 0 0 0 0 0 0 0 0 0 0 0 0.4 0 0 0 0 0 0 0 0
1.6 0.2 3.2 0 0 0 0 2.2 0 0.2 0 0 14.4 1.4 0 0 0 0 0 0 0 0 5.6 0 0 0 0 2.4 0 0 0 0 0 17.2 1.2 0 0 0.2 0 0 0 0 4.8 0.4 23.8 0 0 10.2 6.6 3.4
6.2 23.2 0 0.2 6.6 0 0 0 0 0 21 0 26.8 0.6 0.4 0.8 0 0.2 0 11 0 27.6 1.4 0.2 0.4 14.4 22.4 0 0 0 12.8 0 0 0 0 0.2 0 0 0 14.8 0 0.2 0 0 30.2 3.4 1.2 22 11.8 0
0 0 0 0 0 0.8 2.8 0 2.2 0 9.6 9.4 0 0.2 0 25 0 2 3.4 0 0 0 0 0 0 7.2 0 4.6 0.8 0.4 0 2.2 0.4 0.2 0 0 0 7 0.2 9.4 0.2 0 6.8 0 0 0 0 0.2 0 0
7.6 0 1.6 17.2 11.4 8.2 19.6 0 0 4 0.8 17.4 5 0 0.6 5.2 0.2 10.4 0 0.2 0 0 1 11.6 8 0 36.2 0 18.8 0 0 14.6 0 6.8 1.6 0 12.4 18.8 0.2 0.4 0 0 30 0 9.4 0 0 11.8 2 0
0.2 0 0 0 0.2 0 0 0 0 0 10 0 0 0 0 0 9.4 0 0 0 0 0 0 18.4 0 0 0.2 0 0 0.2 0.4 0 0 0 0 0 8.8 17.2 11.2 0 0 0 0 0 0 3.2 0 19.6 0 0
30.6 0 0 0 0 9.4 0.4 0 6.4 0 0 0 36.8 0.6 0 0 0 0 4 0 0 0 0.2 0 6.8 0 18.2 0 7 0 4 14.4 0 0 5.4 0 0 0 0 5.2 0 0 0 6.4 21.6 2.6 15.6 0 5.6 0.8
0 0 0 0 0 0 3.4 0.4 14.4 0 0 0.2 0 2.8 0 0 0 12.8 5 0 0.2 10.6 3.8 13.8 0 0 0 0.2 0.8 0.4 0 0 0 0 7.6 0 0 2.6 0 7 0 6.6 17.6 5.2 0 0 0 0.4 0 0.2
0 0.2 0 1.4 0 2.6 3.2 0 6.8 0.2 12.8 0 0.4 14.8 0 10.6 0 0 0 12.2 12.6 7.2 2 0 0 0.2 0 0 0 0 0.2 0 0 0.2 0.4 0 3.4 17.6 0 0 7.8 0 0 12.4 2.6 10.6 0 0 0.2 0.4
0 0 0 2.8 0 0 0.2 24.2 2.2 21.6 0.2 0 21.4 0 4 0 0 0 0 0 0 0 0.2 0.2 0 0 0 0 10.6 0 0 0 0.2 0.4 0 0 0 0.4 0 0.8 0 0 32.6 17.2 0 0 0 0 1.8 0
4.2 0 7.8 8.8 0 0 4 0.4 0 0 0 19.2 0 0 0 0 7.6 16.6 16.8 4.6 0 0.2 0 3 0.2 14.6 0 6.4 0 11.2 0 18.2 0 12.2 4.8 0 4 7.6 1.8 0.4 16.6 0.2 0 27 0.6 0.4 0.4 0 0 14.2
0 0 0.6 0 0 0 0 0 0 0 0 0 0 0 0 0 0 0 0 0.2 0 0 0 0 0 0 0 0 0 0 0 0 0 0 0 0 0 0 12.2 0 0 3.8 0 0 0 0 0 0.2 0 0
16.2 11.2 0 16.8 6.2 0 0 0 0 0 6 5.4 15.4 0 0.2 2.8 0 0 0 0 0 17.4 0 0 32.2 0 16.2 0.4 13.4 0 0 0 0.4 9.6 0.6 0 0 3.4 0 0.6 0 0 0 10 19.8 0 19.2 25 3.6 0
0 0 0 0 0 0 0 0 0 0 0 0 0 0 0 0 3.4 0 0 0 0 0 0 0 0 0 0 2.6 0 0 0 0 0 0 0 0 0 0 2 0 0 0 0 0 0 0 0 0 0 0
19.8 0 2 24.2 13.8 0.6 8.4 0.2 4.6 0.2 31.2 7 0 0.6 0.8 23 0 9.6 0 11.8 8.2 0 0 0.8 1 0 40.4 1.4 0.2 0.2 13.4 7.6 0 0 9.2 5.8 0 21 0 45.6 0 0 0 17 0 12.4 5.4 8.2 27.2 1.2
0 0 19.6 0 0 0 0 0 0 4.8 0 0 0 0 0 0 0 0 0 0 0 0 0 3 0 0 0 0 0 0.2 0 0 0 0 0 0 0.4 0 0 0 0 0 0 0 0 0 0 0 0 0
0 0 6.6 0.2 4 0.6 16.4 0 0 0 0 5.6 6.6 0.4 0 11.4 10.6 7.8 0.8 0.8 1.4 11.8 0 0.4 8.2 0 5.6 1.4 0 8 0 17 0 14 5.6 0.2 5 0 0 18.4 0 0 0.2 3 0 0 0 0 0 0
0 0 0 0 0 0 0 0 0 0 0.2 0 0 0 0.2 0 5 0 0 0 0 0 0 8.4 0 0 0 0.2 0 0 0 0 0 0 0 0 0 0 0 0 0 0 0 0 0 0 0 0 0 0
6 0 0 3.8 0 7.6 0.2 0 0 6 0 0 12.2 2.4 0 4.4 1.8 0 0 0 0 0 0.6 0 6.8 0 0.2 0.2 0 0 0 0 0.8 18.2 0 0 0 2.4 0 4 0 0 0 1.4 7.6 0 0 0.2 0.2 0
0.2 8.4 2.2 23.2 0.2 0 18.6 13.4 16.2 13 0 14.6 0 33.4 22 4.2 0.2 3.4 16.2 3.8 0.6 10.4 5.4 0.2 40.2 0 0 1 0.2 1 0 28.8 32.6 0.4 0 0 0 3.2 0 15 0 0 0 13.6 17.6 0 14 8.8 0.6 17.2
0 0 6.4 0 0.2 0 0 0 0 0 0 0 0 0 0 0 9 0 0 0 0 0 0 0 0 0 0 0 0 0 0 0 0 0 0 0 0 0 7.4 0 0 0 0 0 0 0 0 0 0 0
0 0 0 0 0 0 0 0 0 0 1 0 0 0 0 0 0 0 0 0 0 0 0 0 0 0 0 0 0 0 0 0 0 0 0 0 0 0 0 0 0 0 0 0 0 0 0 0 0 0
8.6 15.4 13.8 1.2 0 4.6 0 8 2.2 0 0 0 18.4 14.4 6.8 0 7 0 5.6 0.4 0 0 0 0 0 0 38.4 0.2 7 3.2 0 0 0.4 29.4 4.4 0 3.6 0 4 0 4.6 0 11.8 19.6 8.6 0.2 11 0 9.2 19
0 0 0 12 0 11.8 3.2 0 1.8 0.4 0 33.6 0 19.4 21.6 0 0 0 41.6 0 8 0 12 0 0 0 0 0 0 0 0 25.6 0 20.2 0.2 0.2 0 0 0 0 5.8 0 16 37.6 1.8 0.6 7.2 0 1.4 5
0.2 0 12 0 0 0 0 0 0 1.2 0 14.4 3 14.4 3 0 0 0 1 0.2 0 10.2 2 0 0.4 0 0.2 9.4 2.4 16.6 0 0 0.6 25 0 0 0 0 0 0 0 0 31 40 13.2 0 23 14.8 5.8 11
6 0 0 0 0 0.2 0 0 0 35 0 0 23.6 0 0 0 0 0 0 0 0.6 5.6 0 15.8 0.2 0 40.8 0 0 0 9 0 0 0 0 0 0 0 0 0 0 0.2 0 0 0.4 7 29 25.2 23.4 24
0 0 2.8 5.8 0 0 4.4 0 0 0 0.4 0 0 24 0 13 0 0 6.6 0.2 0 3.4 0 0 0.2 0 0 0 0 1.6 0.2 0 10 0 5.8 0 0 0 3.8 0 0.8 0 0 0 0 0 0 0 0 0
0.2 0 0.8 2.2 0 0 0 0.4 0.4 0 0.6 5.6 3.2 6 0 0 0 7.6 2 0 0.4 0 0 0.4 0 0 0 0.2 6 0 0 3.8 0 0.2 0.2 0 0 0 0 1.2 9.4 0 6.6 0 0.4 0 0 0 0 0.2
0 0 19 0 0 0 0 0 0 0 0 0 0 0 0 0 0 0 0 0 0 0 0 0 0 0 0 3 0 0 0 0 0 0 0 0 0 0 8.4 0 0 0.2 0 0 0 0.4 0 0 0 0
16.2 0 0 0.4 5 16.2 0 0 0 0.4 7.2 0.8 10 1.2 12.4 0.2 4.6 0 0 0 0.4 0 0 8.4 2.8 0 18.8 11.6 0 0.6 0.2 0 0 15.8 0 0 0 4 0 4.4 0 0.2 8.8 0 0 0 4.4 0 0 0
0 0 1.2 0 0 0 0 0 0 0 0 0 0 0 0 0 14.4 0 0 0 0 0 0 0 0 0 0 0 0 0 0 0 0 0 0 0 5.8 0 7.6 0 0 0 0 0 0 0 0 0 0 0
0.8 0 0 0 6.8 0 0 0 0 16 2.2 0 0.2 0 0 0 0 0 0 0 0 10.4 0.2 0 19.8 0 1.8 0 0.2 0 0 0 0.2 0 0 0 0 4.6 0 0 0 0 0 0 24 17.2 14.6 9 23 3
0.2 3.8 0 1.2 0 9.6 0.6 0 0 0 0 10 2.6 0.4 8.8 11.4 0 0 8.4 0 0 0 0 5.4 0 0 0 0 10.2 4.2 0 18.4 7.8 0 0 0.2 0 0 0 0 6 0 9 9.8 0 0 0 0 0 0
0 7 0 1.8 0 0 0 0 0 0 4 5 0 0 0 0.4 1.4 0 9.2 0.8 0 0 0 0 0 0 0 0 19.4 0 0 0 0 0 0 0 0 0 0 16 0 0 0 0 0 0 0 0 0 0
0 0 0 0 0 0 0 0 0 7.4 12.8 3.8 0 10.2 0 0 0 0 0 0 0.2 2.8 0 0 5 0.2 2.8 10.8 0 0 0 0 0 0.4 5.2 0 0 0 0 0 0 0.4 0 0 0 0 0 0 0 0
0 0 21.2 0 0 0 0 0 14.2 0 10.6 0 0 0 0 0 0 0 0 0 0 0 0 0.8 0.4 0 0 26.2 0 0.2 0 0 0 0 0 0 0 0.6 6.8 0 0 2.2 0 0 0 0 0 7.8 0 0
3.6 0 0 0 3.2 0 1 0 4.4 0 0 12.6 5.8 12.2 0 13.2 6.4 0.2 0 0 0 0.2 3.2 0 1.4 3.6 0 0.2 4.2 0 0 0 9.4 0 0 0 3 2.8 0 0 9.2 0 0 16.6 0 0 4.2 0 2.4 0
3.8 8.8 0 0 0 0 0 13.2 0 0 0 14 0 24.4 0.2 11 0 0 0 0 0 0 4.8 0 12.8 0 0.2 0 0 0 3 3.8 0 6.2 0 0 0 0 0 0 0 0 27 0 2.4 0 0 0 11.4 0
15.8 15 4 0 0.8 15 33.8 0.2 0 0.8 9 7.2 6.6 0 0 0 0 3 0 11.6 0 22.2 0 0 15.2 12.8 0 0 21 0 2.2 0.6 21.2 0.6 0 22.8 0 6.4 0 40.6 0 0.2 0 5.8 3.6 0 0 0 0 0
8 9 1.8 0 0.2 0 2 6.8 0 17 0 0 0.6 2.4 0 1 12.6 4.2 4 0 0 0.8 0 0 7.6 0 0.8 0.6 0 5.2 3.2 0 0 0.6 0 8.8 20.2 0.2 5.2 14.4 5.6 0 14.2 4.8 37.4 0 0.2 7.4 14.2 8
0 0 10 0 0 0 0 9.6 5.8 3.2 0 0 1 0 0 0.8 0 4.2 0 0 0.2 0 0 9 0 0 0 0.4 0 0 0 0 7.8 0.2 0 0 0 0 0 0 0 0 0 0 0 3.8 0 0 0 0
20.4 0 0 10.2 0.8 0 0 0 0 30.4 0 0 21.2 17.4 0 0 0 0 0 0 1.4 0 11.4 0 0.2 0 0 0 1.8 0 0 0 0 0.8 0 0 0 0 0 0 0 0.6 14.8 0 1.4 0 41 0 10.2 0
0 0 0 8.4 0 3 4 0 0 0 0 0 0 0 0.8 0 0 20.4 0 0 0 0 0 0 0 5.4 0 0.2 0.8 11.2 0 0 0 0 0 0 0 0 5 0 5 0 2.2 4.4 0 0 0 0 0 0.2
0 0.4 11.8 0 13 0.2 0 0 0 20.2 0 0 0 0 0 0 0 0 0 0 0.2 0 10.2 10.4 22 0 11.6 0.4 0.8 0 0 0 0 0 0 0 0 0.4 0 9.6 0 15.8 1.4 0 1.8 9.8 0 35 6.4 1.6
0 0.4 2.6 0 0 0 0 1.8 0 5.6 0 0 0 12.2 0 0 0 0 4 0 2.6 0 0 0 0 0 0 0 0 0 0 0 0 0 0 0 0 0.2 0 0 0 0.6 0 0 0 0 0 0 0 0
0 0 3.2 0.2 0 10.4 8.6 26.6 0.4 0 0.8 28.8 0 5.2 14.4 21 24 15.4 1.6 0 6.2 18.4 3.8 21 7.8 0 0 0 0.2 0 2.4 1.2 35.8 22.4 10 5.4 26 1 16.6 0 0.4 0 0 0 0 0 0.2 7.4 0 4.2
0 0 30.6 0 0 0 0 0 0 0 0 0 0 0 0 0 5 0.2 0 0 0 0 0 0 0 0 0 0 0 0 0 0 0 0 0 0 0 0 2.2 0 0 0 0 0 0 0 0 0 0 0
26.6 0.2 0.4 0 7.8 0 0 0 0.6 0.2 5.4 0 0.2 0 0 0.2 0 0 0.8 0 0 0 0 28.4 0 0 0.2 0 0 0 5 0 0 0 0 0 0 0 0 0.2 0 2.4 0 0 0.4 0 0 6 18.2 19.8
0.2 0 0 0 0.8 0 0 0 12.4 2.8 0 0 0 0 0 0 0 0 0 0 0 0 0 1.2 8.8 0 0 1.2 0 7.4 0 0 0 0 0 0 0 4 0 0 0 0 5 0 4 0 0 0.2 0 0
0 5.6 1.6 16.4 0 0.2 0.4 0 0 0.2 0 6.8 0 15.2 12 0 1.6 0 21.4 0 0 0.2 0 0 0 0 0 1 0.4 0 0 0 0 0 0 0 0.2 0 0 0 0.6 0 0 0.2 0 0 0 0 0 0
5.8 20.6 0 21.2 0 8.4 2.6 0 0.6 4.6 11.8 1.4 0 8 0 23 0.2 0 14.6 12.4 6.4 0 0.2 0.2 3.6 0 9 0 40.2 14.4 0 7.8 9.8 13.4 9 0 0 1 0 13.8 0 0 25.6 33 14.8 5 0 0 0 0.6
0 0 0 0 0 0 0 0 0 0 0 0 27.2 0.4 3.8 0 0 0 0.2 0 0.6 0 0 0 0 0 0 0.2 0 0.2 0 0 0.2 0 0 0 0 0 0 0 0 0 12 0 0 0 9.8 0 0 0.4
0.2 0 4.8 0 0 0 0 0 0 0 0 0 0 0 0 0 0 0 0 0 0 0 0 0 0 0 0 0.2 0 0 0 0 0 0 0 0 0 0 6.8 0 0 0 0 0 0 0 0 0 0 0
0 0 0 24.8 0 0 5.6 0 0 0 5.2 23.4 11.6 26 0 1.8 0.2 0 0.2 10.8 0 17 1 1.6 0 0 0.2 12.8 0 6.6 0 0 0 0 0.4 4 0 3.4 0 0.2 9.6 4.4 0 4.6 0 0 0 16.4 0 0.2
11.4 0 0 4 0 11.2 5.8 0 4.4 9.6 0 0 0 0 0 12.2 0 8.4 8.2 7.8 0 17.2 0 2.4 0.2 0 0 0.2 19.8 0 4 15.4 15 0 10.8 4 0 0.4 5 28 10.8 0 13.6 8.8 31.8 0 0 3.2 2.8 0.6
0 0 0 0 2.2 0 8.6 0 18 0.2 15.8 2 0.2 26 0 0 0 0.2 7.2 0.2 1.6 0.2 0 11.4 4.4 0 0 0 0 9.4 2.6 0 0 0 0 0 9 2.2 0 0 9.6 3.8 0.2 0 0 0 0.2 8.8 0 16
13.2 5.4 0.4 23.2 4 5.8 4.6 0 7.2 13.4 0 0 20.6 0 0 1.2 0 3.2 0 2 15.6 0 1.6 0 0 0 14.8 1.6 0 0 0 0 0.2 0 4.2 0 2.2 8.2 0.2 7.6 9.8 0.6 0 0 0 0 0 0 0 12
10.4 3.8 13.4 0 0 0 0 0 0.2 3.4 2.4 0 25.8 0.4 0.4 0 0 0 0 9.2 13.4 25.4 0 0 45.8 0 9.6 0.4 0 0 0 0 0.2 8.6 0 0 0 7.4 1.2 9.2 0 0 0.2 0.2 16.6 2.6 0.2 8.6 23.8 5.2
4.8 15 0 0 3.2 0 0 0 0 37.8 3.6 0 10.8 0 1 0.4 0 0 0 10 11.8 12 0 0 15.4 0 15 0 0 0 0 0 6 0 0 0 0 0 0 0 0 1.4 0.2 0.8 11 0.8 11.4 25.2 0 3.4
0 0 0 0 4.4 0 0 0 0 23.2 0 0 0 0 0 0 0 0 0 0 0 0 5.6 14.6 0 0.2 0.2 3.2 0 0 0 0 0 0 0 0.2 0 0.2 0 0 0 0 0 0 0 0 0 20 5.2 0
0 0 0 0 0 0 0 0 8.4 7.6 0 0 0 0 0 0 0.2 0 0 2.8 0 0 0 0 0 0.4 0 0.2 0 0 0 0 0 0 4.8 5 0 0 0 0 0 0.6 0 0 0 0 0 8 0 0
0 0 0 0 0 0 0.4 0 0 0 0 15.6 0 5.6 5 0 0 0 0 0 8.6 0 0 0 0 0 0 4.8 0 0 0 0 0 15 0 0 0 0 0 0 0 0 0 0 0 0 0 0 0 0
0 0 31.6 0 0 0 0 0 0 0 0 0 0 0 0 0 29.8 0 0 0 0.4 0 0 0 0 0 0 0 0 0 0 0 0 0 0.2 0 0 0 18 0 0 0 0 0 0 0 0 0 0 0
0 0 0 0 0 0 0 5.8 0 0 0.8 0 6.4 0 0 0 0.4 0 0 0.6 11.6 2 0 0 13.8 12 0.4 0 0 0 0 0 0 0 0 0 0 0 0 0 0 0 0 0.2 1.8 0.2 0 0 0 0
0 0 13.6 0 0.4 0 0 0 0 0 0 0 0 0 0 0 0.6 0 0 0 0 0 0 0 0 0 0 0.6 0 0 0 0 0 0 0 0 8.8 0 2.8 0.2 0 0 0 0 0 0 0 0 0 0
0 0 0 35.8 0 29.2 6.8 0.2 13 0 0 8.8 6.2 9.6 1.6 0.6 0 15.4 15.2 8.8 1.4 0.2 3.8 2.8 0 0 0.2 0 0 5.6 0 17.4 28.6 0 0 20.4 3 0 0 0 15.8 0.6 0 0 0.4 0 0 0 0 1.6
0 0 8 0.2 0 0 0 0 0 0 0 0 0 0 0 0 5.8 1.4 0 0 0 0 0 0 0 0 0 0 0 0 0 0 0 0 0 0 3.8 2.4 10.2 0 0 0 0 0 0 0 0.2 0 0 0
0 0 0.2 0 0 0 0 0 0 0 0 0 0 0 0 0 11 0 0 0 0 0 0 0 0 0 0 0 0 0 0 0 0 0 0 0 12 0 8.6 0.2 0 0 0 0 0 0 0 0 0 0
0 0 0 0 6.6 0 0 0 0 23.4 0 0 0 0 0 0 0.6 0 0 0 0 0.2 0 23.6 0 0 0 0 0 0 0 0 0 0 0 5.2 0 7.6 0 0 0.4 16.2 0 0 0 0 0 38.2 0 0
0 0 0 0 0 15 0 0.2 0 0 0 5.2 0 0 0 0 0 0.2 2 0 0 0.2 0 0 0 0 0 0 8.6 0 0 13.8 0 0 0 0.2 1 0 7 0 2.2 0 0 0.2 0 0 0 0 0 0.2
0.2 0 0 0 0 0 0 0 0 0 0 0 0 0 0 0.2 0 0 0 0 0 0 0 0 0 0 0 14.4 0 0 0 0 0 0 0 0 0 0 0 0 0 6.6 0 0 0 0.2 0 12.4 0 0
0 0 3.2 0 0 7.6 0 0 0 0 0.4 0.2 0 0.2 0 0 6.4 1.8 5.6 0 13 0 0 22.6 0 8 0 13.6 0.8 0 0 8.4 0 0 0 6 0 1.4 0 12.8 0 0 7 0 0 0 0 3 0 0
0.4 0 4 0.2 0 13.8 14.6 0.2 0 0 3.8 7.8 0 12.4 0 0 0 5 0 0.2 0.2 7.6 0 0 0 10.2 1.8 0 0 5.6 0 17 0 0 0 0.2 0 0 0.8 2.6 18.2 0 0.4 29 0 0.2 0 0 0 8.8
0 0 10 0 0 0 0 0 0 0 0 0 0 0 0 0 1.2 0 0 0 0 0 0 0 0 0.2 0 2.2 0 0 0 0 0 0 0 0 9.2 0 0 0 0 1.2 0 0 0 0 0 0 0 0
1 25 6 20.6 6.2 0 0.8 0.2 1.6 1.4 3.8 0 0 0 0 0.2 0 4.4 10.4 0 0 0 0 0 46.6 0 15.2 0.8 13.4 0 17.2 8.8 8.8 2.8 0.2 0 5.6 11.8 2.6 27.6 7.6 4.2 0 0 13.4 1.2 5.8 0.8 3 0
0.2 0 0 0 0 0 0 0 0 0 0.4 0 0 0 0 0 9 0 0 0 0 0 0 0 0 0 0 5.6 0 0 0 0 0 0 0 0 0 0 6.4 0 0 0 0 0 0 0.4 0 0 0 0
0 0 8.2 0 0 0 0 0 7.4 0 0.2 0 0.2 0 0 0.4 5.6 0 0 10.4 0 0 0.2 0.4 0.6 0 0 0.2 0 0 0 0 0 0 0 6.2 11.8 1.4 7.6 0 0.2 0 0 0 0 0 0 9 0 0
5.8 9 0 0 0 0 0 0 0 0 0 0 0 0 0 0 0 0 0 0 0 0 0 0 0 0 0 0 0 0 4.6 0 0 0 0 0 0 0 0 0 0 0 0 0 0 15.6 0 0 0 0
11.4 0 0.6 0 4 0 0 0 0 0 0 0 0 0 0 2.8 0 0 0 2 0 0 0 0 0 5.2 0 0 0 0 19.2 0.4 0 0 0 0 0 0 0 0 0 1.4 0 0.4 0 19.6 0 0 0 0
2 0 0 0 0 0 0 0 0 0 0 0 0 0 0 0 0 0 0 0 9.6 0 0 0 0.2 0 0 5.2 0 0 6.6 0 8 0 0 0 4.8 0.8 0 0 0 0 0 0 0 15.8 0 0 0 0
0 0 0 0 0 4 3.4 0 0 0 0 0 0 0.8 0 0 0 0 0 0 5.4 0 0.4 0 0 2.2 0 3.2 0 0 0 0 0 0 0 0 4 0 8.2 5.4 0 0 0 0 0 0 0 0 0 0
0.2 0.2 5.6 4.6 0 0 0 0 0 0 0 10.8 0 0 1 10 0.4 0.2 14.6 0 17.2 0 0 0 0 6 0 4.2 0.2 0 0 0 0 0 0 0 0 0 0 14.8 0 0 0 0 0 0.6 0 0 0.4 0
0 0 0 0 0 0 0 0.4 0 0 0 0 13 0.4 0 0.4 0 0 1.6 0 23.4 8.4 0 0 0 0 0.6 0 3.4 0 1.8 0 0.4 0 0 0 0 0 0 0 0 0 18.6 0 0.4 0.2 3.8 0 0 0.2
0 15.4 4.8 0 3.4 0 0 0 0 0 1.4 0 0 0 0 0.2 2.2 0 0 0.4 0 0 0 0 0 0 0 0 14.8 9.6 4 0 0 0 0 0 0 0 3.6 0.2 0 0 0 0 0 0 0 0 0 0
33 0 0 13.2 0 0 0.6 15.2 0 1.2 0.4 0.6 19.8 0.2 6.2 14 0.4 0 0 0 0 0.8 9.4 0 9.6 0 0 8.4 0 0 0 5 19 13.2 0 0 0 0 0 1.6 20.4 3.6 1.4 7 11 0 14.6 0 23 26.2
0.2 9.6 0 5.2 14.2 0 0.2 0 0 15.2 13.8 0 48.4 0.2 0 17.4 0 0 15.6 12.2 0 0 14 0.2 16.2 0 5 6 0 3.8 11 0 0 0 0.2 0.4 0 0.6 0 0 1 19.6 0 0.8 17.4 14.4 0.2 9.8 4.2 0
0 0.2 0 0 0 0 0 0 0 0 0 4 0 0 0 0 0 0 0.4 10.4 0 1.8 0 0 0 0 4.2 0 0 0 0 0 0 0 0 0 0 0 0 0.4 0 0 0 0 0 11.6 0 0 0 0
0 0 0 14 0 0 0 0 0 0 8.6 0 0 0 0.6 0 0 0 0 0 12 0 0.4 0 0.2 0 0 0.2 0.8 4.6 0 0 0 3.8 0 0 0 0 0 0 0 0.6 0 0.2 0 0 0 0 0 0
0 1.6 0 0 0 0 0 0 0 0 0 0 0.6 0 0 0 0 0 0 4.2 2 0 0 0 0 1 0 0 0 0 0 0 0 0.2 0 0 4 7.2 6.8 0 0 0.2 0 0.2 0 2 0 0 0 0
28.4 12.8 0 15.4 0 0 20.2 0.4 0 32.6 0 0 24.4 0 0 24.4 0 5.4 0 0.4 0 7.6 7.2 34.8 44.4 0 35 0 0.2 0 6.6 0 7.4 0 14.2 0 0 0 3 0 16.2 0 3 0 22.8 3 34.2 0.2 0 0.8
8.2 0 0.2 0 0 4.8 0 0.6 0 0.2 0 0 0 0.8 17.6 0 0.4 9 0 0 24.4 0 0 0 26 12.8 3.6 0 9 19.6 3.6 0.2 0 0 0.4 0 0 0.6 0 16 0.2 0 19.6 20.8 0 7 6 0 6.8 8.6
0 2.4 0.2 16.6 0 0 13.4 0 0 0 0 5.4 1.6 0 0 3.4 8.2 0.2 10.8 0 0.6 7.8 0 0 1.8 0.2 26.2 0 2.2 0 1 15.4 0.2 12.4 0 0 9.2 0 0 8.2 9.6 0 0 10.6 0 3.4 0 0 0 0
0 0.4 0 0 0 6.6 5.8 6.2 22.8 5 0 24.4 0 0 6.4 0.4 3 4.2 0 0 0.6 0 0.2 0 3.6 0.4 12.2 0 6 0.2 0 12.6 8.6 0.2 0 0 0 0 13 0 9.2 5.2 0 8 9.2 0 10 0 2.6 0
0 0 0 0 0 0 0 0 6.4 0 0 4 0 0 0 0 0 0 12.4 4 0.8 0.2 0 0 0 4.6 0 0.2 0 0 0 0 0 0 0 0 0 0 3.4 0.2 0 0 12.8 0 0 0 0 0 0 0
0 0 0 0 0 0 0 0 0 0 0 0 0 0 3 0 0 11.8 16 0.6 0 0 3.8 0 0 0.4 0 0 11.6 14.2 0 0 0.2 0 0 0.2 12.6 0 0.6 11.4 0 0 0 9.6 0 0 0 0 0 0
0 0 17.8 0 0 0 0 0 0 0 0 0 0 0 0 0 0 0 0 0.2 0 0 0 0 0 0 0 5 0 0 0 0 0 0 0 0 7.6 0 12.4 0 0 0 0 0 0 0 0 0 0 0
1 0.6 0 8 1.4 8.8 27.6 9.6 1.4 0 8.4 56.2 0 0.2 13 18.4 4 10.4 12.8 3.8 0 0 1 0 0 6 0 0 10.8 0 1.4 18.4 16.4 1.4 14 6 8 9.6 0 24.6 1.6 0 0.6 26.8 0 6.6 6.6 1 0.6 0
0 0 0 0 0 0 0 0 4.8 8.2 0 0 0.2 0 0 0 0 0 0 0 1.6 0 0 3 3.4 0 0 0 0 0 0 0 0 0 0 0 0 7.6 0 0 0 3.2 0 0 0 0 0 0 0 0
0 0.2 3.2 0.8 0 0 29.6 11.8 21.4 0 7.8 0 0.8 0.2 0 25.4 0 0 0.2 6.6 0.4 11.2 0 0 18.4 27.8 0 0 15.8 0 3 0 0 1 13.6 0 0 11.8 0 22.2 11 4 0 25.6 20 9.6 15.6 0 0 0
0 0 13.6 0 0 0 0 0.2 0 8.8 0 0 0 0 0 0 0 0 0 0 0 0 1.6 0.2 0 0 0 0.2 0 0 0 0 0 0 0 0 0 6.8 13.8 0 0 3.8 0 0 0 5 0 0 0 0
18.2 16 0 16 2.8 1.4 0 0 0 0 5 22.6 10.6 21.2 9.2 17.6 0 0 0.4 0 7.6 2.2 0 0 0 0 0.6 0 24.4 0 0 15.4 0 36.8 0 0 0 0 0 0 5.2 0 12.8 30.2 0 0 0 7 1.6 18.2
0 0 0 0 0 0 0 0 9.6 11.4 0 0 0 0 0 0 9.8 0 0 0 0 0 0 0.2 0 0 0 0 0 0.2 0 0 0 0.2 0.2 0 0 0 0 0 7.4 0 0 0 0 0 0 0 0 0
0 0.2 8 0 6 0 0 14.8 0 0 12.4 7.2 0 0 2 1.2 0 12.4 10.2 3.6 2.2 0 1 0 0 0 0.8 0 0.2 0.2 4.8 14.2 0.2 15 0 0 0 0 0 23.8 0 0 11.6 0 0 0 0 0 0 0
0 0 0 0.2 0 0 0 0 0.2 0.2 0 6.8 0 0.2 0.6 17.6 8.4 9.6 0 6.8 0 0 0.2 0 0.2 0 0 16.4 0 0.2 3 10 0.2 0 0 8.6 4 11.6 14.2 0 0 0 18.4 0 0 0 2.4 0 0 0
34.2 1 0 0 13.4 0 0 18 3.8 12.2 1.4 0.2 4.8 19.2 0 0.6 0.4 0 0 0 0 0 35 19.2 19.4 0 37.2 1.6 0.2 5.2 0 0 0 0 0 1.6 12.2 15.6 4 6 0 0 7 0 27.6 5.2 27.8 27 43.8 7.2
20.8 0 5.4 0 0.4 0 0 0 0 0 0 0 0.6 0.8 0 10.2 0 0 0 0 20.8 14 1.8 2.8 25 0 3.4 0 0 0 0.2 0 0 14.2 0 0 0 3.4 0 0 0 0 0 0.6 40.8 13.2 0 8.6 27.4 2.6
0 0 5.2 0 0 0 0 0.2 0 6.2 0 0 24 0.2 0 0 0 0 0 0 0 0.2 0 0 0.2 0 0 0 0 0 0 0 0 0.4 0 0 0.2 13.2 9.8 0 0 0.2 0 0 3 0 0 0 0 0
0 0 0 0 3.4 0 0 0 0 17.8 0 0 0 0 0 0 0 0 0 3.2 0 0 0 18.4 0 0.6 0 0 0 0 0 0 0 0 0 0 3 0 3.8 0 0 4.4 0 0 0 0 0 5 0.4 0
0 0 0 0.6 0 0 0 0 0 0.2 0.2 0 11.2 0 0 0.6 17.4 0 34.2 0 7 0 0 0 0.4 8.2 0 1 18.6 0 0 5.2 0.2 0 0 0 4.8 0.4 3 0 0 0 1 1.6 0 0.2 0 0 0 0
14.8 4.2 0 3.6 0 0 1.2 12.8 6.4 0.4 0 14 6.4 0.2 0 0 0 0 0.8 0.6 0 9.8 2.8 2.8 0.4 0 0 2.8 0.6 5.6 0 0 0 0.2 0 0 0 0 0 0.2 0 0 2.6 17.6 18 0 0.2 0.2 18.6 14.2
42.8 8.6 0 0 6.2 0 10.6 0 0 16.8 0 3.4 25.6 0 0 0 3.6 0 0.2 0.2 0.2 13 3.8 1.8 0 0.6 20 0 17.8 0 5.4 0 0.4 0 0 9.2 0 0 8.4 0 0.2 8 4.4 0 32.2 7.6 28.4 9.6 27.4 18.6
0 0 9.6 0 0 0 0 0 0 0 0 0 0 0 0 0 17 0 0 0 0 0 0 0 0 0 0 0.2 0 0 0 0 0 0 0 0 0 0 6.2 0 0 0 0 0 0 0 0 0 0 0
1.4 6.2 0 0.2 0 0 0 5.6 11.4 7.2 7.4 0 15.6 1.2 0 3.2 0 0 17.6 0 0 1 0 15.8 1.6 0 5.2 0 0.2 0 0 0 5.6 17.2 0 0.2 8 0 3.4 0 14.8 0 5 0.6 11.6 0 5.2 0.4 0 0.2
0 0 0.2 2.8 0 0 1 0 0.8 0.2 2.8 0 0 0 0 0.4 0.2 0 4.4 1.6 7.8 9.6 4.8 17.4 0 10 0 10.6 0 0 0 5 4.8 0 0 2.6 0 4.4 0 0.2 0 0.2 0.2 0 0 0 0 0 0 0
0 0 0 0 11.4 0 0 0 0 35 0 0 0 0 0 0 0 0 0 0 0 0 0 6.2 0 3.8 0 0 0.2 0 0 0 0 0 0 0 0 0 0 0 0 1.6 0 0 0 0 0 14.8 0 0
0 0 6.4 0 0 0 0 0 0 0 0 0 0 0 0 0 11.6 0 0 0 2 0 5.4 0 0 0 0 3 3 0 0 0 0 0 0 0 0.2 0 35.4 0 0 0 0 0 0 0 0 0 0 0
48.8 10.6 0 9.2 0 6 15.6 0 0.2 0.2 1.2 10.4 5 3.6 9.8 0 1.8 12.8 0 0.4 0 13.4 8.8 0 22.6 2 41.2 0 11 0.4 16.8 2.2 2 34.6 5 2.4 7.4 0.2 3.2 4.8 14.2 4.2 2 11.8 20.2 20 33 0 31.2 31.8
7.2 0 0 0 5.6 1.6 18 5.8 14.6 0 0 41.2 0 30 7.6 0 0 0 13.8 0.6 15 18 8.2 0 3 20.6 5.8 0 8.6 0 5 30.2 1 15 4 0 0 0 0 9.2 21 7.2 16.2 12.4 0 15.4 16.4 17.8 0 11
10 27.6 2 3 9 0 0 9.4 0 5.2 0 8.6 15.8 0.2 4.6 4.2 8.8 0 15 0.4 8.4 0 0.4 0 12.8 4.4 4.8 0.6 4.2 0 9.2 0 8 7.6 0 0 7 4.4 0 0 0 0 0 12.2 33.4 0 13.8 3 3.6 17.4
0 0 2.4 0 0 0 0 0 0 0 0 0 0 0 0 0 16.6 0 0 0 0 0 0 0 0 0 0 0 0 0 0 0 0 0 0 0 10.4 0 6.6 0 0 0 0 0 0 0 0 0 0 0
0 0 3.6 15.2 0 15.2 7 0.4 0.8 0 0.2 15.4 22.8 0 19.6 28.2 0 7.4 19.4 0 0.8 0.6 0.2 1.8 0 0.2 0 2.4 4 4 0 11.4 0 20 0.8 0.2 0 0 5.4 9.4 10.4 0 9.8 0 0 0 0 0 0 0.4
0 0 6.2 0 0 0 0 0 0 0 0 0 0 0 0 0 9.4 0 0 0 0 0 0 0 0 0 0 0 0 0 0 0 0 0 0 0 10.6 0 7.8 0 0 0 0 0 0 0 0 0 0 0
0.4 0 0 24 0 0 0 0.2 0 0 0 0 12.2 3 0 0.2 0.4 0 0 0.2 0.8 0 0 0 21.4 0 1.6 10.6 0.6 0 0 0 0 0 0 0 0 0 0 0 0 0 0.2 0 1.8 0 0 0 8 0.4
0 0.4 0 0 0 1 0 0 0 4.2 1.2 0 0 0.2 4 18.4 0 0 0 12.8 7 0 0 0.4 0 0 0 0.2 0 0 0 0 0 0 0.2 0.2 0 0 0 13.4 7 0 0 0 0 0 0 0 2.4 0
0 0 0 0 0 0 0 0 0.2 1.2 0 0 0 0 0 0 0.2 0 0 11 0.2 0 0 9.6 0 0.6 0.2 18.8 0 0 0 0 0 0 0 0 0 7.2 8.4 0 1.4 0 0 0 0 0 0 0 0 0
0 0 12.4 0 0 0 0 0 0 0 0 0 0 0 0 0 0 0 0 0 0 0 0 0 0 0 0 0 0 0 0 0 0 0 0 0 10.8 0 6.8 0 0 0 0 0 0 0 0 0 0 0
0 0 2.4 0 0 0 0 1.2 0 0 0 0 0 0.2 0 0 0 0.2 3.4 0 0 0.2 0 0 0.2 0 0 0 0 7.6 0 0 0 0 0 0 0 0 8.6 18 0 0 0 0 0 0 0 0 0 0
41.6 24.2 19.6 21.4 4.2 10 0 0 22.2 1.4 26 0 38.2 0 16.2 0.4 16 21 0 1.8 1.8 33.2 16.2 6.2 0 1.4 50.6 12.8 0 27.8 11.2 0 0 24 9 28.4 29.8 19.8 23.2 24.4 25.6 15.8 4.6 0 25.8 21.2 24.6 31.4 26.8 67.2
46.6 2.6 0.2 3.4 9.8 6.2 30 0 0.2 29.4 6.4 0 15 31.2 0 5 11.4 6.6 12.2 0.6 0 38 0 4.6 48.8 0 0.2 8 0 0.6 12.6 5.4 20.2 0 0.4 0.2 0 16.8 4 0 0.8 0.2 0 0 20.6 31.6 10.2 0 44.4 31.6
0 0 0.2 0 0 0 0 0 0 0.2 0 0 0 0 0 0 6.4 0 0 0 0 0 0 0 0 0 0 0 0 0 0 0 0 0 0 0 7.8 0 8.4 0 0 0 0 0 0 0 0 0 0 0
0 0 0 0 0 0 0 0 5 0 0 9.4 0 0 0 6 9 0 0 0 0 0 0 0 0 0 0 0 0 2.6 0 0 0.2 0 0 0 0 6.8 0 0 0 0 0 13 0 0 0 0 0 0
0 0 0 0 0 0 0 0 8.6 0 0 0 0 0 0 2.2 0 10.8 0 6.8 0 0 0 0 0 9.2 0 2.6 0 0 0 0.2 0 0 5.6 0 0 0 0 0 0 0 0 0 0 0 0 0 0 0
0 9.6 0.4 12.8 0 0.2 6 0 0 0 0 0 0 0 0 0 0 0 0 9.2 31.8 0 0 0 0.6 0.4 0 0 7.4 0.2 4.4 0.2 0 0 0 0 4 0 0 9.8 0 0 0 0 0 18 0 0 0 0
0 5.4 0 0 0.2 0 0 0.2 0 0.2 10.2 0 0 0 0 0 0 0 0 0 0 0 0 0 0 16 0 8.2 0 0 8.6 0 0.2 0 0.6 12.2 0 28.6 17.2 0 0 0 0 0 0 22.8 0 8.4 0 0
0 0 13.8 0 15 0 0 0 1.4 0.2 0.2 0 0 0 0 0 9 0 0 0.2 0 0 0 0 0 0.2 0 0 0.2 8.4 0 0 0 0 0 0 10.8 0 13.6 0 0 1 0 0 0 0 0 0 0 0
0 0 8.8 0 0 0 0 0 8.4 0.4 0 0 0 0 1.8 0 0.4 0 0 0 4.2 0 0 0 0 0 0 18.2 0.6 0 0 0 0 0.6 0 0 0.8 0 4.2 0 1.6 0 0 0 0 0 0 0 0 0
11 10 0 0 0.8 0 7 0 0 0.2 0 0.2 0 15.8 0 0 11.8 0.2 0 14.4 19.4 27.2 0.2 0 16.4 1.6 0 0 0.4 0 19 5.8 0 0.2 0 0 15.8 22.2 12.2 0 0.8 0 0.2 0 12.8 14.2 0 4.6 10.6 0
3.6 0 0 5 0 0 0 15.8 0 0 0 46.8 0.2 2.6 15 0 0 0 5 0 0 0 0.2 0 0 0 0 0 0 0 0 0 0 25.4 0 3.2 0 0 5 0 0 0 22.4 16.2 0 0 0.4 0 0 0.2
0 0 0 0 0 0 0 0 0 0 0 0 0 0 0 0 15 7.4 0 0 0 0 0 0 0 0 0 0 0 0 0 0 0 0 0 0 0 0 34.6 0 0 0 0 0 0 0 0 0 0 0
0 0 20 0 0 0 0 0 0 0 0 0 0 0 0 0 17.8 0 0 0 0 0 0 0 0 0 0 3 0 0 0 0 0 0 0.2 0 21.4 0 27.6 0 0 0 0 0 0 0 0 0 0 0
22.4 18.2 0.2 30.8 9.8 0 0 2.4 20.6 0 32 14 18.8 0.2 0 30 0 4.8 11.6 16 0 20.8 0 6.8 30.8 6.2 26 0.8 0 1 0 23 23.4 26.2 4.4 0 0 1 2.6 0 0.4 0 6.6 14.8 13.6 18.8 17.8 10.6 15 27.4
0 0 8 0 0 0 0 0 6.6 0.4 8.6 0 0 0 0 0.2 0 0 5 4.6 14.2 1.4 0 0 0 22.6 0 0.2 0 7 0 4 0 0.2 5.4 0 0 8.4 0 1.2 0 0 0 0 0 15 0 0 0 0
0 0 1 0 0 0 0 0 0 0 0 0 0 0 0 0 0 0 0 0 0 0 0 0 0 0 0 14 0 0 0 0 0 0 0 0 3 0 16 0 0 0 0 0 0 0 0 0 0 0
0 0 0 0 0 0 0 0 0 17.8 21.8 0 0 0 0 0.2 0 0 0 10 0 0 0 0 0.2 0 0 0 0 0 0 0 0 0 0 0 5 3.2 0 0 0 0 0 0 0 0 0.4 21.4 2 0
0 0.6 8.6 5.2 0 0 0.2 0 0 0 0 5.8 1 11.4 0 0.2 4.2 12.8 0 0 0 0.2 2.4 0 0 0 0 1.6 0.2 0 0 5 1 0 0 1.4 0 0 7.2 8.4 0 0.4 0.2 0 0 0 0 0 0 0
0 0.2 0 0 0 0 0 0 0 0 9.2 0 0 0 0 0 0 0 0 0 0 0 0 25.6 0 0 0 0 0 0 0 0 0 0 0 0 1 4 0 0 0 9.4 0 0 0 0 0 16.6 0 0
51.4 19.4 21.8 0 16.6 0 12.4 6.4 0 0 11 0.2 1 37.8 8.8 2.6 0 0 0.2 9 0 16.2 14.8 0 48.8 0 21.4 0 0 0.2 0 0.2 21 2.8 2 0 11.2 7.4 0 25.4 23.8 7.2 14.2 0.6 36.4 22.2 12.2 9.2 0 19.2
11 0 0.2 9.8 0 0 0.8 0 0 0 0 0 0 0 0 0 0 0 0 6.6 0 0 0.2 4.8 2.4 0 30 0 1.4 15 24.2 0 0 5.2 0 0.2 7.8 0 0 17.2 0 2.4 0 0.8 5.6 8.4 17 4 5.6 16.4
1 10.8 0 29.2 0 16.2 15.4 0.4 7.2 0 8.6 42 18.4 35.2 0.2 10.6 0 11.2 0 11.6 0 9 4 0.6 4.2 9.6 17.4 7.6 1 0 0 5.2 6.4 19.6 0.2 7.8 0 0 0 0.2 32 0 0 0 7.4 18.8 15.8 0 0 28.2
0 0 0 0 0 0 0 0 0 26.4 0 0 0 0 0 0 7.2 0 0 2.6 0 0 0 0 0 9.8 0 0.4 0 1.6 0 0 0 0 0.8 0 0 0 0 0 0 14.2 0 0 0 0 0 0 0 0
0 0 8.4 0 0.4 0 0 0 9.8 0 18.2 0 0 0 0 0 0.2 6 0 0 0 0 0.2 0 0 8.8 0 0 0 0.2 0 0 0 0 0 0.2 0 1.2 0 0 0 0 0 0 0 0 0 3.4 0 0
0 0 11.8 0 0 0.6 0 0 0 0 0 0.4 0 0 0 0 7.2 5.6 0 0 0 0 0 0 0 0 0 0 0 0 0 16.8 0 0.2 0.4 7.2 5 0.6 0 0 17.2 0 0 0 0 0 0 0 0 0
0 0 0 0 0 0 0 0 0 13.8 1.6 0 0 0 0 0 0 0 0 0.2 0 0 0 0 0 0 0 17.4 0 0 0 0 0 0 0 0 0 0 0 0 0 0 0 0 0 0 0 0 0 0
13.4 9 4 0 0.6 0.4 4 0.2 0 0 10 0.2 0 0 0.2 0.2 0.2 0 0 16 0 34.8 0 4.2 12.6 0 0 0 0 0.2 4.8 0 0 0 0 0 0 0 0 14.6 0 1.4 0.2 0 25.8 10.8 0 0 5.2 0
0 0 13.6 0 0 3 0 0 0 0 0 0 0 0 0 0.2 0 0 0 6.8 0 0 0 0 0 0 0 1.4 0 0 0 0 0 0 0 0 0 0 0 0 0 0 0 0 0 0 0 0 0 0
0 0 17.4 0 0 0 0 0 12.6 0 0 0 0 0 0 0 0 8.2 0 0 0 0 0 0 0 0 0 0 0 0 0 0 0 0 0 0.2 2.6 0 0 0 0 0 0 0 0 0 0 0 0 0
1.2 0 0.2 0 3.8 0 3.8 15.8 0 0 20.4 0 0 12 0 0.2 3.4 0.2 0.2 4.2 0.4 0 0 0 0 1.8 0 0 0 0 0 0 0 0 0 0 9 2.2 3.2 0 0 2.8 0 7.4 0 3.2 0 11.6 0 0
0 0 4.6 0 0 0 0 0 0 0 0 0 0 0 0 0 29 0 0 0 0 0 0 0 0 0 0 0 0 0 0 0 0 0 0 0 3.8 0.2 24.4 0 0 0 0 0 0 0 0 0 0 0
0.2 13.6 11.8 0 5.2 0 0 0 0 11 7.6 0 0 15.2 0.2 21.6 0 0 3.2 3.4 0 25.8 0 15.2 10.8 0 0 0 0 0 0.2 0 6.2 0.4 0 0 0 0 0 0 0.2 0 12.8 0 0 0 0 22.8 8.4 0.2
0 0 0 0 0 0 0 0 0 0 0 0 0 0 0 0 31.6 0 0 0.2 0 0 0 0 0 0 0 0 0 0 0 0 0 0 0 4.8 13.6 0 13.8 0 0 0 0 0 0 0 0 0 0 0
0 0 0.2 0 5 0 6 0 0 0 0.6 8.4 0 0 0 0 2.8 10.4 0 2.4 0 0.2 0.4 8.6 0 22.2 0 0.6 0 14.2 0 17.6 0 0 19.2 9 0 0 0 0 0 0 0 0 0 0 0 6 0.2 0
47.6 19.4 7.4 0.8 0 0 17.6 1.6 0 20 0 67.6 0 26.6 36 1 41.6 2.4 24.8 0 0 23.6 4.6 34.2 19 0.2 45.6 0 0 6.2 11 24.2 0.6 60.8 0.4 0.4 30.2 0.2 2.2 0 40.8 5.2 48.2 42 5.2 6.8 10.2 17 18.6 68.2
0 0 20 0 0 0 0 0 0 0 0 0 0 0 0 0 21.4 1.2 0 0 0 0 0 0 0 0 0 6 0 0 0 0 0 0 0 0 8.2 0 44 0 0 0.2 0 0 0 0 0 0 0 0
0.6 6 0 0 0.6 0 0.2 26.4 5.6 9.6 0 15.4 0 12.6 1.4 7.2 10 4.4 17.2 0 0.6 0 23.2 0.2 18 0 0 0.6 11.4 0 0 22.2 0 19.4 0.2 0 0 1.4 0 0.4 0.4 2.2 10.4 6.6 15.8 6 16.2 0 0 5.6
14.6 0 0 0 0 0 7.4 0 0 0 6.6 0 23.6 0.2 0 9.8 0 0 0 17 21.6 22.8 0 0.8 13.6 0.2 2.6 0 24.8 9.8 1 0 0 0.4 0 0 0 5 0 9.2 0 0 0 0 0 0 0 5.8 24.2 0
0 2 0 23.6 6.6 6.6 0 21.8 0 7.6 0 28.6 54.6 17.8 24.2 5.4 0 0 0 0.4 13.6 0.4 5 0 12.6 1.2 26.8 9.8 5 6.6 0 0 1.2 0.2 0.2 0 13.2 14.2 6.2 3.4 0 4.6 9 0 0 0 4.2 0 0 3.4
0.4 13.4 8.4 11.6 0 7.6 3.8 0 6.2 37.6 0 0 20.8 0.2 0 3.2 0.6 12 17.8 6.4 9.4 10.6 6 0.8 1 0 27.4 4.2 6 0.4 0 0 0 15.2 0.4 11.6 0 3.6 10.2 0 19.2 0 0 0 8.2 0.2 0 0 0.4 19.2
4.4 15.2 0 1.6 6.6 0.8 27.2 20.8 2.8 0 0 11.2 21.2 1.4 0.4 13.8 0 0.2 0 5.4 0 31.2 0 7.8 0.8 19.8 22.8 0 6.4 0 7.4 31.4 1 27.2 6.4 6.2 5.2 0 0 0 2.8 0.2 16.4 0 14.4 0 0.4 18 22.2 0
14.2 31.8 0 16.8 18.8 20.8 13.8 0.2 9.2 0 0.6 6.4 0 0 0 59.8 0 1.4 0 0 6 10.6 22.8 37.8 26.2 0 18 0 2.4 0 0 5.2 20.8 0 0.2 3.8 0 5.2 0 18 14.2 0 0.2 0.2 39 14.2 0 8.8 14 23.6
0 0 0 25.2 3.2 10.4 0 0 0 2.4 20.6 0 0.8 12.2 0.8 6.4 14.8 12.4 0 0.4 0.4 0 0 13.8 0 4 6 3.6 26.2 32.8 0 0.2 18.4 2.6 0.4 9.4 8 0 0 18.4 0 4.2 0 18.4 0 0.4 0 0 0 0.2
0 0 0.6 0 9.2 0 0 0 5.4 37 2 0 1.2 9 0 0 0 0 0 0 0 0 8.2 17.8 0 0 0 14.6 6.2 0 0 0 0 0 0 0 1.8 15.4 1.2 5.2 0 18.2 0 0 4.6 0 0 30.8 0 3.6
0 0 0 0 0 0 0 0 26.6 0 0.4 0 0 0 0 0 30.2 10.6 0 1.4 0 0 0.2 0 0 14.6 0 0 0 0 0 0 0 0 7.6 0 0 0 0 0 0 8.2 0 0 0 0.2 0 0 0 0
0 0 0 0 0 0 0 0 0.2 1.6 0 0 0.2 0 0 0 6 0 0 0.6 0 0 0 0 0 0 0 6 0 5.4 0 0 0 0 0 0 9.4 0 1.4 0.2 0 0.4 0 0 0 0 0 0.6 0 0
0 0 0 0 0 0 0 0 0 0 0 0 0 0 0 0 0.2 0 0 6 0 0 0 0.2 0 0 0 4 0 0 0 0 0 0 0 0 13 1 18.6 0 0 0 0 0 0 0 0 0 0 0
0 0 1 0 0 0 0 0 11.6 1 11.2 0 0 0 0 0 11.4 6.4 0 0 0 0 0 14.8 0 45.6 0 8.4 0 0 0 0 0.2 0 0 5.2 2 13.8 0 0 0 4.6 0 0 0 0 0.2 15.6 0 0
0 0 28 7 0 0 0 14.2 0 0 0 0 0 0 0 0 2 0 0 0 0 0 0 0 0 4 0 22.2 0 0 0 0 0 0 5.8 3 0 7.8 0 0 0 0 0 0 0 0 0 0 0 0
1.4 0 0 0.4 0 13.4 0.2 22.4 0 0 0.2 14.2 24 6.4 0 18.2 0 0 0.2 0 0.2 0.6 5 0 0 6.6 0 0.4 0 0 0 4.8 0 2.2 3.6 0 0 6.4 0 10 0 0 0.2 0 0 0 0 0 2 0
0 0 19 0 0 0 0 0 0 2.6 0 0 1.4 0 0 0 16.8 0 0 0.4 6.4 2.6 0.4 0 46.8 0 3 0 0 0 0 0 1.6 0 0 0 19 0 8 8 0 0 0.2 0 7.8 1.8 0 0 0.2 0
0 0 0 0 0 0 0 0 0 0 26 0 0 0 0 0 2.4 0.8 0 22.2 0.2 0 0 0 0 0 0 0.2 0 0 0 0 0 0 0 1 0.2 32 0.2 0 0 0 0 0 0 0.8 0 0 0 0
0 0 0 14.6 0 0 18.6 0 21.6 9.4 10.8 0 22.8 0.2 5.8 0 0 0 0 3.4 0 0.4 10 0 0.2 21.4 5.2 0 13 0 2.4 0 0 1 0 0 0 7 0 42 0 0 10.8 0 0 0 0 12.8 0 0.6
0 0 0 5.2 0 0 0 0.6 0 0 0 32.8 0 10.4 14 0 0 0.2 20.2 0 4 0 0 0 0 0.8 0 0 0 0 0 7.4 0 0 0 0 0 0 0 0 0 0 0.2 5.2 0 0 0 0 0 0
0 0 0 0 10 0 0 0 18 22.8 12.2 0 0 0 0 0 0 6.2 0 2.4 0.2 0 0 0 0 20.6 0 0 0 0 0 0 0 0 0 5 0 0.6 0 0 0 0 0 0 0 0 0 0 0 0
4.8 0 0 0 0 0 0 0 0 0 0 0 0 0 0 0 0 0 0 0 0 0 17 0 0 0 0 0 0 0 0 0 2 0 0 0 0 0 0 0 0 0.4 0 0 0 0 22.6 0 0.2 0
62.4 0 17.4 0 0 0 1.4 0 0 30.2 14 0 20.6 0.2 0.2 0.2 0 0 0.4 0 0 0.2 9 0 51.2 0.8 20.8 0 0 0 0.4 0 0.4 10.2 0 0 1.6 0.2 8 0 0.4 2 2 0 30.8 39.4 41.6 36.6 37 34.4
0 0 0 0 0 0 0 0 14.4 0 11.4 0 0 0 0 0 0.4 0 0 5 0 0 0 0.4 0 10.6 0 0 0 0.2 0 0 2 0 11 5.2 0 3.8 0.6 0 0 0 0 0 0 0 0 0 0 0
6 10.6 0 8.2 0 0 10.2 13.8 1.6 0 8.8 44.2 0 27.4 26.4 20 0 2.4 28.4 0.2 28.2 20.2 0 15.8 18 18.8 0 0 24.6 24.2 0 27.2 0 49.8 0 5 10 8.6 0 0.2 33.4 0.6 20.6 24.6 9.4 0 2.8 9.8 0 0
0 0 0 0 0 4 0 0 3.4 0 0 0 0 0 0 0 0.2 0 0 0.8 0.2 0 0 0 0 0.4 0 6.8 0 0 0 0 0 0 0.2 0 15 0 0 0 0 0 0 0 0 0 0 0 0 0
17.2 0 13.4 5.8 0 0 12.4 0 0 0 0 0 0 27.8 0 0 0 0 0 0.4 0.2 13.4 0 0 0 0 0 0 0 0 0 0 0 0 0 0 0 0.2 0 0 0 0 0 0 0 0 0 0 12.2 19
0 0 0 2.6 0 0 0 0 0 0 0 0 0 0 0 0 0 0 0 0 0 0 0 16 0 0 0 0 0 0 0 0 0 0 0 0 0 0 0 0 4 6.6 0 0 0 0 0 0 0 11.8
0.2 0 1.8 6.8 0.2 5 0 0 5.4 6.8 14 3.2 18 0 0 0.2 0 0 0 0 3 10.4 0 8.4 0 0 0 0 34.2 0 0 0 0 0 0 0 3 0 0 10.4 0 0 0.8 0 7.2 16.4 7.2 8 5.4 0
0.6 8.8 1.6 3 0 0.2 0 0 0 21.8 0 9.2 3 0 0.2 32.6 0 0 2.6 2 18.6 13.8 18.6 7.6 3.6 0.2 3.6 0.4 0 0.4 0 0 4.8 24.8 0 0 2.6 23 7.8 0 11.8 0 14.8 0 23.8 2.2 0 7.4 10.6 18
0 0 0 0.4 0 9.2 0 0 0 0.2 0 1.6 0 0 0 18.8 0.2 0.6 0.2 0 14.6 0 1 0 0 0 0 0 0 7.6 0 4.4 0.2 0 2.8 0 3 2 0 13 0.2 0 4.6 5.4 0 0 0 0 0 0
0 0 4.2 17.8 0 0 0 17.2 0 0 0 0 0.2 0 0 0 0 0 8.4 0 0 0 0 0 0 0 1.2 0 0.8 0 0 7.6 0 0 0 0 0 2.8 0 0 16.4 4 0 0 0.2 0 0 0 0 25.2
0 0 0 0 0 0 0 0 0.2 0.6 0 0 0 0 0 0 9 0.6 0 3.4 0 0 0 0.2 0 0 0 12.6 0 0 0 0 0 0 0 0 0 6.4 3 0 0 0 0 0 0 0 0 0 0 0
0 0 4.4 0 0 0.6 0 0 8 1.4 0 0 0 0 1.6 0 1.4 0.2 0 0 0 0 0.4 0 8.4 0 0 0.2 0.2 0 0 1 8.2 0.6 6.4 3 0 19.6 0 2.2 2.2 0 10 0 8 0 0 0 0 0
0 7.2 5.6 0 0 1.2 0.8 0 0.8 24.2 5.4 0 30.6 0 0 0 0 0.4 0.4 0 12.6 0 10.8 0 37.2 0 0 4.6 0 0.4 0 0 0.2 0.8 0 0 0 12.8 0 0 9.8 0.4 0 0 28.4 0.2 23.2 10.8 6 0.2
0 0 10.4 0 0 0 0 0 0 0 0 0 0 0 0 0 5.2 0 0 0.8 0 0 0 0 0 0 0 1.6 0 0 0 0 0 0 0.2 0 4.6 0 8.2 0 0 0 0 0 0 0 0 0 0 0
1 0 9.8 0 6 0 0 0 3.8 10.8 2.6 0 0 0 0 0 12.8 14.2 0 22 0 0 0 53.8 0 7.4 0 0.4 0 0 0 0 0 0 15.4 6.6 5.2 16 1.8 0 0 11 0 0 0 0 0 14.4 0 0
0 0.2 0 13.8 2.8 5 0 0 0 38 0 0 19.4 14.4 8.2 1.4 0 0 0 0 2.2 23.2 8 0.2 29.8 0 25.2 0 10.8 1 5.6 0 0.8 0 0 0 0 1 0 0 0 15.4 0 0 41.2 10.6 15.6 15 20 20.2
0.2 0 11.4 0 0 0 1.8 3.8 0 0 0 0.2 0 26.8 2.2 35.6 0 0 0 1.2 8.2 0.8 0 0 18.8 0 11.6 6.4 0 2 0 0 0.2 30.6 0 0 0 0 10.2 0 0.2 0.6 35.4 0 0 0 0 0.4 0.4 0
0 0 45.4 0 0 0 0 0 0 0 0 0 0 0 0 0 36 0 0 0 0.2 0 0 0 0 0 0.2 9.2 0 0 0 0 0 0 0 0 17.6 0.6 56.8 0 0 0 0 0 0 0 0 0 0 0
0 0 0 0 0.6 0 0 0 5.6 0 1 0 0.2 0 0 0 0 0 0 5.6 0 0 0 3.6 0 0 0 4.8 0 13.8 0 0 1.8 0 5.2 0 0 4.8 0 0 0 0 0 0 0 0 0 0 0 0
0 0 0 0 0 5.6 0 0 0.8 0.2 0 0 0 0 0 0 12.4 9.8 0 0 0 0 0 0 0 17.8 0 0 0 0 0 0 0 0 0 0.2 0 0 0.2 0 0 0 0 5 0 0 0 0 0 0
0.2 0 0 0.2 0 0 0 0 0 0 0 6.8 5.8 1.6 0.4 0.4 0 5 1.2 0 0.2 0 0 0 0 0 0 0 6 6.2 0 0 0 0.2 0 0 0 0 0 5.8 8 0 13.4 0 0 0.6 0 0 0 0
0.4 0 0.2 0 10.6 0 16.6 0 0.6 4.2 9 0 34.8 0 0 9.6 0 0 0 0 45.4 0 0 0 16.2 0.4 0 0 0 0 0 2.2 9.4 0 0 0 0 27.2 12.4 0 0.2 5.8 10 2 0 0 0 13.8 0 0
0 1 0 0 0 0 0 5 3.8 11.4 0 4.6 0.2 0 0 0 0 0 0 0 10.6 0 0 13.4 0.4 1.6 0 0 0.4 3 0 0 0 0.4 0 1.4 0 0 0 15.2 0 3 3.6 0 0 0 0 0 0 0
25.2 6 0 0.2 0 0 0 0.2 0 0 0 16 0 2.8 0 0.2 0 0 0 0 0 7.6 0 0 37.8 0 8 0 0 21.6 14.4 0.2 0 30.2 0 0 0 0.2 0 0.4 0 0 0.4 24.6 20.4 32.8 33.4 10.4 20.6 12.4
12 8 0 0 0 0 14.8 6.2 0 0 0.4 0.2 0 0 8.8 9.6 0 0 0 0 0 17.6 0.4 0 6.4 0 0.6 0 0.4 0 6 0 0 12.4 0 0 0 13.2 0 6.8 7.6 5 10 0.4 2.8 0 23.2 0 1 0.2
49.8 0 3.4 1.6 0 0 3.2 0 8.6 3.4 0 0.8 0.2 0.2 10.4 26 0.2 2.4 0 2 20 18.2 5.2 2.2 15.2 0 19.6 0.4 1 0 0 8.2 0.2 0 0 11.4 0 23.4 0 0 7 0.2 0 0 47.4 21.8 20.4 12 61.6 6.4
0 7.8 2 4.4 0 0 21 0 7 0 18.2 17.4 0.8 0 0.4 18 0 0.4 0 0 5 0 0 0 0 0 2.4 1.2 16.6 0 0 16.8 0 0 6 10.8 0 0 0.2 32.2 0 3.8 0.2 0 0.8 0.2 2.4 0 0 0
0 0 8 0 0.2 3 0 0 0 1.4 0 5.2 22.2 1.6 18.2 0.8 4.2 0 5.8 0 0.2 0 0 0 0.6 0.8 0 0 19.4 0 0 0.2 0 2.6 0 0 8.6 0.2 3 13.2 12.2 0 0.6 6.8 0 0 0 0 0 0
5.8 6 0 25.2 0 0 10.6 0 0 0.2 26.6 17.8 16 7 0 0 0 0.2 0 5.8 0 4.8 0 6.6 7.4 0 18.6 11.6 0 2 0.8 37.2 2.2 0 15 0 2.8 12.2 0 0.2 18 6.4 0 0 0 1.4 0 33.8 1.2 17.6
0 0 0 0 3.2 0 0 0 0 13.6 28.4 0 0.4 0 0 0 0 0 0 3.2 0 0 0 1 0 0 0 0.2 0 11 0 0 0 0 0.2 0.2 0.4 15.2 7.6 0 0 7.2 0 0.2 0 0 0 0 0 0
0 0 21 0 0 0 0 0 0 0 0.2 0 0 0 0 0 0 0 0 0 0 0 0 0 0 0 0 0.2 0 0 0 0 0.2 0 0 0 0.2 0 12.2 0 0 0 0 0 0 0 0 0 0 0
5.6 0 0 0 0 9.2 0 0.2 14.4 0 0.2 21.6 23 36.2 6.8 0 0 0 0 0 0 0 0.4 0 11 0 11 0.6 19 0 0 0 0 0 4.8 9.8 3.4 0.2 0 0 15.2 0 2.4 16.6 0.4 0 0 0 0 0
38 24.4 0 13.2 0 0 0 0 0 45 3.2 0 39.4 0 5.2 0 0 0 0 6.6 0 0 0 0 1.8 0 49.6 0 12.2 0 21.8 4 2.4 12.2 0 0 0 0 0 0.4 0 9.2 10 14.6 0 8 25.4 0 19 18.4
0 0 11.4 0 0 0 0 0 0 0 0 5 26.4 0 9 0 0 0 0 5 6.6 0 0 0 17.6 0 16.2 0 0 0 0 0 4 0 0 0 0 0 2 0 3.8 0 17.2 0 0 0 0.6 0 0 8.2
10.2 2 9 5.4 0 0 0 12 0 0.2 10 33 0.4 0.4 9.6 15.4 0 0 3 4.2 0 0.6 15.8 0 44.2 0 14.6 0 1.6 0 10.8 0 0 0 0 0 0 10.6 5 0 5.4 0.2 0 13 32 0 11.4 1.4 13.2 23.4
0 0 33.2 0 0.2 0 0 0 0 1 0 0 0 0 0 0 0 0 0 0.2 0.2 0 0 0 0.2 0 0 0 0 0 0 0 0 0 0 0 15.8 11.4 18.6 0 0 0 0 0 0 0 0 22.2 0 0
3.4 9.8 0 2 0 0 0 0 0.8 0.4 8.4 0 27.2 0 0 14 0 0 1 0 0 0 0.2 0 11.4 0 0 0 0 12.6 0.2 0 8.8 18.8 0 0.2 0 0 0 0.4 0 0 7.8 7.4 0.4 0 0.4 0 5.2 0.2
0 0 15 0 0 0 0 0.4 0 0 0 0 0 0 0 0 0 0 0 0.6 0 0 0 0 0 0 0 5 0 0 0 0 0 0 1.8 0 0 3.4 4.2 0 0 0 0 3.6 0 0 0 0 0 0
0 0 14.4 0 0 0 0 0 0 0.2 0 0 0 0 0 0 6.2 0 0 0.2 0 0 0 0.2 0 0 0 0 0 0 0 0 0 0 0 0 0 0.2 8.4 0 0 0.2 0 0 0 0 0 0 0 0
0 0 17.8 0 0 0 0 0 0 0 0 0 0 0 0 0 0 0 0 0 0 0 0 0 0 0 0 9.4 0 0 0 0 0 0 0 0 8 0 19.6 0 0 1.2 0 0 0 0 0 0 0 0
0 0 0 0 0 0 0 0.2 0 0.4 0 0 3.4 0 0 0 1.2 0 0 0 13 0 0 0 0 0 0 0 0 0.4 4 0 0 9.4 0 0 5 0 0 15 0 0 0 0 0 0 0 0 0 0
0 0 0 0 0 0 0 0 0 14.8 0 0 0 0 0 0 0 0 0 0 3.2 0 0 0 2.8 0 0 0 0 0 0 0 0 0.8 0 0 0 0.2 0 0 0 0.6 0 0 0 0 0 0.6 0 0
0.2 9.4 1.2 11.8 0 11 8 4 0.2 0 5.4 0 13.2 4.6 7.6 7.4 9.2 0 0 0 0 0 1.2 0 17.2 0 26.6 16.4 11.2 0 0 15.2 12.6 0 0 0.4 6 0.2 5.6 3.6 0 0 0 0 15 0 0.2 0.2 0 0.2
0 0 19.4 0 0 0 0 0 0 0 0 0 0 0 0 0 4.6 0 0 0 0 0 0 0 0 0 0 5 0 0 0 0 0 0 0 0 5.6 0 8.4 0 0 0 0 0 0 0 0 0 0 0
0 0 0 0 6 0 0 0 0.2 0.6 0 0 0 10 0 0.2 0 0 0 0.2 0 0 0 0 0 0 0 3.2 0 0 0 0 0 0 0 0 0 1.6 6.4 0 0 0 3.6 0 0 0 0 0 0 0
0 0 0 0 0 0 0 0.2 0 0 0 0 0 0 0 0 0 0 0 0 0 0 0 5.6 0.2 0 0 15.8 0 0 0 0 0 0 0 0 0 0 0 0 7.2 0 0 0 0 0 0 11 0 0
0.2 0 0 0 17.6 0 0 0 7 30.6 0 0 0 0 0 0 0 0 0 5.2 0 0 0 14.8 0 21.6 0 0 0 0 0 0 0.4 0 0 0.4 0 0 0 0 0 1.2 0 0 0 0 0 24 0 0
0 0 8.6 0 0 0 0 0 0 0 0 0 0 0 0 0 0 10.8 0.2 0 0 0 0 0 0 0 0 0.2 0 0 0 0 0 0 0 0 20.6 0 36.6 0 0 0 0 0 0 0 0 0 0 0
0 0 0.6 0 0 0 0 0 0 3 0 0 0 0 0 0 15.8 0 0 0 0 0 0 9.6 0 1.6 0 0.8 0 0 0 0 0 0 0 0 4 0 0 0 0 3 0 0 0 0 0 0.6 0 0
4.8 0 0 0.4 1 0 0.4 0.4 0.2 0.2 1 0 11 6.8 0 0 1.8 3.6 0.6 5.2 5.8 0.4 0.2 0 10.2 0 0 0.2 17 0 0 0 0 0 0 0 0 17 0.2 0 0 0 0 10 20.6 0 7 0 14 0
0 0 0 0 0 0 0 0.2 0 0 0 0 0 1 0 0 0 0 0 0 18.6 0 0 0 0 0 0 0 4 0 0 0 0 0 0 0 0 0 0 0 0 0 7.2 0 0 0 0 0 0 0
9.2 0 0 9.6 0 8.6 11.6 0 0 0 0 0 0 32.6 0 7.4 0 10 0 0 0 0 0 3.2 0 10.6 0 0.2 0 0 0 3.4 5.6 0 0 0 0 0.2 0 0 18.6 0 0 0 0 0 0 3.2 0 29
0 0 0 35.6 18.2 0 7.8 7 0 9.6 0.4 18.4 8.2 0.2 9.8 29 0.6 5.8 0 0.8 1 7.6 0 0.2 0 7.8 14 0 39.4 10.8 4 4.2 0 3 5.2 0 0 0 4.2 0 2.2 0 20.2 3 13.2 0 0 0.8 0.8 7
0 0 0.8 0 1 0 0 0.2 0 9.8 5.2 0 0 0 0 0 0 0 0 0 0 0 0 13.6 0 0 0 0 0 0.2 0 0 0 0 0 0 0 0.6 4.6 0 0 0.2 0 0 0 0 0 29.8 0 0
0 0 0.2 0 0.8 0 0 0 5.4 0 0 0 0 0 0 0 12.4 0 0 0.2 0 0 0 8.2 0 10 0 7.6 0 0 0.2 0 0.2 0 0 4.4 8 0.4 5.6 0 0 0 0 0 0 0 0 0.4 0 0
0 4.8 0 18.6 0 8.2 0.2 0 0 0 0 25 0 18.6 0 17.4 0 22.4 16.4 0 27.6 0 0 0 0 0.4 0 0 1.6 0.2 0 0.2 6.6 0 4 0 0 0 0 0.2 0 0 6.6 4.8 0 0 0.2 0 0 0
0 0.6 0 0 1.2 0 0 0 0 0 0 9.2 8.8 10.6 0 0.2 0.4 0 7 0 1.4 0 0 0 10.2 0 0.2 6 0.2 0 0 0 0 0.2 0 0 0 7.6 2.2 0 0 0 0.2 0 0.4 0 0 0 0.2 0.2
0 0 13.2 0 0.4 0 0 0 0 0 0 0 0 0 0 0 7.6 0 0 4.6 0 0 0 0 0 0 0 0 0 0 0 0 0 0 0 0 0 0 13.2 0 0 0 0 0 0 0 0 0 0 0
0 0 0 0 0 0 0 0 0 0.2 0 0 0 0.6 0 11.2 0 0 0 0 6 0.2 0 3.8 0 0 0 9 0 5.2 0.4 0 0.4 9.6 1.8 0 0 0 0 0.6 0.4 2.6 0 4.4 0 0 0 0 0 9.6
0 0 0 0 0 0 0 0 0 0 0 0 0 0 0 0 7.4 0 0 0 0 0 0 0 0 0 0 4.8 0 0 0 0 0 0 0 0 4 0 11.8 0 0 0 0 0 0 0 0 0 0 0
17.6 0 12 0.2 5.6 0 0 17.2 0 1.2 0 0.6 2.6 0 3.8 1 24.6 0 0.6 0 0 0 9.8 0 35 0 42.4 0 0.2 0 4.8 0 0.4 18.6 4.2 7.6 17.8 1.8 27.6 1.4 0 22 10.8 5.2 10.8 5.8 6.2 29.6 31 31
0 1.8 11.6 14.6 4.6 0 2.6 15.2 9.6 54.2 0 12.2 32.8 16.2 0.2 0 14.8 7.4 0 0.2 0 0.8 0.2 15 29.6 0.2 2.4 0 23.8 2.4 0 0 0.2 0 0 1.4 0 0 0 0.2 24.8 0 11 0 10.2 0.4 0.2 19 0.2 3
0 0 0 0 23.2 0 0 0 0 0 18.6 0 0 0 0 0 0 0 0 7.6 0 0 0 13.2 0 0 0 0 0 0 0 0 0 0 0 6.2 0 8.2 0 0 0 0.2 0 0 0 0 0 44.8 0 0
0 0.4 0 0.2 0 8.6 0 0 5.4 2 0.8 25.6 0.2 9.4 0 3.2 0.2 14.2 0 5.6 8.2 11.6 0.4 0.4 0 18 8 0 14.4 17 0 26.6 3 36.6 0 6 0 0 0 13 13.4 0 7 35.8 0 0 0 0 4.4 0.4
7.2 0 0 0 0 11.4 0 10.8 0 0 0 0 3.4 0.2 0.2 0.4 0 0 0 0 0 0.2 1.8 0.2 28.8 0 0.2 0 0.8 0 0 0 13 19.4 0 0 0 5.4 0 0.2 18.6 0 13.4 3 22.2 4 4.6 0 20.6 8
13.6 8.6 3.6 25 3.6 2.8 7.6 13.4 12.6 0 14.2 12.6 0.4 0 30 0.2 15 9 1 0 0 8.4 0 12.2 0 8.6 6.8 2.2 32.2 10 0 13.8 0.2 0.4 6.8 5.8 5.2 0.2 5.4 18.6 12.4 0 18.4 16 14.4 0 2.6 0 3.2 0
0 0.2 0 9.2 0 0.2 0 0.4 0 5 0 0 48.6 18.2 0 1.6 0 2.8 0 0.2 11.6 0 0 0 0 0 0 0 0 0 0 0 2.6 0 0 0 0 0.2 0 1 0 0 0 0 0.2 0 0 0 0 0
0 0 0 12.6 0 0 0 0 3 0 0 0.6 0 6 1.4 0.2 0 7 15.2 0 0 0.4 0 0 0 0 0 0 0 0 0 0 0 9 0 0 0 0.2 0 0 0 0 0 0.4 0 0.2 0 0 0 12.8
0 0 0 0 0 0 0 0 8.4 12 7 0 0 0 0 0 0 0 0 3.2 0 0 0 0.4 0 0 0 0 0 0 0 0 0 0 0 0 0 18 0 0 0 0 0 0 0 0 0 0 0 0
15.6 0 0 0 0 0 0 0 0 0 0.2 0 46.2 0.2 0 0 0 0 0.8 0 0 0 16.6 0 0.2 0 2.2 0.2 2 0 3.4 0 0 0.6 0 0 0 9.2 0 0 0 8.4 0 0 0 0 13.2 3.2 3.8 1
18.2 1 0 0 0 0 8.2 9.6 0 0 7.4 0.2 2.4 20.6 0 0 0 0 0.4 7.8 2.6 8 0.2 0 3.2 0.2 0 0 30 0 0 0 0 7.8 3.4 6.2 3 0 0 0 3.2 4 0 0.2 12 0 5.8 2 0.4 0
1.2 5 1.6 4.8 3.4 18.4 1.2 0.2 0 0 0 7 21.6 12.6 7.2 0.2 0 4.8 21 3.8 5 9 5.4 0 15.2 0.2 0.4 0.2 0 4.2 0.8 5 0 0 0 0 0 0 0 0 10.6 0 0.6 0 0.4 4.4 0 0 4.8 6.8
0 0 5.4 0 0 0 0 0 0 0.2 0 0 0 0 0 0 13 0 0 0 0 0 0 0 0 0 0 0 0 0 0 0 0 0 0 0 0 0 2.4 0 0 0 0 0 0 0 0 0 0 0
23 0.2 0 1.2 0 0 0 4.4 0 0 0 0 0.2 4.8 0 0 0 0 8.8 0 7.2 13 8.8 0 0 0 7.8 0 0 0 0 0 0 9.6 0 0 4 0 1.8 0 0 0 1 1.4 33.8 12.8 11.2 0.6 10.2 0.2
0 0 0 0 7.2 0 0 0 0 0.2 0 0 0 0 0 0 1.2 0 0 0 0 0 0 0 0 1.4 0 0.2 0 0 7 0 0 0 0 0 8 0 0 0 0 0 0 0 0 31 0 11.8 0 0
0 0 6.4 0 0 0 0 0 0 0 0 0 0 0 0 0 9 0 0 0 0 0 0 0 0 0 0 0 0 0 0 0 0 0 0 0 14 0 0.6 0 0 0 0 0 0 0 0 0 0 0
1 0 0 0 0 0 0 0 0 23.8 6.8 0 0 0 0 0.2 19.6 0.4 5.2 9.6 0 0 0 0 0 0 13 0.6 0 5 0 0 0 0 0 3 3 25 3.2 14 0 12.2 0 0.2 0 0 0 6.2 0 0
0 0 0 0 0 0 0 0.6 0 21.2 0 0 0 0 0 0 0 0 0 0 0 0 0 0 0 0 0 0 0 0 0 0 0 0 0 0 0 0 0 0 0 0 0 0 0 0 0 0 0.2 0
0 0 9.2 0 0.2 0 0 0 0 4.4 2 0 0 0 0 0 5.8 0 0 0.8 0 0 1.8 0 0 0 0 15.8 0 0 0 0 0 0 0 0 0 0 0 0 0 0 0 0 0 0 0 0 0 0
21.8 13.8 27.2 0.2 9.2 0 11.2 0 0 14.6 6.8 0 0 0 0 13.6 0 5.4 0 0 4.6 19.4 0 17.2 53.6 0.4 29.8 0.4 6 11 0 0 0 17.6 0 1.6 9.4 0 11.2 16 0 0 0 0 12.4 10.2 0 18.2 17.4 3.8
0 0 0.2 0 7 0 0 0 23.8 12.8 0 0 0 0 0 0 0 0 0 0 0 0 0 9.2 0 0 0 8.4 0 0 0 0 0 0 0 0 3.4 6.6 0 0 0 9 0 0 0 0 0 6.6 0 0
0 0 0.4 0 0 0 0 27.6 0 0 0.2 23.2 0 0 3 0 0 0 8.8 0 1.2 0 0 0 0 0 0 0 0 0 0 0 0 19.8 0 0 0 0 3.6 0.4 9.2 0.2 28.4 19 0 0 0 0 0 0
0.2 0 0 0.4 0 6.6 0 0.4 0 0.2 0 0.2 26 0 0.2 0 0.2 0 0 0 0.8 0 12 15.4 1.2 0.2 0 0 0 6.4 0 0 1.8 1 0 0 0 0 0 0 0 0 0 0 9.4 0 2 6.2 17.2 0
0 0 0 0 8.2 0 0 0.6 0 0 0.2 8.2 0.4 0 0 2.4 0 0 0 0 0 5.8 0 0 0 20.6 0 0 0 0 0 0 0 0 0 0 0 7.6 2.4 0.4 0.2 3.8 0 0 0 0 0.2 0 0 0
0 0.2 0.2 6 0 0 0 0 0 0 0 8.4 14.2 0 0 0 0 0 0 10.8 0 0 0 0 0 0 0 0 4 6.8 0 0.2 0 0 0 0 0 0 0 0 0 0 8.2 0 0 0 0 0 0 0
0 2.8 0 0 0 4 0 0 0 0 0 0 0 0 0 0 1.6 0 0 2.8 0.2 0 10.4 0 0 4.8 0 0 0 0.2 0 0 0 0 0 0 0 16 0 0 0 0.2 0 0 0 0 0 0 0 0
0 0 0 0 0 0 0 0 7.6 0 0 0 0 0 0 0 0 6.6 0 6.8 0 0 0 5.6 0 0 0 0 0 0.6 0 0 0 0 4.8 0 0 0 0 0 0 0 0 0 0 0 0 0 0 0
0.2 0 0 0 0 0 0.2 0 0 0 0 0 0 2 4.8 0 0 4 9 0 1.6 0 0 0 0 0 0 0 20.4 0 0 0 0 0.6 0 0 5 3.4 0 2.4 0 0 15.6 0 7.6 0 0 0 0.2 0
0 0 0.2 0 0 0 0 6.6 2 0.4 3.8 1 1.2 0 6.2 0 0 3 0.4 9.4 0 0 0.2 11.6 0 7.8 0 0 0.2 0.2 0 0 3.2 1.4 8.2 3.2 0 5 0 0 0 3.4 0 0 0 0 0 10.4 0 0
6.2 22.2 4.2 13.2 0 14.2 35.4 0.4 14.2 0 4.6 13.4 0 0 0.2 0.2 9.8 0 13 0 0 20 0 0.8 0 12 10.8 0 13.2 0 0 3.6 0.4 16.8 6.6 12.2 6.2 2.8 0 0 0.2 0 0 9.8 5.2 0 0 4.6 8.6 0
0 5.6 0 0 0 0 0 0.2 0 0 0 0.8 0 0 4.2 2 0 0 2.6 0 0 0 0 0 0.2 0 3.8 0 0 2.8 0 0 0 0.2 0 0 0 0 0 0 13.6 0 0 0 0 0 11.4 0 2.6 0
4 0 0 0 0 0 0 0 0 2 0 0 0 1.2 0 0 0 0 0 0 0.6 0 3 0 4.2 0 0 0.6 0 0.2 0 0 0 0 0 0 0 0.6 0 0 0 0 0 0 4.8 0 0 0 0 7.8
0 0 2.8 0 0 0 0 0 0 0.4 0 0 0 0 0 0 0 0 0 0 0 0 0 0 0 0 0 0 0 0 0 0 0 0 0 0 5 0 0 0 0 0.2 0 0 0 0 0 6.6 0 0
0 0 0 0 0 10.6 0 0 0 0 0 0 0 0 0 0 0 5 0.2 0 0 0 0 0 0 0 0 0 0 0 0 18.2 0 0 0 5 0 0 0 0 0 0 0 0 0 0 0 0 0 0
1.4 11.6 0 0.8 0 6.2 1.8 14.4 0 0.6 0 0 29.2 0 0.2 0 0 11 0 0 0 1.2 4.4 0 0.4 0 6.4 0 1 0 2 9.8 0 0 0 0 0 0 0 8.2 16.2 0 7 0 0 0 0 12.6 0.6 0
0 0 0 0.2 0 0 0 0 0 3.8 0 28.6 1.8 0 14.6 1 0 0 0 0 0 6.8 0 0 5.8 17.2 0 0 0 0 0 0 0 3.4 0 0 0 8.6 0 7.2 0 0.2 7.2 27.6 0 0 0 0 0 0
0.2 0 0 0 0 0 0.2 9.6 0 0 0.2 4.4 0 0 1.8 0 2 2.6 2.2 0 0 0.2 0 0 0 8.8 0 1.4 0 0 0 6.2 0 9.4 1.6 0 0 0 0 0.8 0.2 0 0 9 0 0.2 0 0 0 0
0 0 0 0 0 0 0 0 2.8 34.6 0 0 0 0 0 0 5.4 0 0 0 0 0 0 18.6 0 6.8 0 0 0 0 0 0.2 0 0 0 0 0.6 0 0 0 0 0.2 0 0 0 0 0 0.8 0 0
0 0 0 0 0 0 0 0 0 0 0 0 0 0 0 0 9.2 1.4 0 0.2 0 0 0 0 0 0 0 0 0 0 0 0 0 0 0 0 0.2 0 0 0 0 0 0 0 0 0 0 0 0 0
0 0 0 0 0 0 0 0 0 0 0 0 3 0 0 0 0 0 0 0 0 0 0 0 0 0 0 0 0 0 0 0 0 0 0 0 0 0 0 0 0 0 0 0 0 0 0 0 0 0
0 0 0 0 0 0 0 0 0 0 0 0 0 0 0 0 0 0 0 0 0 0 0 0 0 0 0 4.2 0 0 0 0 0 0 2 5.8 0 0 0 0 0 0 0 0 0 0 0 0 0 0
0 0 0 0 0 0 0 11.4 0 0 0 4.8 0 0.2 5.2 0.2 0 0.4 0 0 0 0 0 0 0.2 0 0 0 6.2 0.4 0 0 0 22.2 0 0 0 2 0 0 0 0 4.2 0.6 0 0 0 0 0 0
0 0 17.4 0 0 0 0 0 0 0 0 0 0 0 0 0 0 0 0 1.2 0 0 0 0 0 0 0 0 0 0 0 0 0 0 0 0.4 7 0 0 0 0 0 0 0 0 0 0 0 0 0
0 0 0 0 0 0 0 0.8 0 0 0 3.8 1.2 12.6 0 0 0 0 0 0 0 0 0.2 0 0 0 2 3.2 0 0 0 0 0 0 0 0 0 0 0 0 0 0.2 0 0 0 0 0 0 0 0
0 1.8 0 0 4 7.2 0 0.8 1 0 0 0 0 0 0 0 0 0 0 0 6.4 0 0 11.2 0 0 0 6.6 0 0 0 0 0.2 0 0 0 0 0 0 0 0.4 0 0 0 0 0 0.4 0 0 0
26.8 8.6 0 0 3.4 0 0 0 0 1 0.2 0 12.2 0.6 0 0 0 0 0 0 0 1.2 7.6 15.2 0 0 22.8 0 0.6 0 0 0 0 0.4 0 0 0 0 0 0 0 0 0.6 0 12.4 0 3.2 0 17.4 12.8
0 0 0 0 0 0 0 0.2 0 0.2 0 0 0 0 0 0 0.2 0 0 0 0 0 0.4 0 3 0 0 0 0 0 0 0 0 0 0 0 0 0 0 0 0 2 0 0 0 0 0 0 0 0
0 0.2 0.2 0 0 0 0.4 0.2 0 4.2 0 0 0.2 0.2 0 31.2 0.2 0 0 0.2 0.6 0 0 11.4 0 0.4 0 0 0 0.8 0 0 0 0 0 0 0 0 4 0 0.8 0 0 0 0 0 0 1.2 0 8.6
0 0 6.8 0 7.8 0 0 0 0 0.2 0 0 0 0 0 0 0 0 0 0 0 0 0 2 0 0 0 0 0 0 0 0 0 0 0 0 0 0.4 7 0 0 0 0 0 0 0 0 9.8 0 0
0 0 0 0 0 0 1 0 0 0.4 0 0 0 0 0 0.2 0 1.6 0 0 2.4 0 0 0 0 5.8 0 0 0 0 0 0 0 0 0 0 0 0.6 0 0 0 0 0 0 0 0 0 0 0 0
0 0 1 0 0 0 0 0 0 0.6 0 0 0 0 0 0 0 0 0 2.8 0 0 0.2 0 0 0 0 0.4 0 0 0 0 0 0 0 0 4.8 10.8 3.6 0 0 0 0 0 0 0 0 2.8 0 0
4.8 0 0 0.2 0 0.2 0 0 0 0 1 0 0 0.6 0 0.4 0 6 0 0 0.2 0 0 0 0 0 0 0 0 0 0 0 0 0 0 0 0 0 0 9.4 2 0 0 7.2 0 0 0 0 0 0
0 0 0.2 0 0 0 0 0 0 0 0 0 0 0 0 5.6 0 0 0 0 0 0 0 0 0 0 0 2.2 0 0 0 0 0 0 0 0 0 0 0 0 0 0 0 0 0 0 0 0 0 0
4 0 2 0 0 24.8 4.2 0 0 0 0 0 0 0 0 0 0 5.6 0 0 0 0 0 0 0 0 0 0 0 0 0 12.6 0 0 5.8 0 0 0 0 11.4 16.6 0 0 0 0 0 0 0 0 0
1 0.2 0 0 7.2 0 0 0 0 0 1.4 0 4.6 0.4 0 0.2 0 0 0 0 0 6 0 6.2 14.6 0 0 0 4.6 0 0 0 0 0.2 0 0 0 0 0 0 0 0 2.6 0.4 18.2 10.2 0 9 0 0
0 0 11.2 0 0 0 0 0 0 0 0 0 0 0 0 0 11.6 0 0 0 0 0 0 0 0 0 0 0 0 0 0 0 0 0 0 0 11.6 0 13.6 0 0 0 0 0 0 0 0 0 0 0
0.2 0 10 0 0 0 0 0 0 0.8 0 0 17.2 0 0 0 0 0 0 0 0 0 0 8 4.4 0 19.2 0 0 0 0 0 16.4 0 0 0 10 0.4 0 0 7.6 6.6 0 0 0 0.2 20.6 0.2 8.4 6.8
0 0 17.4 0 0 0 0 0 0 0 0 0 0 0 0 0 2.4 0 0 0 0 0 0 0 0 0 0 0 0 0 0 0 0 0 0 0 0 0 17.2 0 0 0 0 0 0 0 0 0 0 0
0 0 0 0 0 0 0 0 16.4 0 0.2 0 0 0 0 0 0 0.6 0 5.6 0 0 0 0 0 13.2 0 0 0 0 0 0 0 0 0 0 0 0 3 0 0 0 0 0 0 0 0 0 0 0
6.4 0 0 0 0.4 0 4.8 0 0 0 0.4 0 8.2 4 0 0 3.8 0 0 4.2 0 0 0 4.8 0 0 0 0.2 0 0 3.8 0 0 0 0 0 0 0 0 0 14 3 0 0 0 0 0 0 0 0
0 2 6 7.2 9.6 3.8 0 0.6 19.4 1.4 5.2 0 16.6 0.4 0 36.6 11.6 31.6 0 16.8 20.4 0 0 0 0 0 0 2.4 4 0 0.4 18 28.2 0 7.8 0 15.8 14.8 17.2 0 0 0.4 0.2 0 0 10 1.6 11.6 0.4 0
0 0 0 0 0 0 1 0 0 5.6 0 0 6.4 0.4 0 0.2 0 0 0 8.4 0 0 14 0 2.4 0.6 3.8 0 3.4 0 0 0 0 0 0 0 0 0 0 0.2 3 0 7.8 0 2.4 0 5.4 1.4 0 25.6
0 0 0 0 0 0 0 0 10.8 0 0 0 0 0 0 0 1.2 0 0 0 0 0 0 0.6 0 0 0 0 0 0 0 0 0 0 4.4 0 0 0 0 0 0 0 0 0 0 0 0 0 0 0
0 0 0 2 6.6 0 0 0 0.2 0 20.4 0 0 0 0 0 0 0 0 5 0 0 0 4.2 0 0 0 3.4 0 0 0 0 0 0 0 0 0 0 0 0 0 0 0 0 0 0 0 10.2 0 0
0 0 14 0 0 0 0 0 0 0 0 0 0 0 0 0 0 0 0 0 0 0 0 0 0.2 0 0 0 0 0.2 0 0 0 0 0 0 0 0 0 0 0 0 0 0 0.2 0 0 1.4 0 0
0 0 0.6 0 3 0 0 0 0 0 0 0 0 0 0 0 0.4 0 0 0 0 0 0 7 0 0 0 15 0 0 0 0 0 0 0 0 0 2.6 0.2 0 0 0.2 0 0 0 0 0 0 0 0
0 0 3.4 0 0 0 0 0 0 0.4 0 0 0 0 0 0 0 0 0 0 0 0 0 0 0 0 0 0.2 0 0 0 0 0 0 0 0 4 0 0 0 0 0 0 0 0 0 0 0 0 0
0 0 0 0 0 0 0 0 0 1 5.4 0 0 0 0 0 0 0 0 0 0 0 0 14 0 0 0 9 0 0 0 0 0 0 0 0 0 0 4 0 0 0 0 0 0 0 0 6.6 0 0
0 0 0 0.2 1 0 0 1.2 0 0 0 0 0 0 4 0 0 0 0 0 12.4 6.6 0.4 0 14.6 0 0 0 0 0 0 0 0 0 0 0 0 0 0 0 0 0 0 0 24.4 2.2 0 0 8 0
9.4 0 0 0 0.2 1.2 0 0.2 1.8 0.2 3.6 0 17 0 0 0.2 0 0 0 0.2 0.2 0.8 7 0 0 5.8 0 0 0.2 4 0.2 0 0 0 0 0 0 10.6 1.2 6.4 0 4.2 0 6 0 7 9.4 0 0 0
0 0 3.8 0 0 0 0 0 0 0.2 0 0 0 0 0 0 0.8 0 0 0 0 0 0 0 0 0 0.2 3.2 0 0 0 0 0 0 0 0 0 0 0 0 0 0 0 0 0 0 0 3.8 0 0
1 0.8 0 0 0 0 0 0 0.2 0.4 0 0 0 0 0 0 0 0 0 1.4 30 0 0 0 3.8 0 0 5.6 0 0 0 0 3.4 1.2 0 0 0 0 0 0 0 0 0 0 1.6 0 0 0 0.6 0
0 0 0 0 0 0 0 0 0 0 0 0 0 0 0 0.4 0 0 0 0 0 0 0 0 0 0 0 0 0 0.2 2 0 0 0 0 0 0 0 0 0 0 0 0 0 0 12.4 0 0 0 0
0.4 3.6 0 0 0 2.2 0 0 7.8 0 0 0.2 0 0 0 0 0 0 0 0 6.6 0.2 0 4.6 0 0 0 0.2 0 0 0 1.8 0 0 0 0 0 0 3 0 0.2 0 13.2 0 0 0 0 0 0 0
0 8 0 2 1.2 0.2 0 0 0 5.4 0 0 6.6 0.2 0 0.6 0.2 0 0.2 14.6 14 0 0 7.4 9 0 0.2 0.2 0 0 0 0 0.8 0 0 0 0 0 0 0.6 0 4.4 0 6.6 8.2 0 4.6 16.4 14.4 0
0 0 0 0 0 7.6 0 4 0 0 0 0 0 0 0 0 0 0 0 0 0 0 0 0 0 8 0 0 0 0 0 0 0 0 0 0 0 0 0 0 0.4 0 4 0 0 0 0 0 0 0
0 5.2 0 0 0 0 2.2 0 0 0 3.6 7.2 18.8 0 0 0 1 0 9.4 0 0 3 0 0 0 0 18.8 0 0 4.8 0 0 0 7.4 3.4 0 0 0 3.8 0 0 0 4.4 9 0 0 0 0 0 0
0 0 1 0 0 0 0 0 0 0 0 0 0 0 0 0 0 0 0 0 0 0 0 5 0 0 0 0 0 0 0 0 0 0 0 0 0 0 2 0 0 0 0 0 0 0 0 0 0 0
0 0 0 0.2 0 0 0 0 0 0 0 3 0 0 0 0 0.4 0 0 0 0 0.8 0 0 5.2 0 0 0 0 0 0 0 0 0 0 0 4 3.6 0 2 0 0 9 0 0 0 0 0 0 8.8
0 0 8.6 0 0 0 0 0 0 0 0 0 0 0 0 0 2 1.2 0 0 0 0 0 0 0 0 0 0 0 0 0 0 0 0 0 0 0 0 0.2 0 0 0 0 0 0 0 0 0 0 0
0 0 0 0 0 0 0 0 0 0 0 0 0 0 0 0 0.2 0 0 0 0 0 7 2 0 0 0 0.4 0.4 0 0 0 0 0 0 0.8 0 0 2 0 0 7.2 0 0 0 0 0 0 0 0
0 0 0.4 0 0 0 0 0 0 0 0 0 0 0 0 0 8.6 0 0 0 0 0 0 0 0 0 0 0 0 0 0 0 0 0 0 0 0 0 0 0 0 0 0 0 0 0 0 0 0 0
0 0 0 0 0 0 0 0 4.4 0 0.4 0 0 0 0 0 0 0 0.2 0 0 0 0 10.8 0.2 6.4 0 0 0 0 0 0 0 0 0 0 0 0 0 0 0 0 0 0 0 0 0 3.6 0 0
0.4 0 0 9 0 4.6 0 0 0 0 0 13 4.4 0 0 0 1 0 0 0 2.2 5 0 0 0 0 0 4.4 0 0 0 7.2 0 0 0 0 0 0 0.6 0 0 0 0 0.2 0 0 0 0 0 0
0 0 8.2 0 0 0 0 0 0 0 0 0 0 0 0 0 4 0 0 0 0 0 0 0 0 0 0 0 0 0 0 0 0 0 0 0 8.6 0 0 0.2 0 0 0 0 0 0 0 0 0 0
0 0 0.6 0 0 0 0 0 0 0 0 9.6 0.2 0.4 0 0.2 0.2 2.8 0.2 0.2 6.4 0 0 0.4 0 0.2 0 0 0 0 5.2 0 0.8 1.4 0 0 0 0 0 0.2 0 0 0 0 0 9.8 0 0.2 0 0
1.6 0 0 0 0 0 0 4 0.6 0 6.4 5.2 32.8 0 0 0 0 0 0 0 19.2 16.6 0 1.2 0 0.2 3.4 0 0 0.8 0 1.2 0 0 0 0.4 0 0.2 0 0 5.2 0 0 0 0 7 0 0 1.2 3.8
0 0 1.6 0 0 0 0 0 0 8 0 0 0 0 0 0 0 0 0 0 0 1.8 0 0 1 0 0 0 0 0 0 0 0 0 0 0 0 0 0 0.2 0 0 0 0 11.4 0 0 0 0 0
6.6 0 0.6 0 0.2 0 0 0 0 11.2 0 0 5.8 0 0 0 0 0.2 0 0 0.2 0 0 5.6 0 0 0.4 0.2 0 0 12 0 0 0 0 0 0 0 7.2 0 0 0 0 0 0 4 11.4 3.2 3.2 0
23.2 0.8 0 1.2 3.4 0 4.8 0 0.2 24 0.2 0 0 0.6 0 0 1.4 0 10.2 0 0.2 2.6 0 0 0 1 1 4 0 0 0 0 0 0 0 0 0 13.6 3 0 0 0 0.2 0 9.4 3.8 3.8 0 7.4 0
7.2 0 0 5.2 0.4 0 0 2.4 0 0 0 1 0.8 0 0 0 0 9.8 2.6 0 0 11.8 0 8.4 3.8 0 16.6 0.2 0.4 0 0 0 0.4 0 0 0 0 0 0 2 0.2 0.2 0 5.8 0.8 0 0 9 6 0
0 0 0 0 0 0 0 0 4.6 0.8 0 0 0 12.8 0 0 0 0 0 0 0 0 0 1.6 0 0 0 1 0 3.2 0 0 0 0 0 0 0 0 0 0 0 0 0 0 0 0 0 0 0 0
0 0 0.6 0 0 0 0 0 9.4 18.2 0.2 0 0.2 0 0 0 5.2 0 0 0 6 0 0 0.4 0 0 0 0 0 0 0 0 0 0 2.4 0 8 0.4 2 0 0 0 0 0 0 0 0 0 0 0
0 0 3.2 0 0 3 0 0.2 0 0 0.2 0 2.6 0 0 0.2 0 0 0 0 0.8 0 2 0 4.2 0 0.2 0.6 0 0 0 0 11.6 0 0 0 0 0 0.2 0 0 0 0 7.4 0 0 2.6 0 0 0
0 0 0 0 0 0 0 0 0 0 0 0 0 0 0 0 0 0 0 0 0 0 0 0 0 0 0 0 0 0 0 0 0 0 0 0 0 0 7 0 0 0 0 0 0 0 0 0 0 0
0 1.2 0 8.8 0 7.2 8.6 0 0 0 0 0 0.8 0 0 0 0 0 0 0 0 0 0 3.8 0 0 0 2.8 6 3.8 2.4 0 0 2.2 0 0 0 0 1.2 0 0.6 0 0 7.4 5.6 0 0 0 2.6 0
0 0 0 0 0 0 0 0 0 0 0 0 0.2 2.8 0 0 9.2 0 0 0 0 0 0 0 0 0 0 0 0 0 0 0 0 0 0 5 0 0.2 0.4 1.2 0 0 0 0 0 0 0 0 0 0
0 4.4 0 0 1.6 0 0 0 0 0 0 0 0 0 0 0 0 0 13 0 0.4 0 0 2.8 0 0.4 1.2 0 0 2 0 0 0 0 0 0.2 0 0 0 0 0 0 0 0 0 0 0 0 0 0
0 0 0 0 0.2 0 0 0 0 21.2 0 0 0 0 0 0 0.2 0 0 0 0.2 3.2 0 18.4 0 0.6 0 0 0 0 0 0 0 0 0 0 0 0 0 1 0 0 0 0 0 0 0 0 0 0
0 0 0 0 0 0 0 0 0 0 0 0 0 0 0 0 2.8 0 0 0 0 0 0 0 0 0 0 0.2 0 0 0 0 0 0 0 0 8 0 0 0 0 0 0 0 0 0 0 0 0 0
0 0 0 0.4 0 0 1.2 0.2 0.2 0.2 0 0 13.8 0 0 0 0 0 0 0.2 0 0 0 0.6 0.6 0 0.2 0 8 0 0 0 0 0 0 0 0 0 0 0.2 0 0 0 0 2.6 5.6 11 0 0 0
0 0 0.4 0 0 0 0 0 0 0 0 0 0.8 0 4 2 0 0 0 1.6 0.2 0 0 0 0 0 0 0 0.2 0 0 0 0.2 6.8 0 0 0 0 0 0 2 0 0 0 0 0 0 2 0.8 0
0 0 0 0 3 0 0 0 0 6.8 8.2 0 0 0 0 0 0.2 0.2 0 0 0 0.6 0 4.4 0 20.4 0 0 0 0.6 0 0 0.2 0 0 0 0 0.2 0 0 0 4 0 0 0 0 0 6.2 0 0
0 0 0 0 0 0 0 0.4 0 0 0 0 0 0 0 0 0 0 0 0 0 0 0 0 0 0 0 8.6 0 0 0 0 0 0 0 0 0 0 0 0 0 0 0 0 0 0 0 0 0 0
0 0 0 0 0 0 0 0 0.6 5.4 0 0 0.2 0 0 0.2 0 0 0 0 0 0 0 0 0 0 0 0 0 0 0 0 0 0 0 0 0 0 0 0 0 3.6 0 0 0 0 0 0 0 0
0 0 0.8 0 0.2 0 0 0 0 0 0 0 0 0 0 0 4.2 0 0 3.4 0 0 0 0.4 0 0 0 0 0 0 0 0 0 0 0 0 0 0.2 0 0 0 4 0 0 0 0.2 0 5.6 0 0
0 0 0 0 0 0 0 6.4 0 0 0 0 0 0 0 0 0 0 0 0 0.4 0 0 0 4.4 0.8 0 0.2 0.2 0.6 0 0 0 0 0 0 0 0.4 0 0 0 0 0.2 0 6.4 0 0 7 0 0
0 0 0 16.6 0 11.6 0 1.6 0 0 0 13.2 0 0 0 1.4 0.2 4.6 0.8 0 0 0 0 0 0 0 0 0 1.4 0 0 0 0 0 0 0 0 0 0 0 0 0 0 2.6 0 0 0 0 0 5
0.2 0 0 0 0 0 0 0 0 0 0 0 0.2 0 0 0 0 0 0 0 0.2 0 0 0 16 0 14 0 0 0 0.4 0 0 0 0 0 0 0 0 0 0 0 0 0 0.8 0 0 0 0.2 9
16.2 4.6 0 0.4 0 0.2 0.6 0 0 0.4 0 0 4.4 0.2 0 0.2 0 0 0 0 0.2 0 0 0.6 0.2 0 6.2 0 0 0 0 0 6.2 9.6 0 0 0 3.4 0 0 13.8 1.8 0 0 0 0 0 3.2 19 15.6
0 0 0 0.8 3.4 0 0 0.2 0 0 0 0 0.2 0.4 0 0 0 0 0 0 0.6 0 0 0 0.2 0 0 0 0.4 0 8.4 3.6 15.8 0.4 0 0 0 0 0 0 0 0 0 0 2.6 0 0 0 0 0
0 0 12.2 0 0 0 0 0 0 0 0 0 0 0 0 0 0 0 0 0 0.2 0 0 0.4 0 0 0 0.8 0 0 0 0 0 0 4.4 0 0 10.4 0 0 0 0 0 0 0 0 0 1.6 0 0
0 0 1 0 0 0 0 0 0 0 0 4 3.2 0 0 0 0 0 0 0 0.6 0 0 0 0 0 0 0 0.2 0 0 5 0 0 0 0 0 0 0 0 0 0 0 0 0 0 0 0 0 0
0 0 1.2 0 0 0 0 0 0 0.6 0 0 0 0 0 0 0 0 0 0 0 0 0 0 0 0 0 2.8 0 0 0 0 0 0 0 0 0 0 2.4 0 0 0 0 0 4 0 0 0 0 0
0.2 0 0 0 2.8 0 0 6.4 0 0 0 0 0.4 0.6 0.2 0 3.8 0 0 1 0.2 0 1.6 0.2 7.8 0.2 0 0 0 0 0 0 6.2 0.2 0 0 0 2 0 0 0 0 0 0.2 0 5.2 0 0 4.6 0.2
0 0 0 0 0 0 0 0 0 4.2 0 0 0 0 0 0 0 0 0 0 0 0 0.4 0 0 0 0 0 0 0 0 0 0 0 0 0 0 0 0 0 0 0 0 0 0 0 0 0.4 0 0
2 0 0 6.6 3.6 0 3 0 0 0 0 0 0 0 0.8 0 0 0 0.6 0 0 0 0 0 0 0 0 0 0 0 0 0 0 0 0 0 0 0 3 0 0 0 0 9 0 0 0 0 0.4 1
0 0 0 0 0 0 0 0 0 0 0 0 0 0 0 0 6.6 0 0 0 0 0 0 0 0 0 0 0.4 0 0 0 0 0 0 0 0 0 0 0 0 0 0 0 0 0 0 0 0 0 0
0 0 0 0 0 0 0 0 0 0 0 1 0 0 0 0 0 0 0 0 1 0 0 0 0 0.2 6.8 0 0 0 1 0 0 0.8 0 0 4 3.2 0 0 0 0 0 0 0 3 0 0 0 0
0 0 0.4 0 0 0 0.2 0 0 0 0 0 5 0 0 1.4 1.8 0 0.4 0 0 0 0 0 0.2 0 0 0 7.4 2.4 0 0.6 0 0 0 0 0 1.2 0 0 0 0 0 0 0 0 0 0 0 0
0 0 0 0 0 0 0 0 10.2 0 0 0 0 0 0 0 3.8 0 0 0 0.2 9.6 0.6 2.2 0 0 0 0 0 0 4.2 0 0 0 3.4 0 2 0 0 0 5.6 0 3 0 0 0 0 0 0 0
0 0 0 0 0 0 0 0 0.4 0 0.2 0 0 0 0 0 0 0 0 0 0 0 0 0 0 0 0 0 0 3.4 0 0 0 0 0 0 0 0 0 0 0 0 0 0 0 0 0 0 0 0
