39.6 10.4 11.4 0.4 0 22 0 6.4 24.4 0.4 7.2 12.4 27.2 0 14.4 5 1.6 12.6 35.4 52.4 2.8 0 0.6 4.2 0 0 45.8 0 4.2 4 11.2 0 0 62 19.4 12.2 0.2 3.6 0.2 16.4 3.4 0 0 0 11.2 0 0.2 0.2 0 0
5 0 0 0 0 7.6 0.2 0 0 0 4.2 0 8 0 0 0 6 0 0 0 3 3.2 0 10 1 0.2 0 0 0.2 0 0 0 0 0 0 0 0 22.8 0 0 0 2.8 0 0 0 0 3.6 0 0 0
0.4 0 0 0 0 0 8.8 0 0 3.6 0 0 0 0 0 0 2 0 0 0 0 0 0 33.2 0 0 0 6.6 0 0 0 0 0 0 0 0 0 5.2 0 0 0 0 0 0 0 0 7.2 0 0 0
0 1.4 0 1.8 0 0 0 0 0 0 0 0 0 0 0 0 0 0 0 0 0 0 0 0 0 0 0 18.4 5.6 0 0 0 0 0 0.4 0 0 12 3 0.2 0 0 0 0 0.2 0 0 0 0 0
0 5.4 0 17.6 0 0 0 30.2 0.2 0 0 0.2 0 0.4 13.6 0 0 0 9.6 37.2 0 2.4 6 0 0 12.8 19.6 0 0 32.6 7.8 5.2 0 0 9.6 0 9.6 0 0 0.6 12.2 0 0 0 0.4 0 0 0 0.8 0
24.8 15 21.8 0 2.4 2.4 8.2 0 0.6 18.6 8.6 8 0 0.2 0 32.8 0 0 0 22.4 1.8 4.8 0 0 0.2 0 0 0.2 37.6 0 0 0.6 0 0.2 0 0 0.6 0 0 16 0.2 0 0 4.8 0.4 49.2 0 33.4 5.2 52
18.6 0 8 0 1 0 0 43.4 13 1.6 22.2 11 4 9 14.4 0 0 0 18.6 34.4 0 0 12 23.2 0 16.4 58.4 17.6 29.6 49.4 23.6 31 0 14.8 12.8 14.2 0 0 33.8 19.2 0 0 0.4 0 0 93.8 0 11.8 0 106.8
2.8 0 0 0.8 0 0 0 0 0 0 5 0 0 0 0 0.4 0 1 4.2 0 0 0 0 13 0 61.6 0.2 2.6 10.6 0 0 0 0 0 0 1.8 0.2 0 0 0.2 0 0 3 0 0.2 0.2 0 8.2 0 0
0 0 0 0 0 5 0.2 0 0 0 0 0 0.4 0 0 0 0 0 0 0 0 4.6 0 0 0 0 0 5.4 0 0 0 0 4.8 0 0 0.4 0 0 0 0.2 0 0 0 0 0 15.4 7.6 0 0 0
6.6 10 48.8 0 15.6 13.4 7.2 6.8 36.4 0 0 0 0 0 0 18.2 0 0 0 0.4 0 0 0 0 0 7.8 4 10 0.4 13.2 0 16.4 34 2 0.2 0 6 0 11.6 1.4 0.2 0 24.4 0 0 38.4 0 5.2 1.4 34
3.6 0 8.2 12 4 0 0 3.8 3.2 0 0 0 3.4 25.4 12.8 0 0 6 0.6 9.2 16.8 1.8 8.2 0 0 0 6 0 0.2 0.4 6.8 0 12.6 19.4 3.8 0 13 14 12.2 0 10 0 0 4.2 0 0 2.4 0 9.2 22.8
0 9.6 0 0.6 0 0 0 0 0.2 1.4 0 0 0 32.4 0.2 0.2 0 8.8 0 9.2 16.4 0 0 0.2 0 0 0 2 0.2 0 0.4 0 0 0 0 0 0 3 0 0.2 0 0 32 0 0 0 0 0 0 0
6.4 0 35.2 14.6 4.6 0.8 13 41.6 10.8 0 0.2 12.4 16.8 23.6 14.6 0.8 17.8 19.6 25.4 4.8 0 0.4 12.2 29.8 12.2 0 37.6 11.4 9.4 22.8 7.4 20.6 46 11.6 12.2 1.2 10.6 39 6.4 10 22.2 5.8 30.4 2 30.6 62.4 20.6 3.4 17.4 31.4
12.8 14 16.6 4.2 0 2.2 5 0 4.4 0 0 0 0 0.2 0 31.2 0 1.2 0 27 10.8 0 0 0 4.6 17.2 0 0 0 0 0 0.4 26.8 0 0 0.4 10.2 0.4 0.2 4.4 0.8 6.8 0.8 2.4 0.2 14 0 0 6.2 2.6
1.2 0 0 0 0 5 4.2 0 0 0 14 0 0 0 0 10 0 0 0 0 41.6 0 0 5 1.2 0 0 0 0 0 0 0 0 0 0 0.2 0.8 7.8 0 0 0 4.4 0 0 17.2 0 4.4 0 0 0
0.2 34.8 6 0 8.4 0 0 0.2 14 21.8 0.2 0 0.2 0.2 3.2 0 0 0 18.8 9.8 12.6 0.2 0 0 0 3.8 17.6 0.6 14 5.8 0 0.2 11.8 6.6 0 0.4 0 0 0 19.8 0.6 0 32.4 0 0.2 39.6 0 21.8 0 0.2
0 0 0 9.2 0 3.2 0 0 0 0 8.8 0.2 0 0 0 0.6 0 0 0 0 2.8 0 0 0 0 0 0 0 0 0 0 0 0.2 0 0 0 0 0 0 0 0 0 0 0 0 0 0 0 0 0
49 0.8 0.4 0 24.8 0 0 16 0 25.2 0.2 0 0 15.6 0 33 0 27.2 0 41 0 0 0 0 0 0.4 0 0 11 0 23 0 8.8 0 0 0.2 12.4 0 20.4 16.6 0.2 0 0.8 20.4 0 49.2 0 10.2 22.8 19.4
0 0 0 0 3.8 0 0 0 8.8 0 0 0 0 0.6 0 0 1 0 3.2 0 0 0 0 0 0 6.6 0 0 0 0 0 0 1.2 0 0 0 0 0 0 0.2 0 0 0 0 0 0 9.6 0 0 0
0 0.4 0.2 0 0 0 0 0.2 0 5.8 0 0 0 0 0.6 0 0 0 0 4.6 0 7.4 0 0 0.4 12.4 0 0 0 0 0.2 0 0 0.2 0 12.2 0 0 0.4 0 0 0.2 0 0 17.6 0.2 0 0 0 0
0 0 40.2 13.2 0 0 6.2 2.8 0.2 0 8.8 1.8 0.2 0.4 0 0 2.4 0 12.2 0 0.4 26 0 19.6 18.4 0 0 11.8 0 43.8 0.2 6.2 0 0.2 0.6 0 0 0 0 0 0 4.4 0 0 5 0 0 0 0 0
0 0 0 0 0 0 0 0 0.2 0 0 0 0.4 0 12.4 0 0 0 0 34.8 0 0.2 5.4 0 2.2 41.2 18.2 0 0 0 22.6 0 0 11.6 15.2 3.8 0 0 0.2 0 7 0 0 0.4 13.6 6.6 2 0 0 0
9.2 51.2 0.2 0.2 0 0 3.8 0 1 4.2 0 0 6.8 3.4 9.8 0 0 13.6 0.4 3.6 0 0 0 2 0 0.4 0.2 0 0.4 1 3 14.4 13 0 0.4 30.4 0 3.2 14.2 8 0 0.6 9.8 0 0 19.2 0 1.2 0.2 0
0 0.4 0.4 13.8 6.4 3.4 0.2 0 0.8 21.4 0 0 1.6 0.2 0 17.6 0 0 0 9.6 20.8 0.4 0 0 0 1.4 0 0.2 0.2 0.8 0 0 0 0 2.6 0 4.8 0 0 0 0 0 1.8 0 2 1.4 0 0 1.8 0
0 26.8 0.4 0 0 3.4 3.8 4 0 0 0 0 0.8 0 0.2 2.6 0 0 0 19.8 22.4 0 0 0 4 0 0 0.2 5 0 0 0 0 0.6 1 25.4 0 0 11 0 1.6 0 0 0 0.2 9 0.4 0 0 7.4
0 0 0 2 0 7.8 7.6 0 0 0 0.8 0 12.4 0 0 10 0 0 0 0 34.2 0 0 9.8 16.6 0 0 0.8 0 0 0 0 0 0 0 0 0 4 0 0.4 0 0 0 0 16.6 0 0 0 0 0
0 0 0 3 0 0 0 0 0 0 0 0 7 0 0 10.6 0 0 0 0 0.4 14.2 0 0 5 0 0 0 0 0 0 0 0 0 0 0 0 0 0 0 0 7 0 0 0 0 0.8 0 0 0
0.4 2.6 20.6 1.4 0 0 0 3.6 14.8 0.2 0.2 0 0.4 0 0 0 0 0 13.2 0 9 0 0.2 8.4 0 0 6.4 0 19.2 10.8 0 0 0 0 16.6 23.6 0 0 0 0.2 0 0.2 0 0 0 0 0 0 0 0
4 7.4 0 0 0 0 1 0 0 0 0 0 0 0 0 0 4 0 0 0 0 0.6 0 20.8 0 0 0 18.6 0 0 0 0 0 0.6 0 0 0 0 0 0 0 0 0 0 0 0 0 0 0 0
5 3.4 0 4.6 0 0 12 0 0 0 0.2 2 0 0 0 0.2 3.6 0 0 0 0 7.8 0 11.8 0 10.8 2.8 0 0 0 1 0 0 0 0 1 0 0 0 0.2 0 0.2 0 0 0 0 0 0.4 0 0
0 0 0.2 0 0 6.8 6 0 0 0 0 0 0 0 0 0.2 0 0 0 0 0 0 0 2 0 0 0 2.4 10.6 0 0 0 0 0.4 0 0 0 0 0 0 0 0 0 0 0 10.8 0 0 0 11.6
0 0 0 14.4 0 0 0 0 0 0 11.8 0 13.4 0 0 0 0 0 0 0 0.2 0 0 2.8 0 0 0 0 0 0 0 0 0 0 0 0 0 0 0 0 0 15.4 0 0 0 0 0 0 0 0
0 0 0 0 0 0 0 0 0 0 0 0 0 0 0 0.2 3 0 0 0 0.2 0 0 26.4 0 0 0 0.2 0 0 0 0 0 0 0.2 0 0 0 0 0 0 0 0 0 0 0 7.8 0 0 0
0 0 0 0 0 0 11.4 0 0 0 0 0 0 0 0 0 0 0 0 0 0 0 0 17.8 0 0 0 0 0 0 0 0 0 0 0 0 0 5.2 0 0 0 0 0 0 0 0 8.6 0 0 0
0 0 0 0 0 0 2 0 0 0 0 0 0 0 0 0 0 0 0 0 0 0 0 17.8 0 0 0 4.2 0 0 0 0 0 0 0 0 0 0 0 0 0 0 0 0 0 0 0 0 0 0
0 0 0 0 0 0 13.6 0 0 0 0 0 0 0 0 0 0 0 0 0 0 0.4 0 6.6 0 0 0 2.4 0 0 0 0 0 0 0 0 0 16.4 0 0 0 0 0 0 0 0 0.6 0 0 0
0 0.6 0 0 0 0 0 0 0 0 0 0 0 0 0 0 0 0 7 0.2 0 0 0 0 0 31 11.8 0.2 0 0 0 0 0 0.6 4.4 0 0 0 0 0 0 0 0.8 0 23.4 0 0 0 0 0
0 6.4 2.8 0 0 0 0 62.8 3.8 1.4 0 0 0.6 27.2 11.8 0 0.8 0 6.2 0 0.2 6.8 10.6 7 0.4 1.4 10.6 0 0 7.2 15.8 0 0 1.6 0 0 0 0 0 3.2 0.2 1.4 0 0 10.8 3 0 0 0 0
0 0 0 0 0 0 4.2 0 0 0 0 0 0 0 0 0 0 0 0 0 0.2 0 0 0 0 0 0 0.2 0 0 0 0 0 0 0.2 0 0 10.6 0 0 0 0 0 0 0 0 17.6 0 0 0
0 0 0 0 0 0 4.4 0 0 0 0 0 0 0 0 0 0 0 0 0 0 3.4 0 0 0 0 0 26.4 0 0 0 0 0 0 0 0 0 6.8 0 0 0 0 0 0 0 0 0 0 0 0
4.8 0 0 0 0 0 0.2 0 0 7.2 0.2 0 0 3.2 0 0.6 0 0 0 11.6 0 0 0 0 0 7.4 0 4.4 0 0 0 0 0 0.4 0 21.6 0 0 0 0 0 0 9 0 0 0.4 0 3 0 0
0 27.2 9.2 1.2 14.4 0 0 38 0.8 0 2.6 0 0 47 6.2 0 0 0 6 0 0 9.8 2.8 0 0 1.8 32.2 0 8 0.6 8.2 1 4.6 0.2 0 12.2 8 0 22.4 0 21 0.2 16.8 0 34 0 0 10.8 15.8 0
12.8 0 1.6 0.4 35.4 0.6 3.4 30.6 0 9.6 1 0 10.8 59.6 0 9.2 0 0 0 5.4 15 9 0.6 16.2 0.4 0 19.8 0 0.6 0 11.6 7.4 18.2 10 3.4 24 0 19 0 0.2 9.4 3.2 13.8 0.2 35.4 7.6 0 2 0.2 0.4
0 12.4 8.4 0 0.4 0 0 29.6 18.2 0 0.8 0 0.4 14.4 0 5.8 0 0 0 32 0 19.6 0 0 1.2 15.8 18.2 0 0 0 0 1.2 9.4 5 12.4 0 0 0 0.4 1.2 8.8 6.2 0 0.6 17.8 12.4 0.2 0.6 1 5.6
0 0 0 16 0 0 0 0.4 0 0 7.2 6.6 0.2 0.2 0 0 0 0 0 0 13.4 3.2 0 0 6 0 0 0 0 0 0 0 0 0 0.6 0 0 0 0.2 0 0 0.2 0 0 17.6 0 0 0 0 0
0 0 0 17.2 0 0 1.4 0 0 0.2 0.2 0 0 0 0 0.4 5 0 0 0 0 0 0 22.6 0 0 0 8.2 0 0 0 0 0 0 0 0 0 9.8 0 0 0 0 0 0 0 0 0 0 0 0
0 0 0 0 0 0 3.8 0 0 0 0 0 0 0 0 0 0 0 0 0 0 0 0 4.2 0 0 0 13.2 0 0 0 0 0 0 0 0 0 6.2 0 0 0 0 0 0 0 0 6.6 0 0 0
0.2 36.6 2.2 0 0 0 0 0 5.8 0 0 0 0 0 0.4 0 0 1.8 0 0 0 0.2 0 9.4 0 4.2 0 5.6 25.6 0 0 9.4 0.2 0 0 0 0 0.4 0 0 0 0 10.6 0 0 0 14.2 0 0.2 0
11.8 0 19.2 22.8 0.8 20.2 0 17.2 11.8 0 0.4 0 0 0 9.4 0 0.2 2.8 16.2 0 0 2.2 0 8.2 19.4 0 0 0.6 0.2 17.6 28.2 8.8 0.8 10.2 0 4.2 0.4 16.8 0.2 0.8 11.6 0.6 4 0.2 3 0 0.8 13.2 0.2 0
0.4 0 0 8.4 0 6.2 0 0 0 0 10.4 0 0 0 0 0.6 0 0 0 0 0.8 0 0 0 0 0 0 0 0 0 0 0 0.4 0 0 0 0 0 0 0 0.2 11.6 0 0 0 0 0 0 0 0
0 6.2 0 0 0 0 0 0 0 5 0 0 0 0 0 0 0 0 0 0.2 0 0 0 0 0 0.2 3 0 0 0 0 0 0 0 0 0 0 0 1 4.2 0 0 0 0 2 0 0 0.2 0 0
9.6 0 1 1.8 0 0.8 0 3.8 0 2.4 0 5.6 11.6 5.6 0 12 1.2 0 0 0 0 0 0 3.4 0 0 0 0.6 0 0 0 0 0 0 0 0.4 6.2 0 0 0 0 9 0 0 0 4.2 0 0 0.2 7.4
0 0 0 0.2 0 0 0 0 0 1.2 5.4 0 10.2 0 0 0 0 0 0 0 9 0 0 0 0 0 1 0 9.2 0 0 0 0 0 6.4 0 0 0 0 0 0 0 0 0 0.4 0 0 0 0 0
0 0 0 31.8 0 0 0 0 0 0 0 6.2 22.6 0 0 0 0 0 0 0 0 5 0 8.4 0 0.4 0 18.6 0 0 0 0 0 0 0 0 0 0 0 0 0 5 0 0 34.8 0 7.2 0 0 0
0 0 0 0.4 0 0 0 0 0 0 0 0 3.4 0 0 0 0 0 1.2 0.4 0 3.8 0 0 1.6 2.8 5.2 0 0.2 0 0 0 0 0 3.2 0.6 0 0 0 0.2 0 0.2 3 1 2.6 0 0 1.2 0 0
0 22.6 0 0 5 0 0.2 33 0.4 6.4 0 0 20.4 34.6 21.2 0 0.4 0 18.8 0 0 0 14.6 0 0 20.8 28 0 0.2 29.2 20.6 1 0 15.4 10.8 5.4 4.2 0 0 0 11 0 10.8 0 9.8 0 0 0.2 0 0
0 0 0 10 0 3 8.2 10.2 0 2.4 10.6 0 1 0 0 0 0 0 0 0 17.4 23 0 0.6 15.8 0.6 0 5.2 0 0 0 0 0 0.2 0 19.4 0 0 0 3.2 0 0 0 0 40.8 0.2 0 0 0.2 3
9.2 0 0 29.8 0.4 1.8 0 0 0 0.4 4.4 9.6 0 0 0 19 0 26 0 28.8 0.2 0.6 0 0 0 0.6 0 0 14.4 0 0.2 0.6 2.2 22.4 0 18.2 7.6 19.8 0 33.6 2.4 14 0 0 0 14.2 0 0 0.6 0
40.6 39.8 0 0 21 5.6 0 21.4 21.8 24.4 25 8.4 0.4 0 4 11 0 0 13.4 0 0 0 0 0 3.4 0 37.6 0 23.6 31.2 33.2 0.2 15 21.8 0 0 0 0 53.4 26 0 8.2 6.8 13.8 44.2 26 0 18.8 16.4 21.6
0 0.8 49.2 1.8 0 2.6 0 13.4 1.4 10.6 0 0 0 10.6 0 0 0 20.2 4.6 12.2 0 0 2.8 0 0 0.2 0 0 5.6 0.2 9 41 0 3 1.2 10.2 0 5 46.4 9 0 0 4.6 0 0 45.4 0 0.2 0 46.8
0 0 0 0 0 0 0 0 0 0 0 0 0 0 0 0 0 0 0 0 0 0 0 12.8 0 0 0 0 0 0 0 0 0 0 0 0 0 8.2 0 0 0 0 0 0 0 0 7 0 0 0
22.4 25.2 0.6 0.2 7.8 7.4 0 0 49.4 0 1 0 17.4 0 15.2 14 0.2 10.2 9.8 32.2 0 9.6 2.2 0 0 0 0 4.4 0.4 9 0 0 0 8.8 18.4 5.4 7.4 0 11.2 25.6 0 15.2 0.4 0 16.4 0 6.8 1 2.6 0.2
0 0 0 20.4 0 21 5.2 0 0 0 7.8 7.4 0 0 0 0 12.4 0 0.2 0 23.8 6.6 0 1.6 18.6 0 0 0 0 0 0 0 0 0 0 0 0.2 0 0 0.2 0 6.4 0 0 7.6 0 7.6 0 0 0
0 6.6 0.4 7.6 6.4 0 2.6 3 14.6 16 0 0 1.8 20 0.6 10.8 0 0 4.4 28.4 8.4 0 0 0.6 0 0 36 0 0 0 29 0 10.4 34.6 9.6 3.4 5 0 3.4 4.8 1 0 5.6 0 0.2 2.4 3 1.2 16 27.2
0 0.2 0 0.6 0.6 4 0 0 0 0 0 8.2 0 28 0.2 0 0 0 0 19.2 0.2 0 0 4 0 13.8 0 0 25.2 0 0 0 0 0 0 0 4.8 0 0 2.4 0 0.2 0 0 0.4 0 0 10.8 0.2 1
0 0 0 16.8 0 0 0 0 0 0 17.6 0 15 0.4 0 0 0 0 0.2 0 0.2 0.2 0 1.6 0.2 0 0 1.2 0 0 0 0 0 0 0 0 0 0 0 0 0 4 0 0 0.6 0 0 0 0 0
0 0 0 11.8 0 4.8 0 0 0 0 0.2 0 16.2 0 0.4 0 0 0 0 0 0 0 0.2 0 11.2 0 0 0 0 0 0 0 0 0 4 0 0 0 0 0 0 9.4 1.4 0 12.2 0 0 0 0 0.2
0 0 1.6 0.4 0 0 0 0 0 0 20 0 3 0 0 0.4 0 0 0 0 7 0 0 0 0 0 0 2.6 0 0 0 0 0 0 0 0 0 0 0 0 0 0 0 0 7.2 0.8 0 3 0 0
0 0 0 20 0 7.6 0 0 0 0 0 12.6 0 0 0 1.2 5.2 0 0 0.2 0.2 0 0 9.6 11.4 0.4 0 12 12.4 0 0 2.8 0 0 0 0.2 0 0 0 0.2 0 0 1.8 0 0 0 0 10 0 0.2
0 29.4 2 0 0 0 0 33.6 0 1 0 0 13.6 2 4.6 0 0 0 6 7 0.2 0 0.2 0 1.2 34.6 0 0 0.6 0 14 8.2 0.6 6.4 0 0.6 0 5 0 0 0 0 5.4 1 0.2 14.6 0 0 0 0
2.4 0 0.2 10.6 0 0.4 0 0.4 8.4 0 0 0 0.4 0 5 5.4 0 0 0 0.4 1 0 0 0.2 0 0 0.2 1.2 12.6 0 0 0 0.4 0 0 0 5 4 0 0 0 0 0.6 0.2 0 0 0 1 0 0
0 2.4 0 0 0 5.4 0 0 0 37.2 6.6 0 3.2 8 3.4 0 0.2 5 9.8 0 0 0 0 0 0.2 29.2 38.4 0 28.4 3.2 0.4 0 18.8 13.6 0 0.2 0 0 0 4.2 0 0 0 0 0 14.6 0 13.2 0 2.4
0 3.2 0 3.6 0 0 0 2.8 0.2 0 0 0 0 0 0 7.6 0 8 0 0 0 0 0 0.2 0 0 0 0 30.2 0.2 0 0 0 3 0.2 0.2 0 0 0 0 0 0 17.2 5.6 0 10.6 1.8 27.4 0 0
0 0 0 2 0 11 0 0 0 0 17.6 2.2 0.8 0 0 3.2 0 0 0 0 1.6 0 0 3.8 0 0 0 10.4 0 0 0 0 0 0 0 0 0 7.4 0 0 3 0 0 0 0 0 0 0 0 0
0 0 0 0 0.2 0 0 0 0 0 11.6 10 0 0 0 5.6 0 6.8 0 0.8 0.4 5 0 0 18.4 0 0 0 0 2.4 0 0 0 0 3.8 0 0 0 0 0.2 0 0 7.6 1 43.8 0 1.4 0 0 0
13.6 0 17.4 0.2 0.4 0 0 0 7.2 4.4 0.8 19.8 0 0 0 0 0 7 0 0 3.4 0 0 0 0 0 2.6 15.2 27.2 0 0 0 0 0.2 0 0.2 0 0 0 0.2 0 0 0 0 0.2 0 0 16 0 0
0 2.4 0 0 3 0 0 0 12.4 0.6 7.8 0 0 2.6 0 3 0 0 0 34.8 0 0 0 0 0 27.6 0 0 14 0.2 0 0 0 0 0.2 4.2 0.2 0 0 0 0 0 0 0.8 0 0 0 4.8 0 6.4
0 0 0 0 0 0 4 0 0 0 0 0 0 0 0 0 0 0 0 0 0 6.8 0 1.2 0.4 0 0 2.6 0 0 0 0 0 0 0 0 5 0.2 0 0 3.6 0.2 0 0 0 0 0 0 0 0
0 0 0 16.4 0 13.8 12.4 0 0 0 1.4 19.8 0.2 0 0 3.8 5 0 0 0 0 2 0 1.4 9.4 0 0 7.2 0 0 0 0 0 0 0 0 0.2 5.4 0 0 0 8.4 0 0 0 0 0.2 0 0 0
6.8 0 0 0 0 0 0.2 0.2 0 20 0 0 0.2 0 0 0 0 0 0 8.6 0 0 0 0 0 5 0 6.2 0 0 0 0 0.2 0 0.4 0 0 0.6 0 5 0 0 0 0 0 0.6 0 0 0 0
0 11.2 1 13.6 0 0.2 0 0.4 0 0 6.6 0 0 0 0 0 0 0 0 1 3.6 0 0 0 17.2 0.4 0 0 0 3.6 0 0 0.2 0 0 0 0 0 0 0 0 0 2.2 0.2 22.6 0 0 0 0 0
0 0.6 0 6.4 0 7 0 7.4 0.2 7.4 8.6 0 1.2 20.8 0 8.8 0 0 0 0.2 6.6 0.2 0 0 0.2 0 3.6 0 17.8 0.2 0 5.6 0.6 8.4 0 0 0.4 0.2 0 6.2 3 3.2 10.4 0.4 30.4 52 4.2 7.2 0 17.6
0 0 0 0 0 0 0 33 3.6 12.6 17.4 0 0 2.8 2 0 0 0.2 6 0 3.6 9.6 24.6 8.6 0 24 21.2 0 0 6.2 13.2 0 0.2 0 0.4 0 1 0 0.2 6.8 23.6 11 4.2 0 26.4 0 0 0 0.2 2.4
1.2 0 0 3.4 0 0 0 0 0 11.6 0 0 6.4 0 0 0 0 0 0 0 4.4 3.6 0 10.4 0 1.4 6.8 1.2 15.6 0 0 5 0 0 0.2 0 0 0 0 0.2 3.8 5 0 0 20.8 0 0 0 0 0
34.8 0 26.4 0.4 0 0 1.2 35 0 14.6 0 0 9.8 4.4 16 0.4 0 21.6 0 13.4 0 0.8 0 3 0 0 11.2 20 34.6 0 0 49.4 37.4 0 2.8 0 6.6 5.4 19.6 16 0 3.4 0 10.2 0 24.2 0 10 20.2 2.2
0 0 0 0 0 0 12.2 0 0 0 0 0 0 0 0 0.6 3.4 0 0 0 0 0 0 7 0 0 0 3.8 0 0 0 0 0 0 0 0 0 0.4 0 0 0 0 0 0 0 0 13.6 0 0 0
0 4.6 0 6.6 0.4 0 0 0 0.2 26.8 0 0 17.8 12.2 23.4 0.8 0 0 24.8 31.8 0.4 3.8 12 1 0.2 0 55.4 4.2 1.6 0 28.2 5.4 0.2 30.2 6.4 0 0.4 0 0 14.6 12.4 0.4 0.6 0.2 14.6 0 0.2 0 0.4 30.8
0 0 0 0 0 0 0 0 0 0 0 0 0 0 0 0 5 0 0 0 0 0 0 12.8 0 0 0 0 0 0 0 0 0 0 0 0 0 20.2 0 0 0 0 0 0 0 0 0 0 0 0
11.2 0 0 0.2 12 0 0 0 0 0 0 16.6 14.4 0 0 2.6 0 2.8 0 0 17.6 0 0.2 0 5.6 0 0.2 0.4 0 0 0 0 7.8 0 0 0 8.2 0 0 0.2 0 12.4 0 0.2 0 0 1 0 27.4 0
33.6 12.8 11.4 0 61.6 6.4 12.8 4.4 10.8 8.8 0.2 5.6 0.2 0 0 0 8.8 30 0 0 22.6 0 3.6 12.2 7.8 31.8 0 4.8 0 0 0 0 22.2 13.4 0.6 0.2 32 28.8 7.4 19.8 4.8 0 0 1 0 78.8 1 23.6 19.2 27
4.4 13.8 0 0 0 0 0 0 0 18.4 0 0 0.4 0.2 0 0.2 0 0 0 0 0 0 0 34.2 0 31.4 8.8 4.6 6.6 0 0 0 0 0 0 0 0 0 0.2 0 0 0 0 0 0.4 37 10.2 0 0 15.2
3.8 22.4 0 27 0.4 11.4 0 8.8 24.4 15 0.4 0 0 33.4 13.2 0.4 0 9.2 41.2 65.2 20.4 25.8 7 0 20.2 0.4 21.2 3.4 0.4 25.2 28.2 0.4 0 37.6 0 0.4 0 0 0 8.2 7 28.4 16 0 25.6 0 0 37.2 10.8 0
0 0 0 0 0 0 0 0 0 0 0 0 0 0 0 0 0 0 0 0 16.4 0.2 0 0 0 0 0 0 0 0 0 0 0 0 0 0 0 0 0 0.2 3.4 0 0 0 19.8 0 0 0 0 0
13.6 7 38.6 7.4 23 7.4 0.2 13.8 70 0 16.4 0 32 0 26 0 0 19.4 33.8 0.2 18.8 0 15.8 2.6 0.2 0 38.8 0 0 35.4 0.8 0.6 11.8 68.6 12.4 0.4 5.2 7.4 14.2 0.8 17.2 10.2 21 0 13.8 0 0 42.4 6.8 0
2.6 2.8 3.2 0 9.8 0 0 45.4 0 22.8 0 0 11 46.8 6.2 13.4 0 0 15 7 9 0 23 4 0.6 9.4 42 0.4 12 10.2 6.2 8.2 0.2 9.8 0.6 1.8 0.4 0 0.2 1 3.2 2.8 30.4 0 0 0.6 5.4 9.6 7.8 18.2
4.6 0 10 0 0 0 0 1.2 12.8 2 0 0 0 0 0 0 0 0.2 0 0 0.4 0 0 0 0 0 0 0 12.6 0 2.4 0 0 1.8 8.2 18.2 0.2 0 0 14.8 0 0 6.4 1.6 0 22.6 0 0 0 0
0 32.8 12 0 0 0 0 0.8 5.4 0.4 0 0 0 0 0 0 0 0 0 21.6 0 0 0 0 0 5 0 0 3.8 0 0 9.4 0 0 0 3.8 0 0 4.4 11 0 0.2 0 0.2 0 12 0 0.2 0 0
0 0 0 0 0 3 1.8 0 7 0.6 0 0.8 0 0 0 0 0 0 0 4.8 0 0 0 3.4 0 0 0 0 0 0 0 9.2 0 0 0 0 2 0 0 1.8 0 0 0.2 0 0 0 0 0 0 0.4
0 9 0.2 18 0 0 0 0.2 0.6 0 17.6 0.2 0 14.2 9.4 0 0 0 0 5.4 1.2 19.8 0.2 16.2 23.2 0 1.4 0 0 4.4 0.4 0 4.6 8.8 0 2.4 1.4 8.6 0 0 0.2 11.6 8.2 0.2 29.2 0.2 11.2 24.8 0 0
0 0 0 0 0 0 4.6 0 0 0 0 0 0 0 0 0 0 0 0 0 0 0 0 22.2 0 0 0 0 0 0 0 0 0 0 0 0 0 37 0 0 0 0 0 0.4 0 0 10.8 0 0 0
0 0 0 3.4 0 1 0.6 0 0 0.2 0.4 0 5.6 0 0 0 0 0 0 0 12 3.6 0 0 3.8 0.6 0 0 0 0 0.2 0 0.2 0 0 0 0 0 0 0 0 9.4 0.2 0 36.6 0 2.2 0 0 0
0 0 13.8 0 0 0 0.2 21.2 0 0 0.8 0 28.2 0 16.4 0 0 0 18.4 17.6 0 0 0.4 25.8 0.4 15.6 22.4 7.2 0 14.2 23.6 10.2 0 0.8 12.8 0 0 0 0 0 0 0 5.6 0 10.2 2.8 0 0.8 0 8.6
0 0 2.8 0 0 0 0 0 0.4 8.2 9 0 19.6 0.2 0 2 0 0 0 0 0 0 0 1 0 0 0.2 0 0 0 0 0 0 0 7.8 0 0 0 0 0 0 0 2.8 0 0 0 0 0 0 0
0 0 0 22 0 0 0.4 0 0 0 4 9.2 0 0 0 0.4 4.6 0 0 0 12.6 1 0 4 19.4 0 0 2.2 0 0 0 0 0 0 0 0 0 22.2 0 0 0 0.4 0 0 7.8 0 9.8 0 0 0
0.2 0 0 0 0 0 0 0 0 0 0 0 0 0 0 0 0 0 0 0 0 0 0 0 0.2 0 0 12.4 0 0 0 0 0 0 0 0 0 10.8 0 0 0 0 0 0 0 0 1.4 0 0 0
16 0.2 0 0 2.2 0 0.2 0 0 27 9.2 0 0 21.6 0 1.6 0 0 0 0 0 0 0 0 0 11.2 0 0 0 0 0 0 17.8 0 0 6.2 11.6 1.4 0 0 0 0 3.2 0 0 0 0 0 7.6 0
0 0 0 0 0 0 2.6 0 0 0 0 0 0 0 0 0 0 0 0 0 0.2 0 0 0.2 0 0 0 20.6 0 0 0 0 0 0 0 0 0 6 0 0 0 0 0 0 0 0 0.4 0 0 0
0 0 0 0 0 0.2 0 0 0 0 14 0 13 0 0 29.4 0 0 0 0 0 0 0 0 0 0.2 0 0 0 0 0 0 0 0 0 0 0 0 0 0 3 0 0 0 0.2 0 0 0 0 0
0 3.2 0.4 1.2 0.4 0 0 20.2 2.2 49.8 0 0 16.8 12.4 6 0 0 0 21.6 0 20.6 30.2 0.2 0 10.8 0 40.8 0 0 18.6 4 0 0 30 0 0.4 0 0 0 0 0 12.4 1 0 27 0 0.4 0 5.2 0.2
0.6 0 0 0 0 0 0 0.2 0.4 0 0.2 0 0 0.2 7.2 0 0 0 7 0 0 0 9.2 17.2 0 0 45.2 7.2 0 0 14.8 0 0 28.8 5.8 0.2 0.4 0 0 0.2 0 0 0 0 0 0 1.6 5.6 0 0
0 0 0 0 0 0 9.4 0 0 0 0 0 0 0 0 0 3 0 0 0 0 0 0 8.8 0 0 0 0 0 0 0 0 0 0 0 0 0.2 13.6 0 0 0 0 0 2 0 0 6 0 0 0
0 0 0 0 0 0 0.2 0 0 0 0 0 0 0 0 0 0.2 0 0 0 0 0 0 20.6 0 0 0 14.6 0 0 0 0 0 0 0.2 0 0 23.8 0 0 0 0 0 0 0 0 16.4 0 0 0
0 0 0 9.8 0 0 8.8 0 0 0 7.6 0 0 0 0 0 0.6 0 0 0 0 6 0 15.4 0 0 0 10.8 0 0 0 0 0 0 0 0 0 0 0 0 0 13 0 0 0 0 0 0 0 0
0 0 0 2.4 0 0 3.6 0 16.2 0 0 0 0.4 0 0 0 0 0 0 0 0 0 0 0 0 15.2 0 0.2 9.2 0 0.2 0.6 0 4.8 0 0.2 0 0.6 0.2 0 0 0 0 0 0 13.4 0 0.2 0 7.6
1.4 9.4 0 0 0 2.2 2.6 0 0 0 0 3.8 0.2 0 0 10 0 9.2 0 5.6 0.2 0 0 0 14.2 32.6 0 0 3.6 0 0 0 0 0 0 0.2 2.4 3.2 0.2 25.2 0 0 0 3.6 3.4 1.4 0.2 28.8 0 0.4
0 0 0.2 4.6 0.4 3.6 10.8 0 0 0 0 0 2.2 4 4 0.4 1.8 0 0 0.2 0.2 9.4 0 20.8 0.6 6.4 0 0.2 2 3.2 0 4.8 4.6 0 2.6 0 0 24 0 0 0 0 0 0 8 4.8 14.6 14 0 8.6
0 11.6 0 18.4 0 0 0 3 1.8 0 0.4 0 43.2 0 2.2 0 0 0 0 7.8 0 0 0 0 14 13.2 0 0 0.4 3 0 0 0 9.4 9.4 0 0 20.8 0 0 3.4 14.4 0.2 0 25.8 0.2 0.4 0 0 0
0 0 4 0 0 5 0 0 1.4 0.2 0 0 0.6 0 13.6 0 0 0 23 0 0 0 0 0 8.4 17 0 0.6 31.4 20.8 0 0.2 0 2.2 0 0 0 0 0 7.6 0 0 0 0 0 0 0 0 0 0
0 0 0 0 0 7.8 0 0 2.8 12 19 0 13 0 15.6 0.6 2.6 5 4.4 9.6 46.4 5.4 2.2 0 16.8 8.6 25.6 0.6 0 0 1 0 0 0 7.6 17 21.4 19.2 11.4 21 0.4 0 0 0.2 20.4 0 0 1.2 10.2 6
0 0 0 0 0 0 0 0 0 0 21.4 0.2 0 0 0 0.8 0 0 0 0 1.2 0 0 0 0 0 0 0 0 0 0 0 0 0 0 0 0 0 0 0.2 0 0 0 0 19 0 0.2 0 0 0
7.8 0 0 7.8 0 0 0 0 8.8 2.8 1.8 0.2 8.4 0.2 0 24.4 0.2 2.6 0 0 2.6 0.8 0 0 0 9.2 0 0 7 0 0 0 0 0 0.2 0 0.4 0 0 0 0 0 0 0 0.2 0 0 0.4 12.2 0
19.6 0.4 0 0 8.8 0 0 0.4 0 8.2 0 0 0 2.6 4.6 0 0 11.4 0 0 0 0 0 0 0 0.4 3 0 8.6 0 0 11.6 1.8 0 0 0 0 0 0 0 0.2 0 0 0 0 0 0 6.2 20 0.2
19.4 5.8 0 0 0.8 0 0 0 0 0 0 0 0 0 0 0.2 0.4 0 0 0 0 0.6 0 0 0 0.2 0 0 18.4 0 0 0 25 0 0 0 0 0 12.4 1.4 0 0 0 0 0 9.4 0 0 0 0
5 1.2 2 0 0 0 0 0 3.4 0.2 0 0 0 0 0 0 0 0 1.8 0 0 0 0 0 0 13.4 4.4 0 0 0 3 0 0 0 0.2 0.2 0 0 0 0 0 0 0 0 0 0 0 0.2 0 0
0 28 1.6 0.2 0.4 6.4 0 0.4 0 18.2 0 0.8 0.2 10.4 27.6 0 0 0 0 18.4 0 0 17.2 0 2 0 0 4.2 17.4 0 30 0.8 0 4.2 0 29 0.4 0.6 0 0 23 1.8 0 0 12.4 26.6 0.2 0 16.2 17.4
0 0 0 0 0 0 3 0 0 0 0 0 0 0 0 0.2 5 0 0 0 0 0 0 20 0 0 0 23 0 0 0 0 0 0 0 0 0 0 0 0 0 0 0 0.6 0 0 22.2 0 0 0
0 0 0 0 0 0 0 0 0 0.2 0 0 0 0 0 0 0 0 0 0 0.2 0.2 0 15.2 0 0 11.8 8.2 0 0 0 0 0 0 13 0 0 0 0 0 0 0 0 0 0 0 0.2 0 0 0
1 0 0.8 0.2 3.8 0 0 38.8 0 26.4 0 0 0 19.4 7.8 0 0 0.4 0 0 30.6 0 0 0 0 8.8 0 0 0 0 0.2 0 20.4 23.6 6.8 28 5 0 0 1.2 7.4 0 0 8.8 13.2 23.8 0 0.6 32 0
0 0 0 0 0 0 2.8 0 0 0 0 0 0 0 0 0 0.2 0 0 0 0 0 0 0 0 0 0 10.4 0 0 0 0 0 0 0 0 0 15.4 0 0 0 0 0 0 0 0 6.2 0 0 0
0 27 2.6 15.4 0 0 0 49.8 4.2 0.2 2.6 11.4 0 20.2 31.8 0 4.4 0 70.8 1.6 5.4 31.8 11.2 29 17.2 0 51.8 18.6 11.4 16.8 32 0.2 0 56.2 35.8 0 0.4 9.6 6.6 0 12.6 0.4 0 0 62.2 0 6.2 19.4 4.2 0
0.6 0 0 0 0 0 0 0 0 0 0.4 10.6 0 0 0 23.4 0 0 0 0 13.2 0 0 0 0 0 0 0 0 0 0 0 0 0 0 0 0 14.8 0 0 0 0 0 0 0 0 0 0 0 0
0 0 0 0 0 0.8 0 0 0 0 0 0 0 0 0 10.2 0 0 0 0.2 0 0 0 0 0 0 0 0 0 0 0 0 0 0 0 0 0 0 0 0 0 0 0 8.8 0 0 0 0 0 0
0 0 0 0 0 0 0 0 0 0 0 0 0 0 0 0 0 0 0 0 0 0 0 7.2 0 0 0 0 0 0 0 0 0 0 0.2 0.2 0 6.2 0 0 0 0 0 0 0 0 10.2 0 0 0
0 0 0 0.2 0 0 0 0 0 0 0 0 0 0 0 7.2 0 0 0 0 0 0 0 32.6 0 0 0 0 0 0 0 0 0 0 4.8 0.4 0 0 0 0 0 0 0 0 0 0 2.8 0 0 0
0 0 18.4 5.8 0 0 0 0 0 0 3.6 0 0.2 0 0 0 0 0 2 0 1.6 0 0 0 0 14.4 13.6 0 13 2 0 0 0 28 9.4 0 0 0 0.2 0 0 0 0 0 0 0 4.8 0 0 0
11.8 0 0 9.8 0 4 0 0 0 0.2 0 0 0 0 3.4 18 0 0 0 1.4 0 0 0 0 0 0 0 0 0 0 0 0 0.8 0 0 0 0 1.8 0 3 0 0 0 3.2 0.2 0 0.2 3.2 0 0
0 0 0 0.2 0 0 0 0 0 0 9 0 34.8 2.2 0 0 0 0 0 0 0.2 0 0 18.4 0 15.6 0 4.2 0 0 0 0 0 3 6.4 0 0 0 0 0 0 5.4 3.8 0 1.8 0 0 0 0 0
0 0 0 4.2 0.6 0.6 0 0 0 10.6 0.6 0 4.2 0 0 0 0 0 0 0 0.2 0 0 0 0 0 0 0 34 0 0 0 25.4 0 0 0 1.6 0 0 0 0 0 0 0 0 0 0 0 0 20
0 0 0 9.8 0 0 0 0 0 0 0 0 0 0 0 6.2 0 0 0 0 0 0 0 4.6 0 0 0 5.2 0 0 0 0 0 0 0 0 0 0 0 0 0 8 0 0 0 0 3.2 0 0 0
0 0 0 0.2 0 0 12.6 0 0 0 0 0 0 0 0 0 3 0 0 0 0 0 0 10 0 0 0 2.8 0 0 0 0 0 0 0.2 0 0 0 0 0 0 0 0 0 0 0 7.2 0 0 0
0 0 0 1 0 1 0 0 0.2 0 5.2 0 3.6 0 0.2 0 2.6 0 0 0 43.4 25.4 0 1 0 0 0 3.6 0 0 0 0 0 0 0 0 0 1 0 0 0 9.6 0 0 45.2 0 0 0 0 0
0 16.6 0 0 0 0 0 3.8 0.4 0 0 0 0 0 0 0.4 0 0 0 0 0 0 0 16.6 0 0 0 0 0 0 0 0 0 1.4 0.2 0.2 0 0 0 0 0 0 0 4.2 0 0 0.2 0 0 0
0 0 0 0 0 0 0 0 0 0 0 0 0 0 0 0 0 0 0 0 0 0 0 5.8 0 0 0 0 0 0 0 0 0 0 0 0 0 5 0 0 0 0 0 0 0 0 11.2 0 0 0
23.4 0.2 0 0.2 11 22.4 14.4 3.8 0 30.6 12.8 8.6 0 28.4 2.4 0 0 7.2 0 27.2 22.2 9.8 0 0.8 13 29.6 1 0 1.4 0 0.4 0 16 0 12 0 0 8 0 13.4 0 0.2 0 0 3 0 0 29.2 8.4 0
0 0 19.2 0.6 0.4 4.8 9.4 0 0.8 0.2 33.8 0 16.8 20.6 14 0 0.8 0 18.8 0 4.8 8 0 12.4 8.4 21 29.4 22.6 0 31.6 17.6 0 0 52.8 2.6 0.2 0 31.8 0 0 15.4 7.2 0 2 21.4 0 1.2 0 9.4 0
0 0 0.2 0 0 0 0.2 0 0 0 0 0 0 0 0 0 0 0 0 0 0 0 0 7 0 0 0 8.8 0 0 0 0 0 0 0 0 0 18.8 0 0 0 0 0 0 0 0 0 0 0 0
0 0 0 0 0 0 12.2 0 0 0 0 0 0 0 0 0 4.4 0 0 0 0 0 0 0 0 0 0 13.8 0 0 0 0 0 0 0 0 0 9.4 0 0 0 0 0 0 0 0 1.2 0 0 0
5.8 14 0.4 0.2 0 0.6 0 16.6 0.2 0.2 0.2 0 0 0 0.2 0 0 0.4 0 22.2 0 0 0 0 0 0.4 0 0.2 0 1.6 0.6 0.8 0 0 0 13.8 6.6 0 0 6.8 0 13.8 0.2 7.6 0.2 0 0 0 7.4 7
0 0 0 0 0 0 13.4 0 0 0 0 0 0 0 0 0 0 0 0 0 0 0 0 2 0 0 0 0 0 0 0 0 0 0 0 0 0 7.6 0 0 0 0 0 4 0 0 2 0 0 0
0 0 0 7.6 0 0 0 0 0 0 0 12.8 7 0 0 10.6 0 0 0 0 0 0 0 0 22.4 0 0 0 0 0 0 0 0 0 0.4 0 0 0 0 0 1.6 21.8 0 0 0.4 0.4 0 0 0 0
30 21.2 40.4 5 41.2 0 0 0 28.2 28.2 1.6 12.8 1.6 28 8.4 0 0 2.6 0.2 27 11 0 0 0.4 0 0 3.6 0.8 0 0 17.6 13.8 15.2 0 16.4 12.8 37.6 0 43.2 8.2 0 0.2 0 0.6 9.6 42.8 0 0 17.2 21.6
0.4 10.6 0.2 0 0.2 0 0.6 0.2 0.2 0 4 0 0 25 9.2 3.6 0 0 0 18.4 8.2 2.8 0.2 0 0 0.2 0 0 0 0 0 0 0 14.8 0 0 7.6 9.6 9.8 0 7.2 1.8 0 0 23.2 0 0 0 0 0
0 0.2 0 0 0 0 0.6 0 0 0 0 0.2 0 0 0 3 0 0 0 0 0 0 0.2 6 0 8.4 0 0 0 0 0 0 0 0 0 0 0 0 0 0 0 0 8.8 0 0 0 0 0 0.6 0
0 0 0 0 0.4 4 8 0.6 23.2 0 0 0 0 0 0 0.8 0 0.2 0 0 0 0 0 0 0 0 0 0.8 24.4 0 0 0.8 0 0 0 0 0 0 0.2 0 0 0 0 1.4 0 13.4 4.2 12.6 0 0
0.2 0 0 0 0 0 10 0 0 0 0 0 0 0 0 0 0 0 0 0 0 2.2 0 11.8 0 0 0 2.6 0 0 0 0 0 0 0 0 0 0 0 0 0 0 0 0 0 0 2.2 0 0 0
0 0 0 1.4 0 0 0 0 0.2 6.6 0 0 0.4 0 0 4.2 0 0 0 0 0 0 0 0 0 0.2 0 0 16.6 0 0 1.6 13 0 0 0 0 3 0 0 0 0 0 0 0 0.4 0 17 0 5.4
0 0 0 27.6 0 4 5 0 0 0 8 1.2 0 0 0 7.2 0 0 0 0 2.4 14.6 2.8 0 10 0 0 0 0 0 0 0 0 0 0 0 0 0 0 0 0 0.8 0 0 5.6 0 0 0 3.8 0
3 0 6 7.8 0 15 0 0.6 0 0.6 0 0 0.6 0 0 12.6 0 0 20.6 16.4 0.2 0 0 0 0.2 40.4 26.8 0 0 0 11.8 0 10 12 16.8 12.2 0 0 9 0 0.8 10.4 4.8 8.2 15.4 14.4 0 0 1.4 0
0 0 0 0 1.2 0 0 0.6 0 0 2.2 0 0.6 0.2 0 0.4 1.2 0 0 0 14.6 0.2 0.2 24.2 0 0 2.2 0 1 1.2 0.2 0 0 0 0.2 0 0 0.2 0 0 5.2 4 0 0 58.8 0 10.8 0 2.6 0
0.2 0 11.6 13.8 0 3.2 0 0 8.6 0 0.4 0 14 0.4 0 6.4 0 6 7.4 14.6 5 0 0 1.6 11.4 18.4 2.8 0 0 5 0 6 0.2 0.2 0 0.4 3.8 0 5 21 3.4 9.4 0.2 0 0 12.6 0 7 0 0
5 8 1.4 3 0 0 0 0 0 0 0 0.2 0 9.4 0 10.4 0 0 0 0 0 0.2 0 0 0 0 0 0 19 0.2 0 0 0.2 0 0 0 0 0 1.6 0 0 0 0 0 0 0 3.2 0.2 0 0
0 6 0 0 0 0 0 0 0 0 0 0 35.2 0 0 0 0 0 0 0 0.2 0 0 0 6.4 0 0.4 0 0 0 4.6 0 0 10.6 3.8 0 0 0 0 1 0 6.4 0 0 9 0.2 0 0 0 0.2
0 0 0 0 0 0 0 0 0 15.6 0 0 0 0 0 0 0 0 0 0 0 0 0 0.2 0 9.6 0 4.8 0 0 0 0 0 0 0 0 0 5 0 0 0 0 0 0 0 0 0 0.4 0.4 0
0 0 0 1 0 0 0 0 0 0 29.4 0.2 0.2 0 0 0 0 0 0 0 3.8 2.2 0 28.8 0 0 0 0 0 0 0 0 0 0 0 0 0 0.4 0 0 0 0 0 0 48 0 12 0 0 0
0 0.2 0 0.4 0 0 0 7.6 0.4 6.2 0 0 3 3.2 0 0 0 0 0 0 0.4 0 0 5 0 3 0 0.2 0 0 0 0 0 0.2 0 0.2 5 0 0 0 0 0.2 0.8 0 0 0.2 11.8 0 0 0
0 0 0 0 0 0 0 0 0 0 0 0 0 0 0 0 0 0 0 0 0 0 0 36.6 0 0 0 0 0 0 0 0 0 0 0 0 0 0.8 0 0 0 0 0 0 0 0 0.6 0 0 0
0 2 0 0 0 0 0 0.6 0 0.2 3.4 0 2.6 2 3.8 0 0 0.2 0 0 0 0 7.4 0 0 0 0 0.2 0.4 3.2 0 2.2 7.6 0 2.4 11.2 0 0 0.2 0.6 0 0 0.4 4 0 12.8 0.2 0 6.8 9.6
0 0.2 0.2 0.2 0 0 0 0 0 0 6.6 0 6.2 0 0 0.2 0 0 0 0 25 25 0 3.6 0 0 0 0 0 0 0 0 0 0 0 0 0.2 0 0 0 0 10.6 0 0 38 0 0 0 0 0
0 16 6.2 0 0 0 0.2 0 0 0 0 0 0 0 0 0 0 0 0.2 0 0 0 0 5.4 0 0 0.2 4.2 0 0 0 0 0 0 0 0 0 0 0 0 0 0 0 0 0 20.6 3 0 0 0
0 0 0 0 0 0 0 0 0 0 0 0 0 0 0 0 0 0 0 0 0 0 0 17.6 0 0 0 0 0 0 0 0 0 0 0 0 0.2 0 0 0 0 0 0 0 0 0 10.2 0 0 0
0 0 0 0 0 0.2 0 0 0 0 0 0 0 0 0 0 0 0 0 0 0 0 0 0 0 0 0 18 0 0 0 0 0 0 0 0 0 8.6 0 0 0 0 0 0 0 0 5.2 0 0 0
5.8 0 11.4 0 0 2 0 0 0.2 0 0 0 0 0.2 0 0 0 0 0 0 0 0 0 0 0 1 0 0 0.8 0 0 0 0 0 0 0 0 0 9.8 0 0 0 0 1.2 3.8 14.8 0 0 0 8
0 0 0 0.2 0 0 10.2 0 0 0 0 0 0 0 0 0 0 0 0 0 0 0 0 39.6 0 0 0 10.2 0 0 0 0 0 0 0 0 0 0 0 0 0 0 0 0 0 0 7.8 0 0 0
0 0 0.4 0.2 0 0 0.2 0 0.4 25 32.2 0 0.2 27 9.2 15.2 0 0 4 1 22.4 17.6 11.8 8 0 0 0 3.6 0 0.4 18.6 0 0.2 1.8 0 2.8 0 21.8 0 5.2 14.4 0 6.6 0 0 0 5.6 0 13.2 0
0 0 0 0 1 0 0 0 10.2 18 0 0 0 0 0 6.4 0 0 1.4 0 1 0 0 0 0 0 0.6 0 3 0 0 2.4 0 0 0.2 1 0 0 0 0 0 0 8.8 0 0 0 0 0 0 0
0 0 0 0.2 0 10 0 0 0 0 0 0 2 0.2 0 14 0 0 0 0 0 6.6 0 0 0.4 0 0 20.2 0 0 0 0 0.2 0 0 0 0 18.6 0 0 0 1.8 0 0 0 0 5.8 0 0 0
0.8 7.8 0.2 28.6 0.2 0 0 0 26.6 12 0 0 0 0 0 0 0 5.4 0 0 0 0 0 26.2 5 20.8 6.8 6.4 0 0 0 0 0 16.4 0 0 0 0 0 0.8 0 0 0 1.4 0 0.4 6 8.8 0 0.4
0.2 0 0 0 18.2 5.8 0 6 0.4 35 19.4 0 10 24.4 10.2 0.2 0.2 0.2 12 17.6 31.4 11.8 8.4 20.8 9.8 40.8 22.4 12.6 0 0 0 0.2 0 22 0 6.2 0 5.2 0 0 0 16 0 0.4 29.6 5.6 0.2 5.4 0 27.4
0 0 0 0 0 0 3 0 0 0 0 0 0 0 0 0 0 0 0 0 0 0 0 9.4 0 0 0 0 0 0 0 0 0 0 0 0 0 46.2 0 0 0 0 0 0 0 0 2.4 0 0 0
0.6 0 0 0 0 0 0 0 0 10.8 0 0 0 21.4 19.4 0 0 12.8 5 0 0 0 0 0 0 0 0 0 0.6 0 7.6 0 0 0.4 0 24.8 6 0 0 0 0 0 0 0 0 0 0 7.6 0 0
0.4 0 0 5 0 23 9 0.6 2 0.4 18.8 20.6 5.4 0 0 5.2 20 0 1.6 0 18 16.6 2 26.8 33.8 0 0 9.4 0 5 0 0 0 0 1.2 0.2 2 0.2 0.2 0 4.4 15.2 0 0 54.8 0 11.2 0 0 0
0 0 0 0 0 0 0 0 0 8.6 0.2 0 0 0 0 0.2 0 0 0 0 20.4 3.4 0 0 0 0.6 0 0 0 0 0 0 0 0 0 3.8 0 0 0 0 0 8.4 4.2 0 0.2 0 0 0 0 0
0 0 0 1.6 0 0 0 1.8 0 0 0.6 0 12.6 3.4 0 0 0 0 3 0 0 0 0.8 0 0 0.6 16.8 5.4 0 0 0 0 0 5.6 4.8 12 0 0 1.6 0 0 0 0.2 0 0 0.2 3 0 0 0
48.8 25 0 0 7 0.6 0.8 13.4 20.2 18.6 1.8 11 6.4 19.8 11.6 45.8 4.4 12.6 10.2 0 2.6 0.8 0 0 0.6 0 0.2 0 10.8 5.6 0 8.2 33.2 7.4 5.2 0 2.4 0 14 10.8 9.8 7.8 0 0.8 0 16.4 0 17.8 11.6 1
4.8 0 0 0 0 0.2 2.2 0 0 22.4 0.2 11.2 0 0.4 0 16.4 0 4.4 0 0 0 0.6 0 0 0 0 0 0 10.6 4 0 0 0 0 0 9.8 0 0 5.4 0 0 0 0 0 0 0 0 0 8.4 0
0 0 0 0 0 0 0 17 0 0 15.8 0 10.6 5 0 0.2 0 0 11 0 0 10 0 17.8 0.2 0 20 8.8 0 0.2 0 0 3 16.6 0 0 0 0 0 0 0 0 0 0 17.8 0 0 0 0 0
0.2 4.4 0.2 0 3 4.4 0 0 13.2 19.4 0 0 0 0 0 0 0.2 0 0 0.2 0 0 0 0 0 0 0 0 4.8 0 0 0 4.8 0 0 0 0.4 0 0 0 0 0 4.4 0.2 0 1.2 0 0 22.6 1.4
0 0 17.4 0.4 0.2 2.8 0 8.6 6.6 0 0.2 0 18.8 39.6 0 0 0 0 0.2 11.2 6.8 2.6 0 0.6 0 0 17.4 0 0 3.4 0 11.4 5.2 12.8 3.6 0.4 0 0 5.6 5.2 0 0 8.8 0 4.6 0.2 0 0 1.2 0.2
24 0 0 0 0 13 0 13 0 4.6 0 5.4 0 0.6 0 8.8 3.4 28.2 0 0 8 9.4 0.2 0 0.4 17 0 0 17 0 0 16 0 0 1.4 19.6 10 0.6 0.2 0 0.2 4.8 0 0 12.2 62.8 1.2 0.4 14.8 14.8
0 0 0.2 0.2 0 0 0 0 0 0 0.2 0 29.2 0.2 0 0 0 0 0 0 3.2 0.8 0 11 9 0 0 7 0 0 0 0 0 0 0 0 0 13 0 0 0 0 0 0 0 0 0 0 0 0
0 0 0 0 0 0 0.4 0 0 0 0 0 0 0 0 0 0 0 0 0 0 0 0 10.4 0 0 0 12 0 0 0 0 0.4 0 0 0 0 26.6 0 0 0 0 0 3 0 0 0 0 5.2 0
0 0 0 0.4 0 0.2 0 0 0 0 4 0 0 0 0 0 0 0 0 0 13 6.4 0 0 0 0 0 19.8 0 0 0 0 0 0 0.2 0 5.8 0 0 0 0 0 0 0 0 0 4.2 0 0 0
0 0 16.8 10.4 9 0 0 13.8 0 0 4.8 0.2 0 1 0 0 0 0 0.6 0 0.2 6.8 19.8 23 0 10.2 17.6 0 0.8 0 0 0 0 0.2 3.4 8.2 0 5.4 0 0 7.6 0.2 0 0 8.8 0 5.4 4.8 3.8 0.2
16.2 1 10 0.8 5.2 0 4.2 25.8 17.8 24 12.8 0 0 28.6 14.2 0 0 11.2 3.6 0 0 0 5.4 0 0 26 23.8 0 21 0.6 0 0 31.2 14.4 3.4 0.2 0 0 17.2 24.2 11 0 3.4 0 5.2 35.6 0 11.6 1 16.4
8 15.4 0 1 0 0 0 0.2 4.8 0 12 0 0 0 3.8 7.4 0 3.6 0.8 0.2 0.2 13.2 2 0 0 9.6 8.6 0 0.2 0 0 0 0.2 0 11.4 0.6 0 0.2 0.6 0 0 7.2 0.4 0.6 10.2 0 24.2 7.4 4 0
0 0 0 0 0.6 0 6.2 0.6 0.8 0 0.2 0 0 7.8 8 0 3 0 0 0 0 0 0.2 0 0 0 0 0 0 0.2 1 0 9.8 0 0 1 0 0 15.8 0 7.2 0 0 0 0 0 1.4 0 9.2 0
0 0 0 0 0 0 2.8 0.2 0.6 0 0 0 0 0.2 0 7 0 1.4 21.8 0.2 0 0.6 0 27 0 47.6 56 8.8 0 0 0 0 3.6 2.6 7.8 0 0 30.8 0 0 0.2 0 0 0 0 7.6 0 1 0 0
0 3.6 1 0.2 4.8 0 0 7 45 6 0 0 0.4 10.6 0 0 0 1 15.8 0 0 0 0 0 0.8 32.8 10.6 0 26.6 1 0 2 0 16.6 10.6 0 0 0 0 0 0 10.6 0 0.4 10.4 0 0 17.8 10 2.4
0.2 0 0 2.2 0 0 7.8 0 0 0 7.4 10.4 0 0.2 0 14.6 0 0 0 0 0.2 0 0 3.6 0.4 0 0 2.2 0 0 0 0 0 0 0 0 0 0 0 0 0 0 0 0 1 0 7.8 0 0 0
0 0 0.2 0 0 0 0 51.6 6.4 15.6 20.4 0 14.6 0.2 0 10.4 0 0 41.8 24 0.2 3.4 9.6 7 2.6 8.6 34.4 0 0.6 11.6 18.4 0.6 1.6 4.8 28 12.8 0 0 12.4 0.2 10 0 31.6 0 30.2 7.8 0 1.2 0.2 0
23.6 9.2 31.2 17 0.6 0.4 8.6 7 6 24 0 16.6 11.2 0.2 0 0 0 19.2 15.2 0 0.4 1.6 7.6 2.4 22.6 0.2 23.6 14 18.6 23.2 7.4 0 0.4 35.6 2.4 0.8 0.4 7.2 0 17.2 1.2 9.2 0.4 9 0.6 2.2 24.8 46.8 24 0.2
0 0 0 0 0 0 0 0 0 0 0 0 0 0 0 3.8 0 0 0 0 0 0 0 0 0 0 0 0 0 0 0 0 0 0.2 0.2 1.8 0 0 0 0 0 0 1.2 0 0 11 0 0 0.8 0
0 0 0 19.2 0 0 0 0 0 0 7 0 21.2 0 0 0 0.2 0 0 0 0 0 0 17 0 0 0 0 0 0 0 0 0 0 0 0 0 0 0 0 0 0 0 0 4.6 0 5.8 0 0 0
0 1.2 0 0 0 5.8 0.2 0 0.6 0 0 2 0 0 0 0 3 0 0 0 0 0 0 9 0 0 0 0.2 0 0 0 0 11.4 0 0.2 3.6 0 21 0 0 0 0.2 0 0 0 0 8.4 0 9.2 0
0 0 0 0 0 0 8.4 0 0 0 0 0 0 0 0 0 1 0 0 0 0 0 0 18 0 0 0 0 0 0 0 0 0 0 0 0 0 7 0 0 0 0 0.2 0 0 0 0.4 0 0 0
0 0 0 0 0 0 8.4 0 0 0 0 0 0 0 0 0 0 0 0 0 0 0 0 22.2 0 0 0 0.8 0 0 0 0 0 0 0 0 0 19.8 0 0 0 0 0 6.6 0 0 19 0 0.2 0
12.8 14.6 0 4.2 0 4.4 0 0 11 1.6 15.4 1.8 0 0 0 0 0.4 0 18.2 14.6 27.8 5.2 0 0 11.2 2.2 25.2 16.8 6.8 0 0.2 0 0 30.6 0 2.4 9.4 0 0 4.4 7.2 7.6 0.2 0 5.4 6.2 0 24.8 14.4 8
0 0 1.2 0 0 0.6 0.2 0 0 0 0 0 0 14.8 0.4 0 0 0 0 8.6 0 0 0 0 0 12.4 0 0 0.2 0.4 0 0 0 0 0 0 0 0 5.4 1.6 0 0 0 0 0 2.2 0 0 9 27
0 1.2 0 5.6 0 4 12.2 0 0 0 0 4.4 0.2 0 0 0 7 0 0 0 0 0 0 6.4 0 0 0 0 0 0 0 0 0 0 0 2.2 0.2 0 0 0 0 0 0 0 0 0 7.6 0 0 0
0 0 0 0 6.2 0 0 13 0 0.8 0.4 0 0 22.8 0.4 0 0 0 0 0.4 22.8 2.4 0 0 0 2.8 24.8 0 36.4 11.4 28.2 0 0 0 0 13.6 0 0 32.6 30 0 0.4 0 0 0 0.8 0.6 0 0.6 5.6
0 0.2 0.2 0.2 0 0 1.2 0 0 7.8 0.4 0 2.2 0 0 0 0 0 0 0 0 0 0 10.6 0.2 0.2 0 2.6 0 0 0 0 0 3.2 3 0 0 1.8 0 0 0 3.6 0 0 0 3.8 5.8 0 0 0
0 0 0 0 0.4 0 0 0 0 0 0 0 0 0 0 6 0 0 0 0 0 0 0 0 0 0 0 0.2 9.4 0 0 0 0 0 0 0 0 0 1.4 0 0 0 0 0 0 8.6 0 0 0 0
0 10.2 0 1.8 0 3.4 1 0 8.4 1.2 12.8 0 0 18.2 0 6.8 0 0 0 10 19 0 0 5.4 0 27.4 11.6 1.2 16.8 9.8 0 0 0.2 0 5.4 0 2 0 1.8 0 0 0.2 32.2 0 6.8 0 0 24.8 10.6 0
17.6 3.8 13.6 24.4 2.6 11.4 0 0 0.4 0 0.2 20.6 0 0 0 0 2 21 0 15.2 0 0 0 6.4 0 6 0 22.8 0 0 0 3.2 2 6.8 0 20.4 0 5.4 0 19.8 0 0 3 8.8 0 0 0.8 15.6 1 0.2
0 4.4 14.2 0 0.4 0 0 0.2 0.4 19.6 0 0 0 0 4.4 0 0 0 0 45 0 0 0 0 0 20.2 11.4 0 7.2 0 0 0 0 0 10.8 0.8 0 5 0 0.4 0 0 0.4 0 0 0 0 0 4.8 8.4
0 27.6 0.2 20.8 0 0 0 1.4 40.4 0.2 0 0.2 0 0 6.8 9 0 0 1 0 0.4 0 0.6 0 13.2 0.8 2.6 0 0 4.2 3.6 0 0 26 6.8 0 0 0 3.8 0.2 2.4 4.4 5.4 0 15.6 0.6 0 12.8 0 0
0 0 2.2 0 0 0 0 0 0 0 4.2 0 0 0 0 0 0 0 23.2 0 0.2 0.2 0 0 0 14.2 35.2 0 0 0 5.8 0 0 0 5 0.2 0 0 1.8 0 0 0.2 2.2 0 17.2 0 0.2 0 0 0
0 0 0 0 0 0 0 0 0 0 0 0 0 0 0 0 0 0 0 12 0 0.2 0 0 10.6 0 0 0 15.8 2.8 0 0 14 9.6 0 0 0 0 0 0.2 0 0 5.4 0.6 0 0.2 0 0.4 0.2 0
0 0.4 0 0 0 0 3 0 0 6.6 0 0.8 0 0 0 0.2 3 4.6 0 0.4 0 0 0 0 0 0 0 0.4 0 0 0 0 0 0 0 7 0 3.6 0 0 0 0 0 0 4 3 1 0 0 0
0 0 0 0 0 0 7.8 0 0 0 0 0 0 0 0 0 0 0 0 0 0 4 0 7.6 0 0 0 7.6 0 0 0 0 0 0 0 0 0 0 0 0 0 0 0 0 0 0 18 0 0 0
0.2 0 0 1.8 0 8.2 0 0 8 0 0 0 21.8 0.4 6 0 0 1.8 15.2 1.8 0.2 0 8.6 0 19.8 0 20.2 7.2 0 4.4 0 0 0 34.2 0 1.2 1.8 7.4 0 6.4 0 5.8 26.6 0 0 0 0 19 0 0
0 1.4 6.4 21 20.8 0 0.2 26.6 9.2 21.6 0 0 5.4 47.6 29.8 2 4.2 0.2 39.4 1.8 8.8 18.6 5.2 13.2 5.4 0.2 48.4 0 0 23.2 17 0 0 53.2 2.2 0 0 14.6 0 3.2 7.8 15.4 11.2 0 40.2 0 0.2 2.6 5.8 0
0 22.8 0 0 0 0 0 0 0.2 3.2 0 0 0.2 0 0 0 0 0 0 4.8 38 21.2 1 14.4 0 0.4 0 0 0.2 0 0 0 0 1.8 0 0 0 0 0.8 0 6.8 7.2 0 0 27.4 0 0 1.6 0 0
7.8 0 0.2 1.8 24.6 0 0 0 0 44.6 0 3.6 6 13.2 11.6 0 0 0 16.4 0 0 0.4 2 24.8 1.2 0 0 8.4 0 0.2 0 0 6.6 3.4 0.8 0 0 6.6 0 0 3 0 0 0 15 0 1.8 9.4 10.6 0
0 0 0 0 0 0 0 8.2 0 4.4 0.2 0 0 0.2 0 0 0 0 0 0 4 0 0 0 0 14.2 0 0 4.2 4 0 0 0.2 0 0 0 0 0 0 0 0 0 0 0 0 0 2 0 0 8.4
0.6 8.8 0.2 8.6 0 0 4.8 0 0 0 0 0 5.2 0 0 19 0 0 0 0 0 0 0 0 0 0 0 4.4 10 0 0 1.8 0 0 0 0.4 0 0 0 0 0 2.6 2.8 3.2 0 0 0.2 4.4 0 0
6.2 0 0 16.8 0 2.2 0 0 0 0 7.2 8.8 0.2 0 0 11.8 0.6 0 0 0 0 5 0 0 7.2 0 0 0 0 0.2 0 0 0 0 0 0 0 0 0 0.6 0 10.6 0 0 4.6 0 0 0 0 0
0 0 0 3.6 0 0 0 0 0 11.2 0 0 0 0.2 0 0 0 0 0 0 0 0 0 0 0.2 0.6 0 6.4 0.4 0 0 0 0 0 0 0.6 0 13.4 3.6 2.2 0 0 0.4 3.2 0 0 0 0 0 0
0 0 0 0 0 0.8 0 0 0 0 0 0 0 0 0 0 0 0 0 0 0 0 0 10.4 0 0 0 11 0 0 0 0 0 0 0 0 0 12.8 0 0 0 0 0 0 0 0 0 0 0 0
0 17.4 10.2 6.2 0 0 0 17.2 0 23.6 0 0 3.2 42.8 0 0 0 0 0 13.6 0 4.6 4.8 0 0 28.6 0.2 4 0 0 0 0 0 0 0 0 0 0 12.6 0 7.2 0 2.8 0 0 9.6 1.2 0.6 0 7.6
0 0 0 0 0 0 0 0 0 0 1 0 0.2 0 0 7.4 0 0 0 0 0.2 0 0 0 0 0 0 0.4 0.6 0.2 0 0 0 0 0 0 0 0 0 0 0 0.6 0 0 30.4 0 0 0 0 0
3.6 2.2 0 0 1.4 0 0 0 17.8 15.8 0.8 0 0 0 0.4 12.8 0 19.2 0 33 0 0 0 0 0 29.6 0 0 5.4 0 0 0.4 0 0 0 0.8 0 15 0 0 0 0 0 0 0 0 0 10.4 0 11.4
11 23.8 0 0 0 0 0 1.2 0 19.2 0 0 0.8 1.4 0 11.2 0 12.4 0 0 0.4 0 0 0 0 0 9.4 0.4 0.8 4.2 0.4 0 15.8 0.6 0 0.4 0 0.6 0 0.4 0 8.6 1.2 0 0 21.2 0 12.4 15.6 8.6
42.6 13.8 38.2 10 15.4 1.4 0 36.8 0.2 21 0 1.2 0 5.2 8.2 1.6 7.6 16 3.2 0.6 31.6 0 0 2.2 5.4 0 15.8 5.6 27.6 0 30 2.2 11.6 2.2 0 31.8 13.4 4.4 0 15.6 0 3.8 0 11 9.2 92.2 6.2 5.4 10.8 68
12.6 0.2 6.2 1.6 9.6 0 5 0 0 0 0.8 0 0 6.4 2.2 0.8 0 6.6 9.2 0.2 0 0 0 2.4 0 12 11.4 0.6 17.2 0 0 0.2 6.4 0.2 0 0 0 0 0 0 0 0 0 16.6 0 36.4 6.2 0.8 8 11.2
10.8 0.2 1.4 0 0.4 0 3.4 12.6 0.2 13.8 14.4 0 0.2 24.6 0 0 0 0 0.6 0 4.2 7.8 0 6.2 4.4 9.2 0 0 9.8 0 0 7 0 0 6 2.4 0 0.6 31.4 0 0 0.2 0.4 0 8.8 15 0 0 0 0
0 3.4 11.4 0.2 0.2 0 0 0 1.2 0 0 0 0 0 0 0 0 8 0 4.4 0 0 0 0 0 0.2 0 0 36.2 0 0.8 7.8 0 0 0 0 0 0 0 0.6 0 0 0 8.8 0 4.8 0 0 0 0
0 0 0 0 0 0 0 0 0 0 0.2 0 10.8 0 0 0.4 0.2 0 0 0 11.2 0 0 0 0 0 0 0 0 0 0 0 0 0 0 0.6 0 0 0 0 0 4.2 0 0 22.4 0 0 0 0 0
34 0 12.4 0 0 11 0 0 0 0 0 0.2 0 0 0 0 0 5.4 0 0 0 0 0 0.4 0 15 0 2.6 19.8 0 0.2 6 29.2 0 0 20.2 15.2 14.8 0 11.8 0 0 0 25 0 40.2 0 7.6 0 45
0 0 0 0 0 0 2.6 0 0 0 0 0 0 0 0 0 0 0 0 0 0.6 0 0 22.2 0 0 0 1.4 0 0 0 0 0 0 0 0 0 1 0 0 0 0 0 0 0 0 8.2 0 0 0
0 0 0 0 0 0 7.4 0 0 0 0 0 0 0 0 0 0 0 0 0 0 0 0 15 0 0 0 0 0 0 0 0 0 0 0 0 0 10.6 0 0 0 0 0 0 0 0 6 0 0 0
0 0 0 0 0 0 0 0 0 0 7.4 0 0 0 0 0 0 0 0 0 0 14.2 0 0 0 0 0 0 0 0 0 0 0.4 0 0 0 0 10 0 0 0 0 0 0 5 0 5 0 0 0
7.4 0 0 0 0 9 0.2 3 0 25.2 0 14.8 0 21.6 1.2 6 0 0.6 0 9.2 0 0 0 0 5.8 4.4 0.2 0 1.4 0 0.4 6.2 0 0 0 3.2 0 0 0 0.2 0 6 0 0 0 0 1.2 0 7.8 0
0 0.2 0 10 39.2 7.6 0 6.2 0 13 6.6 13 0.6 0 25.2 0.2 0 18 27.8 68.8 24 9.6 0 0 17.6 0.2 23 8 0 13 0 0.4 0.2 28.2 6.6 0 3.4 5.6 4.6 1.4 10.4 9 11.4 0 21.2 0.2 0 0 0 0.6
0 0.4 0 0 0 0 0 1.4 0 0 0 1.8 8.4 0 0 0 0 0 0 0.2 0 0 2.8 0 0 0.2 0 0 0 0.4 0 0 0 1 0 0 0 0 0 0 0.2 0 0 0 12.2 0 0 0 0 0
0 0 0 32.4 0 0 0.4 11 14 0 0 0 0 9 0 0 0 8.6 20.4 11.8 0.2 8.2 0 6.8 2.4 13 20.4 1.6 0 16.8 0 4.4 0 36.6 12.2 0.6 0 0 0 0 2.6 0 0 0 9.6 0 0 0 0 0
0 0.6 0 0 0 0 0 0 0 0 0 0 0.4 0.4 0.4 5.2 4.2 0 0 0.2 1.8 0 0 0 0 0 0 2 0 0 0 0 0.2 0 0 13.4 5 5.4 0 0.2 0 0.2 0.2 0 5.2 0 0 0 0 0
0.2 0 0.4 0 0 0 0 0 21.8 0 0.4 0 16.6 0.2 0 21.6 0.2 0 6.2 0.4 0.2 4 0 1.4 0.6 23.8 0 4 0 2.4 0 0 0 0 0 7.8 0 0 0.2 0 0 6 0 0 3.2 10.8 0 0.6 0 0
15.6 19.4 0 12.8 0 11.4 0 0 15.4 2.2 0.2 0 20.4 15.8 0 3.4 0 0 7.8 1 19.2 0 0 0.6 8.6 5.6 15 3 7.8 0 0 0 0 25.6 17.4 4 0 0 0 19.8 0 0 0 0.2 9.6 0 1.8 21 3.4 0
9 0 0 7.8 3.4 4.6 1 10.6 1.8 21 0.4 0 0.2 0 0 0.2 0 0 0 18.6 14.8 10.8 0.8 18 3 0.2 7 0.2 25.6 0 0 0.2 0 0 0 0 0.2 0 7.6 0 0 16.4 13.6 0 0.2 0 8.2 7.6 0 0
0 1 0 23.2 0 0 0 4 3 0 0 0 5.8 0 0 0 0 0 0 0 1.2 13.6 0 0 0 2.6 0 0.2 10.4 0 0 0 0 0 0 1 0 0 0 0 0 10 18.6 0 19.8 7.8 0 0 0 5.8
0.2 0 0.6 9.2 0 3.8 0 0 0 0 0 0.2 0 0 0 3.4 0 0 0 0 18.4 0 0 0 0.6 0 0 1.4 0 0 0 0 0 0 0 0 0 0 0 0 0 0.2 0 0 0 0 0.4 0 4.6 0
1.6 0 0.2 0.2 0 0 0 6.4 10.4 23.8 0 0 0.2 0 0 0 0 0 0 19.4 18.8 7.2 0 1.4 0 21 7.2 0 3.6 1.8 0 0 0.4 0 0 14.2 0 0 0 0 2.4 0 0.2 0 0.2 12.2 0 11.8 0 0.4
0 35.2 4 0 0 0 0 43.4 0.6 0 0.6 0 10.4 6.8 8.4 0 0.2 0 0.2 8.6 0 0 7.2 9.8 0.2 2.6 13.6 0 0.4 8.2 6.4 0.2 0 1.4 0.2 0 0 0 2.8 0 0 0 5.6 0 1.6 13.6 0 0 0 24.8
0 0 20 3.2 0 0 0 0 0 0 0 0 0.2 0 0 0 0.6 0 3.4 0 0 1 0 13 0 0.4 0 1 0 23.2 0 2.6 0 0 2.4 0 0 0 0 0 0 11.2 0 0 11.2 0 3.4 0 0 0.2
0.2 0 0.2 0.2 13 0 0 0 0 0 22.6 0 0 39.8 5.8 1.8 0 0 11.8 0 18.6 23.8 10.4 0 0 0 51.6 0 0 23 8.4 0 0 18.4 3.6 0 13.6 0 9.8 8.6 11.8 2.8 0 0 48 0.2 0 10 0 0
28.4 0 2.2 12.2 0 0 10.6 0 0 0 0 0 0 0 0 15.6 0 7.8 0 2.4 1.6 0 0 0.2 9.8 0 0 0 0 0 0 0 0 0 0 0 0 3.6 0 0.2 0 0 0.2 0 0.2 0 0 0 3 0
0 0 0 0 0 0 0.2 0 0 0 0 0 0 0 0 0 0 0 0 0 0 0 0 27 0 0 0 0.2 0 0 0 0 0 0 0 0 0 29.6 0 0 0 0 0 0 0 0 0 0 0 0
0 3.6 3.4 0 0 0 0 0 0 0 0 0 4 0 0 0 0 0.2 0 0 7 0 0 0 2.6 4.2 0 0 0 4.6 0 0.2 4.8 9.4 9 0 0 11.4 0 0.6 0 0 0 0 0.2 0 0 9.8 0 0
0 0 0 0 0 0 2 0 0 0 0 0 0 0 0 0 0 0 0 0 0 0 0 34 0 0 0 0 0 0 0 0 0 0 0 0 0 10.8 0 0 0 0 0 0.2 0 0 0 0 0 0
0 0 0 0 0 0 0 0 0 0 0 0 0 0 0 0 0 0 0 0 0 0 0 31.2 0 0 0 9.8 0 0 0 0 0 0 0 0 0 4.4 0 0 0 0 0 0 13.6 0 11 0 0 0
0 14.6 0 0 0 0 0 21.6 5.2 4.6 1.2 0 1 27.4 13 0 0 0 0 0.2 16.6 13 8.4 11.6 5.4 0.2 0 9 0 13.4 1.6 6.8 0 0 0 0 13.8 0 0.2 0.8 19.2 0 20.8 0 0.6 0 0.2 2 11.2 0.4
4.6 9.2 0 0.4 0.6 0 1 12 0 37.6 8.2 0 0.4 0 0 0 0 0 0 6.6 0 0 0 11 0 50 0 0 21.6 0.4 0 0 0 0 0 1.4 0 9.8 0 0 0 0 25.4 0 0 16.2 2.6 0.4 0 35.6
0 1.2 16.2 6.8 0 0 5 0 19.4 0 0 0.4 0 5.6 22.4 0 0 0 0 8.6 0 0 0 0.2 0 2.2 1.4 0.4 0 18.6 0 22.8 16.8 18.6 0 0.2 0 0 0 25.8 0.4 7.8 0 6.8 0 15.4 1.8 0 17 0.2
0 0 0 0.6 0 0 0 0 0 0 1.8 0 0 0 0 0 0 0 0 0 26 5.2 0 0.4 0 0 0 0.2 0 0 0 0 0 0 0 0.2 0 0.2 0 0 0 0.2 1.6 0 29.4 0 0.2 0 0 0
0 0 0 0 0 6.8 0 0 0 0 0 1.8 0 0 0 0 2.8 0 0 0 0.6 0 0 0 0.8 0 0 0 0 0 0 0 0 0 0 0 0.4 7.8 0 0 0 0 0 0 0 0 0 0 3 0
8.6 0.4 0 2 0 0 0 3.8 0 0 0 0 28 0 17.8 0 2.2 2.2 0 43.2 0.2 1.2 8.8 0 26.4 0.2 20.2 0.2 22.8 13 7.8 0 0 43.8 14.8 8.6 0 0 0 0.4 6.4 0 0.4 5.8 0 0 0 15.8 0 0
0 12.2 12.8 0.2 5.6 9 2.6 27 28.6 10.2 0.2 0 18.4 0 18.8 0 3.8 0.2 25.6 55 0 10.4 2.8 5.6 17 0.2 40 0 0 6.2 17.8 11.4 0 28 4.8 9.2 0 0.2 0.6 0 16.6 15.8 0 0 5.4 0 1.2 3.2 7.6 5.8
2.8 0 17.6 26.2 1.8 1.2 0 11.2 70.4 0 0 14.4 2 0 16.2 6.4 0 15 0 0 0 1.8 0.4 0 8.8 0 0.4 0 30 12.6 5.2 14.6 14.6 13.8 7.6 13.2 7.6 16.2 9.8 60.4 3.6 0 0.6 0 0 37 5.2 4.6 5.6 37.2
0.2 0 23.8 20.6 29.6 8.8 0.2 0 0 0 13.6 0 9.4 34.8 8.8 0.6 6.4 0.2 6.4 0 5 12.2 0 0 0 0 11.4 10.2 0 15.4 0 0 0.6 6.6 0 0 15.2 0 1.2 1 4 10.6 0 0 6 0 0 0.4 25.8 0
22.8 0 5.6 0 28.2 0 12.6 10.4 0 25.6 3.6 0.8 0 18 0 0 0 2 4.2 0 31.6 0 7.4 0 0 29.6 7.6 0 32 0 17 0 19.6 0 0 0.4 8 17.6 21.8 11 0 0 3 0.8 16.8 34.6 0 24.4 1 0
0 13.8 2.6 3.2 0 0 0 0 7.8 0 0 0 0 0 0 0 0 0 4.4 0 0 0 0 0 0 0 0 0 15.4 0 0 0 9 0 0.4 0 0.2 0 0 1.8 0 0 0 0 0.4 0 2.6 23.4 0 0
0 0 0 0 0 0 26.4 0 0 0 0 0 0 0 0 0 0 0 0 0 0 0 0 0 0 0 0 0 0 0 0 0 0 0 0.2 0 0 7.6 0 0 0 0 0 0 0 0 3.8 0 0 0
0 13.2 0 0 7.8 0 5.4 0 0 0 0.4 0 1.8 0 0 0 0 0 0 5 53.2 0 0 2.4 10 0 0 0 0.2 0.2 0 0 0.6 0 1.4 1 0 0 0.4 0 0 0 0 0 23.2 4.8 0 0 0 0
0 19.6 0 0 0 0 1 26 0.6 0.2 1.2 0 2.2 0.2 0 0 0 0 0 18.4 1 0 5 2.8 0 21 9.6 0 0.4 4.4 1.2 0 0 0 0 0 0 0 0 0 0.2 0 0 0.2 15.2 0 3 0 0 15.6
6.6 5.8 0 0 0 8.8 0 38.8 43.6 17.6 0.2 15.4 53.4 0 54.6 0 0 8.6 61 61 0 13.8 12.8 11.4 27.4 0.2 76.2 32.6 6.8 45.6 22 0 6.4 52 4.6 1 0.2 23.4 0 0 16.6 0 23.2 0 5.2 0 0.2 34.4 0.2 26.4
1 0 0 13.2 0 15.6 0 0 0 0 0 0 0.6 0 0 10.2 3.4 0 0 0 34.2 5.6 0 0 0 0 0 0 0 0 0 0 0.2 0 0 0 0 0 0 0 0 0 0 0 13 0 0 0 0 0
0 5.4 12.4 0 0.4 0 13.8 0 0.8 0 0 0 0 0.2 0 0 0 0 0 0.4 0 0 0 0.6 0 0 0 0 0 0 0 0 0 0 0 2.2 0 4.6 0 0 0 0 0 0 0 0 4 2.2 1 0
25 0 0.2 25.8 9 7.4 0.2 24.6 0 0 0 12 3.4 0 43.6 0 1 23.8 60.8 61.6 10.4 11 11.6 0 28.6 0.2 30.6 0 6.6 19.4 49 0.2 0 37.2 19.2 11.2 17 0 0 6.2 26.4 6.8 4.6 0.4 29.4 10 0 0 0 6.6
5.8 0 0.2 4.4 0 0.6 0 25.8 1.4 23.4 0.8 0 19.2 27.8 0 6.2 0 0 23 0.2 0.2 0 13.4 0 6.2 12.2 39.8 0 0 9.4 4 5.6 1.4 24.2 0.2 0 0.4 13.2 0.2 8.6 18.2 0 0 4.2 45 7.6 0.2 13.4 17.2 2.4
0 0 0 0 0 0 0 0 0 0 0 0 0 0 0 0 0 0 0 0 0 0 0 24.2 0 0 0 0 0 0 0 0 0 0 0 0 0 0 0 0 0 0 0 0 0 0 2.8 0 0 0
0 0 0 0 0 0 0 0 0 0 0.2 0.2 0 0 0 0 0 0 0 0 0 0.2 0 6.2 0 0.2 0 25.2 0 0 0 0 0 0 0 0 0 9.8 0 0 0 0 0 0 0 0 1 0 0 0
0 0 0 0 0 0 0 14.6 0 0 0.4 7.6 5.4 0 0 0 0 0 0 23.6 11.2 0 3 0 0.2 7.2 0 0 0 0.2 0 0 0 2.4 0 5.4 5.2 0 0 5.8 0 0.2 0 0.2 0.4 7.4 0 0 4.6 0
0 0 0 0 0 0 4.2 0 0 0 0 0 0 0 0 0 3 0 0 0 0 0 0 20.4 0 0 0 1.4 0 0 0 0 0 0 0 0 0 21 0 0 0 0 0 0 0 0 16 0 0 0
0 0 0 16.6 0 0 0 0 0 0 0 0 0 0 0 0 0 0 0 6.4 5.2 0 0 8.6 5.6 0 0 0 0 0 0 0 0 0 0 0 0 0.4 0 0 0 0 0 0 0 0 9.4 0 12.8 0
14.8 0.2 0.2 0.6 16.2 7.2 0.8 38.8 45 0 2 4 30.8 15.6 12.4 1.6 3.2 7.2 17.8 27.6 6.4 0.6 23.2 24.4 0 0 6.6 0.2 0 18 11.8 0 9.6 8.8 6.2 0 0 10.2 3.2 0.2 4.6 7.6 23 5.2 0.6 0.6 27.2 0.8 18 0
0 0 0 25.6 0 0 0 0 0.2 0 0 0 0.2 0 0 0 0 0 0 5 14.4 23.8 0 0 0 0 0 14.6 0 0 0 0 0 29.4 0 0 0 11.6 0 0 0 1 0.4 0 6.4 0 0 14.4 0 0
0 1 1 0 0 3.6 4 0 0 38 0.4 0 0.4 23.4 0 8.4 0 0 0 1.4 4 0 0 0 0 2 1.2 0 0 0 0.2 0 0 5.4 0 0 0 15.8 0 0 0 0 5 0 0 0 7.6 8.2 0 0
0 0 0 0 0 0 0 0 0 0 8.6 0 15.6 0 0 0 0 0 0 0 6.6 0 0 0 0 0 4 0 0 0 0 0 0 0 0 0 0 0 0 0 1 0.8 0 0 8.4 0 0 0 0 0
0 35.2 0 0 0 0 0 26.4 0 0 0.4 3.4 1.6 32 0 3 0 0.2 8.8 14.6 0 3.6 15.6 0.2 0 0.2 19.2 0 0 4.8 0 0.2 0 0 0 0 0 0 5 0 15 0 9.8 0 16.6 0 0 0 0.2 17
0 14.8 0 13.6 0.2 0 0 23.8 18.4 0 15.4 5.2 27.4 14.2 35.8 0 0 2.8 31.8 0.8 11.6 1.4 5.2 0 0 0.2 16.6 0.8 0.2 32.6 27.6 0 0 72.4 9.8 0 0 0 10.6 7.6 17.6 8.4 0 0 0.2 0 0 21 0 0
23.2 0.2 16 2 0 0.2 0 0 11.8 0.2 5.8 7.6 10.8 0 0 35.8 0 0 0 7.8 10.8 2.4 0 4 7.8 25.2 5.2 0 20.2 0 0 0 0 0 0 3.8 0 0 0 0 0 0.6 36.4 2.8 0 36.6 0 0.8 0 14
6.6 18 28.8 6 16.4 10.8 0 13.4 0.2 0.8 9.8 7.4 9.8 26.2 4 0 9.4 0 14.6 27.4 8 0 0 5.2 0 0.6 23.8 0.6 33 17.6 0 0.2 13.2 58 8.4 0 0 5 5.4 16.2 3 3.8 16 0 7.8 33.8 0.2 26.4 0 14.2
0.4 0 0 26.6 0 4.6 0 0 0 0 9.2 15.2 38.8 0 0 0 0 0 0 0 0 6 0 27.4 23.4 0 0 16.2 1 0 0 0 0 0 0 0 0 7.6 0 0 0 0.2 0 0 20 9.2 20.2 0 0 0
0 4.2 2 0 0 0 0 33.8 0 16.6 0.6 0 17.8 0 30.2 0 0 1.4 10.2 30.4 0 0 22.8 0 0 0 13.8 0 0 17 20.6 14.4 8.6 11.6 0 0.6 0 0 22 9.4 12.2 0 13.2 6.4 0.8 42.8 0 1.8 17.6 19.2
23 0.2 0 21.4 0 12.6 7.8 0 0 0 8.2 0 2 0 0.2 11.4 0.2 30.4 0 0 24.8 0 0 3.8 7.6 30.8 0 0.4 19.6 0 0 0.2 18.8 0.2 2.4 9 0 12.6 0 16.4 0 0.6 0.4 0.4 11 14.4 0 0 0 8.2
27.2 0.2 14.8 0 0 15.4 9.6 22.6 20 6 1.2 1.2 31.4 5 0.4 13.4 0 0 15.2 28.8 13.2 10.2 0 9.8 0 22.8 0 1.4 9 0 2.4 5.2 0 10.8 7.4 0 12 8.8 0.6 0.8 0 0.4 10.6 0 0 4.8 0 0.2 0 0.2
0 32.4 8.6 0.2 0 4 5 20.6 0 2.6 7.2 0 0 14.2 0 0.2 0.2 0.2 0 4.6 0.2 0 0 3.8 0 0 0 0 0 0 13.2 0 0.2 1 0 4.4 10.6 0 13 0.6 0 0.2 22.4 0 12.4 3 0 0 0 0
46 3 0 0 22.8 12.2 0 23.4 23.4 0 1.2 11.6 8.6 0 22 21.2 0.4 27.6 0 14.6 8.8 0.6 0 0 0 0 0.2 15.4 6 0 18.6 9.6 2.2 2.4 0 19.8 4.4 9.6 0.4 25.2 0.4 0.2 12.4 15.6 3.2 24.2 0.2 0.4 11.6 0.6
0 0 0 1.6 0 0 0 0 0 0 0 0 0 0 0 1.6 7.4 0 0 0 0.6 0 0 13.4 0 0 0 0 0 0 0 0 0.4 0 0 0.2 0 0 0 0 0 0.4 0 0 0 0 4.4 0 0 0
0 35 13.6 0 0 0 0 0 0 8.6 0.8 0 0 22.8 7.4 0.2 0 0 15.2 14.6 12.6 1.4 21.4 0 2.8 15.4 39.4 8.4 33.2 7.2 14.8 0 0.8 35.6 17.4 4.4 0.8 0.2 0 0.4 4.8 15.8 9.4 0 21.6 25 0 16.4 0.6 0
0 0 0 0 0 0 0 0 0 0 0.2 0 0 0 0 0 0 0 0 0 0 0 0 16 0 0 0.2 6.8 0 0 0 0 0 0 0 0 0 0 0 0 0 0 0 0 0 0 2.8 0 0 0
0 0 0 45.6 10 5 0 25.4 0.2 0 2.2 5.4 0 32.2 35.6 0 7.2 1.8 25.6 9.2 22.2 26 15 0 16.2 2.8 44.6 20.6 10.8 40.8 25.4 7.6 4.6 51.4 30.6 0.2 8.8 0.2 34.6 51.8 9 14.4 8.6 0 12.8 15.8 0 11.8 0.2 7.8
0 0 0 0 0 0 0 0 0 0 0 0 6.8 0 0 0 0 0 0 0 11.6 1.4 0 12.6 0 0 0 0 0 0 0 0 0 0 1.2 0 0 4 0 0 0 0 0 0 0 0 5.4 0 0 0
18.2 19.6 0.8 18.8 0 4.2 0 0 1.8 22.4 0 0.4 12.2 9 0 0.4 0 41 2.2 35.4 0.8 0.4 0 0 0 26.4 1.2 5.2 0.2 0 5.2 0 0.2 5.2 0 1.2 0.8 16 0 19.4 0 4.6 0 3.8 0.4 33.2 0.2 18.2 0 0
0.2 0 0 0 0 9.6 12 0 0 0 5.2 11.4 0 0 0 8.6 0 0 0 0 10.4 0 0 0 0 0 0 0 0 0 0 0 0 0 0 0 0.2 0 0 0.4 0 0 0 0 4.2 0 0 0 8.8 0
0 9 0 0.2 0 0 0 16.4 6.6 0.2 0 0 16.4 1 2.6 0 0 3.2 0 64.2 0 0 0 0 0 23 8.6 0 1.2 11.2 7.4 0 0 0 3.6 7.6 0 9 24.8 0.6 0 0 0 0 0 0 0 0 10.2 0
61.8 0 35.8 11 11.2 2.4 1 22.8 0 0 7.4 0 1 0.2 0.2 0.8 1 12.6 11.8 13 20.8 9.6 0 0 13 8.8 21.4 1 17 26 34.2 36.8 39.2 36.6 0 0.2 0 0 11 11.6 5.2 0 0 23.2 0 47 0 34.8 11.4 53.2
0 0 0 0 0 0 4 0 0 0 0 0 0 0 0 0 0 0 0 0 0 0 0 13.2 0 0 0 0 0 0 0 0 0 0 0 0 0 0.4 0 0 0 0 0 0 0 0 10.4 0 0 0
0 0 0 0 0 3.4 0 0 0 0 0 0 13.2 0.2 0 7 10.6 0 0 0 0.2 0 0 0 0 0.2 0 8.8 0 0 0 0 0 0 0 0 0.4 0 0 0 2.6 4.4 0 0 4.2 0 5.6 0 8.2 0
24 29 4.8 0 29 0 4 60 1.4 0.2 10.6 0 3 37 22.6 0 0 0 1.6 0 0 0 0 10.2 0 22 60.6 0.2 22.6 4.4 8.4 5.2 0 11.8 18.6 6.6 0.4 11.6 0 0 15 0 0 3.8 0 35.8 0 29.4 7.2 59
33.4 15.2 25.2 0.2 10.8 0 2.2 0 0.2 0.6 0.6 0 0 0.2 0 0.4 0 4.8 0 14.2 0 0 5.2 0 0 4.8 0 0 14.4 0 5 44 20.6 0 0 23.4 12 0 18.8 0 0 0 22.2 7.2 0 79.2 0 0.4 0.2 28.6
0 4.8 18.2 0 0 0 0 28.2 0 30.8 9.6 0 0 3.4 11.8 0 0 0 15.4 31 0.2 0.2 0 0 4 3.8 33.4 0 6.6 15.8 8 6.8 0 3.8 0.2 5.6 0 0 0.4 0 0 0 14 10.4 7.2 60.2 0 0 0 50.2
0 0 0 1.2 11 0 0 22.8 0 0.6 6.6 0 0.2 53.6 9.6 0 0.2 0 29.6 0 34 18.6 15 11.8 14.6 0 12.8 9 0 0 0 0 0 22.2 0.4 1 0 0 14.2 5 35 18.8 0.4 0 25.8 0.2 0 3.2 4.2 2.4
0 1.4 20.8 2.2 0 9.2 4 0 22.8 0 0 0 0 0 0 0.8 0 0 0 11.8 0.2 0 0 0 0 6.2 0 1 15.6 0 0 0 23 14.2 0 0.4 2 11.2 0 0 0 0 0 0 0 0.2 0 22.6 0 0.4
21.8 0.2 0 0 6.8 0 0 0 6.2 36.2 0 0 0 0 0 6.4 0 0 0 0 0.6 0 0 5 0 9.8 0 0.8 1 0 0 0 0 0 0 0.6 0 0 0 0 0 4.2 0.2 0 0 0.2 0.4 6.2 8.4 0
0 0 0 0 0 0 0 0 0 0 0 0 0 0 0 0 0 0 0 0 0 0 0 19.8 0 0 0 0.2 0 0 0 0 0 0 0 0 0 0 0 0 0 0 0 0 0 0 15 0 0 0
0.2 0 15.8 0.2 0.8 0.6 0 20.6 0 13.2 0 0 1 0.8 5.8 14.2 0 0 0 0.2 4.4 4 22.2 0.2 0 0.2 0 0 1.2 0 22.6 0.2 15.4 2.8 0 0 0 19 34.4 14.8 3.6 0.2 0 0 15.2 38.2 0 9.2 9.6 0.2
0 0 0 0 0 0 0.8 0 0 0 0 0 0 0 0 0 0 0 4.2 0 0 0 0 9.8 0 0 0 8 0 0 0 0 0 0 0 0 0 5.2 0 0 0 0 0 0 0 0 0 0 0 0
0 0 0 4.2 7 0 0 8 0 0 0 0 23 11.2 21.8 1.8 0 0 12.6 0 2.4 12.2 0 10 19.6 0.6 54.6 0 0 10.4 8.6 0 0 34.8 3.2 0 0.2 0 0 0 0.4 6.2 0 0 24.4 0 0 0 0 0.8
14 0 1.8 0.4 0 1.8 0 0.4 13.8 0.6 0 3.8 0.2 0 0 11.6 0 0 0 0 0 0 0 0 0 0 0 0 21 0 0 0 4.2 0 0 16.8 17 0 2.2 0 0 0 0.2 5.2 0 46 0 0 9.2 21.8
0 0.2 0.2 0 0 0 0 0 0 0.4 0.4 0 0.2 0 0 0.2 0 0 0 0.2 1.8 0 0 0 2.6 0 0 0 46.4 0 0 3.6 0.4 0 0 0 0 10.8 0 11.6 0 0 1.2 0 0 0 0 15.4 3.4 0
0 0 3.2 27.4 0 0 0 0 0 15.8 3.2 7.2 0 0 0 0.2 0 0 0 0 28.2 0 0 4.6 0 19 0 17 0 0 0 0 0 0.4 0 0.4 0.6 0 0 0 0 8.6 0.2 0 0.2 0 0 18.4 0 7.4
0 0 0 0.4 0 0 0 0 0 0 0 0.2 10.8 0 0 9.2 0 0 0 0 8.2 0.6 2.4 17 5.2 0 0 4.4 0 0 0 0 0 0 0 0 0 2.8 0 0 0 1.6 0 0 0.2 0 0 0 0 0
3.8 0 40.6 0 0 0.2 4.2 9.6 5 0 8.6 0 0 0 0 0.6 0 0 0 14.8 0.2 0 0 0 3.2 0 1.8 0.6 23.2 0 0.6 13 0 0 0 0 0 5.6 0 0 0 0 7.8 0 0 40.6 0 0 4.4 40.6
0 23.8 35.6 0 0 0.2 0 0.2 0 0.4 0 0 0 0 3.2 0 0 0 6.8 1.4 4.6 0 0.2 0 0 26.4 28.8 0 0 26.6 13 6 0.2 0 0 0.2 0 0 18 0 7.2 0 0.2 0 0 45 0 0 0 10
13.8 0.2 0.2 0.2 0.4 0 0 10.4 4.8 0 0 8.4 0 0 6.4 15 0 28.4 2.4 14.2 8.2 0.2 0 4.2 4.8 16.4 17.4 2.2 0.8 7.8 0 0.6 23.6 8.2 0 0 0 6.8 5 22.2 0 7.4 33.8 13.8 0.8 23.6 0 23.6 30.8 0
0.2 13.6 27.6 0.4 12.2 0.2 0 0 0.2 24 15.8 0 0 0.2 6 5 0 0 20 0.4 19.6 7.8 3 20.4 0 21.6 26.6 2.4 30.8 12.6 6.8 0 0 28.6 0 0 0 10.2 18.4 0 0 0 0 0 6 0 7.6 4.4 0 42.4
4.2 0 0 0.2 0 9.2 0 0 0.6 0.4 0 0 4.6 2.8 0.8 17.4 0 4.8 0.2 0 8 0 0 0.6 0.2 3.6 0 12.2 0 0 0 0 0 0 0 2.8 0 13.6 0 0 0 0 0 0 0.8 1.4 0.6 10 0 0
0 0 0 0 10 0 3 30.4 8.8 15.6 0.4 0.4 2 60 0 3.2 0 0 0 0 0 3.4 5.2 0 0 3.4 23.8 0 0.4 11 15.8 0 0.2 0 0 32.6 0 0 12.2 0 0.4 29.8 1 0 5 0.8 0 4.2 0 0
17.6 0 17.8 0 0 0 3.6 0 0 22.4 0 0 0 0 0 0 0 0 0 0.6 0 0 0 0 3 6.6 0 0 9 0 0 0 0 0 0 0 0 1.8 0.2 0 0 0 0 0 0 7.8 0 16.4 2.2 0
0 0 11.8 0.6 0.4 0 0 0 0 2.8 6.2 0 0 0 0.4 0 0.2 0 18.4 4.4 0 32.4 3 17 6 3.4 42.8 0 0.4 0 5.6 0 2.4 22.2 23.6 0.2 0 11.2 0.2 0 0 4.6 4 0 41.6 0 0 14.2 0 0
0 0 0 0 0 0 2.2 0 0 0 0 3.8 0 21.6 0 0.2 0 0 0 0 0 0.2 0.2 6.8 0 0 0 0 0 0 0 1.2 0 0 0.6 0.2 0 10 0 0 0 0 0 0 0 0 0 0 0 0
23.4 0.2 15.6 23.4 0 0.6 11 0 14.8 14.2 0 0 3.2 0.2 10.4 0.4 2.2 27.4 0 0.2 0.4 10.8 0 0.2 31.6 0 14 5.4 0 10 9.8 7.4 30 0 0 2.4 16.2 17 0 16.2 0 0 2 0.2 11.8 18.4 1.8 8.2 23.8 17.2
0 0 0 0.4 0 0 0 0 0 0 0 0 0 0 0 0 0 0 0 0 0 0 0 5.6 0 0 0 13.4 0 0 0 0 0 0 0 0 0 6 0 0 0 0 0 0 0 0 5.6 0 0 0
0 0 0 1.4 0 0.4 0 0 0 0 0.8 10.8 0.2 11.2 16.2 0 0 0 4.6 14 0 0 11.6 0 8.4 0 0 0 0 3 12.8 2.4 0.8 1 0 0 0 0 0.2 0 0.6 13.6 0 0 15 0 0 0 0 0
0 0 2 0 4 0 0 0 0 4.8 0.2 0 18 0 0 0 0 0 0.2 3.4 0 0 0 0 0 0 3.4 0 0.6 0 5 0 0 0 4.2 0 0 0 0 0 0 3 0 0 0.2 0 0 0 0 0
15 0 0 1 0 0 0 0 0 0 0 0 0.2 0 0 0 0 0 0 12.6 0 0 0 0 0 9.8 0 0 21.2 0 0 0.2 19 0 0 0 3 0 0 0 0 0 0 5.6 0 36.2 6.8 0 0.2 0.2
0.2 0 32 0 11.4 0.2 0 6.6 39.6 0.2 0.2 0 10.4 6.2 5.8 24.8 0 3.4 5.4 17 6.8 0.4 6.2 0 0 0 10.8 0.6 1.2 0 12.6 6 9.6 7.8 12 0 0 8.2 0.2 37.4 0 1 22.8 1.2 0 35.2 0 31.2 0.4 0
0 12.8 0 0.2 0 0 0 9.8 0 0 0 0 0 3.2 0 0 0 0 0 1 0 0 0 0 0 26.2 0 0 0 0.2 5.4 0 0 0.2 0 0 0 0 0 0 0 0 0.8 0 6.2 6 0 0 0 0
0 0 0 0 0 0 0 0 0 0 0 0 0 0 0 0 0 0 0 0 0 0 0 7.8 0 0 0 15 0 0 0 0 0 0 0 0 0 4.4 0 0 0 0 0 0 0 0 8.8 0 0 0
0.8 10.4 6.8 0 3.8 14.6 0 6.2 12.2 0 1.4 13 0 1.6 1 0 2 7.6 7.8 0 17.8 0 0 0 29.4 0 0 1.2 23.4 6 0 0 12.4 2.8 0 0 0.6 0 0 27.2 0 10 0.4 0.2 0.2 8 0 17.2 0 0
21.2 10 9.4 8.4 23.4 3 0 1.8 17.4 11.4 16 0 18 7.2 0 0 0 10 0 37.4 2.8 0 0.2 0 8.2 0 12 3.8 26.4 4.4 0 0.2 20.2 1.6 0 0 0 0 22.2 2.2 0 0 0 0 0 9.2 0 0.2 10.2 0.6
16.4 0.2 0 1 0 0 0 0 4.8 16.8 13.2 4 0 0 10.8 0 12.8 7.6 0 20.2 39.8 12.4 0.2 0 0 21.8 0 0.8 7.8 0.2 0 1.4 0.6 8 0 7 8.4 7.2 2.2 0 0 5.8 0.2 6.2 13.6 0 13.4 0 7 22.2
0 7 2.4 5.6 9.2 21.6 7.8 10 0 16 13.4 18 0 33.6 8.2 0 9.4 0 0 0.2 30.2 17.4 1.2 0 0.2 3 0 0 2 0 17.6 0 14.8 0 7.4 0 1 20.2 6.4 1 0 5 3.2 1.2 23.2 9.2 0.6 0 27.8 0
12.2 0 0 0 0 0 0 0 0 0.2 10 0 0 0 10.6 0 0 0 11.6 0 0.4 16.6 3.2 6.6 0 0 24.6 0 7 4.4 7.4 0 0 26.4 8.2 1.6 0 0 9.4 0 2.8 0 6.2 0 9.2 0 0 4 6.2 0
1.4 0.2 0 3.6 0 0 0 15.6 3.2 19.4 7.4 2.8 10.4 13.6 0 0.4 0 0 7.6 6.4 0 11 0 13.4 3.6 22 25 3 0 0 5 0 1 24.6 1.8 0 0.2 0 0 0 0.2 4 27.2 0 29.8 0 1.8 9.4 0 0
0 0 0 0.4 0 0 0 0 0 0 5.8 0 0 0.2 0 1.6 0 0 0 0 12.6 28.4 0 0 6 0 0 0 0 4.4 0 0 0 0 0 0.2 4.4 0.4 0 0 0 0 3.8 0 40.8 0 0 0 0 0
0.2 0 0 0 0 0 0 0 0 0 7.4 0.2 0.2 0 0 0 0 0 0 0 4.2 2.2 0 0 12.8 0 0 1 0 0 0 0 0 0 0 0 0 0 0 0.2 0 2.8 0 0 5.8 0 0 0 0 0
0 0 0 0 0 0 0 0.2 0.2 0 0 0 0 0 0 9.6 0 0 0 4.4 0 0 0 0 0 9.4 0 10.2 0.2 0 0 0 0 0 0.8 0.6 0 0 0 0 0 0 0 0 0 26.4 0 0 0 0
0 0 0 0 0 0 0.6 0 0 0 0.2 0 0 0 0 0 5.2 0 0 0 0 0 0 26.2 0 0 0 0.4 0 0 0 0 0 0 0 0 0 17.4 0 0 0 0 0 0 0 0 9 0 0 0
0 0 12.6 0 0 0 0 0.2 7 0 0 0 0 0.2 0 0 0 0 0.4 6 0.2 0 0 0 0 5 0 0 0 0 0 0 0 0 0 9.8 0 0 0 0 0 0 0.8 0 0 0 0 4.6 0.2 0
0 0 0 0 0 0 1.4 0 0 0 0 0 0 0 0 0.4 0 0 0 0 0 0 0 0 0 0 0 0 0 0 0 0 0 0 0 0 0 7.8 0 0 0 0 0 0 0 0 5.4 0 0 0
34.8 0.4 0 17.4 33.8 7.6 16.2 0 27 19.6 0 2.4 0 0 0 0 11.2 6 0 0 0.2 0 0 0 0 0 0 0 14 0 3.4 0.4 13.2 0 0 5.2 20.6 5 1.4 6.6 0 0 0 0 0 52.6 0.2 0 7.4 0.4
0 0 0 0 0 0 4 0 0 0 0 0 0 0 0 0 4.8 0 0 0 0 0 0 10.2 0 0 0 0 0 0 0 0 0 0 0 0 0 4.4 0 0 0 0 0 0 0 0 0.6 0 0 0
0 0 0 0 0 0 0 0 0 0 0 0 0 0 0 0 0 0 0 0 0 0 0 24.2 0 0 0 0 0 0 0 0 0 0 0 0 0 9.8 0 0 0 0 0 0 0 0 0 0 0 0
0 0 0 0.2 0 0 0 0 0 0 1.4 0.4 5.2 0 0 0 0.4 0 0 0 27.6 17.4 0 10.6 6.4 0 0 0 0 0 0 0 0 0 0.2 0 0 0.2 0 0 0 6.4 0 0 26.6 0 0 0 0 0
6.8 0 0 0 0 0 0 0 0 9 0 0 0 2.6 0 0 0 2.4 0 0 0 0 0 0 0 0 0 0 0 0 0 0 1.8 0 0 0 0 0 0 0 0 0.2 0 4.4 0 0.2 0 1.6 0 0
0 0 0 0 0 0 0 0 0 0.2 0.6 0 12.6 0 0 0 0 0 0 0 0.4 3.4 0 0 11.6 0 0 0 0 0 0 0 0 0 0 0.2 0 13 0 0 0 6 0 0 0 0 0 0 0 0
17.6 1.4 0 0.2 0 5.2 11.6 0 0 0.4 0 0 0 0.2 0 16.2 5.2 0 0 15.4 0.2 0 0 1.4 0 0 0 0 15.8 0 0 0 0.2 0 0 7.8 0 0 11.2 14.2 0 0 5.6 0 0 0 0 0 0.2 0
0.4 0 18.2 0 0 0 0 0 9 0.2 0 0 0.8 21 8.6 7.4 0 0 0 0 0 0 0 0 0.2 0.2 0 3.2 16.2 0 0 0.2 20.2 0 0.2 0 0.2 0 0 6.8 0 0 0 6.6 5.2 0.2 0 22.6 13.8 2.6
0 0 0 0 0 0 0 0 0 0 0 0 0 0 0 0 0 0 0 0 0.2 0 0 3.6 0 0 0 15.8 0 0 0 0 0 0 0 0 0 5.4 0 0 0 0 0 0 0 0 0 0 0 0
0 12 3.2 7.4 0 0 0 9.8 18.6 0.2 16.6 0 0 9.8 0 0 7.6 10.4 38 20.8 0 7.8 6.6 4 13 0 21.2 0.2 0.6 0 11.2 6.8 5.2 27.8 3 11.4 0 15.4 0 1 0 0 0.6 0 0 0 0.4 11 3.4 0
0 0 0 0 0 0 11.4 0 0 0 0 0 0 0 0 0 0 0 0 0 6.4 0 0 0 0 0 0 4 0 0 0 0 0 0 0 0 0 0 0 0 0 0 0 0 0 0 0.2 0 0 0
0 0 0 0 0 3 4 0 0 0 0 19.2 0 0 0 4.6 0 0 0 0 20.4 0 0 4 0 0 0 0.8 0 0 0 0 0.2 0 0 0.4 0 0 0 0 0 7.8 2.2 0 0 0 1.4 0 0 0
0 0 20 0 0 0 0 0 0 0 0 0 1 0 0 0 0 0 16.6 0 0 0 5 0 0 0 0 0 0 26.4 0 2 0 0 0 0 0 0 0 0 0 0 0 0 0 0 0 0 0 0
0 0 0 12.8 0 0 0 0 0 0 0.2 0 5.6 0 0 0 0 0 23.2 0 0 0 0 10 0 0 0 0 0 37.2 0 0 0 0 0 0 0 0 0 0 0 8 0 0 0 0 0 0 0 0
0 0 0.2 8.2 0 0 0 0 0 0 0 0 0 0 0 0.8 0 0 3.6 0 0 0 0 0 0 0 0 0 0 14.4 0 5.2 0 5 3 1.6 0 0 0 0 0 0 0 0 0 0 0 0 0 0
0 0.4 0 1 0 0 0 0 0 0 0 0 0.2 0 0 0 0 0 0 0 0 0 0 0 0 0 0 0 0 0 0 0 0 0 0 8.4 0 0 0 0 0 0 0 0 0 0 10 0 0 0
0 0 0 0 0 3.4 0 0 0 0 0 0 0.8 0 0 0 0 0 0 13.2 0 0 0 0 0 11.2 0 0 0 0 0 0.8 0 0 0.8 0 0 0 0 0.6 0 4.2 0 0 0 22.2 0 4.6 0 9.2
0 0.4 0 0 0 0 0 0 0 0 0 0 1.4 11.2 0 0 0 0 0.2 10.2 0 0 0 0 0 0 0.4 0 0 0 0 0 0 19.6 0 0 0 0 0.4 0 0 0 0 2.6 0 0 0 0.2 0 2.4
0 0 11.2 0 5 4.8 0.6 0 0 0.4 0.2 0 0 0 4.2 0 5.2 0.6 0 0 0 0 0 0 0 0 0 5.2 0.2 22.4 0 7.6 0 9.4 0 0 0 0 0 0 0 0 0.2 0 7.2 0 8.6 1.8 0 3.2
2.4 0.2 0.6 0 12.4 1.4 3.8 35.8 0.2 25.8 0.4 0 0.2 0 9.8 0 0 0 9.6 23.4 5.6 0 0 0 0 0 16.4 0 0 0 21.2 0 7.8 5.6 0 17.4 8.8 0 25.2 0 5.8 0 18 10.6 7.4 0.4 0 0 2.8 11
0.4 0 0 4.6 0.2 1 0 0 0 27.2 23.2 2.2 5.8 18.2 0 0 0.2 0 10.2 0.2 0 13.4 0 0 22.4 0.2 20.6 9.4 0 21 0 0 8.6 39.4 0.2 8.8 0 0 0 0.4 0 0 1 0 18.4 0 5.2 0.6 0 0
0 0 1.6 0 0 0 0 0 0.4 0 0 0 0 0 0 0 0 1.6 2 0 0.4 0 0 3.2 0 0 10.6 0.2 0 0 0 4.6 0 4.2 0 0 0 0 7 0 0 0 0 0 0 0 0.2 4 0 0
0 0 0.2 0 0 0 7.8 0 0 0 0 0.2 0 14.8 0 7.6 0 0 0 0 0.4 0 0 0 0.6 0.2 0 0.2 0 0 0 0 0 0 0 0 0 0 0 0 0 0 0 0 0 0 0 0 0 0
0 0 6.2 0.4 0 0 0 0 0 0 0 0 0 0 0 0 0 0 0 5 0 0.2 0 9.6 0 0 0 0 0 5.2 0 0 0 0 0 0 0 13.4 0 0 0 0 9 0 0 0 0 0 0 0
0.8 0 0 0 25.6 9 15.2 32 0 17.6 0.4 1 0 23.8 25.2 0 0 0 6 9.8 33.2 0 0.2 0.2 3 0 24.8 7.6 0 15.4 9.8 0 7.2 16.8 18 0.2 0.2 5.4 27.6 0 9.2 0 0.4 9 30.2 0 0 0 0 0.2
0 0 17.6 0 13.4 0 0 4.4 29.4 22 0 0 0 6.4 5.8 0 0 0 0.4 0 0.2 3.6 2 0 0 1.8 16.2 4.4 16.6 14.4 16.4 0 0 0 0.2 10 0 0 1.4 0.2 0.8 0 0 0.2 0 16.2 0 7.6 2.6 21.8
0 9 0.2 0 0 0 0 4.6 32.8 16 0 0 0 0 0 0 0 5.6 0 0 0.2 0 0 0.4 0 3.8 7.4 0 6.8 0 0.8 0.2 0 0 0 13 9.2 0.2 0.2 0 0 0 6.4 0 2.4 13.2 0 8 4.6 6
16.6 0.6 0 0.4 3.6 7.4 3 0.8 0 0.2 10.6 0 0 20 0 6 0 7.2 0 0 0 0 0 0 0 0 8.4 0 0.6 0 3 0 0 0 3.8 0.2 14.4 0 1.6 0 0 0 0 0 0 1 0.2 0 5.4 27
7 0 0 0 0 5.4 0 0 0 0 7.8 0.6 0 0 0 11.2 1.2 0 0 3 0 0 5 0 10.8 6 0 0 0 0 0 2.6 0 0 0 0 0 0 0 0.2 0 0 0 0 0 6 0 0.2 0 0
14.2 0 0.2 0 0 0 6.4 0 0 0 0 0 0 0 0 11.4 0 7.2 0 0.2 0 0 0 0.2 0 0 0 0 0 0 0 0 9.4 0 0 0 0 1.8 0.2 0.2 0 0 0 0 0 29.6 0 0 0 0
0 0 0 0 0 0 0 0 0 0 0 0 0 0 0 0 0 0 0 0 0 0 0 11 0 0 0 0 0 0 0 0 0 0 0 0 0 13 0 0 0 0 0 0 0 0 0 0 0 0
4.4 9 7.8 0 0 6 0 0 0.2 6.8 0.6 20.6 0.4 0 2.8 1.4 0 0 2 37.4 0 0 1 0 19 0.4 0 6 8.2 0 0 23.6 14.4 11 0 19.8 0 0 0 10.4 0 6.2 0 10.4 0 5.6 2.6 0.6 0 14.4
0 0 0.2 0 0 0 0 0 0 0 6.2 0 8 0 0 0 0 0 0 0 0 0 0 0 0 0 0 0 0 0 0 0 0 0.4 0 0 0 0 0 0 0 0 0 0 0.2 0 0 0 0 0
23.2 20.2 4.4 18.2 0.8 0 0 12 1.2 0 0 7.4 0 0 0 0 5.4 14.2 11.4 2.8 0 0 0 0 3.4 11.2 16.8 12.4 0.4 32.8 6.4 0 0 30.4 0 0 0 0 0.8 15.4 0 10.4 0.4 5.2 0 6 0 32.4 0.4 16
0 0 2.6 0 0 0 0 0 0 0 1.6 0 0 0 0 0 0 0 4 0 0 0 0 0 0.2 0 0.2 0 0 4.2 0 0 0 4 0 0 0 20 0 0 0 0 0.2 0 7 0 0 0 0 0
0 0.2 12.4 2 13.4 0.4 0 3.6 0.2 0.4 0 0 0 33 0.4 0 0 0 15.4 0 0.2 0 4.2 0 0 0.2 0 0 0 0 6.4 11 35 0.2 0 0 3.4 0 7 7.6 4.4 4 0 0 2.6 44 0 5.4 5.2 32.8
0 0.2 0 0.4 0 0 0 0 0 0 0 3 0.4 0 0 15.4 0 0 0 0 0 0 0 9.2 0.4 0 0 0.4 0 0 0 0 0 0 0 0 0 0 0 0 0 0.2 0 0 0 0 13.4 0 1 0
0 0 0 0 0 0 0 0 0.6 0.2 0 0 0 0 0.2 10.6 0 0 0 0.6 0 0 0 6 0 0 0 0 0.6 0 0 0 0 0.2 0 0 0 0 0 24 0 0 0 0 2.6 31.4 0 21.8 0 0.2
15.2 2.2 13 0 0 14.6 8.4 0 0 5 0 14.8 0 0 0 0 4 0 0 0 0 5.6 0 0.2 0 0 0 14.8 0 0 0 12 0.2 0 0 0 0 0 0 0 0 0 0.2 0 0 6.4 2.2 0 0 0.2
0 10 0 0 8.8 0 0 23.8 0 31.8 6 0 5.8 18.2 23.2 0 0 0 8 0 19.2 4.6 34 19.8 13.4 0.2 45.6 0.8 0 2.8 26 0 6 10 25.8 0.2 0 14.2 0 0 31.2 0 0.2 0.2 33.4 8.8 4.8 6.2 0 0
0 0 0 6.2 0 0 0 0 0 0 0 0 6.8 5.2 11.4 0 0 0 2.2 0.4 0 0 0 0 7.2 0 27 0 0.4 5.8 0 0 0 13.6 8.2 0.8 0 0 1.2 0 1.6 0 0 0 1 0 0 0 0 0
0 2 0 0.2 0 0 0 0 0 0 0 0 0.4 0 0 0 0 0 0 0.4 7 0 0 3 0 0.2 0.2 0 0 0 0 5 0 0.2 0.4 6.2 0 5 0 0.4 6 0 7.8 0 1.6 0 0 0 0 0
0 0 0 0 0 0 0 0 0 0 0 0 1 0 0 0 0 0 5.4 0 0.2 7.4 0 13 0 0 0 0 0 0 0 0 0 0 0 0.2 0 0.2 0 0 0 5.6 0 0 18 0 4 0 0 0
4.2 0 21.2 2.2 0 0 0 0 0 0 0 4.2 2.6 0 0 0 0 0 0 0 0 0.2 0 5.6 6.8 0 0 0.6 0.2 0 0 2.6 0.2 0.4 0 0 0 0 0 0 0 0.2 0 0 0 15.8 4 0 0 0
0 19 0.6 0.8 7.2 0 0 7.4 0 28.2 0 0 0 23.4 0.2 7.4 0 0 0 0.2 0 0 0 0 0 0 0 0 32.6 0 1 0 0.4 0 18.4 0.2 0 0 0 5.2 0 0 0.2 0 0.2 1.6 1.8 0 0 11
1.6 0 0 5.2 0 0 0 25.2 0.8 16 0 0 3.8 1.4 3.6 3 0 0 15.6 10.6 9 8.2 0 0 2.4 0 18.6 0 0 5.4 9.6 5.6 0 13.6 4.2 0 15 0 0.2 0 10.2 1.2 0 3.2 10.6 0 0 0 0.2 0
0 0 0 0 0 0 0 0 0 0 0 0 0 0 0 0 0 0 0 0 0 0 0 17 0 0 0 0 0 0 0 0 0 0 0 0 0 0 0 0 0 0 0 0 0 0 0 0 0 0
0.8 0 0 3 0.6 0 0 2 7.6 8.8 2.4 0.6 0.4 0 1.8 4.8 0 9.8 0 0 0 0 0 0.4 0 0 0 0 6.4 0 0 1 15 0 0 25.4 0 1 4.4 0.4 0 0 1 0 8.8 11.4 0 0 0 7.2
0 0 5 2.6 0 2.6 0 0 0 0 1 0 0 0.2 0 9.2 0.2 0 0 0.2 1.2 0 0 0 0 0 0 0 11.8 0 0 0 8 0 0 0 0 0 0 0 0 15.4 0 0 0.6 0 0 0 0 0
0 0 0 0 0 0 0 0 0 0 0 0 0 1 0 2.4 0 0 0 0 0 0 0 0 0 0 0 1 0 0 0 0 0 0 0.8 0.2 0 0 0 0 0 0 0 0 7.6 0 0 0 0 0
0 0 0 0 0 0 2 0 0 0 0 0 0 0 0 0 0 0 0 0 0.2 0 0 17.8 0 0 0 4.8 0 0 0 0 0 0 0 0 0 1.2 0 0 0 0 0 0 0 0 0 0 0 0
0 0 13 0 15.6 0 3 4.8 11 16.6 0 0 0 0 22.2 1.2 3.4 3.8 7.8 3.8 0 0 13 0 2.4 1.6 12.6 0 0.6 13 10.2 1.2 0 18 7 0.4 1.6 4 0.6 1.4 12.8 1 18.2 0.4 0 5.2 0.8 15.6 11.4 9.8
13.8 4.8 0 0.4 0 0 0 8.8 0 0.6 0 0 15.6 0 0 5.8 0 0 0 0 0 0 0 0 13.2 0.4 0 0 0 9 16.2 20.4 14.4 6.8 0 0 0 0 14 0 0 0 1.2 5 0.2 28 0 38.8 0 38.6
0 0 0 0.8 0 0 0 9.4 15.6 0 3.2 0 0 0 0.2 0 0 0 14.8 28.2 1 0 0 0 2.8 0 3.6 0 0.2 0 0 1.4 0 0 0.2 18.2 0.2 0 0 3.4 0 0.2 0.2 0 4 5.2 0 4.6 6 6.6
0 0 0 0 0 0 0 0 0 0 0 0 0 0 0 0 0 0 0 0 0 0 0 10.4 0 0 0 0 0 0 0 0 0 0 0.4 0 0 0 0 0 0 0 0 0 0 0 3.2 0 0 0
9.4 21.4 0 0 0 4 5.6 0 15.8 4.2 0 3.8 0.2 0.2 0.8 0 3.8 2.6 0.8 2.6 0 0 0 3.8 0 0.8 0 3.6 17.6 0 0 5 0 0 0 0 0 0 0 3.4 0 3.8 0 12 0 20.8 0.2 0 0.2 8.6
0 0 0 0 0 0 5 0 0 0 0 0 0 0 0 0 0 0 0 0 0 0 0 0.6 0 0 0 5.8 0 0 0 0 0 0 0 0 0 2.6 0 0 0 0 0 0 0 0 0 0 0 0
0 0 0 0 0 0 0 0 0 1.8 0 0 0 0 0 0 0 0 0 6 0 0 3 0 0.2 5.2 0 0 0 0 0 0 0 0 0 14.2 0 0 0 1.6 0 0 0 0 0 0 0 0 0 0
2.2 1.2 3.4 0 4.2 0 0 0 11.2 0.4 0 0 0 0 0 0 0 0 0 0.4 0 0 0 0 0 0 0 0 9.6 4 0 0 0 0 0 6.2 0 0 0 0 0 0 0 0 0 0 0 9.4 2.8 0
0 0 0 6.2 0 9 0 0 0 0 0 0 0 0 0 0 0.4 0 0 0 9.4 0.2 0 0 0 0 0 2.6 0 0 0 0 0 0 0 0 0 0 0 0 0 0 0.2 0 0 0 8 0 0 0
0 0 0 0 0 0 0 0 0 0 0.8 0 0 0 0 3.6 0 0 0 0 0.8 0 0 4.6 0 0 0 0.2 0 0 0 0 0 0 0 0 0 0 0 0 0 0 0 0 0 0 0 0 0 0
0 0 0 0 0 0 0 0 0 0 0 0 0 0 0 0 0 0 0 4 0 0.8 0 0.2 0 0 0 0 0 0 0 0 0 0 0 0 5 0 0 0 0 0 0 0 0 0 0 0 0 0
0.2 0.2 0 0 7.8 0 14.6 10.2 0 5 22.8 13.4 1 13.4 12.6 0.2 1 0 20.2 0 0 10.8 0.8 9.2 4.6 0.2 26.4 1.6 0 0 14.6 0 0.6 27.8 0 0 0 7.6 9 2.8 6.8 9 0.4 0 0 19.6 0 15.4 0.2 0
0 0 0 0 12.2 0 0 11.2 0 28.8 0 0 0 5.6 11.8 0 0 0.8 5.2 5.8 0 2.6 2 0 26.4 0 11 0 0 10.2 1.8 0 0 32.8 3.2 0 0 0 0 11.2 0 0 0.4 0 8.2 0 0 0.2 0 13.6
0 0 0 0 0 0 10.4 0 0 0 0 0 0 0 0 0 0 0 0 0 0 0 0 1.2 0 0 0 0 0 0 0 0 0 0 0 0 0 3.4 0 0 0 0 0 0 0 0 0 0 0 0
0 0 0 0 0 0 0 0 0 0 0 0 0 0 0 0 0 0 0 3.4 0 0 0 0 0 0 0 0 0 0 0 0 0 0 0 0 0 0 0 0 0 0 0 0 0 6.2 0 0.4 0 4
8 0 0 0 0 0 0 0 0 0 0 0 0 0 0 0 0 0 0 0 0 0 0 0 0 0 0 1.2 0 0 0 0 0 0 0 0 0 0.4 0 0 0 0 0 0 0 0 5.4 0 0 0
0 0 5.2 0 0 4 0 0 0 0 0 0 0 0 0 0 4 0 0 2.2 0 0 0 0 0 0 0 0 12 0 0 0 0 0.6 0 0 0 0 0 0 0 0 0.4 0 0 0 0 0.6 0 0
0 0 0 17.8 0 0 0 0 0 0 5 6.4 0.2 0 0 0.6 0 0 8 0 0 0 0 0 4.6 0 0 0.4 0 10 0 0 0 0 0 0 0 0 0 0 6 0 0 0 0 4 0 0 0 0
0.4 0 0 0.2 0 4 5 0 0 0 7.6 0 0 2.2 0 0.6 0.2 0 0 0 0.6 0.4 0 5.6 0 0 0 0 0.2 0 0 0 0 0 0 0 0 13.8 0 0 0 0 0 0 0 0 8.2 0 0 0
0 0 0 0 0 0 0 0 0 0 0 0.4 0 0 0 4.6 0 0 0 0 0 0 0 3 0 0 0 0 0 0 0 0 0 0 0 0 7.6 0 0 0 0 0.4 0 0 0 0 0 0 0 0
0 9.6 0 0 1.2 0 0 0 0 0.2 0 0 6.6 0 0 0.2 0 0 0 0 0 0.8 0 6.8 10.6 5.8 5.2 0.2 1.4 8 0 0.6 0 0 14.6 1.8 0 0.2 0 0 0 1 3.8 0 0 0 0 0 0.4 0
0 4.8 0.2 0 0.4 0 0 0 0 0 0 0 0 0 0 0 0 0 0 0 0 0 0 0 0 0 0 0 0 0 0 0 0 0 0 0 0 0 0 0 0 0 0 0 0 21 0 0.2 0 28.4
0 0 0 0 0 0 4.2 0 0 0 0 0 0 0 0 0 0 0 0 0 0 0 0 12.6 0 0 0 8.8 0 0 0 0 0 0 0 0 0 0 0 0 0 0 0 0 0 0 5.4 0 0 0
0 0 0 0 0 0 0 0 0 0 0 0 0 0 0 0 0 0 0 0 0 0 0 9.2 0 0 0 8.6 0 0 0 0 0 0 0 0 0 9.2 0 0 0 0 0 0 0 0 0 0 0 0
9.4 0 0 0 11.6 0 3.2 0 0 39.4 3.4 0.4 7.2 4.8 0 0 0 0 1 0 0 0 2 0 5.4 1.4 0 0 0 6.4 17.6 2.8 11.4 0 5.6 0 0 0 2.6 0 6.4 0 0 0 0.6 21.2 0 13.8 0.4 0
0.2 0 0 0 0 4.8 0 0 0 4 0 0 0 0 0 0 0 0 0 0 0 0 0 0 0.2 0 0 0 0 0 0 4 0 0 0 0 0 0 0 0 0 0 0 3.8 0 0 0 0 0 0
0 0 0 0 0 0 2.8 0 0 0 0 0 0 0 0 0 0 0 0 0 0 0.2 0 9 0 0 0 0 0 0 0 0 0 0 0 0 0 0 0 0 0 0 0 0 0 0 0 0 0 0
0 0 0 0 0 0 0 0 0 0 0 0 0.4 1.4 0 0.2 0.8 0 0 0 10.6 3.4 0 0 0 0 0 0 0 0 0 0 0 0 0 1 0 0 0 0 0 0 0 0 25.2 0 0 0 0 0
0 0 0 0.2 0 4.4 0 0 0 0 0 0 0 0 0 0.2 0 0 0 0 0.2 0 0 0 0.2 0 0 0.4 0 0 0 0 0 0 0 8.4 0 0 0 0 0 0 0 0 0 0 2 0 0 0
0 0 0 0 0 0 0 0 0 0 0 0 1.6 0 0 0 0 0 0 0 3 2.4 0.2 0 0 0 0 0 0 0 0 0 0 0 0 0 0 0 0 0 0 0 0 0 2.8 0 0 0 0 0
0.2 0.2 8 0 0 0.2 0 2.4 0.2 0 3.2 0 0 0 1 0 0 8.8 12.8 1.6 0 0 0 3.8 9.4 0 12.4 0 0 0 6.8 9 0.2 0 0 0 0 0 0 6.6 0 0.2 3.2 0 9.4 0.2 0 8.8 0 0.4
0 0 0 0 0 0 0 0 1.4 2 0 0 0 11.4 9.8 0 0 0 0 11.6 0 0.6 4.2 0 0.2 0 5.4 0 0 0 10 0 0 1 0.6 0 0 0 0.2 0 5 0 0 0.2 8.4 0 0 0 0 0
6.6 0 0 0 17 0 0 8.4 0.2 0 4.8 0 0 0 5.4 0 0 15.6 2 0 0 0 0 0 0 0 0 0 0 0 0 0.2 0 0 0 0.4 5.2 0 8.2 0 0 0 0 0 0.2 10 0 0 7.8 0
0 0 0 0 0 0 0 0 0 0 0 0 0.4 0.2 0 2 0 0 0 0 1 0 0 0 0 0 0 0 0 0.2 0 0 0 0 0 0 0 0 0 0 0 1.8 0 0 10.4 0 0 0 0 0
0 0 0 0 0 0 0 0 0 0 3 1 0 0 0 6.8 0 0 0 0 0 0 0 0 0 0 0 0 0 0 0.2 0 0 0 0 0 0 0 0 0 0 0 0 0 0 0 0 0 0 0
0 0 0 0 0 0 7 0 0 0 0 0 0 0 0 0 0.8 0 0 0 0 0 0 0 0 0 0 5.2 0 0 0 0 0 0 0 0 0 1 0 0 0 0 0 0 0 0 0 0 0 0
0 0.2 0 0 0 4 0 0 0 0 0 0.2 0 0 6.6 0.8 0 0 0.2 0 0 0 0 0 0 0 13.4 0 0 5 0 0 0 15 10.6 0 0 0 0 0.2 0 0 0 0 0 0 0 0.8 0 0
0 0.2 0 0 0 0 0 0 0 0 0 0 0 0 0 1.6 4 0 0 0 0 0 0 0 0 1.4 0 0 0 0 0 0 0 0 3.2 0 0 0 0 0 0 0.2 0 0 0 0 2.4 0 0 0
0 0.4 0 5.2 0 0.6 0 0 0 0 0 0 0.6 0 0.2 0 0 0 0 0.4 0.4 0 0 0 0 0 0 0 0.4 0 0 0 0 6.6 0 0 0 0 0 0 0 0.4 0 0 3.8 0 4 0 0 0
0 0 0 0 0 0 0 0 0 0 0 0 0 0 0 0 0 0 0 0 0 0 0 3 0 0 0 0 0 0 0 0 0 0 0 0 0 0 0 0 0 0 0 0 0 0 0 0 0 0
0 0 0 0 0 0 0 0 1.2 4.4 5.2 0 1.6 3.6 0 1 0 0 4.6 0 0 0 0 3 4 0 0.4 0 0 0 0 0 0.2 6.8 0 0 0 0 0.4 0 0 0 0.2 0 9.2 0 0 0 0.2 0
0 0 0 0 0 0 0 0 0 0 0 0 0 0 0 0 4 0 0 0 0 0 0 1 0 0 0 4 0 0 0 0 0 0 0 0 0 0 0 0 0 0 0 0 0 0 0 0 0 0
0 0 0 0 0 0.6 0.2 0 0 0 0 0 0 0 0 10 0 8.2 0 0 3 1.8 0 0 0 0 0 0 0 0 0 0 0 0 0 0 0 0 0 0 0 0 0.2 0 0 0 0 0 6 0
0 0 0 0.2 0 9.2 3 10.2 0 0.2 0 0 0 0 9.6 0 0 2 6 8.2 0 0 3.8 1 3 0 12.2 0 0 0 3.8 0 0 12.8 0 6.2 0 0 7.6 0 3 0.2 24.6 0 5.8 16.2 1 12.6 11.8 6.8
0 0 0 0 0 0 3.4 0 0 0 0 0 0 0 0 0 2 0 0 0 0 0 0 13.4 0 0 0 0 0 0 0 0 0 0 0 0 0 0 0 0 0.2 0 0 0 0 0 0 0 0 0
0 0 0 0 0 0 0 0 0 0 0 0 0 0.2 0 0 0 0 0 0 0 0 0 0 0 1.2 0 0 11.6 0 0 0 0 0 0 0 4.8 0 1.2 0 0 0 0 0 0 10 0 0 0 0
0 4.4 0 0 0 0 0 0 0 0 0 4.8 0 0 3.4 0 0 0 0 0 2.2 3 0 0 0 0.6 0 0 0 0 0 0 0 0.4 0 0 0 0 6 0 0 0.2 0 0 0 0 0 0 0 0
0 9.8 0 0 0 0 0 0.8 0 1.4 0 0 0 0.2 0 0 0 0 0 0 0 0 0 0 0 0.4 3.4 0 0 0 0 0 0 0.2 0 0 0 0 0 0 0 0 0 1.4 0 9 0 0.2 0 7.2
0 0.2 0 0 1.4 0 0 5.4 0 0 0 0.6 6 0 0 0.2 0 0 0 0 0.2 0 0 0 0 0 0 0 0 0 0 1.6 0 0 0 0 0 0 0 0 0 0 0 0 0 0 0 0 0 2.4
0 0 0 0 0 0 0 0 3 0 0 0 0 0 0 0 0 0 0 0 0.6 0 0 0.4 0 0 0 0 0 0 0 0 0 6 0 0 0 0 0 0.2 0 0 0 0 0 0 0 0 0.8 0
0 0 4 0 0 0 0 0.2 0 0 0 0 0 4 0 0 0 0 0 0 0 0 0 0 0 0 0 0 0.4 0 0 0.2 4 0 3.6 0 0 0 0 0.2 3 0 0 0 0 0 0 11.6 0.6 0.2
0 0 0 0 0.2 0 0 0 0 0 0 0 0 0 0 0 0 0 0.2 0 0 0 0 0 0 0.2 0 0 0 0 0 0 0 0 0 0 0 0 0 7.6 0 0 0 0 0 3.8 0 0 0 0
0 0 0 0 0 0 0 0 0 0 0 0 0 0 0 0 0 0 0 0 0 0 0 0 0 0 0 0 0 0 0 0 0 0 0 0 0 0 0 0 0 0 0 0 3 0 0 0 0 0
2.8 0 0 0 0 0 0 0 0 0 0.2 0 0 0 0 0 0 0 0 0 0 0 0 0 0 0 0 0 0 0 0 0 0 0 0 0 0 0 0 0 0 0 0 0 0 0 0 0 0 0
0 0 0 0 0 0 0 0 0 0 0 0 0 0 0 0 0 0 0 0 0 0 0 5 0 0 0 0 0 0 0 0 0 0 0 0 0 0 0 0 0 0 0 0 0 0 0 0 0 0
