1	339.82 213.7 806.34 0 131.14
2	179.4 0 0 0 154.6
3	0 0 121.96 0 103.04
4	186.16 139.42 0 0 277.42
5	0.02 0 0 0 228
7	0.12 105.9 546.68 0 513.28
8	341.6 349.4 0 0 0
9	0.02 321.14 621.84 0 0
11	0.04 56.06 0 0 694.92
13	42.16 0 340.84 0 73.98
15	276.98 0.56 614.46 0 0
16	0 35.32 66.68 0 0
18	0.04 19.96 0 0 0
19	0 86.32 148.64 0 0.06
21	137.06 0 55.7 0 0.22
22	319.34 241.52 0 23.78 366.38
25	192.78 66.66 537.54 0 0
26	77.74 116.26 0 0 0
28	407.18 269.24 0 0 190.58
29	255 0 0 0 0
30	0 122 0 0 0
32	0 213.86 0 0 0.14
34	9 0 0 0 0
35	0 0 0 21 0
37	0 0 0 0 14
38	287.78 0 0 0 0.24
40	116.84 0 0 0 0.16
41	0 0 0 0 88.98
42	0.06 76.06 0 0 374.88
43	93 0 0 0 0
45	0 238.54 0 0 17.46
46	0 69.6 0 0 0.42
48	4.78 210.98 0 0 133.22
50	301.82 498.42 826.06 0 483.7
52	31.62 222.38 0 0 0
55	0.04 0 0 0 414.96
57	8.88 100.1 0 0 0.02
58	166.52 241.72 0 0 93.78
59	0 257.46 0 0 13.52
63	208 0 0 0 0
66	422.48 59.52 0 0 0.02
68	89.66 0 0 0 265.32
71	573.48 87.52 0 0 0
75	0 0 0 0 14
77	334.16 0 0 0 43.86
79	360.14 263.5 0 0 466.34
83	206.48 358.5 0 0 0.02
87	190.6 147.86 0 0.04 90.5
88	495.12 110.8 0 0 0.12
89	94.06 339.98 0 0 494.92
93	0.02 78.14 225 0 34.86
94	324.98 0 0 0 0.02
95	525.94 28.86 0 0 149.18
99	350.9 154.1 0 0 0
101	72.24 0 0 0 109.76
105	93.92 0 60.08 0 0
106	0 0 142.28 0 14.72
109	63.78 0 127.96 0 155.26
110	63.98 0 0 0 0.04
111	183.7 65.98 555.98 0 5.32
115	12.92 0 23.08 0 0
116	0.22 189.88 203.9 0 0
119	13 0 0 0 0
122	0 0 98.98 0 104.02
123	0.2 0 176.8 0 133.02
124	0.02 213.26 367.62 0 21.08
126	28.48 0.5 260.02 0 0
127	0.04 532.8 601.62 0 313.54
131	58.28 229.72 0 0 0
133	187.8 346.18 0 0 0.02
135	146.1 513.22 0 0 136.68
136	75.46 267.2 0 0 0.36
137	0.02 304.4 243.56 0 0
138	31 0 0 0 0
139	103 0 0 0 0
141	157.64 58.36 0 0 0
142	125 0 0 0 0.02
144	143.36 85.36 0 0 522.26
146	0 0 22.64 0.36 0
147	0.02 0 351.44 0 149.54
149	0 10.26 45.72 0 0.02
152	6.2 226.74 0 0 0.08
153	196.64 406.94 0 0 131.4
156	0.02 28.48 0 0 422.52
158	123.98 0 0 0 0
162	106.58 172.42 0 0 0
165	7.2 217.8 0 0 0
166	8.06 202.92 0 0 0.04
167	165.94 0 0 0 0.08
168	310.68 441.12 0 0 320.16
169	2.6 267.9 0 0 168.54
172	398.22 352.76 0 0 487
173	418.12 390.76 0 0 305.1
176	56.92 269.88 0 0 565.2
178	85.38 342.84 0 0 11.78
179	0.08 400.26 0 0 308.68
181	388.9 237.38 717.12 0 349.58
182	0 310.4 0 0 387.62
187	0 440.68 0 0 295.3
191	169.36 602.98 0 0 133.66
192	0 313.98 0 0 91.04
194	186.18 578.48 0 0 0.34
195	242.72 193.04 0 0 505.22
197	114.86 664.02 0 0 1.12
198	0.1 314.98 0 0 101.92
199	88.72 458.24 0 0 0.04
203	124.78 241.46 0 0 195.76
204	438.42 400.52 0 0 216.08
205	100.8 352.18 0 0 0
207	0 168.48 0 0 33.52
211	213.54 446.2 0 0 2.26
216	410.86 401.92 0 0 41.22
217	47.1 0 0 0 255.9
220	38.52 0 142.46 0 0.02
223	0.02 266.64 0 0 189.34
231	187.18 0 0 0 116.84
234	137.04 215.4 0 0.02 467.52
237	249.62 106.26 788.88 0 0.24
238	74.5 449.42 0 0 272.08
239	347.26 0 0 0 83.74
240	11.78 0 159.38 0 183.84
244	0 0 129 0 0
245	0 0 216.18 392.82 0.02
246	0 50.08 273.46 0 54.44
247	0 0 0 8 0
249	0 0 186.58 0 145.42
251	0 72.14 72.82 0 0.04
256	0 23.74 27.26 0 0
257	252.36 0 667.28 0 30.36
261	0 0 0 86 0
263	0 0 0 30 0
268	0.14 67.68 115.26 451.42 134.52
269	0.3 206.9 159.56 621.22 0
270	0.28 0 34.46 381.24 0.02
271	0 0 17.74 403.84 149.42
10	0 177.72 105.28 0 0
14	0.06 238.52 307.42 0 0
100	1.24 464.1 848.02 0 309.64
242	0 65.48 73.3 237.22 0
255	49.48 0 418.52 0 0.02
258	0 0 488.56 766.78 281.68
272	0 58.16 0 593.72 0.1
273	0.06 0 369.8 0 282.14
274	232.28 0 303.68 0 0.06
275	0.06 343.24 519.66 0 0.02
276	0.02 156.36 624.54 0 77.06
277	0 0 147.24 0 30.76
278	36.4 0 114.6 0 0
282	136.88 0 536.64 0 44.5
283	0 196.96 370.02 0 0.02
284	74.58 0 399.22 0 35.2
285	0 217.3 355.68 0 0
286	0.4 314.4 381.16 717.02 0.02
287	0.1 0 218.16 0 0.76
288	0.04 0 373.8 631.78 341.38
289	0 0 227.54 394.44 0
291	72.96 0 264.04 0 0
293	0.02 0 427.98 0 66
294	225.04 0 445.32 576.62 0.02
295	14.3 0 186.7 0 0
296	0 0 20 0 0.02
300	90.08 0 334.16 861.62 1.18
302	0.18 171.36 88.4 764 0
304	0 0 86.68 344.32 0
305	0 0 0 242.98 0.04
306	0 0 0 296.98 0
309	0 0 0 63.9 0.14
310	0.04 0 0 444.9 0.02
311	0 0 0 239 0
260	0 0 23.42 162.38 79.2
303	0 76.38 0 332.62 0
317	0 141.24 0 0 174.78
319	0 115.94 110.2 250.6 0.26
320	0 48.98 0 14 0
321	0.04 0 116.4 303.42 0.16
322	0 0 166.8 358.18 0
325	0 0 110.64 128.36 0
326	0.16 0 0.02 501.8 0.02
329	0 0 0 133 0
333	23.8 0 155.02 564.18 0
336	0 0 11.84 75.16 0
338	13.68 0 20.06 162.24 0.02
339	0.02 0 0 124.98 0
340	0.06 39.1 50.9 460.94 0
342	0 0 0 126.98 0.04
344	0 0 0 169.98 0
346	0 0 0 355.26 28.74
347	0.08 0 0 390.8 0.12
352	0 0 0 49 0
353	0 0 0 28.98 0.04
355	0 0 0 101.98 0
210	489.52 269.66 0 0 306.82
301	0 0 162.96 452.04 0.02
324	0 0.02 61.66 181.82 75.52
327	0.16 0 0 436.32 32.48
328	7.32 0 164.72 638.96 0
358	0 0 41.42 212.8 87.78
359	0 0 0 53 0
360	0 0 0 24 0
362	0 0 0 58.86 0.16
70	343.54 386.44 0 0 0.02
121	426.68 0 648.94 0 121.36
145	11.42 0 0 0 119.58
151	287.04 82.38 458.06 0 113.52
163	123.72 128.94 0 0 0.38
174	371.2 588.74 0 0 501.04
183	69.74 294.96 0 0 525.32
186	232.5 257.78 0 0 296.68
189	39.18 93.54 0 0 60.28
200	0.1 139.8 0 0 484.1
208	249.98 277.72 0 0 83.3
226	238.58 0 0 0 200.42
228	477.66 0 0 0.02 260.32
229	320.9 0 0 0 90.1
233	165.86 0 0.06 0 168.08
235	87.04 0 236.94 0 178.04
250	45.94 0 285 0 217.06
365	125.98 0 0 0 0
366	105.68 0 0 0 0.32
367	285 99.12 0 0 122.88
368	30.12 0 10.88 0 0.02
371	103.28 80.7 0 0 0
373	102 0 0 0 0
374	16 0 0 0 0
375	35 0 0 0 0
378	235.46 70.54 0 0 0.02
380	320.98 0 0 0 0
381	75.12 207.88 0 0 0
383	46 0 0 0 0
386	189 0 0 0 0
387	50.26 96.74 0 0 0
390	12.9 0 11.1 0 0
392	207 0 0 0 0.02
395	121.86 0 0 0 0.14
396	60.18 53.8 0 0 0
398	50 0 0 0 0
399	252 0 0 0 0
401	167 0 0 0 0
404	244.9 45 0 0 0.1
405	307.74 0 529.98 0 89.28
406	23.58 0 26.04 0 31.38
408	13.64 143.5 154.3 0 112.56
409	86.24 0 79.76 0 0
412	110.12 0 74.88 0 0
414	0 152 0 0 0.02
415	60.98 0 0 0 0
416	197.98 0 0 0 0.04
419	327.34 216.64 0 0 0.02
420	231.98 0 0 0 0
425	0 141.18 0 0 102.82
427	185.54 584.72 0 0 2.78
430	35.54 284.42 0 0 0
431	174.14 0 0 0 261.86
432	309.26 214.74 0 0 0
434	73.2 163.8 0 0 0
437	0 0 0 0 3
438	0 0 0 0 7
440	0 0 0 0 20
442	0 0 0 0 4
443	120.04 228.5 0 0 110.46
446	0 13.42 0 8.58 0
447	59.52 0 0 0 272.48
448	48.78 0 0 0 157.22
449	283 0 0 0 0
450	103 0 0 0 0
451	431.6 22.4 0 0 0
452	117.8 0 0 15.2 0
455	0.06 0 159.5 0 226.44
456	0 0 71.52 0 14.48
12	0.02 338.96 0 0 589.04
47	0 179.08 0 0 199.92
64	149.18 433.62 0 0 402.2
132	304.56 408.06 0 0 96.38
170	0 428.9 0 0 0.08
177	223.62 151.58 0 0 65.82
185	2.96 494.8 0 0 301.22
202	514.48 242.92 0 0 95.6
259	56.22 0 20.74 290.76 0.34
298	0 0 461.7 0 106.24
308	0 0 0 72 0
410	0 0 226.22 0 161.8
435	212.38 440.6 0 0 0
460	0 0 71.94 0 0.08
461	0 170.62 0 0 40.38
462	51.54 416.44 0 0 0
464	0 60 0 0 0
465	224.04 21.96 0 0 0
468	175.52 11.48 0 0 0
472	220.56 0 170.44 0 0.02
473	89.04 56.38 179.78 0 0.82
474	0.12 521.62 0 0 116.22
482	0 403 0 0 0
485	129.74 226.2 0 0 0.06
489	0.04 176.96 0 0 0
490	0.02 162.98 0 0 0
491	68.34 143.38 0 0 2.3
493	0 169.98 0 0 0
494	0.08 176.92 0 0 0
495	31.96 133 0 0 0.04
496	333.9 443.1 0 0 0
497	0 219 0 0 0
501	268.24 65.74 0 0 0.02
502	0 159 0 0 0
503	0 106 0 0 0
504	19.84 348.16 0 0 0
505	0.14 200.9 0 0 11.96
507	22.44 281.56 0 0 0
510	131.72 265.28 0 0 0
512	0.02 186.98 0 0 0.02
514	0 562.94 0 0 0.04
516	0 173 0 0 0
519	0 270 0 0 0
520	128.28 272.44 0 13.26 0.02
522	0 99.94 0 0 0.06
527	127.04 441.52 0 0 64.44
529	0.08 312.92 0 0 0.02
530	0.02 227.96 0 0 0.02
531	3.26 284.34 0 0 126.38
533	0 37.2 13.8 0 0
535	0 0 153 0 0
536	0 5.04 23.96 0 0
537	0 38.52 0 0 56.48
538	0 0 17.08 176.92 0
539	8.18 0 0 82.8 0.04
23	0 455.58 0 0 184.42
27	0 0 0 0 159
31	184.26 48.92 0 0 219.8
39	0 0 0 0 214
51	185.98 0 0 0 17.04
56	94.18 412.66 0 0 745.16
62	325.92 0.06 0 0 0
69	498.88 382.88 0 0 121.24
73	342.98 0 0 0 0.02
80	134.14 0 0 0 13.86
86	61.66 399.34 0 0 0
91	187.8 38.4 0 0 198.82
96	196.46 150.34 0.02 0 611.18
97	405.64 305.58 0 0 63.76
98	158.74 478.9 0 0 648.36
125	235.56 0 469.42 0 0.02
134	0 677 0 0 0
140	160.54 0 0 0 0.48
143	449.74 225.24 0 0 0
157	0.36 117.22 0 0 247.42
164	127.6 0 0 0 279.4
175	0 316.32 0 0 268.68
180	0.26 435.02 0 0 292.72
201	0 0 0 0 249
213	0 408.42 0 6.56 0.02
214	156.54 134.44 0 0 0.02
215	377.88 235.04 0 0 0.08
219	0.04 0 0 0 279.96
230	541 0 0 0 0
265	302.42 73 0 0 285.64
318	206.7 585.72 0 0 271.52
341	0 0 0 21 0
356	274.78 0 0 0 0.24
357	45.24 685.88 0 0 172.86
379	0 0 0 0 90
384	141 0 0 0 0
391	128 0 0 0 0
402	458.96 0 0 0 0.06
403	379.32 0 0 0 173.66
417	171.24 4.76 0 0 0
421	115.64 68.76 0 0 104.6
429	69.22 236.78 0 0 0
433	108.38 175.02 0 0 194.6
436	0 0 0 0 261
441	36.76 0 0 0 71.24
444	0 0 0 0 107
463	27.34 195.66 0 0 0.02
470	237.42 0 0 0 84.56
487	0 228 0 0 0
488	0 214 0 0 0
499	0 195 0 0 0
506	76.12 217.5 0 0 0.38
509	47.6 315.4 0 0 0
513	0.02 263.98 0 0 0
521	25.38 349.62 0 0 0
523	96.52 430.48 0 0 0
540	80 0 0 0 0
544	0 0 150.84 0 32.16
545	0 0 0 0 17
546	115.22 0 377.42 0 143.36
547	0 23.76 81.24 0 0
549	236.84 39 0 0 0.16
551	0 0 0 0 32
552	89.88 0 0 0 0.12
556	0 0 0 0 21.02
557	0 43.98 0 0 0
558	0 176.26 0 14.74 0
561	67.54 0 0 0 82.46
565	16.24 0 0 0 33.78
566	314.26 43.5 0 0 154.22
568	438.54 0 0 0 206.46
569	0.04 0 0 0 133.96
571	55 0 0 0 0
572	0 0 0 0 66
573	0.12 0 0 0 76.88
574	19 0 0 0 0
575	87 0 0 0 0
577	71 0 0 0 0
578	228 0 0 0 0
583	0 0 0 0 77.02
584	138.42 92.56 0 0 0
585	89 0 0 0 0
586	0 0 0 0 77.02
588	397.9 139.16 0 0.06 51.86
590	0 0 0 0 34
591	87.08 0 373 0 76.92
592	21 0 0 0 0
593	0 18.46 7.54 0 0
594	0.04 8.96 0 0 0
595	26.14 0 144.86 0 0
596	146.14 0 174.86 0 0
597	141.68 0 338.34 0 42.98
598	1.44 0 0.06 0 4.5
600	0 6 0 0 0
601	0 73 0 0 0
602	0 145 0 0 0.02
603	0.28 638.66 0 0 115.04
605	0 78 0 0 0
606	0 233 0 0 0
607	0 222 0 0 0
609	97.08 78.92 0 0 0
610	0 127 0 0 0
611	0 142 0 0 0
612	0.04 106.96 0 0 0
613	0 93 0 0 0
615	0 205.92 0 0 0.1
616	45.4 95.78 0 0 23.8
617	0 55 0 0 0
620	55.74 0 53.26 0 0
625	221.98 0 0 0 0.04
628	0 0 331.98 0 134.02
629	103.84 111.14 0 0 0
631	66.46 275.54 0 0 0
632	0 178 0 0 0
634	0 0 13.14 0 44.86
635	0 0 0 0 51
638	0.02 122.7 0 0 7.28
639	0 130 0 0 0
640	21 180 0 0 0
641	0 117.96 0 0 0.04
646	0 133 0 0 0
649	34.7 109.3 0 0 0.02
651	156.3 218.24 0 0 198.44
652	0 116.5 0 0 141.52
655	236.26 225.8 0 0 235.92
656	0 144.94 0.06 0 0
660	282.8 182.16 0 0 0.04
663	22.98 347.02 0 0 0
664	0.8 133.2 0 0 0.02
665	42.82 0 0 0 171.16
666	0 0 0 12 0
668	0 0 0 12 0
670	0 0 0 0 86
671	0 130 0 0 0
672	0 0 0 0 129
677	0 0 0 0 3
678	0 0 166.66 342.92 14.44
679	120.08 0.04 0 0 161.86
682	0 0 0 232.92 0.1
82	593.82 59.48 0 0 124.7
222	257.28 95.9 494.24 0 221.56
227	318.4 0 0 0 100.6
241	157.4 40.24 0 0 128.36
243	51.16 0 71.38 146.46 0
518	0 111.5 0 0 135.52
684	262.94 72.54 0 0 175.5
688	0 0 0 70 0
385	443.76 0 0 0 167.24
483	116.8 734.32 0 0 14.88
690	0 0 0 451 0
33	50.9 0 0 0 205.1
60	0.04 240.96 0 0 0
85	0.06 18.66 0 0 121.28
129	0 57.48 248.64 0 72.88
161	495.94 0 0 0 100.06
221	0 102.86 113.14 0 0
334	0 0 33.46 141.54 0
467	0 73.66 0 0 64.34
478	0.04 337.9 0 0 0.1
479	31.36 567.44 0 0 0.18
480	0 553.94 0 0 43.04
484	0.02 447.36 0 0 0.62
511	73.44 477.46 0 0 0.12
525	0 242.96 0 0 0.04
582	115.5 386.48 0 0 0
589	0 122.16 0 11.8 0.06
604	0 242.98 0 0 0
654	0 442.82 0 0 37.2
686	93.6 40.68 0 0 1.72
692	307.04 153.92 0 0 0.04
693	15.14 39.94 0 0 193.9
694	0 145 0 0 0.02
697	52.4 0 0 0 53.58
699	204.58 85.98 0 0 0.44
700	0 30 0 0 0
701	0 29.98 0 0 0.04
707	0 232.98 0 0 0
708	85.06 200.94 0 0 0
709	74.98 253.02 0 0 0
24	0.14 0 205.14 0 256.72
54	244 0 0 0 0
107	23.9 0 91.94 0 0.18
196	311.62 300.7 0 0 146.66
290	102.56 0 128.5 0.04 1.9
332	0.08 0 41.22 350.7 0
370	19.2 0 59.8 0 0
372	93 0 0 0 0
382	0 248 0 0 71.02
393	538.98 0 0 0 0
423	444.88 342.3 0 0 116.82
508	0.12 43.92 399.34 0 151.62
526	193.66 191.32 0 0 0.02
580	85.92 0 0 0 0.1
659	74.56 296.42 0 0 0
662	126.26 88.4 0 0 0.36
715	98.66 93.58 0 0 43.74
716	92.54 19.46 0 0 0
717	15.38 0 171.62 0 0
718	0.26 36.84 16.9 0 0
719	48.18 0 0 0 0.82
724	137.54 74.46 0 0 0
727	66.56 29.22 0 0 77.22
728	115 0 0 0 0
729	183.12 43.88 0 0 0
731	99 0 0 0 0
737	0 96.68 0 0 52.32
738	0 3.76 0 0 62.24
742	247.06 0 493.92 0 0.02
745	0 46.98 0 0 0.02
747	211.3 57.66 0 0 0.04
748	110.34 0 255.16 433.5 0
749	0 0 0 152.96 0.06
750	0 0 0 391.98 0
159	150.74 0 0 0 103.26
17	0 0 0 0 229
49	213 0 0 0 0
53	0.02 0 0 0 311.98
67	237 0 0 0 0
78	66 0 0 0 0
92	0 0 0 0 294.02
117	201.88 0 666.96 0 244.14
128	0 0 0 0 178
155	236.88 0.12 0 0 0
160	0.02 65.32 0 0 102.66
184	0 0 0 0 314.02
188	0.12 104.98 0 0 385.9
193	163 262.24 0 0 66.74
209	0.06 330.08 0 0 251.86
218	125.42 0 0 0 303.58
224	0 55.6 68.4 0 0
225	151.14 0 109.86 0 0
262	0 0 35.44 169.56 0
264	0 0 39.18 194.82 0
279	0 32.7 36.3 0 0
280	72.92 0 159.08 0 0
292	0 0 44.66 286.32 0.02
299	0.02 0.2 0 165.78 0
307	0.32 0 59.66 486.98 0.06
313	176.04 0 174.46 835.34 0.14
316	0.02 0 0 398.98 0
323	43.26 0 205.84 347.84 0.06
348	0.02 0 0 67.98 0
350	0 0 0 95.98 0.02
394	33 0 0 0 0
400	45 0 0 0 0.02
411	166.16 0 203.82 0 0
413	0 0 16.98 0 97.02
424	0 0 7.76 0 8.24
439	0 0 0 0 3
445	0 50.52 0 6.48 0
453	0.18 0 0 0 27.84
471	129.46 0 493.5 0 0.04
475	0.06 117.64 461.96 0 168.32
492	0 173 0 0 0
515	0.32 325.46 294.34 0 83.88
541	118 0 0 0 0
550	200.72 0 0 0 195.28
553	170.92 0 0 0 0.1
554	208.96 0 0 0 0.02
559	136.92 0 0 0 208.08
563	0 0 0 0 59
576	145.54 0 0 0 77.46
619	0 0 165 0 0
621	23.68 0 0 0.32 0.02
630	21.26 62.7 0.02 0 0
636	106.22 0 0 0 132.78
637	0 2.48 0.02 0 98.52
647	0 234.98 0 0 0
650	0 230 0 0 0
657	0 382.66 0 0 61.34
661	0.02 285.98 0 0 0
667	0 0 0 0 21
669	0.04 0 0 13.96 0
674	0 72.4 0 7.74 34.88
675	0 154.98 0 0 0
687	0 0 44.36 89.64 0
689	0.08 0 22.14 186.78 0
691	0 0 0 47 0
706	0 0 0 0 12
712	74.12 62.88 0 0 0
722	127.88 0 0 0 0.14
732	442.94 94.38 0 0 0.66
733	0 23.94 0 0 15.06
736	45.52 175.46 0 0 0.02
739	433 0 0 0 0
740	0 49.52 125.48 0 0
746	163.34 0 0 0 169.68
751	74.98 0.02 1.2 425.78 0
754	0.2 0 11.36 140.44 0
756	103.58 0 208.42 0 0
757	0 11 0 0 0
758	0 0 0 0 29
760	0 0 48.26 0 59.74
761	104 0 0 0 0
762	35.54 0 228.2 0 55.28
763	102.28 0 270.62 0 72.08
765	76 0 0 0 0
767	0 0 0 0 17
768	129 0 0 0 0
769	70.14 0 0 24.86 0
770	0 71.14 0 0 79.86
771	86 0 0 0 0
773	0 0 0 0 35
774	0 0 0 0 74
775	53 0 0 0 0
777	0 0 0 0 4.02
778	164.42 28.56 0 0 0
779	57 0 0 0 0
785	85 0 0 0 0.02
789	0 0 0 0 147.98
790	144 0 0 0 0
791	0 0 0 0 15
792	0 191.9 0 0 39.1
793	0 0 0 0 28
795	40 0 0 0 0
796	90 0 0 0 0
797	83 0 0 0 0
798	19 0 0 0 0
799	16 0 0 0 0
800	0 0 0 0 61
801	0 0 0.02 0 34.98
803	0 0 0 0 18
804	0 0 0 0 18
806	0 0 0 0 121
810	107 0 0 0 0
811	0 55 0 0 0
813	0 31.96 134.04 0 0
815	49.86 0 236.14 0 0
817	0 0 0 0 4
818	0.06 0 0 30.46 33.48
819	0 0 79 0 0
822	0 8 0 0 0
824	50.76 0 51.24 0 0
825	3.92 0 114.16 0.02 95.9
826	110.14 0 80.86 0 0
827	0.02 0 90.52 0 38.46
829	0 0 69 0 0
832	0 0 45 0 0
833	36.36 0 95.64 0 0
834	20.2 0 0 0 18.8
835	0 47.98 0 0 0.02
837	0 94 0 0 0
838	9 0 0 0 0
841	0 0.02 69.74 0 44.24
843	60.96 0 0 0 0.06
845	89.34 47.56 335.06 0 0.02
846	15.24 0 86.76 0 0
849	98.98 0 0.02 0 0
850	0 9 0 0 0.02
851	0 0 0 0.1 14.88
853	1.8 0 0 32.2 0
855	0 200 0 0 0
862	36 0 0 0 0
863	0 88 0 0 0
865	0.02 67.98 0 0 0
867	0 18.3 0 2.7 0
870	0 0 20 0 0
871	41.7 0 98.3 0 0
872	0 0 0 91 0
873	0 0 27.1 186.9 0
879	6.02 0 27.96 328.52 1.5
880	0 0 0 145 0
881	0 0 0 111 0
882	0 0 0 87 0
883	0 0 0 37 0
884	0 2.56 0 15.44 0.02
886	0 0 0.28 124.7 0
889	0 0 0 31 0
891	0 0 0 14 0
893	0 0 0 27 0
895	0 0 0 275.92 0.1
896	0.02 28.5 0 107.46 0
897	0 0 0 3 0
899	0 1.3 0 29.7 0
900	0 0 12.28 114.72 0
902	0 0 0 136 0
903	0 0 0 44 0
904	0 0 0 50 0
905	1.02 0 36.74 35.24 0
909	0 0 0 44 0
911	0 0.02 0 9.98 0
914	0 0 0 27 0
916	0 0 0 47 0
917	0 0 0 24 0
81	0 116.38 0 0 203.62
428	0 334.7 0 0 43.3
524	1.88 149.12 0 0 0.02
820	114.16 0 109.7 0 0.14
919	0 40.88 117.94 0 143.16
920	0 0 6.48 0 4.54
921	25.08 98.9 0 0 0
923	0 184 0 0 0.02
118	269.92 0 509.04 0 0.02
248	5.32 0 380.62 0 94.06
252	91.78 0 246.46 0 31.76
297	0.08 38.2 117.72 0 0
676	0.02 34.7 180.28 0 0
823	0 0.04 120.92 0 53.04
866	67 0 237 0 0
925	33.36 0 57.64 0 0
926	93.84 0 132.16 0 0
927	0 0 13.98 0 0.04
928	89.18 0 136.28 0 49.52
930	76.08 0 91.92 0 0
931	39.58 0 43.06 0 17.36
934	51.34 0 125.66 0 0
935	0 0 20 0 0
936	0.02 23 88.98 0 0
938	0 0 0 51 0
469	0 70.08 0 0 136.94
476	91.5 0 285.48 0 0
498	73.62 416.36 0 0 0.04
642	0 132.22 0 0 102.76
939	61.2 0 0 0 123.8
941	118 0 0 0 0
943	0 0 0 0 109
945	0 140 0 0 0
946	157.94 0 0 0 0.06
947	0 0 0 0 42
948	0 0 13.94 38.9 10.16
150	0.02 0 263.82 0 212.16
6	0 0 67.86 0 0.16
61	0 187.98 0 0 0.02
65	163.32 120.42 0 0 51.24
72	309.1 29.9 0 0 0
212	17.36 243.64 0 0 0
236	0 21.66 115.34 0 0
418	268.86 64.14 0 0 0
486	38.82 133.18 0 0 0
517	0 270 0 0 0
528	1.22 413.78 0 0 0
614	27.88 109.12 0 0 0
627	200 0 0 0 0
633	137.48 96.52 0 0 0
702	0 122 0 0 0
704	14.46 36.54 0 0 0
714	0 31 0 0 0.02
735	248.24 193.48 0 0 0.28
753	0 73.98 0 0 0
781	230 0 0 0 0
805	21.74 57.26 0 0 0
856	0.04 103.96 0 0 0
949	106.82 59.18 0 0 0
951	91 0 0 0 0.02
952	0 21.32 52.92 0 35.74
956	0 135.68 0.02 0 18.3
957	0 4 0 0 0
958	0 44 0 0 0
959	0 0 0 0 178
962	0.02 53.98 0 0 0
963	0 111.32 0 0 38.68
967	0 20.6 0 0 5.42
969	161.94 77.04 0 0 0
972	0 68 0 0 0
973	0 14 0 0 0
887	0 0 0 197 0
148	81.28 0 200.72 0 0
281	112.06 0 243.94 0 0
330	0 0 0 118 0
564	0 0 0 0 33
567	0 0 0 0 82
680	0 0 0 62 0
854	0 0 0 0 30
858	0 0 0 0 2
874	0 0 15.02 90.98 0
876	0 0 0 109 0.02
877	0.14 0 0 113.84 0
878	0 0 0 69 0
975	0 0 108 0 0
976	0.2 0 10.76 0.04 0
978	0 0 51 0 0
980	0 0 58 0 0
981	0.14 0 0 2.36 11.5
983	0 0 27.96 0.04 0
984	0 0 28.54 73.46 0
986	8.86 0 35.14 0 0
987	0 0 10 0 0
988	0 0 95.86 83.14 0.02
989	0 0 66.88 16.1 0
990	0 0.16 0 82.84 0
991	2.38 0 6.04 41.58 0
992	0 0 0 7.74 0.26
993	90.7 0 112.3 0 0
994	0 0 14.9 0.1 0
840	0 0 65.14 0 36.86
932	0 0 95.22 0 0.78
996	29 0 0 0 0
998	23 0 0 0 0
1000	0 0 0 0 20
1002	0 0 0 0 10
1003	16 0 0 0 0
102	125 0 0 0 0.02
154	76.54 184.9 0 0 216.54
171	0 209.34 0 0 11.68
713	0 42.86 100.92 0 56.2
780	103.6 0 0 0 57.4
961	0 0 0 11.62 71.38
1004	20 0 0 0 0
1007	0.04 52.86 88.1 0 0
929	32.24 0.04 52.72 0 0
968	35.8 19.2 0 0 0
369	50.06 0 68.84 0 0.12
458	0.02 0.02 194.18 0 34.76
683	0 0 0 88 0
831	0 0 93.02 0 81.98
1010	0 0 76.4 0 28.6
1011	0 0 184.8 0 80.2
1012	0 0 281.38 0 4.62
1013	1.58 0 63.42 0 0.02
1014	51.38 0.02 174.54 0 0.04
1017	0 42.06 63.94 0 0
859	0.02 0 0 0 34.02
312	0 0 0 196.96 0
1019	0 30.98 0 0 63.02
315	0 0 0 557 0
892	0 0 0 115 0
875	0 0 18.12 99.88 0
1020	0 108 0 0 0
1021	0.02 108.98 0 0 0
1022	0 0 0 88 0
1023	0 0 72 0 0
898	0 0 0 166 0
1024	0 0 0 46 0
266	0 0 0 73 0
937	0 0 0 108 0
1026	0 0 0.02 9.98 0
1027	8 0 0 0 0
84	46 0 0 0 0
112	32.36 0 0 7.64 0
673	97.08 131.92 0 0 0
681	0 0 0 60 0
940	30.7 0 0 0 22.32
1016	96.18 0 225.08 0 54.72
1028	139.24 0 192.74 0 0.02
1029	26 0 0 0 0
1031	16 0 0 0 0
1032	0 0 0 0 25
1033	45.26 0 29.74 0 0
1035	172 0 0 0 0
1036	57 0 0 0 0
1037	39 0 0 0 0
337	0 0 0 47.98 0.04
343	0 0 0 254 78.98
1038	0 0 0 43 0
1039	123.08 154.74 0 0 2.18
103	0 0 18 0 0
658	0.62 0 0 0 226.38
720	222.86 0 0 0 0.14
755	271 0 0 0 0
924	58.12 0 185.88 0 0
1042	69 0 0 0 0.02
1046	89.48 0 0 0 27.5
1047	91.7 0 206.3 0 0
1048	0 0 178.9 0 0.1
1050	22.64 109.36 0 0 0
254	85.24 0 42.6 0 0.22
354	0 0 0 206.7 0.26
542	99.98 0 0 0 0
581	134.8 0 8.2 0 0
1052	0 0 22.54 0 19.48
1054	12.24 0 31.74 0 0
1055	32 0 0 0 0
1056	12.2 12.8 0 0 0
90	237 0 0 0 0
190	0.2 372.8 0 0 32
764	28.58 0 0 25.42 0
1001	0 0 24.56 0 0.46
1059	0 0 47.44 0 31.54
1063	68.04 69.96 0 0 0
1064	0 17 0 0 0
1065	0 152.88 0 0 0.12
477	110.68 0 137.32 0 0
698	0 0 9.6 0 12.4
725	27.88 0 0 0 0.12
997	0 0 0 0 26
1018	0 85 0 0 0
1066	43 0 0 0 0
1067	0 0 82.34 0 42.66
1069	0 25.88 0.02 0 22.1
1071	0 0 0 0 31
1072	0.22 0 0 0 13.78
1073	0.08 59.64 0 0 140.28
1074	127.1 0 0 0 64.9
1075	8.52 0 11.48 0 0
1077	0 0.02 0 0 21.98
1079	43.34 10.7 22.76 0 9.2
1080	0 0 0 7.78 0.22
1081	0 0 14 0 0
1083	9 0 0 0 0
1008	0 21.84 68.14 0 0.02
705	14.76 374.2 0 0 0.04
741	0.06 0 147.94 0 0
864	32.6 0 183.4 0 0
1085	0 0 31 0 0
1087	0 0 0 16 0
114	0 134.24 0 0 61.76
232	101.2 0 0 0 148.8
376	55 0 0 0 0
794	145.98 0 0 0 0.02
1057	0 0 0 0 28
1091	95 0 0 0 0
710	58.14 16.6 0 0 164.26
1096	0 0 8 0 0
645	0 61.82 0 0 12.18
730	0 71 0 0 0
1006	0 0 16.12 0 32.88
1070	0 93 0 0 0
1084	20.24 0 44.76 0 0
1089	0 3.16 50.76 11.08 0
1101	0 216 0 0 0
1105	0.02 0 0 36.94 0.04
44	115.44 0 0 0 66.56
466	0 78.4 0 0 62.6
608	0 90 0 0 0
618	0 44 0 0 0
622	111 0 0 0 0
644	0 100.9 0 6.1 0
953	16.98 34.02 0 0 0
1005	0.06 73.94 0 0 0
1093	0 0 48 0 0
1111	0 0 23.94 0.06 0
1112	0 0 0 0 38
1114	0 0 28 0 0
1115	0 41.88 39.12 0 0
1119	144.12 4.9 0 21.98 0
1120	16.06 0 27.94 0 0
1060	58.74 0 37.26 0 0
1121	0 74 0 0 0
1122	0 5 0 0 0
1125	0 13 0 0 0
76	0 0 0 0 137
723	72 0 0 0 0.04
744	0 41.8 214.16 0 0
1009	0 46.78 136.16 0 0.08
1129	0 0 76.98 0 0
1130	0 0 4 0 0
1132	0.04 0 65.96 0 0
1133	56 0 0 0 0
1134	0 41.5 61.5 0 0
1135	45.9 0 0 0 72.1
108	0.04 0 61.2 0 88.76
828	19.02 0 0 0 12.98
1138	0 0 0 17 0.02
389	0 0 0 0 73
847	0 54.56 105.42 0 0
1140	0 0 0 0 34
1041	174 0 0 0 0
1044	98 0 0 0 0
1142	0 0 142 0 0
1144	0 0.02 10.98 0 0
1030	0 0 0 0 38
1145	23.96 0.04 0 0 0
1146	6 0 0 0 0
685	83.62 0 263.36 0 52.04
844	0 0 80.82 0 40.18
1051	0 0 117.98 0 0
1147	24.24 20.76 0 0 0
1148	0 0 12.6 0 12.4
894	0 0 0 26 0
331	0 0 3.9 329.1 0
351	0 0 0.48 38.52 0
1152	0 0 91 0 0
955	0 81.06 0 0 51.94
1153	0 0 1.88 0 44.12
1154	0 32 0 0 0
1155	0 0 0 0 10
1157	0.08 0 0 0 57.92
1159	0 0 0 0 39
906	0 0 0 51 0
726	21.12 0 5.88 0 0
1078	47.98 0.02 0 0 0
1128	0 13.98 11.02 0 0
1163	0.04 0 56.96 0 0
944	115 0 0 0 0
1049	0 0 50 0 0
543	22.9 31.48 0 0 4.62
345	0 0 0 185 0
481	0.02 192.92 0 0 0.06
782	0 20 0 0 0
1103	0 57 0 0 0
1113	0 46 0 0 0.02
1136	60 16.98 0 0 0
1166	0 34 0 0 0
1170	0 0 0.02 0 74.98
1171	0 12.76 31.24 0 0
1172	0 0 0 0 38
1173	0 0 18 0 0
1174	0 25 0 0 0
888	0 0 0 48 0
1176	0 0 0 67 0
570	121 0 0 0 0
648	41.56 172.44 0 0 0
783	77 0 0 0 0
802	89 0 0 0 0
808	76 0 0 0 0
1118	97.44 32.56 0 0 0
1177	0.1 0.02 11.88 0 0
1178	3.22 0 14.34 6.38 11.06
1179	10 0 0 0 0
1180	7.96 6.04 0 0 0
1181	19 0 0 0 0
1185	41 0 0 0 0
1186	0 0.04 0 0 5.96
1188	27 0 0 0 65
1191	0 0 13 0 0
20	0 52.62 131.38 0 0
454	13.6 11.4 0 0 0
500	43.06 54.94 0 0 0
703	50.54 0 0 0.42 0.06
721	0 0 0 0 139.98
836	0 79 0 0 0.02
942	0 59.26 0 0 53.72
954	0 28 0 0 0
965	0 54 0 0 0
1045	0 0 0 0 69
1097	0 17.16 33.84 0 0
1137	0 22.64 56.36 0 0
1192	5.34 28.66 0 0 0
1195	0 33 0 0 0
1196	0 9 0 0 0
1199	0 0 35.44 0 17.56
1201	0 5 0 0 0
1202	0 8.3 0 11.7 0
1203	0 70 0 0 0
1204	0 65 0 0 0
1205	0 18 0 0 0
1126	0 83.96 0.02 0 0.04
120	54.94 0 50.04 0 0
363	0 0 35.88 0 54.12
364	83 0 0 0 0
743	0 0 4.48 0 49.52
922	0 27.62 71.38 0 0
974	4.48 0 75.52 0 0
1040	0 0 52 0 0
1090	72.98 0.02 0 0 0
1194	0 96 0 0 0
1208	0.3 0 0 0 44.7
1210	70 0 0 0 0
1211	0 33 0 0 0
1214	0 7.02 8.98 0 0
1216	8.78 0 0 6.22 0
587	32 0 0 0 0
786	28 0 0 0 0
809	0 0 0 0 103
1058	42 0 0 0 0.02
1110	0 0 0 0 98.98
1209	27 0 0 0 0
1218	27.64 0 0 0 40.38
1219	11.9 0 0 0 32.08
1221	125 0 0 0 0
1222	49.96 0.04 0 0 0
1225	0 10.6 21.4 0 0
532	16.38 0 47.94 0.64 0.04
623	91 0 0 0 0
960	0 62 0 0 0
971	0 0 40.6 0 64.4
1116	31 0 0 0 0
1227	0 14 0 0 0
1228	90 0 0 0 0
1231	45 0 0 0 0
349	0 0 0 75 0
885	0 0 0 23 0
908	0 0 0 44 0
1233	0 0 0 21 0
1234	0 0 0 19 0
1235	0 0 0 4 0
1237	0 0 0 18 0
979	0 0 86 0 0
548	18 0 0 0 0
1076	25 0 0 0 0
1240	0 0 0 0 90
130	0 19.1 24.9 0 0
407	41.56 0 38.9 0 0.54
534	0 0 29 0 0
1242	0 5.94 0.04 0.02 0
1243	0 0 0 26 0
1139	62 0 0 0 0
1161	0 0 23 0 0
1245	8.72 0 34.28 0 0
397	0 0 0 0 24
1182	22 0 0 0 0
1229	0 0 0 0 18
1247	0 0 0 0 6
1249	29 0 0 0 0
1106	0 0 0 6 0
1251	0 0 0 33 0.02
696	0.02 0 205.94 0 0.04
772	0 33.08 0 0 82.9
253	0 1.8 72.14 0 0.08
1220	35.04 0 0 0 36.94
1226	0 0 84 0 0.02
1244	46.2 0 3.28 40.5 0
1254	0 0 19 0 0
1255	0 2.78 15.22 0 0
1256	0 0 6 0 0
1258	0 0 0 30.06 13.94
977	33.92 0 58.08 0 0
1165	0 0 16 0 0
459	0 25.28 48.72 0 0
1034	0 0 44.66 0 13.34
1260	0 9 0 0 0
1264	0 0 19 0 0
1265	0.02 0 0 48.98 0
1266	0 0 3.26 0 30.74
1168	57.96 0 0.04 0 0
1267	0 0 0 0 82
1269	0 35 0 0 0
388	0 0 0 0 60
1246	6 0 0 0 0
1270	14 0 0 0 0
1271	0 0 0 0 15
901	0 0 0 21 0
869	0 21.14 30.86 0 0
1053	66 0 0 0 0
426	0 0 0 0 73
555	0 0 0 0 14
752	0.02 0 0 103.98 0
816	0 0 0 0 33
982	16.5 0 28.5 0 0
1088	0 0 23 0 0
1095	0.36 0 34.36 0 13.28
1151	0 0 0 0 10
1275	0 0 0 9 0
1276	0.22 0 15.78 0 0
1278	0 0 51 0 0
1279	0 0 8.86 12.74 1.4
1280	0 0 0 43 0.02
1217	88.98 0 0 0 0
1117	0.02 0.08 40.9 0 0
335	0.08 0 0 52.92 0
985	0 0 56.84 0 0.16
1282	0 0 28 0 0.02
1283	4.42 0 34.56 0 0
1197	0 0 126.94 0 0.06
821	57 0 0 0 0.02
890	24.9 0 0 53.08 0
1025	0 0 0 103.34 0.66
1215	29.5 0 19.5 0 0
1273	12.38 0 0 0.9 23.72
1287	0 0.02 7.98 0 0
1288	0 0 0 20 0
1289	0 0 8 0 0
1290	3 0 0 0 0
1291	0 0 0 0.08 27.92
1293	0 0 5.9 9.1 0
1295	0 0 0 16 0
1296	0.04 0 0.02 58.94 0
966	77 0 0 0 0.02
1098	0 50.54 0 0 57.44
1286	0 42 0 0 0
1299	0.02 17.98 0 0 0
1300	12.26 0 0 3.74 0
1301	16 0 0 0 0
562	129 0 0 0 0
1303	0 0 0 0 37
918	0.84 0 3.82 16.34 0
1092	21 0 0 0 0
933	0 0 32.94 0 12.06
1200	0 19 0 0 0
1304	5 0 0 0 0
1308	0 2 0 0 0
995	0 0 0.02 71.98 0
1086	0 0 52 0 0
1262	0 23 0 0 0
1311	40 0 0 0 0
1313	0 0 0 36 0
1314	0 0 0 12 0
1315	0 0 62 0 0
1127	0 0 0 24 0
104	0 0 0 0.02 4.98
1061	14.06 0 53.94 0 0
1102	0 0 2.02 5.98 0
1150	0 0 14 0 0
1162	0 0 4 0 0
1187	0 0 13.1 0 19.9
1252	0 0 0 6.16 16.84
1277	0 0 54 0 0
1281	0 30 0 0 0
1302	0 0 0 12 0
1317	0.04 0 6.96 0 0
1319	0 1.22 5.78 0 0
1321	0 0 0 5 0
1323	0 0 8 0 0
1325	0 0 0.74 0.26 0
1326	0 0 0 0 20
1328	0 0 0 15 0
1329	0 0.04 0.58 0.3 0.08
1331	0 5.4 6.6 0 0
1335	0 0 29 0 0
1337	0 0 20.96 0.04 0
1338	0 0 8 0 0
1339	0 0 0.66 0.28 0.06
1340	0 0 0.66 0.28 0.06
1341	0 0.02 0.7 0.28 0
1345	0 0 0 3.98 0.02
1349	0 0 0.6 0.4 0
1350	0.02 0.02 0.7 0.22 0.04
1352	0 0 0.72 0.26 0.02
1353	0 0 8 0 0
1355	0.02 0 0 15.96 0.02
1356	0 0 8 0 0
1358	0 0 0 6 0
1359	0.18 0 0.3 0.86 0.66
1363	0 0 0.74 0.24 0.02
1365	0 0 3 0 0
1366	0 0 0.8 0.14 0.06
1368	0 0 15 0 0
1372	0 0 0 5 0
1380	0 0 14 0 0
1381	0 0 26 0 0
1382	0.02 0 7.96 0 0.02
1389	4.58 0 0 4.42 0
1391	0 0 0 6 0
1394	0 0 0 15.98 0.04
1160	0 0 64.98 0 0
1167	0 22.22 0 0 12.78
1297	33 0 0 0 0
1213	3.92 0 2.06 0.02 0
1336	12.16 0 0.82 0 0.02
1385	0 0.02 12.96 0.02 0
1399	0 0 0 17 0
1263	29 0 0 0 0
1400	0 24.98 0.02 0 0
1401	2.88 34.06 0 0 0.06
1402	0 8.32 0 2.68 0
1404	0 32 0 0 0
1407	38 0 0 0 0
624	52 0 0 0 0
1107	42 0 0 0 0
1207	27 0 0 0 0
1408	0 3 0 0 0
1410	0 0 0 0 11
1411	49 0 0 0 0
1412	9.98 0.02 0 0 0
1193	0 34 0 0 0
1413	0 0 0 0 17
1414	0 0 0 0 2
1415	22 0 0 0 0
1416	0 0 0 0 9
1241	0 0 0 9 0
1420	0 0 0 4 0
1354	0 0 0.76 0.18 0.06
812	43 0 0 0 0
1419	0.86 0 0 0 30.14
950	0 0.02 62.98 0 0
1131	0 33 0 0 0
1224	25 0 0 0 0
1268	0.14 30.86 0 0 0
1398	0 0 0 0 4
1421	30 0 0 0 0
1422	0 9 0 0 0
1423	0 0 0 0 9
1426	0 0 26 0 0
1428	22.78 18.22 0 0 0
361	0 0 0 23 0
1062	0 0 0 40 0
1175	0 0 0 6 0
1395	0 0 0 13 0
1429	0 0 0 11 0
1431	0 0 0 17 0
1432	0 0 0 2 0
1433	0 0 0 4 0
1434	0.02 0 0 23.98 0
1272	0 0 7 0 0
1333	0.08 0 0 12.92 0
1435	0 0 0 0 17
457	0 0 0.74 41.24 0.02
1330	0 5.68 0 0 3.32
695	27 0 0 0 0
1437	9.44 0 8.56 0 0
377	22 0 0 0 0
422	63 0 0 0 0
734	0 0 0 0 50
1206	0 0 0 0 27
1250	3 0 0 0 0
1439	18 0 0 0 0
1440	0 0 0 15 0
1284	0 0 64 0 0
1068	0 17.24 16.76 0 0
1143	0 0 46 0 0
1149	0 81 0 0 0
653	0 109 0 0 0
842	62.92 0.02 0 0 0.06
964	0 21 0 0 0
970	0 23 0 0 0
1100	0 8 0 0 0
1169	0 0 0 0 16
1285	41 0 0 0 0
1369	0 0 10 0 0
1445	0 11 0 0 0
1446	38 0 0 0 0
1447	0 3 0 0 0
1448	0 11 0 0 0
1449	0 33 0 0 0
1450	0 3 0 0 0
1452	0 4 0 0 0
1453	0 2 0 0 0
1460	0 3 0 0 0
1461	0 2 0 0 0
1451	0.04 41.96 0 0 0
1332	0 3 0 0 0
1465	3.6 3.4 0 0 0
1109	0.2 19.4 0 0 52.4
1467	0 0 0 0 10
1468	20 0 0 0 0
1183	32 0 0 0 0
1443	11 0 0 0 0
1469	34 0 0 0 0
1470	10 0 0 0 0
36	18 0 0 0 0
1424	0 0 3 0 0
1471	11 0 0 0 0
113	0 26.98 0.02 0 0
1472	0 0 7 0 0
1474	0.02 0 0 0 16.98
1475	0 23 0 0 0
206	0 0.02 0 0 128.98
579	39 0 0 0 0
860	0 0 0 0 27
1476	0.02 0 0 0 1.98
1361	6.98 0 0 0 0.02
1397	0 9 0 0 0
1427	0 12 0 0 0
1444	38 0 0 0 0
1478	0 0 0 0 39
1479	0 16 0 0 0
759	15 0 0 0 0
807	24 0 0 0 0
915	0 0 0 0 42
1141	0 14 0 0 0
1232	0 0 0 0 23
1481	6 0 0 0 0
1482	0 0 0 4 0
1483	0 0 0 40.96 0.04
1274	15 0 0 0 0
1305	0 0 0 0 16
1480	0 0 0 0 24
1485	0 0 0 0 10
1486	0.28 0.18 0.18 0.06 0.3
1488	0 12 0 0 0
1490	0 9 0 0 0
1491	6 0 0 0 0
1494	0.26 0.1 0.2 0.18 0.26
1496	0 0 14 0 0
1499	0 13 0 0 0
1099	0 0 0 0.02 30.98
1466	0 0 0 0 21
1473	26.98 0 0 0.02 0
1239	35 0 0 0 0
1375	0 0 35 0 0
1502	0 0 3 0 0
1248	0.28 0 0 0 40.72
1489	0 0 0 0 8
1298	0 0 0 0 18
1223	0 6 0 0 0
1379	0 7.72 11.28 0 0
1506	0 11 0 0 0
1507	3 0 0 0 0
1094	0 0 20 0 0
1230	13.48 6 1.52 0 0
1509	8 0 0 0 0
1510	0 0 3 0 0
1511	0 0.04 15.96 0 0
1015	16.96 0 0 5.04 0
1512	0 13.58 0 0 10.42
1513	0.24 0 0 5.76 0
1514	0.04 0 19.88 2.08 0
1456	0 18 0 0 0
1515	4 0 0 0 0
1386	0 0 15 0 0
1516	0 11.74 0 0.26 0
787	31 0 0 0 0
1253	7 0 0 0 0
1519	0.76 0 0 0 3.24
1522	15 0 0 0 0
1487	4.72 2.28 0 0 0
1523	4.28 1.72 0 0 0
912	0 0 0 25 0
1518	17.16 7.66 0 5.18 0
74	0 13 0 0 0
1198	13 0 0 0 0
1312	0 0 0 11.62 1.38
1504	0 0 0 7 0
1525	0 0 3.08 0.92 0
1124	0 0 0 0 38
1526	0 4 0 0 0
1528	0 0 0 7 0
1082	0 0 0 13 0
1392	0 0 0 9 0
1294	0 0 0 17 0
1396	0 0 3.06 0 13.94
1524	0 25 0 0 0
1212	0.44 0 0 5.56 0
1530	8 0 0 0 0
1322	0 0 5.08 4.92 0
1425	20 0 0 0 0
1438	5 0 0 0 0
1531	22 0 0 0 0
1532	4 0 0 0 0
1158	0 12 0 0 0
1462	0 18 0 0 0
1495	0 8.96 0 0 0.04
1535	0 12 0 0 0
1537	0 0 0 16 0
560	52 0 0 0 0
999	0 0 0 0 14
1409	17 0 0 0 0
1539	0 0 0 7 0
1371	2 0 0 0 0
1484	5 0 0 0 0
1184	8.56 11.42 0.02 0 0
1393	0 0 0 14 0
1540	27.98 0 0 0.02 0
1541	0 0 0 7 0
1542	6 0 0 0 0.02
1238	0 0 0 22.98 0
626	0 0 0 4 0
643	5 0 0 0 0
776	27 0 0 0 0
784	0.54 0.1 0.02 0.06 0.28
788	0 0 0 0.02 3.98
861	0 0 0 0 4
1043	13 0 3 0 0
1104	0.56 0.06 0 0.1 0.28
1108	0 0 0 0 4
1261	0 0 0 9 0
1306	0.46 0.14 0 0.1 0.3
1307	0.38 0.14 0.02 0.16 0.3
1334	0.24 0.3 0.04 0.14 0.28
1346	0 0 0 4 0
1384	0.04 0 3.96 0 0
1387	0.04 0 0 4.96 0
1405	0.02 0 0.04 14.94 0
1441	0 0 0 0 12
1442	9 0 0 0 0
1464	0.14 0 0 2.86 0
1517	0 0 0 0 8
1529	0 0 0 0 11
1544	8 0 0 0 0
1545	10 0 0 0 0
1546	0.46 0.12 0 0.02 0.4
1547	5.98 0 0 0.02 0
1548	0.38 0.22 0 0.06 0.34
1549	0 1.72 1.28 0 0
1551	0 0 0 0 4
1552	0 0 5.98 0 0.02
1553	0 11 0 0 0
1556	0 0 0 4 0
1558	0 18.3 0 0 6.7
1559	0.38 0.18 0 0.1 0.34
1560	0 11 0 0 0
1564	0.36 0.2 0 0.08 0.36
1566	0.4 0.1 0.02 0.16 0.32
1567	0.42 0.2 0 0.1 0.28
1568	0.42 0.18 0 0.06 0.34
1569	0.44 0.18 0.02 0.04 0.32
1570	0.4 0.26 0.02 0.12 0.2
1571	0.34 0.24 0 0.14 0.28
1572	0.48 0.1 0 0.12 0.3
1573	0 5 0 0 0
1574	0.42 0.18 0 0.08 0.32
1575	0.42 0.2 0 0.12 0.26
1576	0.4 0.22 0 0.1 0.28
1577	0.4 0.18 0.02 0.1 0.3
1579	0.58 0.2 0.02 0.06 0.14
1580	0.4 0.2 0 0.08 0.32
1581	0.34 0.22 0 0.08 0.36
1583	0.42 0.18 0.02 0.04 0.34
1584	0.38 0.24 0 0.18 0.2
1585	0 5 0 0 0
1587	0.44 0.24 0.02 0.08 0.22
1588	0 0 0 4 0
1589	0 0 0 11.04 0.96
1590	0 0 0 4 0
1591	0 0 4.1 10.9 0
1592	0 0 0 18 0
1360	0 2 0 0 0
1593	0 4 0 0 0
1189	10 0 0 0 0
1521	3.8 0.1 0 0 5.1
1594	9 0 0 0 0
1550	0.34 0 0 2.66 0
1347	0 10 0 0 0
267	0 0 0 8 0
1595	0 0 0 2 0
1596	0 0 0 2 0
1597	0 0.34 0 0 14.66
848	0 20 0 0 0
1418	0.06 6.94 0 0 0
1598	0 0 0 15 0
1599	4.68 0 0.32 0 0
1600	0.22 0 14.78 0 0
1378	0 0 0 7 0
1534	0 0 9 0 0
1601	0 0.08 0.48 0.28 0.16
1602	0 0 0 10 0
1318	0 0 2 0 0
1367	0 5.2 8.8 0 0
1603	3 0 0 0 0
1383	0 0 11 0 0
1403	0 0 6.98 0.02 0
1190	0.16 0 24.84 0 0
1454	0 15 0 0 0
1324	0 11 0 0 0
1604	0 4 0 0 0
1164	0 0 8 0 0
1377	0 0 0 12 0
1605	0 0 12 0 0
1606	0 0 0 2 0
868	0 10 0 0 0
1607	0 0 0 10 0
1123	0 0 0 0 4
1608	0 0 0 8.88 0.12
1388	0 0 0 18.98 0.02
766	0 0 13 0 0
1609	0 0 5 0 0
1610	0 0 6 0 0
1611	0 0 6 0 0
1612	0 0 0 15 0
1613	0 0 0 4 0
1459	0 0 0 0 10
1614	3 0 0 0 0
1555	12 0 0 0 0
1615	23.64 0 0 6.36 0
1616	0 1.8 2.2 0 0
1316	0 0 0 6 0
1508	6 0 0 0 0
1527	0 0 0 13 0
1430	0 0 0 6 0
1617	0 0 0 6 0
1618	0.46 0.24 0.08 0.06 0.16
1327	0 0 6 0 0
314	0 0 0 2 0
1619	0 0 0 0 3
1620	0.1 0 28.88 0 0.02
1376	0 0 7 0 0
1621	0.4 0 0.1 0.22 0.28
1362	0 0 3 0 0
1622	0 7 0 0 0
910	0 0 0 6 0
1344	0 0.12 14.88 0 0
1501	0 14 0 0 0
1623	0 0 0 0 12
1624	0 0 0 2 0
1625	0 0 0 4 0
1259	0.08 0.04 3.88 0 0
1357	0 0 2 0 0
1503	18 0 0 0 0
1406	0 13 0 0 0
1374	0 0 0.78 0.22 0
1626	0.32 0.12 0.24 0.02 0.3
1627	0 3 0 0 0
913	1.58 0 0 0 2.42
1257	0 0 0 6 0
1351	0 1.36 0 0 3.64
1370	0 0 7 0 0
1436	0 0 0 2 0
1538	0 0 0 6 0
1554	0 2 0 0 0
1578	0 0 0 3 0
1628	0 15 0 0 0
1629	0 0 0 0 8
1630	0 0 3 0 0
1631	1.9 0 5.1 0 0
1632	0 0 0 3 0
1633	0 0 3 0 0
1634	2 0 0 0 0
1635	0 3 0 0 0
1636	0 4 0 0 0
1637	0 0 0 0 3
1638	3 0 0 0 0
1639	0 2.4 0 10.6 0
1640	0 0 0 3 0
1641	0 0 3 0 0
1642	9 0 0 0 0
1643	0 0 0 15 0
1644	0 0 0 3 0
1645	0 4 0 0 0
1646	0 0 0 7 0
1647	0 0 3 0 0
1648	0 0.24 0 1.76 0
1649	0 3 0 0 0
1650	0 3.92 0 0.08 0
1651	0 4 0 0 0
1342	0 0 4 0 0
1652	0 0 5 0 0
1653	0 0 0 5 0
1654	0 0.18 0.14 0.56 0.12
1655	2 0 0 0 0
1455	3 0 0 0 0
1656	0 0 0 7 0
1657	3 0 0 0 0
1658	0 0 9 0 0
1497	0 4 0 0 0
1659	0.12 0.58 0.08 0.12 0.1
1660	0 2 0 0 0
1661	0.36 0.22 0 0.18 0.24
1463	0 0 0 5 0
1292	0 0 0 4 0
1662	0 0 0 5 0
1500	0 5 0 0 0
1390	0 0 0 3 0
1417	0 0 0 2 0
1477	0 0 1.96 1.04 0
1663	0 0 0 2 0
1664	0 0 0 13 0
1665	0 0 0 2 0
1666	0 0 0 2 0
1667	0 0 0 3 0
1668	0 0 0 3 0
1669	0 0 0 2 0
1670	0 0 0 3 0
1671	0 0 0 1 0
839	1.46 0 0 0 6.54
1672	0 0 0 0.04 3.96
1673	0 0 3 0 0
1674	0 4 0 0 0
1675	0 0 0 3 0
1676	0 0 2 0 0
1677	0 3 0 0 0
1678	0 0 0 1 0
1679	0 0 0 3 0
1680	0 0 0 2 0
907	2.34 0 0.66 0 0
1681	0 0 0 0 3
1682	0 0 0 0 7.32
