118.4 89.2 69.2 14.8 193.4
0 0 45 33 0
0 3.4 0 63 0.6
5.2 5.2 3 29.6 0
111.2 9.2 0 7.4 106.2
1 311.8 50.4 0 9.8
270 320.2 9.2 42.2 126.4
0.4 15.8 0 19.8 80
0 20.8 11 12.2 0
30.2 237.6 20.8 8.4 77
90.6 78.6 29.2 17.6 40
56.6 33.8 13.6 5.2 7.8
243.8 250.6 51.2 130.6 113.8
0 152 65.4 0 10.6
0 1 94 22 0
72 115.8 0 4.6 113.6
0 0.2 24.8 0 0
47.8 369.8 18.8 0 12.6
5.6 13.8 0 9.6 6
27.8 0 20.8 0 14.4
0 14.2 75.2 48.8 86.8
92.2 20.6 2 5 78.2
67 119.8 8.2 9 25
10 41.2 57 0 5.8
29.2 80.8 38.8 1.2 0
0 0 101.8 21.2 0
0 0 48 0 0
15.2 24.4 2.2 10.6 99.6
0 11.8 0 45 0.2
9 12.8 22.4 22.4 0.4
0 39.2 0 11.8 0
0 0 57 0.4 0.4
0 0 0 38 0
0 0 0 43 0
0 0 0 24 0
0 0 0 40 0
4.4 0 0 0 75.6
153.4 0 0 8.8 41.8
0 0 0 33 0
0 0 0 41 0
8.2 36.2 0 10.4 19.2
261 30.4 28.6 0 43
181.8 76.2 74.2 42.2 33.6
113.8 39.2 28.4 0.4 78.2
0 0 72 0 0
0.6 0 18.2 46.2 0
0 0 0 34 0
15.4 81.4 0 29.6 0.6
65.4 37 45.6 36.8 100.2
0 0 39 0 0
9 9 0.2 0 3.8
4 21.6 61.4 0 0
0 8 24.4 0.2 10.4
0 0 119.4 20.6 0
0 0 12 0 19
254.2 0 5.2 0 85.6
33.4 0.2 120.2 8.8 12.4
0 128.6 57 21.4 74
207.6 232 65.4 0 133
77.4 260.4 0 0 20.2
0 0 0.2 27.8 0
67.8 113.6 62.6 12.8 101.2
0 0 139.4 7.6 0
141.6 88.6 0.6 9 85.2
1.6 82.4 25.4 0.2 14.4
0 0 56.8 1.2 0
0 0 57.8 0 14.2
0 5.2 40.8 0 0
0 5.8 64.6 8.2 29.4
89.6 38.4 0.2 1.6 62.2
0 41 13 5.4 0.6
73.2 120.8 0 0 54
1.2 67.6 0 0 53.2
0.2 0 47 15.8 0
0.4 10 103.8 0 4.8
0 64.8 16.4 13.4 41.4
5.4 60.8 3.6 0 55.2
0 0 21 3 0
0 0 82 25 0
0 49.6 0 4.4 0
0 9.4 65.6 0 9
24.4 138.6 69 5.8 9.2
207.8 5 45.8 6.4 0
0.6 23.8 50.4 4.6 21.6
78.8 288.8 0.4 23.2 63.8
0 0 0 41 0
236.2 43.4 21.4 0 72
0 0 0 38 0
10.6 59.2 71.2 0 0
45.2 372.4 49 69.4 34
23.4 104.4 0 49.8 8.4
223.2 68.2 114.6 2.8 191.2
0 0.2 39.8 0 0
224.8 105.8 49 11.6 262.8
223.8 82.6 20.4 10.2 66
0.6 88.8 0 0 30.6
20.8 74.4 0 0 27.8
0 29 0 6 0
21.2 1.2 113.8 31.2 85.6
0 0 0 75 0
0 0 76.6 0 3.4
136.2 23.4 15 31.8 71.6
0 0 27.4 0 26.6
0 0 81 39 0
0 0 0 25 0
48.8 74.6 13.4 0.2 0
0 0.2 0 29.8 0
0.2 0 59.8 0 0
148.4 1.2 91 0 95.4
80.6 0 0 27.2 44.2
0 0 0 43 0
0 0 0 76 0
0 0 36 36 0
0 66.2 0 0 8.8
0 59.8 26.4 4.4 73.4
3 40.2 21.6 76 20.2
11.4 0 97.4 26.4 67.8
0 45.2 0 6.2 84.6
66.6 54 121.6 34.6 58.2
0 0 43 0 0
0 53.4 44.6 0 0
18.4 89.6 0 0 0
0 87.8 6.2 0 0
0 9 0.2 0 25.8
153 114.8 18.4 4.2 25.6
0 0 0 74 0
25.8 0 0 23 0.2
130.4 142 36.6 0 0
0 0 0 35 0
267.2 8.6 102.2 79.4 223.4
0 5.8 39.6 17.6 0
0 0.2 15.8 0 4
0 0 0 24 0
0 0 5.8 42.2 0
19.6 12.6 11.6 0 73.2
4.6 0.4 39.4 0 16.6
0 0.2 46.6 17.8 40.4
0 85.4 16.4 0 0
0 0 23.2 13.8 0
0 0 0 36 0
0 0 125.2 17.6 0.2
0 0 0.8 15.4 27.8
0 0 0 22 0
51.8 140.8 91.4 26 51
104.8 0.6 84.4 83.6 166.6
0 0 0 35 0
0 0 0 41 0
26 80.6 21.4 0 0
0 0 0 29 0
0.2 0 84.8 0 0
138 337 47.2 0.6 26
96 7.2 38.6 10.6 5.6
0.8 8.8 0 7.6 10.8
0 76.4 0 11.8 6.8
0 0 0 29 0
0 59.8 0 2 8.2
0 0 80.2 12.8 0
66 65.2 33 0.2 113.6
10.6 0 89 28.8 3.6
13.4 64.2 44.6 0 77.8
0 48 8.2 3.2 2.6
3.2 0 56.4 0 24.4
5 0 0 9 22
0 0 83.8 42.2 0
29.6 0.2 0 18 0.2
0 0 0 38 0
25.6 43.2 9.2 0 6
0 0 116 0 0
0 36 0 12.8 7.2
0 0 0 28 0
0 0 0 32 0
5.8 41.6 3.2 0 8.4
0 0 0 68 0
126.4 0.2 83.4 44.8 14.2
14 39 0 1 0
0 0 37.2 42.8 0
0 37.6 10 36.8 96.6
150.4 61.8 107.2 35 81.6
0 0 0 61 0
42.8 41.4 2 0 30.8
5.8 5.8 212.2 80.4 8.8
17.2 0 31.6 0 1.2
58.2 0 0 6.6 9.2
68.8 210.2 75 5.2 65.8
0 64.6 25 0 11.4
65.2 0 58.2 22.4 8.2
10.4 74.4 0.2 0 0
97.6 35.6 0 3 59.8
0 211.6 72 11.6 16.8
0 0 47.4 26.6 0
0.4 4.6 0 53 0
0 0 33 21 0
75 17 37 38.2 15.8
166.8 184.4 15.8 0.4 59.6
22 36.2 48.6 25.2 26
36.4 26.2 0 10 0.4
56.2 19.6 0 72.4 79.8
49.4 69.4 16.2 0 113
0 0 41.2 16.8 0
262.2 24.6 57.8 8.8 69.6
58.2 147 65.2 54.2 169.4
0 18.6 0.4 0 0
0 0 58.4 16.6 0
0 30.4 3.6 42 0
0 0 0 35 0
0 0 0 77 0
71.6 74.2 69 24.6 75.6
21.6 62.4 0 0 0
0 0 24.4 26.6 0
117 83 18.8 0 38.2
10.4 2.8 10.4 20.8 2.6
0 26 0 0 0
51.2 51.4 34.4 4.4 107.6
0.2 124.4 45.6 35.2 49.6
58.4 59.2 0 5 35.4
42 17.2 41.4 0 110.4
61.8 0 3.6 0 46.6
4.6 28.2 0.6 0 38.6
0 18 7.2 8 4.8
0 0 5 40 0
40.8 7.6 25.4 13.4 140.8
281.2 16.2 86.6 23.8 126.2
46.6 0 95.6 3.4 6.4
111.6 30.2 22.4 35 24.8
19.6 27.2 1.2 1.8 0.2
0 0 32.4 4.6 40
0 0.2 81.8 0 0
0 19.2 0 20.2 6.6
0 0 0 35 0
120.2 64.4 0.4 9 24
0 0 41 0 0
0.8 139.8 9.8 13.8 15.8
32.2 118.8 9.8 3.4 17.8
131 353 44.6 35.8 64.6
12.4 161 0 17.6 0
62.2 82.4 32.2 19.2 0
0.2 86.8 0 0 1
0.6 0 49.4 0 0
0.4 276 6.6 14.2 18.8
0 0 0 36 0
0 0 0 39 0
0 0 27 15 0
0.6 102.8 27.2 0 4.4
167.6 34.6 80.4 11.4 141
9.2 0 19.2 0.6 0
99.4 13.4 25 7.4 97.6
0.2 13.6 22.4 8.8 0
0 30.6 39.8 0 62.6
26.8 60.6 59.8 0 140.8
42 34.6 60.6 19 56.8
0 27.4 70 0 30.6
0 0 42.6 0.4 0
55.6 56.2 16.4 0 36.8
147.8 23.2 2.8 8.4 34.8
0.4 0 17.8 17.8 61
196.8 9.6 121 0 30.6
0 36.6 43.8 17.6 0
0 0 0 57 0
0 0.2 8.2 11.2 55.4
0 0 0 47 0
0 0 14.8 55.2 0
117.6 25 27.2 18.4 55.8
71 144.8 0 24.4 14.8
24 138.2 0 8.2 71.6
0 0 65.2 0.6 0.2
0 0 14.8 9.2 0
109.4 42.4 5.6 0 147.6
168 58.8 41.8 14.8 156.6
57.6 280 41.4 19.2 97.8
111.6 34.2 59.6 21 62.6
110.6 202.6 56 35 13.8
0 54.4 0 4.6 26
0 0 0 38 0
17.8 16 97.2 0 0
123.8 0 0 7.2 18
308.8 43.8 60.8 69.8 334.6
0 0 91 6 0
0 17 0 24.4 6.6
232.8 94.6 99.8 6.4 207.4
197.2 38.2 38.6 24.8 87.2
0 0 0 27 0
0 0 0 42.8 0.2
39.4 22.8 17.2 0 25.6
0 0 0 66 0
0 14.8 27.6 22.4 0.2
190.2 64.2 48.2 72.4 88
0.2 0 55.8 24.8 66.2
12 53.8 19.2 27 19
4.8 0 40 0 0.2
199 0 12 0 22
227.2 13.2 46.2 0 161.4
0.4 189.8 60.2 0 41.6
116.4 190.4 47.8 12.6 142.8
0 14.2 144.8 67 0
227 90.2 3.2 0 81.6
0.2 135.2 103.8 24.8 35
47.6 99.6 80.4 28.8 86.6
77.2 78.6 14.6 11.2 3.4
75.2 241.4 61.8 33.4 18.2
0 0 8.4 21.6 0
215.2 79 36.2 0 97.6
0 0 0 26 0
269.8 97.6 109.6 19.6 203.4
0 0 18.6 24.2 0.2
16.4 200.2 21.8 17.6 73
0 0 59.2 11.8 0
68.8 56 0 8.8 93.4
130 356.6 52.8 1 115.6
0 0 0 28 0
0 0 60.6 8.4 0
304.2 162.4 9 29.4 55
11.6 343 0.4 0.2 38.8
136 173 0 3 72
205 0 98 22.2 58.8
9.4 88.4 0 14.8 57.4
1.6 94.6 9 9.8 0
0 0 0 34.8 0.2
113.6 129.8 20.8 19.4 7.4
0 0 0 28 0
132.4 0 61.6 8.8 75.2
0.2 184.2 7.4 0 0.2
0 67.6 1 10.2 20.2
0 27.2 63 24.8 47
0 0 40.6 22.4 0
21.8 185.6 8.4 8.8 4.4
81.8 113 0 0 63.2
50.6 184.4 26.6 18.4 87
113 111 36 43.4 91.6
0 22.4 35.2 23.6 17.8
199 32.6 29 0 22.4
0 74.6 1 7.6 25.8
72.8 0 75.6 31.2 100.4
19.6 0.4 3.8 19.4 3.8
35.6 182 82 38.6 63.8
0 0 0 31 0
62 0 41.2 0 25.8
38.6 2.2 8.2 0 0
0 121.8 0 8 1.2
56.6 178 7.6 11.8 121
72 0 0 0 0
0 0 0 36 0
17.6 92.6 84 0.2 51.6
67.6 146.8 47 7.4 50.2
34.6 80.8 90.6 29 59
118 62.4 126.6 41.4 6.6
78.6 23.4 24.6 7.8 54.6
102.6 0 59.2 9.6 103.6
0.2 0 103 0.6 5.2
0 0 37 0 0
0 43.6 0 8 10.4
0 0 0 59 0
0 0.4 0 0 46.6
0 0 0 15 0
5.2 259.6 12 30.2 0
0.2 0 0 23.8 0
0 0 0 34 0
0 0 94.2 8.8 0
3.8 17.4 0 0.6 7.2
0 0 39 8.8 0.2
0 101.4 12.6 15.6 0.4
35.6 101.4 0.4 1.2 25.4
0 0 0 25 0
65.2 36.2 24.8 25.4 153.4
0 0 6.4 15.6 0
0 0 60.8 7.2 0
0 0 0 4.8 66.2
0.6 0 11.2 15.2 70
0.2 7.2 0 0 34.6
0 0 0.4 8.6 11
0 57.6 5.4 0 8
0 14 2.2 0 32.8
24.6 0.2 13.4 15.4 44.4
174 81 0 0.2 34.8
125.2 0.4 79.2 13 45.2
23.6 0 0 1 15.4
0 6.8 25.2 0 0
0 0 0 24.6 24.4
200.8 38.8 61 33.4 51
100.8 103.4 0 4.2 27.6
41 106.6 0 3.4 0
26.4 93.2 16.6 4.2 1.6
0 28.8 29 0 9.2
0 73.2 0 7.8 0
0 0 0 24 0
14 136.2 43.2 13.4 46.2
0 0 15 0 0
25 101.8 33.8 5.6 155.8
0 0 0 20 24
56.6 169.4 0.2 0 28.8
0 0 28 16 0
0 84.6 9.2 5.2 0
0 54.4 39.2 25.4 0
263.4 10.6 48.4 43.6 77
53.8 0 10.2 0 35
16.8 12.6 8.6 8 0
0.2 0 38 16.8 0
0 34.2 0 12.8 24
56.8 109.6 0.2 0.4 0
84.4 3 34.8 4.2 77.6
0 0 0 17 0
9.4 92.8 21.6 1.2 0
0 21.8 33.2 3 0
0 0 12.8 0 0.2
0 0 0 26 0
130.2 63.8 7.6 14.8 52.6
13 174.8 10.2 0 58
46.2 31.8 0 0 52
0 0 0 14 0
0 125.6 5.8 20.8 2.8
0 0 0 14 0
9 0.6 0 0 22.4
0 24.8 0 0 30.2
0 0 25.8 10.2 0
0 0 9.4 0.6 0
0.2 8.8 0 1 0
122.4 30 51.8 32.2 53.6
87.4 8.4 15 0 94.2
0 0 0.2 14.8 0
0 14 0 0 0
0 0 8.6 6.4 0
0 14.4 0 0 14.6
0 4.2 35.2 0.2 23.4
0 0 17.2 31.8 0
0 0 9 7 0
19 0 0.8 15.6 43.6
6.2 48.8 0 0 0
0 0 0 31 0
0 0 0 27 0
55.8 69.8 7 4 41.4
0 13.2 3.6 0 0.2
0 0 0 12 0
0 0 43 0 0
0 1.2 0 7 7.8
0 0 10 0 0
32.2 7 8.8 4 57
40.8 7.8 3.8 0 19.6
22 54 6.4 0 9.6
0 0 16 0 0
0 0 11 0 0
0 0 0 14 0
26.6 0 1.4 0 29
0 0 5 8 0
0 0 14 0.2 8.8
0 0 0 3 0
2.4 3.2 17.8 2.4 20.2
0 0 0 9 0
0 13.2 16.6 0 0.2
83.2 42.8 12.2 8.8 34
0 0 0 19 0
0 28.8 0.2 0 0
0 0 8.2 0 16.8
12 20.8 0 0 1.2
11 0.6 6.4 0 0
1 0.2 0.2 0.2 9.4
13.6 14 0 0 4.4
0 9.2 0 0 2.8
0 0 3 0 0
0 3 0 0 0
0 0 0 5 0
