22.6 15.2 1.2 40 0
8.4 0 0 0 8.6
0 0 0 0.2 10.8
0 0 0 0 10
3.2 31.8 0 0 0
0 0 25.4 16.4 4.2
0.2 27 41.4 25.8 1.6
0 4 0 0 6
2 6.6 0 0.4 0
0 11.6 32 34.4 0
5.8 29.2 11.6 0.6 0.8
0 0 16 0 0
15.8 30.6 29.4 58 20.2
0 0 19.8 15.2 0
5.6 0 0 0 5.4
4 20.6 6.2 5.2 0
7 0 0 0 4
6 4.6 47 34.4 0
1 0 0.4 0 1.6
7.8 11.4 2.4 0 5.4
30 8 0 0.2 23.8
0 19.2 10.4 5.4 0
0 13.4 8.8 14.8 0
6.6 0.2 9.6 26.6 0
8 0 32 0 0
29.4 0 0 0.2 6.4
9 0 0 0 0
0 3.6 17 0.4 0
0 10.4 5.8 2.2 2.6
0 0 8 0 0
15 0 0 0 0
0 0 0 0 8
0 0 0 0 17
0 0 0 0 3
0.2 20.6 0.2 0 0
9.8 39.6 8.4 0 0.2
0 0 0 0 14
0 0 0 0 5
0 0 27 6 0
13.2 23.6 6.2 0 0
5.8 27.6 0.6 0 3
0 0 50 8 4
14 0 0 0 0
0 0 0 0 10
0 0 0 0 13
0 0 0 12.4 0.6
10.4 19 0 39.6 9
12.8 0 5 0.2 0
5 0 0 0 0
3 0 0 0 0
0 0.8 0 6.2 0
12.2 31 0.8 0 0
17.4 6.6 0 0 0
1.6 0 17.6 28.8 3
11.6 25.8 45.2 10.2 0
5 0 40 0 0
0 0 0 0 1
20.8 0 15.2 27 0
27.8 0 0 0 0.2
0 18.8 25.8 11.8 0.6
12.2 12.2 10.4 0.2 0
14.8 0 0 0 0.2
12 0 0 0 0
1 0 0 0 0
6 0 0 0 0
8.6 24.4 0 0 0
0.2 0 0.2 10.6 0
7.2 3.6 0 24.2 0
0 0.2 0 25.8 0
0 0 0 0 9
17 0 0 0 0
3.2 0.4 0 21.4 0
0 14.6 0.2 15.2 0
4 0 0 0 0
15 0 0 0 0
0 1.2 3.8 0 4
2 9 0 0 0
4.6 0 45.4 0 0
12.6 9 8.4 0 0
16 0 0 0 0
0 5.2 27.6 23.2 0
0 0 0 0 12
8 18.8 25 6.2 0
0 0 0 0 5
11.6 13 0.4 0 0
0.2 0 33.8 37 0
0 0.8 20.4 0 11.8
25.2 36.6 0 32.2 0
10 0 0 0 0
12.2 34.8 15.8 48.2 9
0 28.8 43.2 0 0
0 9.4 2.4 5.2 0
0 0 10 0 0
0 0 10 0 0
12.2 0 7 12.2 10.6
0 0 0 0 21
14 0 0 0 0
0.2 21.8 0 6 12
0 0 0 8 0
11.2 0.2 0 0 4.6
0 0 0 0 8
0 3.4 0.4 18.2 0
0 0 0 0 3
20 33.8 0 0.2 0
0 34 0 3 0
0 0 0 0 4
0 0 0 0 17
15.4 0 0 0 4.6
0 0 15.2 11.8 0
12.8 0.2 0 38 0
18 0 0 3.6 13.4
15 6 0 0 5
0 5.2 8.4 8.4 0
21.4 0 25.4 0.2 19
11 0 0 0 0
3.8 0 3 5.2 8
0 5.2 16.8 0 0
0 0 10 0 5
3 0 0 0 0
21.2 23.4 1.4 0 0
0 0 0 0 13
7.2 8.8 15 0 0
0 0 0 0 2
33.4 47.2 0 0.2 24.2
0 0 5 0 0
0 0 5.6 9.4 0
0 0 0 0 7
0 0 0 0 4
0 9 0 0 0
4 0 0 0 4
0 3.6 0.2 1.2 2
8 0 5 0 0
10 0 0 0 0
0 0 0 0 15
27 0 0 0 0
0.2 0 10 0 8.8
0 0 0 0 6
5.4 9.4 0 31 5.2
36.4 40.8 1.4 8.2 12.2
0 0 0 0 9
0 0 0 0 9
0 5.8 9.2 0 0
0 0 0 0 4
8 0 0 0 0
0 15.2 62.8 13.6 2.4
0 25.8 1.2 0.4 1.6
0 0 0 2 3
0 0 12.2 9.8 0
0 0 0 0 9
0.6 1.6 1.4 14.4 0
21 0 0 0 0
16.4 19 18 3.6 0
47.8 3.2 0 0 2
20.2 0 0 20.8 5
2.2 2.8 0 0 0
0.4 0 5.6 0 1
0 3 0 0 3
4.2 0 0 0 8.8
0 16 0 0 0
0 10.4 0 19.6 0
16 0 0 0 0
0 0 0.2 2.8 0
0 0 0 0 5
0 0 0 0 7
0 0 0 0 11
10 11 27 0 4
3 9.2 10.8 0 0
1.4 0.4 0 12 3.2
0 10.8 0 29.2 0
19 14 21.2 8.2 15.6
0 0 0 0 8
0 22 0 0 0
32.2 1.6 0.4 1 5.8
4 0 0 0 0
4 2.6 2 0 1.4
9.8 0 37.8 0.4 0
0 0 6.8 0.2 4
9.6 10.4 0 0 4
0.2 0 14.8 0 0
0 0.6 7.6 9.4 7.4
12 0 24.2 33.8 0
19 0 0 0 0
12.8 0 0 0.2 0
7.2 6.8 5 0 9
0 13.4 32.4 0.2 0
3.8 3.6 11 5.6 1
0 1 0 0 0
0 15.4 0 0 5.6
0 27.8 0.6 23.6 0
0 0.2 0 0.8 0
3 20.4 2.4 0.2 0
26.6 24.6 4.4 16.4 0
0 2 0 3 0
10.6 0 0 0 0.4
3.4 0.4 0 7.8 2.4
0 0 0 0 3
0 0 0 0 4
3.4 3.4 0 19.2 0
0 7 0 0 0
8 0 0 0 0
0 0 19.8 0.2 0
3.2 7 0.4 0 0.4
14 0 13.4 18.6 0
0 0.4 0 29.6 0
20 0 9.4 14.6 0
3.4 13.6 0 0 0
0 8.2 2 7.8 0
0 0 0 5 0
6.8 27.4 6.8 0.2 0.8
18.8 42.6 6.2 0 6.4
17.4 9.6 0 0 3
15.4 23.4 1.2 0 0
0 0 14 0 0
3 0 0 17 0
13 0 0 0 2
0 0 4.2 0.8 0
0 0 0 0 4
0.2 19.4 27.8 0.6 0
4 0 0 0 0
0 0 18 20.8 1.2
3.4 0.2 37 1.2 4.2
11.6 15.2 52.2 30.4 0.6
0 0 5.6 10.4 0
13.8 0 7 0 5.2
0 0.2 4.8 0 3
8 0 0 0 0
0 0 0 45 0
0 0 0 0 10
0 0 0 0.2 4.8
9.6 0 0.4 0 0
0.2 4.2 0 9.2 2.4
12 24.2 10.6 11.2 0
4 0 0 0 0
8.8 33.6 5.6 0 0
12 0 0 0 0
0 0.2 2.8 0 5
21.4 1.8 11.2 0.6 0
0 13 8.2 12 7.8
9.6 0.2 14.2 0 0
0 0 0 5 0
0 0 10.2 12.8 3
5 0 28 0 0
0 6 0 0 0
27.6 11.2 0 0.2 6
12 0 0.6 9.4 0
0 0 0 0 10
0 15.2 0.6 0.2 8
0 0 0 0 3
2 0 0 0 5
0 16.4 15.6 0 3
0.6 0 13.4 0 0
0 0 29 0 0
21 0 0 0 0
18 0 0 0 0
0.2 68 0.4 13.4 0
14.6 21.8 4.6 0 0
16 7 22.6 32.2 0.2
0 18.4 0 22.2 0.4
8.6 0 48.6 19 3.8
0 0.2 13.6 0.2 0
0 0 0 0 17
8 0 0 5 0
0 22 0 0 0
30.2 52.6 0 51.2 7
7 0 0 0 0
0 0 0 0 3
26.4 35.4 35.6 17.8 10.8
22.2 72.6 1.8 0 0.4
0 0 0 0 12
0 0 0 0 3
0 16.2 0.8 0 0
0 0 0 0 10
0 0 0 0 3
0 48.8 17.6 11.6 8
3 0 0 0 2
4.2 0 3.4 4.4 0
10 0 0 0 0
0.4 11.2 18.4 0 0
25.4 18 0 13.6 0
5 2.8 18 10.2 5
17 23.6 38.2 20 7.2
40.2 0 5.4 0 22.4
0 18.6 19.4 0 0
11.2 0 22.4 33.4 4
4.6 0.2 23.2 10.8 11.2
5.2 4.4 11.4 0 0
0 8.6 27.2 38.2 5
4 0 0 0 0
5 47.6 0 9 10.4
0 0 0 0.2 8.8
30.2 55 7.4 30.4 0
5.6 0 0 0 4.4
0.6 12 19.2 21.6 7.6
11.2 0 0 0.6 0.2
7.4 0.8 0 11.8 0
12.6 41.2 12.6 43.6 0
5 0 0 0 0
0 41.2 19.4 7.4 0
4.6 0 66.6 24.8 0
0.2 22.2 41.4 2.2 0
26 25 16.2 0 0.8
10.6 0 12.4 13 0
0 0 7.4 2 3.6
0 0 0 0 2
6.8 30.6 21.8 0 5.8
0 0 0 0 3
11 27.2 0 0 6.8
0 0 38 12 0
0 1.8 3.2 0 0
14.6 0 0 24.4 0
31.6 0 0 0.4 0
0.2 16 8.4 5.4 0
0 7.4 68.6 0 0
5 25.6 8 34.4 13
15.2 56.6 20.2 11.4 15.6
0 0 11.2 0 7.8
0.2 33.8 34.8 0.2 0
0 0 12 0.2 4.8
31.4 31.2 0.2 0.4 11.8
11.4 39 0.4 25.6 4.6
0 0 0 0 5
16.6 28.2 12 0.2 0
4.2 4.8 0 0 0
0 0 7.8 10.2 4
0 24.2 29 40.8 0
0 0 17 0 0
0 0 0 0 5
16.8 0 7 52.2 0
14.2 24 0 47.6 0.2
15.4 0 7.8 13.8 5
18.6 32.2 0 21.2 0
3.8 32 0 5.2 0
27.4 31.2 8 3.4 0
11 0 0 0 0
23.8 0 0 0.2 0
0 0 27 0 0
0 0 0 0 13
0 0 9 0 0
0.2 0 0 0 6.8
10 0 15.6 27.6 8.8
0 0 0 1.2 7.8
0 0 0 0 4
25.8 0 0.2 0 0
0 0 9.4 13.2 1.4
5 0 0 0 0
7.6 0 1.6 12.8 0
5.6 10 17.4 0 0
0 0 0 0 15
14.8 38.6 25.8 29.8 9.8
0 0 0 0 4
0.2 0 0 3.6 2.2
0 3 0 0 0
0 7 0 0 7
1 7 0 2 0
0 0 5 0 0
0 0 9.6 10.4 0
0 0 22 0 0
9 11.4 0 0.6 4
5.2 13 57.6 0 3.2
44.6 40.8 0.2 15.4 0
0 7 0 0 0
7 0 3 0 0
0.2 0 0 0 6.8
13.4 78.8 33 0.2 0.6
0 16.2 20.8 0 3
0 1 29.2 7.6 3.2
11.6 7 25.2 0.2 0
15.6 0 0 12.4 0
0.2 0 25 21.4 0.4
0 0 0 0 8
2.4 12.2 30.4 23 0
3 0 0 0 0
1.4 46.8 13.6 23.2 0
4.8 16.8 0 0 1.4
10.2 23.2 75.4 0 4.2
0 0 0 0 3
11.4 0 40.8 6.2 2.6
0 0 21.6 7.8 14.6
53.4 101.2 15 1.4 24
0.2 101.8 0 5 0
14.2 0.2 4.4 0 14.2
16.2 0.2 0 0 7.6
1 0 17.6 20.4 2
0.6 0 81.4 0 0
21.4 48.4 1.6 16.6 0
0 0 0 0 9
9.4 0 41.8 8.6 0.2
26.6 0 0 0.4 0
31 0 0 0 0
0 0 0 0 14
3.6 47.8 53.4 39.2 8
0.2 40.2 64.6 71 0
12.2 26.8 66.2 1.4 0.4
0 0 0 0 12
0 0 38 26.2 8.8
0 0 0 0 10
0 0 28 0 0
0.6 3.4 16 0 0
21.8 0 0 0.2 0
0 0 0 11 12
0 8 0 0 0
53.2 81.8 41.8 0.2 34
19.2 33.2 22.6 12.2 0.8
0 0 16.2 0 7.8
0 0 3.4 15.4 7.2
0 0 21 0 3
7.8 11.8 0 0 9.4
8.2 0 0 4.6 13.2
5.8 0.2 0 0 18
16.8 46.2 0.2 8.4 11.4
0 0 41 0 2
0 0 0 0 17
0 0 0 0 35
35 73.6 79.2 5.2 0
15.4 0 11.6 5.6 3.4
0 0 0 0 11
26 0 0 0 0
0 0 0 0 6
14 0.4 0 0 0.6
37.6 80.4 24.2 10.8 0
8.8 35.6 17.8 21.8 0
16.6 18.6 21.8 34 0
16.4 0 0.2 0 4.4
0 0 0 0 9
0 0 8.8 0.4 12.8
10 0 0 0 0
6.8 50.2 0 0 0
0 1 0 0 7
15.8 0 0 10 6.2
0 0 0 0 19
26 0 22.8 5.2 0
0 0 0 0 20
7.4 0.2 18.4 18.6 0.4
26.2 92 62.8 28.4 6.6
0 0 0 0 40
11 16.8 52.8 7.2 2.2
21.8 38.8 0 3.4 5
2 0 48.4 2.8 18.8
14.4 30.6 27.6 0 4.4
0.2 26.4 0 55.4 0
16.4 46 55.2 3.4 0
15 0 46.8 33.2 0
41 0 4.4 0.6 11
25.6 0 0 0 7.4
0 0 0 0 2
6 0 0 0 13
31.2 0 0 0 17.8
0.8 0 9.6 13.6 4
15.4 0 13.2 7.4 0
0 42.6 0.4 0 10
9.8 0 0.2 0 4
14.2 22.6 27.4 40.8 0
0 0 22 0 0
19 0 0 0 6
0 11.2 3.8 0 0
25.8 91.6 11.4 0.2 12
0.2 0 0 18.8 0
15.8 25.6 70.8 24.2 3.6
0 0 0 0 20
0 10.2 2 13.8 0
18.6 10.4 0 0 0
11.4 24.2 0 40.4 0
17 24 46.2 0.4 7.4
0 0 3.2 15.8 0
0 0 22 0 0
2.2 0 0 0.2 16.6
16 18.4 0.6 0 0
12.4 73.4 8.2 0 0
0 0 0 0 13
90.6 0.2 0 5 33.2
9.4 42.6 0 17 0
0 8.8 56 5.8 10.4
0 0 0 0 55
25.4 0 0 0.2 3.4
0 3.2 7 11.6 0.2
0 0 22.8 13.2 0
17.2 0 15 0.4 7.4
0 0 31.4 0.2 10.4
9.2 73.4 42.6 10.8 0
0.2 29.6 9.2 0 3
27.6 119.2 0 5.2 0
5.6 3 15.2 25.6 4.6
0 0 27.6 0.4 8
27.2 29.6 6.4 38.6 8.2
46.4 0 0 6.6 0
0 0 0 0 22
0 0 60.2 37.6 5.2
40.4 37.2 68.6 0 7.8
0.4 28.2 10.8 4.4 5.2
4 44.8 77.8 2.8 4.6
22.2 0 0 0 31.8
0 0.4 33.6 0 0
2.2 0 6.2 0 13.6
0 0 0 0 11
0 0 0 0 13
0 0.4 4.6 0 0
15.6 5.8 9.6 0 0
5.8 31.4 43.6 29.6 2.6
0 0 0 0 22
0.4 0 0.4 16.2 0
16.4 13.2 3.6 0 2.8
37.8 0 0 3.2 0
0 0 0 0 40
0 0 0 0 6
22.2 70.6 0 0 0.2
0 0 0 12 0
10 9.2 50.6 16.2 0
0 10.6 87.4 91.4 5.6
30 0 0 0 0
38.6 0 0.2 0 15.2
10.6 0 51.4 0 1
12.2 8 17.6 0.2 0
0 0 0 0 38
14.8 5.8 8.4 0 0
0 0 0 0 16
31.6 82.6 0.2 17.4 28.2
48.4 54 59.2 0 5.4
51 0 0 0 0
0.6 0 85.6 62.6 0.2
0.6 40 76.4 0 0
27.6 2.8 144.6 75.4 28.6
9.8 6.8 22.8 6.6 0
0.2 1 18 6.4 10.4
45 0 0 0 8
21 57.8 21 1 5.2
13.8 29.6 40.6 0 0
2 55.4 0 52.6 0
0 0 0 0 32
0 76.4 0.2 0 4.4
12.6 23 0 0 17.4
0 0 0 0 12
63.2 37.4 0 0 27.4
19 0 0 0 1
23 0 0 0 8
31.8 147 25.4 6.6 24.2
35.8 0 0 0 0.2
0 0 64.6 19.4 0
37.2 18 10.8 0 0
41.4 5.2 0.4 5 0
0 0 25.2 0 12.8
0 3 0 3.6 15.4
0.4 0 0 21.6 0
0 10 6 11.2 16.8
24.2 0 17.2 29.8 4.8
11.6 38 99.8 26 1.6
5.8 16.4 29.4 0 0.4
6.4 12.8 0.8 0 13
7.6 0 0 0 5.4
0 0 0 13 0
0 41.8 25.6 41.2 0.4
0 0 72 46.8 0.2
4.8 0 47.8 8.4 0
32.6 0 0 0 7.4
0 0 0 0 15
0 0 6.2 3.8 0
12 0 0 0.2 6.8
0.8 0 35.2 0 0
0 0 0 0 37
0 0 21 0 0
24 4 0 0 0
21.2 96.4 28.2 0.2 0
4.2 0 0 0 17.8
0.2 2 29 0.2 12.6
20 0 0 0 0
4 0 0 23 0
42.8 0 0 0 13.2
0 0 33.6 0.6 2.8
9.6 9.2 0 0.2 0
0 0 5 31 9
17.6 79.4 0 13 0
0 0 0 0 31
37.8 88 44.2 16.2 13.6
0 0 0 0 35
41 0 4.2 0.8 0
9.2 3 36.6 8.2 0
91.6 2.8 56.4 106.8 41.4
57.8 23 43.2 0 1
12.6 0 11.4 0 7
35 0 0 6 0
9.8 0 0 0.2 10
17.4 0 0 0 5.6
0 5 0 0 28
37 0 0 0 1
6.6 31.8 0 4.6 0
17.6 8.6 43.2 11.6 2
8.4 0 0 0 3.6
12.4 20.6 6 1.8 5.2
0 14.8 0 0 0.2
30.6 0 27.4 0.6 0.4
41 72.2 45.2 21.6 0
2.8 0 2 26.2 0
0 0 13.8 64.6 12.6
12.2 0 0 0 9.8
0 0.2 56.8 0 0
0 0 0 0 47
21.6 0 6.4 0.6 0.4
6 0 0.6 19.4 0
29 0 0 0 0
0 3 48.8 34.2 16
0 0 0 0 31
0 21.8 21.2 40 2
12.8 63 67.4 0.2 0.6
9.6 52.6 0 0 3.8
27.2 94.8 0 0 0
19.8 97.4 3.2 0 1.6
51.6 95 49.8 7.6 0
0.6 0 22.2 0.2 5
84.2 0 0 1.4 29.4
4 1.6 46.2 26 0.2
0 0 0 0 15
8.6 66 36 21 7.4
0 0 0 0 9
0 0 42.4 36.4 22.2
28 25 0 0 2
0 0 0 0 23
0 56.8 42.4 14.6 3.2
14.2 36.8 1.4 6.6 0
84.8 0 0 0 11.2
11.6 0 0 0.2 23.2
23 0 0 0 5
37.2 0 0 0.8 0
0 30 22.4 0.6 0
5.8 0 44.4 33.4 1.4
7.4 33.4 0 28.6 5.6
0 0 20.6 13.4 12
73.8 140.6 41 7.4 7.2
6.6 96 54.2 45 0.2
16.6 0 0 0 7.4
0.4 19.8 29.8 78.8 2.2
0 0 0 0 50
16.6 15.6 27.8 0 0
57.4 90.4 52 0.2 2
20 0 0 0 0
15 76 118 9.6 18.4
1.6 0 0 13.6 21.8
4.8 0 0 0 9.2
45.2 101.2 40 17.6 0
47.6 32.6 12 10.6 7.2
66.8 74.6 121 134 48.6
0 0 0 0 6
17.8 0 0 0 11.2
8 0.2 13.2 32.6 0
8 21.2 149.4 43.6 0.8
15.4 76.4 38.2 20.2 9.8
23.4 38 46.8 0.8 0
12 0 0 0 11
67.6 1.2 0.6 52.8 32.8
12.2 27.6 108.2 0 4
52.4 33.4 0.2 0 2
19.6 0 92.8 69.4 0.2
0 0 26.8 20.4 4.8
15.2 0 1 0.2 21.6
16.6 0 61 39.8 2.6
0 4.4 50.6 0 4
38 84.2 1.2 15.6 0
11 0 0 0 2
0 4.8 0 0.4 41.8
11.8 0.2 0 0 4
4 0 9 1.6 17.4
18.8 0 6.2 4.2 28.8
33.8 6.4 0 0 21.8
31.8 0 0.4 0 5.8
5.8 17.8 41.8 0 6.6
35.2 0.2 11 1.6 0
0 0 0 0 19
50.2 197.4 11.6 33.8 15
4.2 0 9.8 3.4 49.6
11.6 32.2 0 10.2 0
0 0 0 0 14
0 5.8 32.6 33.6 5
0 0 0 0 22
0 0 0 0 25
21.2 0 0 0.4 5.4
21.2 54.8 2.2 4.8 0
0 9 33.2 12 10.8
30 1.4 0.6 0 0
12.2 28.4 73.4 0 0
4.8 11 143.2 0 0
0 0 0 0 42
0 0 0 9.6 10.4
63.4 0 0 0 47.6
0 0 100 0 1
64 11.6 0 7.4 25
0 0 11.8 5.2 0
23.6 0 0 0 26.4
0 5 0 0 11
40.6 0 0 0 0.4
0 0 75.8 16.2 12
27.8 73.2 0 0 0
21 0 0 0 0
47.4 4 79.4 82 20.2
75 0 0 3.2 16.8
46.6 101.4 0 0 0
0.8 7.2 21.4 51.2 22.4
11.2 99 93.8 0 20
12.2 103.8 14.8 0.2 0
0 0 0 0 9
44.6 0 0 0 0.4
50.8 111.8 14.4 0 0
27.2 54.6 235.2 0 0
62.2 0 0 0 27.8
18 0 0 0 0
8.2 11.6 49.4 0.4 0.4
0 0 0 0 34
24.8 35.6 46.8 0 86.8
50.6 0 0 0 15.4
3.6 8.4 0.2 17.8 7
0 0 0 1 56
7.4 0 0 0 26.6
23.6 0 0 0 3.4
40.4 159 52.8 9.8 10
10.6 0 0 0 11.4
0 0 0 0 6
24.2 0 0 0 7.8
10 4.6 69.4 0 0
0 0 0 0 25
82.8 0 0 8 2.2
16.6 3.2 58.2 0 0
36.8 0 0 0 12.2
0 0 0 0 8
0 2.4 0 35.6 1
43.8 57.6 36.6 0 8
1.8 0.2 10.6 0 6.4
0 0 0 0 18
11.2 26.4 64.4 0 6
30 0 0 0 0
14.4 0 0.4 0 22.2
0 0 11 0 0
5 0 0 37 0
0 67.4 16.6 0 0
21.8 55.2 135 150 0
0.6 20 73 43.6 3.8
69.4 184.2 101.4 2.6 11.4
0 0 0 0 18
12 63.4 68.8 11.4 9.4
2.8 0 0 4 89.2
0 0.2 24.6 14.4 26.8
24 0 0 0 6
0 0 0 0 42
21.8 48.6 42.8 0 9.8
40 118.2 8.6 0.2 0
78 118 73.6 92.4 73
40.2 0 0 0 5.8
27.8 19.4 1 0 2.8
43.8 2.2 2.4 2.8 5.8
3.6 0 5.4 2 7
15.2 8.2 57.2 76.4 0
53.2 43.4 33.4 0 0
10.2 0 6.4 14.4 0
0 36.6 140 12.4 0
0 0 48 0 4
49.4 0 0 0 21.6
37 0 0 0 0
89.8 0 0 0.2 10
18.2 7.4 62.2 1.2 0
0 0 0 0 62
22.2 54 31.8 61 15
13.4 90 46.6 7 0
0 0 0 0 27
0 69.6 71.4 25 0
3.8 0 27.2 25 7
3.2 35.4 11.4 0 0
56.4 12 0 0 3.6
0.2 0 58.8 0 5
0.4 19 33.6 0 6
57.2 1.4 0 11.4 171
0 0 0 0 24
0 0 0 0 62
0 0.8 22.6 16 13.6
19.6 43.2 78.4 13.8 0
0 0 0 0 52
23.6 120 86.2 53.4 25.8
47 0 0 0 0
56.6 134.2 12 30.4 0.8
5.6 0 0 0.2 24.2
37.8 0 0.2 0 0
84 0 0 0 0
58 0 0 21 0
32.4 118.6 15.2 38.8 0
68.6 200 148 13.2 37.2
12.8 2.2 0 0 13
87.4 157 76.2 5.4 0
0 0.4 12.4 7.6 14.6
35 0 0 0 0
0 0 0 0 53
0 52.6 5.8 19 25.6
0 0 0 0 43
80.6 176.8 124.8 63.8 20
45.2 147 75.6 79.4 10.8
25.8 61.8 37 101.6 9.8
30 169.4 102.2 4.4 12
0 0 0 0 40
0 0 0 0 32
0 0 0 0 42
0 0 0 0 24
0 0 0 0 25
3 0 0 0 45
0 39.2 2.2 4.6 0
6.6 110.8 183.8 6.6 8.2
0 0 0 0 47
34.2 0 0 0 14.8
0.2 0 0 0 26.8
15.8 0 0.2 10.8 14.2
0 0 0 0 30
53 0 54 0 0
0.8 12.8 11 0 6.4
12.4 92.4 103.8 93.4 0
0 0 0 0 10
217.4 21.8 0 0 5.8
4.6 152.4 10.8 0 9.2
0 0 0 0 51
7.8 0 2.4 79.6 38.2
54 0 17.6 35.2 8.2
0 70.6 64.2 0.2 0
15.4 21 26.4 0.2 27
0.2 0.2 0 0 29.6
48.8 82.6 41.4 172.8 11.4
59.2 0 0 0 44.8
38.4 0 127.8 14.8 5
0 0 32.2 16 30.8
56.4 0 0 0 0.6
46.2 0 94.4 22.8 17.6
64 0 0 0 13
13.4 0 233.2 136.2 0.2
0 0 0 0 56
0 0 0 0 67
9.2 96.8 124.8 7 8.2
28.2 67.2 4.6 31 0
0 0 0 0 29
21.4 264 293.6 109 0
38.2 54 105 4.6 5.2
3.2 33.2 252.2 48.4 1
7.6 22 10.8 8.6 0
0 0.8 82.2 0 0
131 56.8 27.2 64.2 97.8
54.6 0.8 8 0 8.6
0 0 0 0 34
91.4 1.2 92 111.8 17.6
0 0 9.6 35.4 0
0 0 0 0 44
0 0 0 3 8
20 0 0 1.6 18.4
58.8 0 0 7.2 0
13.6 3.4 38.4 15 41.6
0 0 10 67.2 15.8
86.8 41 176 74.2 0
0 0 0 0 136
115.8 341.2 107.4 38.4 0.2
66 15.4 0.4 0 0.2
0 0 0 0 32
0 0.8 71 100.6 22.6
2.6 104.6 86 100.2 0.6
74 0 0 5.4 2.6
44.6 61.2 178.6 236.2 12.4
14.2 56 30.2 0 96.6
105.4 0.2 0 0 33.4
0 0 0 0 39
15.8 0 0.4 45.4 21.4
0 0 52.2 110 22.6
0.2 0 42.2 0 11.6
7.2 47 44.2 45.2 15.4
2.4 31.8 126.4 87.4 5
52.6 0 0 0 8.4
197.4 347.6 24.6 90 49.4
78 175.8 181 9.2 0
52.6 123.4 142.6 4.4 0
42 57.8 228 211.2 67
0 0 26.8 53.8 2.4
43.2 73 52.2 0 9.6
58.8 212 65 131.6 0.6
153.2 181.8 40.4 0.2 10.4
16.4 0 18.4 6.2 0
108.8 159.8 143.2 150.6 11.6
0 44.2 195.4 27.8 3.6
102 0 0 0 0
46.8 213 319.6 2.6 0
65.8 31 0.2 9.2 3.8
148.8 0 47.4 165.6 144.2
43.4 0 0 0 7.6
66.2 277 156.2 85.2 16.4
91 166.4 151 12.6 0
0 0 0 0 70
58.8 60.6 124.2 16.2 0.2
27.2 0 24.8 0 0
80.6 147.2 50.6 0 9.6
9.2 0.8 62.8 0 28.2
78.4 0.6 86 170.4 5.6
52.2 46.2 15.4 0 4.2
45.2 0 0 0.4 29.4
79.2 0 0 0.6 9.2
243.8 109.8 74 0 40.4
10.2 0 90.2 53 0.6
0 0 11.6 13.4 20
58.8 13 20.2 14.2 12.8
1.8 30 179.6 21.6 0
5 0 85.2 14.8 0
14.8 21.2 111.2 125.6 6.2
4.6 22 6.8 0 2.6
0 0 0 0 45
90.8 291 79 263 4.2
86.8 0 0 0 9.2
7 8.6 136.2 42.4 4.6
171.6 59.6 40 68.2 125.6
0 0 0 0 47
76.8 68.2 55.2 1.8 18
45.6 176.4 28.2 0.8 0
177 0.4 5 0 13.6
24.4 17.2 99.2 30.4 6.8
0 35.4 0 2.4 24.2
3 0 0 0.4 39.6
99.2 216.8 0 0 0
0.2 0 21 52.6 33.2
0.2 0 76.4 37.4 0
86 0 38.8 23.2 4
86 0 0 0 63
13.2 74.8 446.8 126.2 0
41.4 184.4 70 49.2 0
1.2 83.4 280.2 39.2 17
93 0 0 0 0
294.4 0 0 18.2 65.4
77.4 0 0 0 14.6
243.6 0 0 0 19.4
134.4 6.6 0 0.4 4.6
16.6 13.8 90 58.2 51.4
55.4 0 0 0 2.6
13.6 9.6 130 0 49.8
57.6 290 55.4 0 0
