81.4 36.6 7.2 1.4 22.4
0 0 0 10 33
0 0 0 16 0
0.6 0 3.4 5 0
0 34 31 0 0
67.4 11.6 0 14.4 17.6
66.6 100.4 52.2 4 4.8
0 0 23 1 0
0 5 0 4 0
65.4 0 0 0 8.6
22.8 34.2 0.6 8.8 11.6
0.2 13 17.8 0 0
73 71.4 81.8 35 21.8
24.6 0.8 0 0.8 2.8
0 0 0 0.4 20.6
30.4 18 23.8 4.4 11.4
0 0 0 0 21
109.2 17.4 0 0 7.4
0 4 0 0 0
0 13.8 0 0 6.2
12.2 12.6 18.4 4.4 5.4
4.2 23.6 34.2 1 0
38.2 21.2 20 0 0.6
0 14.6 19 0.2 0.2
28.8 3.2 0 0 4
0 0 0 2 35
7.6 7.6 1 8.6 0.2
6 0 3.8 9.2 0
0 0 9.8 11.8 4.4
16.2 0 0 11.8 0
0 0 0 0 13
0 0 0 11 0
0 0 0 5 0
0 0 0 14 0
0 0 31.8 0 0.2
0 30.8 17.2 0 0
0 0 0 13 0
0 0 0 27 0
22.4 2.6 0 0 0
20.6 18.2 23.4 0 12.8
22 53.4 19.4 18.8 8.4
21.2 11 19.6 0 0.2
0 0 0 0 25
0.2 0 0 5 3.8
0 0 0 9 0
20 0 0 0 0
14.6 41.4 5.8 3.8 21.4
0 0 0 3 7
15.6 1 9.4 0 0
7.2 0.4 0 0 27.4
3.2 1.6 0 0 17.2
0 0 0 8 13
0 0 17 0 0
0.4 49.8 58.8 0 0
4.2 0 0 6 17.8
43 15 10.2 2.4 18.4
114.4 38.2 20 8.6 31.8
97.6 26.6 17.4 0 0.4
0 0 0 7 0
25.4 48.2 5.2 0 14.2
3 0 0 0 33
14.6 18.2 36.2 0 0
12.8 46.2 0 0 0
0 0 0 0 8
0 1.4 4 0 5.6
0 0.2 0 1 2.8
11.4 0 6.6 12.4 17.6
19.6 40.4 0 7.4 11.6
0 0 8 0 4
23.6 15.6 25.8 0 0
13.8 8.4 0 6.8 0
0 0.2 0 23 7.8
0 0 8.2 0 0.8
15.2 0 0 5 15.8
0 12.6 8.2 0 1.2
0 0 0 8.2 18.8
0 0 0 10.6 11.4
16.4 0.2 0 0 4.4
0 6 0 1.6 21.4
27.2 22.4 0 7.8 16.6
0 14.8 30.4 0 14.8
2.2 12.4 0 0 24.4
107.6 24 5.4 0 21
0 0 0 12 0
6.2 52.4 34.8 0 11.6
0 0 0 17 0
0 18.4 8.2 0 27.4
121.8 50.8 0 7.8 14.6
30.2 0 7.8 9 0
2 84.2 57.6 12 23.2
0 0 0 0 3
51.4 80.6 37.4 0.6 29
33.6 43.4 27 0 0
8.4 0 12.2 0 0.4
32 0 0 0 0
7.4 2.6 0 0 0
0 21.2 7.2 1 26.6
0 0 0 33 0
0 2.4 0 0 35.6
11.4 20.8 21.6 8.2 12
8.4 0.2 0 0 5.4
0 0 0 19 30
16.6 6.6 2.6 0 5.2
0 0 0 9 0
0 0 0 0 12
0.2 71.2 59.4 5.2 0
0 33 15.6 11.4 0
0 0 0 16 0
0 0 0 19 0
0 0 0.2 2.2 23.6
14 0 0 0 0
27.6 0 6.2 0 25.2
21.8 0.6 0 31.4 22.2
0 8.8 13 0 3.2
10.8 0 15.8 0 2.4
12.6 0 15 15.2 27.2
21.4 0 0 3.8 26.8
21 21 0 0 0
7.6 4.4 0 0 0
0 0 10.8 0 2.2
7.6 47.4 8 5.8 8.2
0 0 0 12 0
0 0 5 5 0
15 61 0.6 0 12.4
0 0 0 16 0
0 40.4 64.8 23.6 18.2
0 0 0 2.4 11.6
9.8 0 0 0 11.2
0 0 0 23 0
0 0 0 6 6
0.2 0 15.8 11 0
0 0 0 0 24
0 0 0.8 0 12.2
18 0 0 0 0
0 0 0 13.4 10.6
0 0 0 9 0
0 0 0 1 66
0 8 0 8.2 4.8
0 0 0 15 0
42.2 0.2 12.2 4.6 23.8
0 23.2 52.6 35.2 24
0 0 0 33 0
0 0 0 20 0
37.4 7.8 7.8 0 0
0 0 0 24 0
0 0 0 0 5
98.6 16.4 13.6 1.4 21
0 58.8 6.2 3.8 24.2
17 0 0 2 0
19.6 0 0 3 0.4
0 0 0 5 0
14 0 0 0 0
0 0 0 0 13
5.6 11.6 55 0 30.8
0 4 0.2 7.2 52.6
33.2 0 0 0 27.8
12.8 4 0 15 8.2
0 0 9.2 0 5.8
6.4 0.6 0 2 0
0 0 0 9 28
10 0 0 3 0
0 0 0 10 0
31.6 19.2 0 0 8.2
0 0 0 5.2 28.8
16.4 0 0 5.4 0.2
0 0 0 10 0
0 0 0 30 0
8.2 0 0 0 0.8
0 0 0 37 0
0 37 0 3.8 37.2
13.8 2.2 6.2 0 0.8
0 0 0 9.2 42.8
22.4 0 0.6 12.8 0
27.8 36.6 36.8 5.6 31.2
5 0 0 14 0
11.8 26 7.2 0 0
0 0 1.2 26.2 56.6
9 1.4 0 0 10.6
0 8 21 0 0
65.6 31.4 2.4 2.4 24.2
4.8 0 0 8.2 4
0 0 22.6 4.8 8.6
28.6 1.4 0 0 0
14.8 25.4 4.4 0 25.4
56.2 5.6 0 11.6 18.6
0 0 0.4 4 17.6
0 0 0 17 0
0.2 0 0.2 0 21.6
0 23 6 0 0
28 49.2 19.6 0.2 4
19 8.8 0.2 1.8 0.2
0.2 8 0 0 14.8
0 0 36 9 0
34 31 25 0 0
0 0.2 0 7.4 14.4
21 33.4 38.6 0 12
86 41 44.4 14.8 14.8
12.8 0 0 1 0.2
0 0 0.2 5.6 5.2
0 0 0 17 3
0 0 0 7 0
0 0 0 20 0
42.2 37.6 22.4 8.4 29.4
1.2 4.8 0 0 0
0 0 0 1.4 14.6
0 15.2 17.8 5 0
19 0 0 3 0
24 0 0 0 7
16.8 0 13.6 0 18.6
13.6 2.8 0 0 15.6
31.6 15.4 0 0 0
19.8 34 24 3.8 0.4
0 0 29 0 0
26 0 0 0 3
18 0.4 1.4 0 4.2
0 0 0 15 0
0 23 51 6.6 1.4
5.6 71.6 48.8 0 16
0 0 3.6 13.2 29.2
0 33.6 1.4 6.8 7.2
33.6 0 0 0 0.4
15.8 0 0 0 4.2
0 0.4 0 0 34.6
0 0 0 9 0
41.4 24.4 0 7.2 13
0 0 0 0 7
39.6 0.2 4.2 0 0
75.6 0.4 0 0 10
136.2 56.2 40.2 6.2 24.2
45.8 0 0.2 5 0
46.8 0.2 0 9.4 16.6
27.8 0 0.2 0 0
0 0 2.4 6.8 1.8
82.2 8.6 0 5 0.2
0 0 0 9 0
0 0 0 20 0
0 0 0.2 0.6 16.2
1.8 18.6 0 0 11.6
0 64.4 25.6 0 21
1.4 1.8 0 4.6 8.2
0 28.4 39.6 0 0
5 0 0 8 0
14.6 0 7.4 0 0
16.6 13 27.6 11.2 9.6
13.2 12.8 13.4 11.4 26.2
4 0 11.2 2.6 0
0 1.8 0 9.4 1.8
27.6 0 0 3 1.4
0 42.8 22.6 0 4.6
0 0 15.8 14.8 5.4
0 10.4 42 17.4 30.2
11.4 0 0 10.2 7.4
0 0 0 4.8 0.2
8 0 0 0 7
0 0 0 16 0
0 0 0.4 3.4 0.2
0 36.6 3.2 0 12.2
41.8 6.4 0 0 2.8
29 7.4 10.4 0 15.2
0 0 0 0 31
0 0 0 4.8 4.2
51.2 46.8 17.6 0 1.4
32 58.4 57.6 2.2 2.8
38 31.6 10.2 0 5.2
5 22 12.4 0 42.6
90.6 25.6 0 0 15.8
25.4 1.2 0.4 0 0
0 0 0 4 0
0 0 6.4 0 13.6
0.2 14.6 23.2 0 0
18.4 90.4 127.4 17 14.8
0 0 0 0 11
10 0 0 0 0
41 37.4 63.2 10.2 42.2
17.4 72.4 32.8 0 20.4
0 0 0 11.8 0.2
0 0 0 11 0
0.2 8.8 0 0 3
0 0 0 31 0
9.6 0 0.4 0 3
18 64.4 22.4 23.8 24.2
4.8 7.8 0 1 13.4
30 0 0 2 0
0 0 0.4 0 3.6
16.8 32 26 0 7.2
0 72.4 44.2 4.4 67
36.2 0.2 12.8 0 8.8
87.2 56.8 13.8 5 12.2
0 0 4.8 21 53.2
18.6 60.4 29.2 0 8.8
9.4 0 0 18.8 42.8
22.2 22.4 5.4 10 7
53.2 27.8 0 0 9
84.8 47.6 5.4 1 8.2
0 0 4.6 5.6 8.8
7.4 50.2 86 6.4 0
0 0 0 8 0
47.6 66 52.6 6 61.8
0 0 0 0 4
67 31 4 4.6 22.4
0 0 0 0 7
27.8 23.4 13.8 0 0
125 54.6 13.2 0 10.2
0 0 0 11 0
0 0 0 0 5
41.6 55.4 17 0 0
82.8 13.2 0 0 0
53.6 60.2 20 15 11.2
0 53.2 18.4 5 22.4
26.8 0 0 0.8 4.4
18.8 5.6 0.4 0.2 0
0 0 0 4 0
35 29.2 13.4 5.4 11
0 0 0 13 0
0 22.2 52.6 0 0.2
47 0 0 0 0
9 0 0 7 0
9.8 0 0 2.8 35.4
0 0 0.2 31.2 25.6
58.8 0.4 8.8 0 0
32 20 25.6 0 0.4
43.8 39 1 19 12.2
32.6 44.4 53.6 9.2 5.2
0.2 0 17.4 9.2 0.2
13.8 26.4 7.4 0 12.4
10.8 2.4 0 23.8 4
0 6.8 81 11.4 36.8
9.4 0 0 0.4 1.2
81.8 38 4 26.4 56.8
0 0 0 4 0
0 25.2 1.6 0 18.2
0 0 14 1 0
35.8 0.2 0 0 0
60 29.6 21.8 4 0.6
0 17.4 0 0 6.6
0 0 0 15 0
48.4 20.4 0.2 12.8 31.2
99.4 30 20 0 31.6
49.6 13.6 14.4 7.2 49.2
38.4 39 0 18.6 53
15.8 32 44.4 0 4.8
9.4 25.4 43.2 4 19
0 0 0 2.4 11.6
0 0 0 0 19
53 0 0.8 0.2 0
0 0 0 24 0
23.4 0 19.6 0 0
0 0 0 29 0
99.8 0.4 0 28 20.8
0 0 0 24 0
0 0 0 4 0
0 0 0 0.6 40.4
33 3.4 0 0 5.6
0 0 0 5 10
49.8 0.4 0 0 17.8
26.8 15.2 9 0 0
0 0 0 11 0
6.6 60.8 58 3.6 28
0 0 0.2 16.8 0
0 0 0 3.8 27.2
0 0 15 0 0
0.2 4.2 38.8 6.8 0
3.8 0 16.2 0 0
0 0 0 20 0
58.4 0 0 2.6 0
20.6 0 20.4 0 0
0 0 46.6 10.2 3.2
26.4 82 52.2 0.4 0
19.4 22.6 62.4 1 42.6
4.6 4.4 11 0 0
8.2 0 0 11.6 0.2
25.4 0 0 7.6 0
62.8 103.2 29.8 4.2 31
65.8 57 18.2 8 0
51.6 12 16.4 5.4 7.6
49.2 14.8 0.2 9 8.8
15 0.2 0 0 2.8
41.8 0 0.2 2 3
0 0 0 12 0
58.6 31.8 7.8 8 28.8
0 0 22.6 0.4 0
66 36.8 47.6 0 21.6
0 0 10 19 30
110.6 54 8.6 4.8 23
0 0 0 8.2 4.8
68.4 0 0 0 24.6
41 0 0 24.4 19.6
8 111.6 112.6 4.8 48
0 40.6 30.4 0 0
4.2 19 6.6 0 17.2
0 0 0 0 34
59.4 8.4 0.2 12 0
89.8 31 10.6 0 13.6
19.6 67 81.4 15 8
0 0 0 18 0
23.6 21.6 7.6 11.8 19.4
10.4 4 0 0 26.6
0 0 0.2 0 55.8
0 4 0 25 0
48.4 147.4 60.4 6.4 10.4
108.2 35 37.2 0 30.6
59.6 54.4 45.4 5 20.6
0 0 0 28 0
120.6 17.4 0 16 0
0 0 0 19 0
0 20.2 24.6 2.8 4.4
23 0 0 0 4
0.2 0 0 16.8 20
0 0 0 9.8 0.2
11.6 1.4 0 9 0
63.2 171.6 49.4 21.4 63.4
17 95.8 99.6 0 11.6
0 0 0 15 0
18.2 0 2 0 6.8
27 0 0 10 0
16.6 0 19.6 0 5.8
0 4.2 22 8.6 29.2
0 0 0 25.8 19.2
6 0 0 11.4 8.6
15.6 6.6 55.8 20.8 8.2
82 0 0 0 0
0 0 0 22 0
0 0 0 31 0
111.2 99.2 67.6 1.8 31.2
22.4 0.2 4.6 4 13.8
0 0 0 6 0
0 0 0 0 60
0 0 0 3 15
0 0 1 0 45
28 92.6 113 14.4 30
1.2 62.8 24.8 15.6 18.6
101.8 85.8 24.4 5.6 8.4
0 0 0 0.2 14.8
0 0 0 9.6 19.4
18.4 0 0 55.6 0
0 0 0 6 10
0.2 14.8 70 0 0
2.8 0 2.4 27.8 0
0 0 0 3 10
13.2 0.2 0.2 15.4 26
0 0 0 3 0
14.2 15.4 36.6 0 24.8
0 0 0 20 0
0 0 0 4 32
138.2 182.8 89.8 28.4 54.8
0 0 0 59 0
142.6 46.6 2.8 1 0
0 49.2 42.6 0 22.2
78.8 27.6 1 20.2 23.4
0 39.6 31.6 12.6 55.2
57.4 44.4 24.2 0 29
58.6 126.2 104.2 0 22
107.2 0.6 0 13 69.2
15.4 0 22.2 30 32.4
0 0 0 5.4 49.6
0 2 0 7 12
0 0 17.2 22 11.8
0 0 1 23 74
10 0 0.4 9 14.6
58.2 4.4 0 2.2 2.2
0 0 64.4 45.2 0.4
0 0 0.2 6.4 42.4
51.6 35.8 11.4 0 38.2
42.2 0.4 0 4.4 0
0 0 0 2 58
0 19.8 7.6 4 0.6
0 120.4 200.4 0.2 0
0 0 0 10.2 23.8
224 50.6 51.2 5 40.2
12.2 0 0.4 5 0.4
0 68.8 3.4 7.6 0.2
0 38.8 4 0 27.2
0 69 6.6 8.2 13.2
59 25.2 40.2 21.4 27.2
55.6 0 0 0.6 15.8
18.4 0 0 0 7.6
0 0 0 13.6 4.4
12.4 4.8 5.2 0 13.6
0 61 66.8 5 16.2
0 0 0 14 0
0 3 2.2 19.4 120.4
0 142.4 85 18 32.6
90.8 12 12 15.2 0
0 0 0 103 0
0 0 0 5.2 66.8
0 0 0 0 20
55.4 0.2 0.2 1.6 14.6
59.6 24.6 46.6 15 1.2
26.6 0.2 0.2 2.8 2.2
18.4 117 103.4 0 4.2
41.2 34 22.2 0.6 0
0 75.8 82 0 15.2
96.2 0 29.8 8.2 12.8
88.4 0 0 36.4 14.2
68.8 37 18.8 8 59.4
0 0 0 8 83
0 0 0 34 0
88.2 35 6.2 0 47.6
49.2 94 56.8 4.4 15.6
29.4 33.8 33.2 9.6 0
42.6 93.4 85.4 17 3.6
0 0 0.2 57.2 20.6
72 20.4 0.6 0 0
0 0 0 15 0
0 0 0 27 0
0 0 0 8 0
0 0 10 0 0
0 0 0.8 3.8 24.4
134.4 57.6 5.8 18.4 38.8
0 0 0 38 0
22 0 0 0 5
0 0 9.2 11.4 19.4
0 1.6 0 0 74.4
0 0 0 40 0
0.2 0 0.2 15.6 5
8 61.8 62.4 0 26.8
42.8 0.2 0 0 0
30.6 37.4 0 5.6 41.4
175 66.8 49.6 22.4 41.2
0 0 0 0 60
0 0 0 32.8 35.2
146.4 0 0.4 0 11.2
44.6 9.6 17.8 0 0
0 0 0 54 0
36.8 8.2 0 0 4
0.2 0 0 36.8 0
44.4 96 76 48.6 59
67 77.8 0 8 93.2
0 0 0 2.4 81.6
168.2 36.4 12.4 0 21
104 67.8 38.2 0 0
227.6 72.2 17.2 42.6 76.4
34 18.6 44.2 0 0.2
53.8 11.8 0 8.8 5.6
0 0 0.6 9 58.4
0 94.8 34.2 1.2 15.8
22 87.8 8 4 27.2
128.2 45.2 61.4 5.4 18.8
0 0 0 19 0
0 69 131 0 0
0 0 58.6 19.4 0
0 0 0 30 0
30.2 0 37.8 55.4 60.6
0 0 0 0 38
0 0 0.2 26.2 18.6
19.4 136.8 156.8 41.4 49.6
0 0 0 5.2 77.8
99.2 14.4 0 0 8.4
0.2 72.4 28.4 0 46
14 0.4 0.2 0.2 40.2
38.6 0 0 2 0.4
30.8 0 0 33 20.2
0 0 0 0 19
38.8 24.8 26.4 3 0
56.4 0.2 0.2 11.4 50.8
222.2 77.4 50.8 11.2 16.2
14.8 45 25.6 0.4 1
0 21.6 8.4 0 8
0 0 22.2 24.4 5.4
36 22.8 0 0 9.2
62 40 29.6 3.6 9.8
219.6 0 0 11.4 10
59.6 7.4 0 7 0
0 0 0 4 89
0 0 0 22 0
33 0 0 0 0
0 0 0 0 19
53.2 0 2.6 3.6 15.6
0 0 0 61 0
12.2 0 0 5.6 0.2
5.8 0 0 0 28.2
0.4 145.6 78.4 5 10.6
2 0 0 10.4 5.6
43.4 29.2 2 26.4 3
0 0 0 4.6 49.4
0 0 0 0 47
0 0 0 0 76
14 0 1.6 0 11.4
1 14 10.8 4.2 0
61.4 8.4 0 4.8 36.4
0 81.8 124 0 23.2
0 0 0 125 0
32 204.8 60 23.8 25.4
0 0 0 43 0
0 0 0 1.2 47.8
65 37.4 0 0.8 17.8
159.4 13.8 23.8 78 154
29 119.2 24.8 0 52
0 0 0 1 13
0 0 0.2 34.6 93.2
0 0 0.2 13.4 5.4
0 0 0 6 54
0 0 0 38 0
0 0 0 8.8 76.2
9 0 127.8 2.2 0
54.4 57.6 40.4 1.4 16.2
0 0 0.4 11.2 37.4
7.4 0.2 29 8.4 0
11.6 0 30.2 0 0.2
77 0.4 0.4 25.6 64.6
91 124.8 88.8 17.6 81.8
46 0 0 4 5
187.2 40.6 0 21.6 21.6
0.4 0 0 12.4 16.2
46.6 14.8 7.2 11 18.4
0 0 0 59 0
5.4 0 0 0.2 21.4
28.4 0 0 0 12.6
0 0 0 0 60
125.4 7.2 0 12.2 5.2
0 0 0 60 0
53.6 14.6 23.6 0 0.2
56 157 46 0 26
0 3.4 126 35.6 0
0 39.8 38.6 13.2 34.4
0.2 68 122.4 16.6 19.8
48.2 104.6 97.8 0.4 12
43 17.6 23 0 3.4
0 4.4 0 60.6 126
109.4 15.6 9.2 0 18.8
5.2 0 0 34.8 0
1.8 90.2 132 0 6
0 8 0 45 0
107.4 27.6 33 54 0
0 15 25.6 14.6 80.8
0 0 0 18 0
61 51 44.8 0 0.2
8.4 4.2 63.6 6.8 0
0 0 0 19.4 159.6
0 0 0 27.4 13.6
0 0 0 8.2 16.8
0 0 0 27.6 93.4
36.6 0 72.4 0 0
103.2 45.2 0 6.8 11.8
44.2 54.2 73.6 25.6 12.4
49.6 0 0 11.4 0
12 283 168.6 4.6 29.8
85.6 126.2 49.8 4 42.4
0 0 0 47 27
138.8 35 0 0 0.2
0 0 0 42 0
30 15 0 0 29
111.2 113.4 213.2 6.2 28
0 0 7.6 0.2 19.2
207.6 131.2 122 0.2 0
0 0 0 15 0
0 8 0 13.8 4.2
62.2 94.6 126.6 8.2 24.4
25.4 84.2 91.6 0 71.8
295.2 150.8 69.2 112 263.8
0 0 0 41 0
0 0 0 10.4 26.6
111.8 11 3.2 0 34
178.2 65.6 42.4 12.8 0
44.2 105 109.8 27.4 3.6
143.4 44.2 13 10 12.4
0 0 0 0 32
34.4 17.4 22.6 43.4 108.2
213.6 39.6 29.2 1.8 1.8
52.4 39.6 0.6 21.2 121.2
267.8 36 30.6 28.2 49.4
68.4 0 0 10.6 0
0 0 25.2 41.8 12
68.8 0 0.2 30 11
49.4 0 8.6 0 0
2.8 16.6 166.8 1 1.8
0 0 0 0 46
0 0 0 49 0
0 0 0 11.4 57.6
19.4 0 0 29.6 1
62.4 0.6 1.2 59.6 24.2
0 0 10.2 9.8 31
0 0 0 0 22
24.2 34.8 21.8 6.4 0.8
12.8 0 6 0 61.2
0 0 0 20 0
31.2 203.4 220.2 35 54.2
18.4 5.6 10.4 67 2.6
0.2 86.4 23.8 0 26.6
0 0 0 20 0
155.6 0 0.4 5 0
0 0 0 31 0
0 0 0 57 0
0 0 0 3.8 57.2
0.6 85.2 61.6 0 0.6
33.2 0 0 3.8 0
3 17.6 0 0.4 26
104 27.2 41.4 3.4 10
174.2 61.8 54.4 0.2 7.4
0 0 0 54 0
9 0 0 34 0
0 0 0 51 108
104 1.2 4.6 12.6 10.6
12.4 0 15.8 35 145.8
8.2 0 18.8 0 0
0 0 0 25.6 27.4
0 0.2 5.2 15.6 0
0 0 0 0 61
107 7.4 0 21.6 0
0 26 102.6 0 37.4
0 0 0 7 26
164.6 70.6 0 34.8 56
0 0 0 40.4 95.6
3.2 20.2 151.2 0 3.4
77.8 13.8 0 17.4 0
59 155.4 31.8 22.2 62.6
9.4 195 49 0 6.6
0 2 0 35 0
0 0 0 0.8 58.2
10.2 110 68.2 0 36.6
248.2 83.2 13 0 41.6
0 0 0 39.8 90.2
0 0.2 10.4 6.4 55
14.4 20.6 0 0.2 32.8
0 0 0 49 0
45.8 56.2 0 90 0
0 0 0 9.2 42.8
0 2.2 4.8 0 3
0 0 0 53.8 0.2
0 0 0 13.4 10.6
0 0 0 3 14
7.2 126.2 142.2 12 27.4
0 0 0 6.4 19.6
0 0 0 23 0
0 0 0 6.4 26.6
58.4 21.6 0 0 0
0 0 0 27 0
0 0 0 6.6 100.4
43.6 23.4 0 4 6
0 0 0 18.4 39.6
0.2 0 0 4 25.8
39.6 0 0 0 0.4
80.2 48.2 70.6 0 0
26 3.4 7.8 11.8 0
0 0 0 22 0
0 54.2 29.4 0 8.4
0 0 0 0 27
0 0 0 17.8 32.2
26.8 0.8 0 0 18.4
82.8 0 0 0.2 0
8 5.8 68.2 0 0
213.6 67.4 3 17.4 33.6
76.6 10.8 18.6 10.8 0.2
58.8 135.2 155.8 0.2 0
0 0 0 43 0
58.8 42.6 20.4 18.6 29.6
0 0 0 56 0
39 0 0 8 0
0 0 0 4 30
0 0 0 34 0
17.2 40.8 29.6 0 11.4
23.8 44.6 95.4 2 0.2
139.6 57.6 55.6 50 102.2
0 0 0 12.8 11.2
17.2 6 0 0 11.8
0 1 0 2.4 55.6
0 0 0 5 10
69.2 52 6.6 3.8 17.4
0 35.4 27.2 0 25.4
0 0 0 0 29
122 31 29.6 0.4 0
44 10 0 0 6
0 13.8 0.2 6.8 45.2
0 0 0 6.6 14.4
0 0 0 14.2 68.8
9 36 0 17.2 16.8
0 0 0 41 0
64.8 35.2 20.8 6.2 0
47 16.4 35.4 0 7.2
0 0 0 44 0
27.2 16.8 29 0 0
28.2 0 0.8 4.8 9.2
1.2 33.8 13.4 4 4.6
0 0 1.6 0 16.4
46.4 17.4 0.2 7 0
22 0 0 5.6 4.4
2 2.2 8.4 97 45.4
0 0 0 34 0
0 0 0 33 0
15.6 0 0.2 4.2 0
49.4 39 27.4 0 6.2
0 0 0 43.8 0.2
50.4 54.6 52.6 11 19.4
0 0 0 0 22
7.2 77 58.8 0 4
0.2 0 0.2 16.8 5.8
0 0 0.4 0 35.6
0 0 0 0 42
11.6 0 0 12 25.4
7 32 49 0 5
52.2 83.8 114.6 12.8 17.6
0 5 0 3.8 5.2
6.8 61 48.2 25.6 14.4
12.6 0 0.4 0 0
0 0 0.2 2 14.8
0 0 0 14 0
1.8 7 18 18.2 0
0 0 0 18 0
59.6 102.6 99.2 0.6 0
45.2 71.2 62.6 0 27
52 0 24.6 0 12.4
44.4 52.2 59 10.4 0
0 0 0 9 0
0 0 0 13 0
0 0 0 15 0
0 0 0 20 0
0 0 0 7 0
0 0 0 10 0
7.4 0 12.4 0 0.2
41.4 32.8 10.6 0 0.2
0 0 0 12 0
0 0 1 0.8 23.2
0 0 0 17.2 3.8
0 2 0 5 0
0 0 0 5 0
17.8 0 0 0 13.2
0 1 0 0 0
22.2 60.2 25.6 1.6 0.4
0 0 0 5 0
0 7.4 6.4 0 67.2
0 0 49.8 7.2 0
0 0 0 16 0
19.8 8 0 13.4 6.8
15.6 4 0 5 9.4
7.2 20.2 42.4 0 1.2
9.2 0 1.2 17 14.6
0 0 0 6 7
65.6 0.8 20.2 4 2.4
0 0 0 2.2 28.8
24 33 0.6 0 11.4
18.2 0 0 9.8 0
0 0 0 0 29
20.4 20.2 0 6.2 11.2
0 0 0 3 27
68.8 12.2 0 0 7
0 0 0 19 0
0 0 0 3 0
10.2 14.2 42.6 0 0
0.2 16.8 8 0 0
0 0 0 13 0
47.4 36.4 34 0.2 0
6 2 3.4 0 11.6
47.8 0.2 0 5 0
0.6 5.4 9 0 0
13 12 0 0 0
16 0 14.6 9.4 22
0.2 0 0 0.8 21
0 0 0 17 0
18 0 4.4 0 31.6
0 0 0 0 3
0 0 0 10 0
0 0 0 7 0
0 0 0 7 0
0 0 0 0 8
4.2 0 0 0 6.8
5 0 0 2.6 0.4
18.4 0.2 0 0.4 14
0 0 0 14 0
0 19.6 19.4 0 4
0 0 0 0 2
0 0 0 4 0
20 0 0 0 0
0 10 4 0 0
9 0 0 0 0
0 0 0 2.4 4.6
0 0 0 3 0
9 1 0 0 0
0 0 0 4 0
3 0 0 0 0
