1	0.02 186.96 198.32 173.48 815.22
2	0.04 0 31.86 291.1 0
4	0.2 98.72 208.84 293.16 0.08
5	0 0 96.58 138.42 0
6	34.96 39.72 0.02 0 0.3
7	0.28 0 507.26 0 702.48
8	0.02 416.9 90.18 243.76 1.16
9	0.04 245.94 11.92 0.52 574.54
10	0 153.46 0 0 104.56
11	0.06 0 442.52 291.38 0.02
12	0.08 195.44 575.76 180.7 0.02
14	68.42 303.88 0.02 0.02 218.66
16	0 53.98 0 0 54.02
17	0 0 145.74 76.26 0.04
20	0 92.42 18.24 0.04 93.28
21	0.08 0 0.02 118.06 75.82
22	4.26 258.64 269.92 467.12 0.06
23	0.02 280.16 322.8 0.02 0.02
24	0.02 0 141.58 89.34 257.08
25	0 152.76 21.92 41.78 598.5
26	0 109.78 0 93.22 0.02
27	0 0 0 142.98 0
30	0.02 103.96 0 0.02 0.02
31	0.1 36.1 148.98 291.8 0
32	0 50.84 214.16 0 0
33	0.02 0 77.58 178.3 0.1
34	0 0 11.84 4.16 0
35	0 0 0 21 0
36	0 0.02 0 26.98 0
37	0.02 0 17.98 0 0
38	0 0.1 0 291.9 0
39	0.02 0 146.18 85.78 0.02
40	0 0.04 0 126.96 0
41	0 0 0 103 0
42	0.02 0 312.74 127.52 9.72
43	0 0 0 92 0
44	0 65.3 0 167.68 0.02
45	0.08 251.8 0.02 0.06 0.04
46	0 26.9 54.08 0 0.04
47	0 155.42 156.7 62.86 0
48	0 253 172.66 0.16 0.2
49	0.04 0 0.04 210.42 10.48
50	34.92 452.9 453.58 212.14 920.46
51	0 29.4 0.1 205.5 0
53	0.04 0 177.24 137.72 0
54	0.04 0 0.08 289.82 0.08
55	0.04 0 309.64 157.28 0.04
56	0.06 279.06 732.48 309.36 0.02
57	1.42 126.04 1.52 0.02 0.02
58	0 275.46 89.22 145.24 0.06
60	0 169.12 43.86 0 0.04
61	0.04 117.06 62.86 0.02 0
62	0.02 0 0 300.98 0
63	0 0 0.04 201.96 0
64	0.1 403.76 356.94 228.16 0.06
65	0 179.3 1.22 164.38 0.1
66	0 86.74 0 368.22 0.02
67	0 0 0 251 0.04
68	0.02 0 59.18 307.76 0
69	0.02 399.4 142.58 442 0
70	0.04 418.92 45.46 309.2 0.46
71	0.06 139.14 33.12 515.06 0.54
72	0.06 0.06 0.54 330.26 0.12
73	0.02 0 21.56 337.38 0
74	0 0.04 13.96 0 0
75	0 0 0 15 0
76	0 30.88 35.76 84.36 0
77	0 26.06 0 370.92 0.02
78	0.02 0.02 0 66.94 0.04
79	0 223.1 394.18 425.2 0.5
80	0 0 0 160 0
81	0 109.8 197.2 0 0
82	0.04 58.02 96.9 576.92 0.12
84	0 0.02 0 49.98 0
85	0 3.16 26.12 94.72 0
86	0 414.46 8.46 44.08 0
87	0.02 172.58 105.2 181.16 0.08
89	0.02 219.2 434.54 267.2 0
90	0 0 0 235 0
91	0 0 184.92 205.08 0
92	0.02 0 205.48 98.5 0
93	0.16 0 148.1 0.04 183.7
95	0.02 86.92 96.06 420.94 0.08
96	0 38.06 461.34 446.48 0.1
97	0.12 365.04 32.84 394.94 0.12
98	0.02 483.88 579.28 286.88 2.9
99	0 181.82 0 350.16 0.02
100	39.14 418.82 378.92 0.02 823.08
101	0 0 36.06 143.94 0
102	0 0 0 150.9 0.1
103	0 0 0 5.6 19.4
104	0.02 0 4.98 0.04 1.96
105	0 0 0 78.76 76.24
106	0 0 0.7 0.16 149.14
107	0.08 39.16 0 0 81.76
108	0 0 86.6 0 60.4
109	0.02 0 133.86 67.26 149.86
110	0.02 0 0 63.98 0
112	0 0.02 0 11.44 23.54
113	0.02 20.94 0.04 0 0
114	0.02 110.2 148.3 0 0.48
115	0.12 0 50.76 0.02 0.1
116	103.88 202.74 5 0.1 59.28
117	0.02 0 202.06 82.5 824.42
118	0 0 0 199.84 534.16
119	0.02 12.3 0.68 0 0
120	0 0.02 0 53.24 63.76
121	0 0.02 106.12 271.62 797.24
123	0 0 40.58 0 282.4
124	0 200.56 87.26 0 323.18
125	0.02 0 0.22 113.06 574.76
127	0.26 454.42 284.88 52.6 552.78
128	0 0 73.46 99.54 0
129	0.02 0.1 182.76 0 192.12
130	0 25.04 0 0 13.98
131	0 280.76 0.02 0.14 0.08
132	0 477.94 83.82 282.18 0.04
133	0 431.8 0 123.1 0.12
134	0 551.98 101.98 0 0.04
135	0 433.78 214.72 149.44 0.04
136	0.04 287.18 0 54.72 0.06
137	0.12 257.52 91.96 0 182.42
138	0 0 0 45.98 0
139	0.02 0.02 0 102.96 0
140	0 1.32 0 166.68 0
141	0 54.82 0 144.16 0.02
142	0 0 0 132 0
143	0 306.08 2.5 333.42 0
144	0 0 370.08 389.52 0.4
145	0 0 51.88 75.12 0
146	18.88 0.08 0 0 0.04
147	0.16 0 86.74 3.96 432.14
148	0 0.56 0.06 57.82 271.56
149	0.06 26.34 0.02 0 39.6
150	0 0 219.4 0.34 305.24
151	0 97.88 160.78 138.86 504.5
153	0.02 306.32 156.6 263 0.06
154	0.02 133.86 250.84 161.26 0.02
155	0.16 38.88 0.08 182.78 0.08
156	0.02 0.08 442.98 65.92 0
157	0.08 94 117.14 204.78 0
158	0 0.02 0 138.96 0.02
159	0 0.04 0 253.96 0
160	0 56.78 110.26 30.92 0.04
161	0.02 0 19.42 596.56 0
162	0 201.26 0 96.74 0.02
163	0 146.28 0 127.7 0.02
164	0.12 0 175.58 245.86 1.44
165	0 215.9 0 0 0.08
166	0 202 0 0 0
167	0.02 0 0 149.98 0.02
168	0.22 292.98 437.82 324.96 0
169	0.08 116.04 286.88 0 0.02
170	0.06 401.92 0 0 0
171	0.04 64.42 152.54 0 0.04
173	0.04 272.68 366.42 419.68 0.16
174	0.3 423.58 473.04 509.06 0.02
175	0.1 254.72 380.94 41.12 0.12
176	0 157.16 396.84 332.84 0.14
177	0.02 197.88 0 226.1 0
178	0 332.22 79.36 24.3 0.14
179	0.02 297.94 354.08 66.94 0
180	0.06 393.76 266.18 46.94 0.08
181	0.06 230.18 391.64 297.32 757.78
182	0.06 215.66 354.78 140.46 0.1
183	0.04 207.46 481.92 299.52 0
184	0.02 0 192.04 137.92 0.02
185	0.12 337.56 347.86 120.42 0.06
186	0.06 217.36 268.78 339.78 0
187	0.04 348.98 260.14 79.82 0.04
188	0 0 262.36 217.62 0
189	0 86.08 145.92 0 0
190	0 323.92 72.16 0 0.94
191	0 612.56 127.54 186.88 0
192	0.02 225.44 151.46 0.08 0.02
193	0.02 286.58 91.74 125.6 0.06
194	0.08 596.78 101.84 103.28 0.02
195	0.1 143.68 384.2 422.76 0.26
196	0.12 249.74 138.68 387.42 0.02
197	0 655.7 82.82 54.48 0
198	0 182.7 204.3 0 0
199	0 540.94 0 0 0.08
200	0 95.18 358.16 137.54 0.1
201	0.02 0 243.98 0 0
202	0.04 223.36 110.8 476.74 0.06
203	0 226.52 197.34 163.14 0
205	0 367.68 62.24 14.08 0
206	0 0.08 80.06 51.82 0.06
208	0.06 292.84 89.98 232.96 0.14
209	0.02 237.2 369.76 25.98 0.06
210	0 268.86 191.3 536.82 0.02
211	0.06 479.76 5.1 168.04 0.02
212	0.02 212.5 0 23.3 0.18
213	0.02 425.12 7.84 0 0.02
214	0.02 56.1 180.96 77.92 0
215	0 264.06 28.96 372.94 0.04
216	0.1 395.38 183.3 356.84 0.4
217	0.02 0 104.36 208.6 0
218	0.02 0 227.6 258.38 0
219	0 0 150.66 115.34 0
220	0 32.6 0 0.64 136.76
221	4.54 127.82 0 0 109.64
222	0.02 0 269.34 257.72 582.92
223	0 217.26 207.7 50.04 0
224	59.86 69.4 0.12 0 9.64
225	0 0 0 113 137.98
226	0 0 0 415 0
227	0 0 0 427 0
228	0.08 0.04 244.34 475.52 0.04
229	0.04 0.46 36.1 405.36 0.06
230	0.04 0 103.28 464.34 0.32
232	0 0 0 266.94 0.04
233	0 0.02 0 310.92 0.06
234	0.06 221.3 367.98 269.34 0.32
235	0.1 0 108.04 97.74 248.12
236	62.32 30.28 0.22 19.92 0.26
237	0.02 197.96 8.02 0.02 883.02
238	0 357.6 299.44 164.74 0.18
239	0.02 19.02 48.26 366.7 0.02
240	0.04 0 123.2 2.8 228.96
241	0.06 71.82 0.02 288.08 0
242	311.6 88.08 1.28 0.04 0
243	148.86 5.32 0 15.54 80.32
245	355.02 0 0 0.16 221.8
246	0 0 133.84 0 284.14
247	0 0.02 0 0 9
248	29.66 6.14 100.46 0 360.72
249	0 0.02 94.24 0.04 235.7
250	0.02 0 161.58 0.6 411.8
251	105.2 54.78 0.02 0 0
252	0.18 0 0 75.06 287.76
253	39.88 0.9 0.12 0 45.1
254	0 0.04 0.2 74.72 41.06
255	7.22 0 0 0 429.76
256	34.4 0 3.06 0 0.62
257	0.22 21.98 151.34 0 721.38
258	822.44 0 275.7 31.92 460.94
259	260.32 0 0 52 23.68
260	147.72 0 15.74 23.18 41.36
261	79.44 10.56 0 0 0
262	154.72 0 42.28 0 0
263	33 0 0 0 0
264	176.42 0 0 0 39.6
265	0.04 98.26 195.8 397.86 0.02
266	69.64 0.34 0 0 0.02
267	7.56 0 0 18.44 0
268	569.48 10.92 183.6 0 0
269	691.2 254.94 0 0 60.86
270	376.88 0 34.92 0 0.2
271	351.24 0 92.06 63.38 0.32
272	588.7 101.3 0 0 0
13	0.1 161.2 54.88 0 299.82
19	53.44 88.74 0.28 0.02 57.52
111	0 127.32 0.06 0.02 613.6
273	0.06 0 236.14 0 386.82
274	0.22 0 0.2 123.38 396.2
276	0.76 164.78 126.8 0 593.64
277	0.16 84.76 0 0 118.08
278	0.04 0 0 0 163.96
279	0.02 21.32 0 0.02 46.64
280	0 0.04 0 0 219.96
281	0 0.08 3.58 74 297.34
282	0 0.04 22.82 97.58 550.58
283	0.9 228.84 0 0 282.24
284	0 0 2.36 39.56 411.1
285	233.3 288.82 11.58 0.04 8.24
287	0.3 49.2 0 0.02 160.52
288	650.32 0.04 222.3 30.02 448.28
289	410.32 53.72 0.16 0 178.8
290	0.02 0.04 7.6 101.2 124.14
291	0 0.04 0 0.02 343.98
292	307.18 0 0 0.9 2.9
293	0 0 69.34 0 377.68
294	569.24 0 23.64 145.78 435.32
295	0.1 0.08 0.02 0 209.78
297	102.16 65.74 0 0.02 0.1
298	0.12 0 104.58 0 499.28
299	177.98 0 0 0.02 0.04
300	797.36 48.22 0 0 366.38
301	515.1 1.58 0 0 106.34
303	407.86 0 0 0 0.14
304	303.64 0 0 22.7 79.64
305	243.16 0.78 0 0.02 0.04
306	233.32 73.68 0 0 0
307	454.46 0 0.14 0.18 71.22
308	81 0 0 0 0
309	50.36 15.52 0.06 0.06 0
310	413.28 0.12 0 0.16 0.44
311	233 0 0 0 0
312	195.82 0.04 0 0 0.2
313	887.3 0 0 107.16 213.48
314	4.86 0.02 0 0 0.14
315	510.98 0 0 0 0
316	330.6 40.1 0 0 0.32
302	723.88 0 191.78 0 0.32
317	0.02 167.72 123.66 31.48 0.16
318	0.28 590.24 281.04 220.76 0.64
319	304.06 115.8 0 0 53.14
320	0 0.42 62.58 0 0
321	275.22 66.54 0 0 82.24
322	365.42 3.18 0 0 179.4
323	365.1 0 0 0 188.9
324	200.78 0 111.5 0 8.72
325	168.1 0.04 68.4 0 48.46
326	425.84 0 0 0 35.16
327	408.4 0.34 80.62 0 0.64
328	589.64 0 1.46 0 185.9
329	124 0 0 0 0
330	104.98 0.02 0 0 0.02
331	319.96 0 0 0.02 0.02
332	373.5 0 0 0.06 24.46
333	571.72 0 0 0 151.26
334	110.64 0 56.2 0 0.14
335	52 0 0 0 0
336	92.96 0.04 0 0 0
337	49.98 0.02 0 0 0
338	156.76 0 0 0 35.24
339	120 0 0 0 0
341	32.84 0 0 0.12 0.04
342	94.38 0.02 0.04 0 17.56
343	310.94 0 0.06 0 0
344	169 0 0 0 0
345	157.66 0 0.3 0 0.06
347	383.74 0 0.02 0 0.24
348	66.98 0 0 0 0
349	68.58 0 0 7.42 0
350	101.94 0 0.04 0.02 0
351	44.98 0 0.02 0 0
352	45 0 0 0 0
354	204 0 0 0 0
355	96.46 0.04 1.5 0 0
356	0 5.22 0.1 250.68 0
357	0.08 590.24 319.68 0 0
358	159.68 0.1 48.58 0 80.64
359	43 0 0 0 0
361	31.96 0 0 0 0.04
362	61.72 0 0 1.28 0
29	0 0 0 256 0.02
94	0.02 0.26 0.24 330.46 0.02
172	0.02 309.9 423.22 448.82 0.04
204	0.12 359.1 209.1 507.66 0
231	0 0.1 0 312.9 0
363	0 0 0 50.5 54.5
364	0 0 0 88 0
365	0.02 0.02 0 121.96 0
366	0 0 0 130.98 0.02
367	0.08 93.62 70.62 289.38 0.32
369	0 0 0.74 0.02 113.22
370	0.02 0 0 0 95.98
371	0 106.74 0 63.26 0
372	0.26 32.68 12.32 48.74 0
374	0 0 0 19 0
376	0 0 0 60 0
377	0 0 0 20.96 0.06
378	0.06 96.18 0 176.74 0
379	0 0 54.42 54.56 0.02
381	0.06 227.74 0.14 74.06 0
382	0 220.74 48.7 49.52 0.04
384	0 0 0 159 0
385	0 4.94 83.18 496.88 0
386	0.04 0.16 0 197.8 0
387	0.02 139.5 0.02 43.46 0
388	0 0 0.02 48.98 0
389	0 12.06 0.02 66.92 0
390	0.04 0.02 28.92 0.02 0
391	0 0 0 122 0
392	0 0 0 190 0
393	0 56.6 0 439.4 0
394	0.04 0 0.02 29.94 0
395	0 0.02 0 128.94 0.04
396	0.02 0.7 82.08 52.2 0
397	0 0 0 31 0
398	0 0.08 0 46.92 0
399	0 0 0 228 0
400	0 0 0 31 0
401	0 0 0 182.98 0.02
402	0 41.82 0 422.14 0.04
403	0.02 0.02 74.16 494.8 0
404	0 66.82 0.02 274.16 0
405	0.02 0 68.66 233.44 588.88
406	0 0.04 11.86 0 68.1
407	0.04 0 0.66 54.1 38.22
408	0 74.34 192.62 0.16 88.86
409	0 0 0.02 61.32 119.66
410	0.02 0 109.62 0 297.36
411	0 0 0 103.86 277.14
412	0.06 0 0.04 63.58 120.32
413	0 0 60.54 35.74 30.72
414	0 186.98 0 0.02 0
415	0 0 0 57 0
416	0 58 0 139 0
417	0 15.74 0 176.26 0
418	0 115.96 0.16 259.68 0.2
420	0 42.84 0 172.16 0
421	0 0 160.12 140.86 0.02
422	0 0 0.48 53.5 0.06
423	0 418.7 90.92 439.28 0.06
424	1.88 0 6.36 4.02 5.74
425	0.04 117.68 126.28 0 0
426	0.02 0 0 53.98 6.04
427	0.12 541.9 63.04 120.9 0.02
428	0 233.46 112.42 9.1 0
429	0.02 179.92 93.02 0.04 0
430	0 236.18 40.8 0 0.02
431	0 0 119.56 291.44 0
432	0.02 188.14 32.82 278 0.02
433	0 108.76 206.38 168.84 0.02
434	0.02 140.4 0 75.58 0
435	0 505.08 0 173.88 0.04
436	0 0 206.9 77.1 0
437	0 0.04 4.96 0 0
438	0 0 6.94 0.06 0
439	0 0 4.96 0.04 0
440	0 0 14 0 0
441	0.08 0.1 36.7 48.12 0
442	0 0 5 0 0
443	0.02 200.24 171.94 152.8 0
444	0 0.04 48.7 47.26 0
445	0 0.12 40.54 24.3 0.04
446	0 0 14.92 1.08 0
447	0.02 0 234.86 93.06 0.06
449	0.06 0 3.5 290.44 0
450	0 0 0 131 0
451	0.02 72.96 0 377.02 0
452	0.04 0 51.14 98.82 0
453	0 0 9.78 15.22 0.02
454	0 15.52 0.02 22.42 0.02
455	0.08 0.02 151.12 58.44 171.34
456	0.02 0 0 0.04 90.94
457	35.18 0 0 3.8 0.04
15	0.02 131.8 0 38.18 744.98
28	0 218.52 205.68 403.78 0.02
59	0 178.36 65.62 0 0.04
275	0 415.08 0 0.12 423.8
286	728.84 365.02 0.02 0 282.14
340	426.96 20.68 84.38 0.02 0.92
419	0.04 199.82 0.06 292.08 0
458	0 0 46 0.06 181.94
459	0.04 18.74 0 0 43.22
460	0.04 0 0 0.22 73.76
461	0 122.9 120.06 0.02 0
462	0 357.56 76.22 0.22 0
463	0 167.76 27.88 23.36 0
464	0 93.98 0 0 0.04
465	0.02 25.04 0.02 220.9 0
466	0.02 0.04 149.94 0 0
467	0 73.42 85.26 0.08 0.26
468	0 26.36 0 140.6 0.04
469	0 100.84 111.06 0 0.1
470	0.04 0 44.04 259.9 0
471	0 62.78 0 0 574.22
472	0 0.02 0 168.06 242.92
473	0 21.74 52.86 0 209.4
474	0 415.16 268.8 0 0.12
475	0.02 0 360.42 0 445.48
476	0 13.12 0 0 365.88
477	0 0 0.02 12.04 228.96
478	0.02 343.8 0.14 0 0.06
479	0 482.48 114.44 0 0.06
480	0.02 543.06 83.84 0 0.08
481	0 200.96 0 0 0.04
482	0.16 380.9 13.92 0 0.02
483	0.02 709.26 165.32 0 0.38
484	0.02 382.68 73.12 0 0.18
485	0.04 308.08 0 100.88 0.02
486	1.42 209.54 0 0 0.02
487	0 218.24 0 0 0.8
488	0 229.96 0 0 0
489	0 165.98 0.02 0 0
491	0 157.98 0 60.28 3.74
492	0.02 193.96 0.02 0 0.02
493	0 200.96 0 0 0.06
494	0 178.96 0 0 0
495	0 157.84 0 0 0.18
497	0 213.94 0 0 0.04
498	0 449.9 15.78 0.02 0.32
499	0.02 204.96 0 0 0.02
500	0.02 58.86 0 50.1 0
501	0.02 90.4 0.02 267.56 0
502	0 182.98 0 0.02 0
503	0 89.76 0 12.24 0
504	0 322.32 55.6 0 0.08
505	0 229.56 10.38 0.06 0.02
506	0 218.28 0.34 60.34 0.04
507	0.08 287.7 0.2 0 0.02
508	0 25.28 206.04 0.04 406.62
509	0.06 321.24 35.7 0 0.02
510	0.12 271.64 0 123.22 0
511	0 524.48 88.5 0 0.02
512	0 178 0 0 0
513	0 253.96 0 0.02 0.04
514	0 508.04 52.82 0 0.14
515	38.7 311.24 71.94 0.04 234.06
516	0 168.12 24.88 0 0
517	0.02 283.18 3.8 0 0.02
518	0.06 126.18 134.66 0.06 0.04
519	0 243.92 0 0.02 0.04
520	0 273.26 0 117.7 0.04
521	0.02 279.1 61.88 0 0
522	0.02 0 98.96 0.02 0
523	0 392.46 0.1 85.44 0
524	0 148.28 1.6 0.1 0.02
525	0 188.84 41.1 0.02 0.04
526	0 264.76 0.04 98.2 0
527	0.08 410.44 110.34 130.14 0
528	0.06 341.88 31.02 0.02 0.04
529	0.02 277.76 18.2 0 0
530	0 267.94 0 0.02 0.04
531	0.16 266.7 93.46 47.68 0
532	0 7.8 6.12 0.34 45.74
534	26.56 0.64 0 0.04 3.76
535	0.02 0.14 0 0.4 124.44
536	9.9 11 0 0 0.1
538	165.78 0 0 0.02 21.2
52	0.04 258.24 0 26.72 0
126	0.26 33.5 0 0 273.26
207	0 187.5 0.1 25.38 0
380	0.08 0 0 306.92 0
448	0 0 155.18 81.82 0.02
496	0.06 496.8 0.94 275.18 0
537	0.02 0 80.8 0.18 0
540	0 0 0 90.96 0.04
541	0 0 0 99 0
542	0 0 0 110 0
543	0 61.4 0 2.48 3.12
544	0.1 0 36.54 0.02 137.34
545	0 0 0 22 0
546	0.04 0 0 203.74 423.22
547	45.68 0 54.94 0 1.38
548	0 10.1 0 8.86 0.04
549	0.04 63.58 0 188.38 0.02
550	0 0 0 404.88 0.1
551	0 0 40.98 12.02 0
552	0 0 0 118 0
553	0 19.68 0 137.24 0.08
554	0.02 0 0.48 248.28 0.22
555	0 0 0.02 17.98 0
556	0 0 0.06 19.94 0
557	0 32.92 0 0.02 0.08
558	0 65.32 139.64 0 0.02
559	0.1 0.32 112.14 245.42 0.02
560	0 0 0 50 0
562	0 0 0.02 107.98 0
563	0.18 0 22.32 33.48 0.02
564	0.32 0 35.24 18.44 0
565	0.04 0 18.86 29.1 0
566	0.12 48.6 0.02 466.26 0
567	0 0 57 23.98 0.02
568	0 0 132.82 539.18 0
570	0 0 0 135 0
571	0 0 0 50 0
572	0 0 0 69.98 0.02
573	0.12 0.02 60.5 16.36 0
574	0 0.12 22.54 4.34 0
575	0 0 0 91.98 0.02
576	0.26 0 0 195.74 0
577	0 0 0.02 70.96 0.02
578	0.14 0 0.02 239.82 0.02
579	0 0 0 37 0
580	0 38.2 0 39.72 0.08
581	0 0 0 154.96 0.04
582	1.06 412.84 23.56 50.54 0
583	0 0 42.3 40.7 0
584	0 120.44 0 94.56 0.02
585	0 0 0 67.96 0.02
586	0 0 0 72.96 0.04
587	0 1.06 44.86 1.08 0
588	0.02 154.34 61.74 407.82 0.08
589	0.02 68.84 65.14 0 0
590	0.02 0 27.5 1.34 0.14
591	0.02 0 63.74 0 437.24
592	0 0 0 23 0
593	0 27.04 0 0 6.96
594	0 3.12 8.82 0.04 0.02
595	0.02 0 0 0 162
596	0.02 35.88 0 89.76 214.32
597	0.06 0 0.02 113.28 409.64
599	0.02 0.46 0.14 0.36 0.02
600	0 2.46 0.04 1.5 0
601	0 57 0 0 0
602	0 142.98 0.02 0 0.02
603	0.04 485.22 224.72 0 0
604	0 257 0 0 0
605	0 89 0 0 0
606	0 223 0 0 0
608	0 90 0 0 0
609	0.02 102.6 0 60.34 0.04
610	0 119 0 0 0
611	0 135 0 0 0
612	0 107.94 0.06 0 0
613	0 81 0 0 0
614	0 157 0 0 0
615	0 208 0 0 0
616	0.02 64.02 57.56 51.4 0
617	0 61 0 0 0.02
618	0 60.88 0 0.08 0.02
619	0 0 0.04 0 174.96
620	0.02 0.06 0 0 114.92
621	1.16 0 0 22.84 0
622	0 0 0 115 0
623	0 0 0 93.96 0.04
624	0 8.32 0 56.68 0
625	0 11.46 0 204.54 0
626	0 9.88 0 0.12 0.02
627	0 0.04 8.82 171.1 0.02
628	0.04 0 117.52 0 351.44
629	0 140.42 0.02 62.5 0.06
630	0 58.12 0 19.88 0
631	0 266.86 0 77.14 0
632	0 186.96 0 0.02 0.02
633	0.08 112.66 0.02 81.18 0.06
634	0.3 53.34 29.2 0 0.16
635	0.04 0 39.28 8.66 0.02
636	0.02 23.34 0 220.64 0
637	0.02 0.04 69.66 25.28 0
638	0 145.84 0.06 0.1 0
640	0.06 126.1 81.52 0.26 0.06
641	0 103.2 1.8 0 0
642	0 92.18 102.9 62.92 0
643	0 11.96 0 0.04 0
644	0.04 72.54 30.4 0 0.02
645	0 73.7 18.3 0 0
646	0 94.02 12.96 0 0.02
647	0.02 198.38 30.6 0 0
648	0 188.06 0.04 40.9 0
649	0 54.46 34.66 50.88 0
650	0 144.56 31.98 6.42 0.06
651	0.08 198.18 105.88 260.64 0.2
652	0 104.84 149.08 0.02 0.06
653	0.02 36.42 62.54 0.02 0.04
654	0.02 390.06 107.86 0 0.04
655	0.02 219.3 185.7 298.9 0.06
656	0.04 92.36 67.6 0 0
657	0.02 350.8 111.18 0 0
658	0 10.66 66.84 144.46 0.04
659	0.08 323.28 0 40.2 0.44
660	0 260.16 0 190.84 0
661	0 303 0 0 0
662	0 130.38 0 87.62 0
663	0 303.94 0.84 50.16 0.06
664	0 129.68 0.02 0 1.32
665	0.02 0 77.28 161.68 0
666	0 9.84 0 0.16 0
667	0 0 17 0 0
668	0.04 0 3.98 3.86 0.12
669	0 0 15.36 1.6 0.04
670	0.06 0.66 76.06 14.16 0.06
671	0 75.94 51.06 0 0
672	0.02 0 104.72 46.26 0
673	0 132.68 0.12 124.2 0
674	0 0 43.18 65.82 0
675	0 67.16 94.82 0.02 0
676	0.94 47.52 0.04 0 150.5
677	0.48 1.48 0.84 0.18 0.02
678	284.38 0 0 0.02 213.6
679	0 18.82 8.74 252.44 0
680	77.64 0.08 0.08 3.2 0
681	55.94 0 0 0.04 0.02
682	260.38 0 0.06 0 0.56
683	72.88 0 0.02 20.08 0.04
684	0 86.14 77.72 351.12 0.02
685	0.02 0 0 110.14 300.82
686	0.02 18.72 35.58 87.56 0.14
687	93.38 0 0.04 0 47.56
688	67.62 0 0.06 0.08 0.24
689	222 0 0 0.04 7.96
690	409.94 0 0 0 0.06
691	47.88 0 0.12 0 0
692	0.02 174.46 0 315.5 0.02
693	0 0 149.1 101.88 0.02
694	0 135.16 0.28 0 0.56
695	0.06 0 26.92 0.02 0
696	0.18 18.68 0.6 0 159.54
697	0 21.28 0.4 85.32 0
698	0 17.64 0 8.36 0
699	0.04 156.18 0 153.64 0.14
701	0 29 0 0 0.02
702	0.02 142.9 0 0.06 0
703	0 46.96 0.04 0 0
704	0 51.26 0.06 9.56 0.12
705	0 423 0 0 0
706	0.02 0.1 11.66 3.1 1.12
708	0 209.36 9.3 63.34 0
709	0.04 286.24 37.38 0.02 25.34
710	0 0 102.22 122.76 0
711	0 4 0 0 0
712	0 56.72 0 59.28 0
83	0 373.22 0 169.78 0
88	0.04 172.46 0.46 400.02 0.02
383	0 0 0.12 48.88 0
561	0 0 42.86 90.14 0
707	0 222.62 0 0.38 0
713	0.08 80.48 0.06 0 115.38
714	0 36 0 0 0
715	0.24 77.68 0.24 138.84 0
716	0 62.96 0 94.02 0.02
717	0 0.02 0 0 178.98
718	0.04 0.06 22.86 0.02 19.02
719	0.04 0 12.16 53.8 0
720	0 0 0.02 212.98 0
721	0 0 51.36 94.64 0
722	0.02 0 0 146.98 0
723	0 3.28 0.3 94.74 0.68
724	0.04 111 0 110.96 0
725	0 0 0.02 32.98 0
726	0 0 0 23.28 5.72
727	0.02 60.92 0 125.06 0
728	0 0 0 111.94 0.06
729	0.02 102.5 0 145.48 0
730	0 65.96 0.02 0 0.02
731	0 0 0.02 95.82 0.16
732	0 160.8 0 330.2 0
733	0.04 36.94 0.02 0 0
734	0.02 0 0 54.98 0
735	0 210.18 0 199.82 0
736	0.02 264.96 0 0.02 0
737	0 77.82 0 52.18 0
738	0 0.02 0 65.98 0
739	0.02 38.42 0.08 363.48 0.02
740	0.04 49.24 0 0 107.7
741	0.06 0.06 55.7 0 126.2
742	0.02 0 0 162.76 636.2
743	0 0.02 0.02 43.88 19.08
744	0.04 29.78 16.08 0 205.1
745	0 43 0 0 0
746	0.04 0 94.36 284.58 0.06
748	454.7 0 0 0 308.26
749	120.58 0 0 0 0.44
750	382.52 0 0 0 0.48
751	346.24 6.16 0 75.4 58.18
752	89.82 0 0.16 0 0.02
753	0 84.98 0 0.02 0
754	160.92 0 0 0 1.08
152	0 161.76 80.16 0.02 0.08
346	312.42 0 69.54 0 0.02
353	33 0 0 0 0
360	18.96 0 0.02 0 0.02
539	78.64 0 0.02 14.34 0
569	0 0.04 75.68 63.28 0
639	0.04 111.9 0.02 0.04 0.02
747	0.08 77.1 21.04 211.76 0
755	0 0 0 241 0
757	0.02 2.94 0.02 0.02 0.02
758	0 0 0.14 15.14 15.7
759	0 0 0 14 0
760	0 0 28.34 3.12 58.54
761	0.32 0 0.04 99.22 9.42
762	0 0.02 68.44 0.16 228.38
763	0.06 0 0.04 0.14 401.76
764	0.02 0 0 0.22 58.76
765	0 0 0.02 70.98 0
766	24.8 0.14 0.02 0 0.04
767	0.18 0.04 15.56 0 0.22
768	0 0.1 0 124.9 0
769	0 0 24.08 62.92 0
770	0 0 64.68 107.32 0
771	0.04 0 0 91.96 0
772	0.04 42.4 37 28.18 16.38
773	0 0 48.76 0.24 0
774	0 0.04 52.18 22.78 0
775	0.02 0.04 0 59.94 0
776	0 0 0 22 0
777	0 0 4.96 0.04 0
779	0.02 0 0 63.98 0.02
780	0.02 0 0 183.96 0
781	0 0.02 0 236.98 0
782	0.04 25.92 0 0.04 0
783	0 0 0 93 0
784	0.78 0.3 0.02 0.9 0
785	0 0.08 0 101.92 0
786	0.06 9.1 0 26.84 0
787	0 0.14 0 32.84 0.02
788	0 0.92 0.46 0.62 0
789	0 0 128.98 0 0.02
790	0.02 0 0 172.98 0
791	0 0 0 25 0
792	0 237.86 0.98 30.16 0
794	0 0 0.02 131.98 0
795	0 0 0 37 0
796	0 0.02 0 81.96 0.02
797	0.04 0 0 75.96 0
799	0 11.98 0 0.02 0
800	0.02 0 46.34 15.64 0
801	0 0 0 37 0
802	0 0 0 89 0
804	0 0.02 0 15.98 0
805	0.02 54.56 0.04 16.38 0
806	0 0 87.98 37.02 0
807	0 0.02 0 22.98 0
808	0 0 0 82 0
809	0 0 0 108 0
810	0 0 0 107 0
812	0.02 0 0 42.98 0
814	0 0 0 5 0
815	0 0.02 0.04 1.2 284.74
816	0.04 0 41.84 1.12 0
817	0 0 7.84 0.16 0
818	0 0.48 12.72 0.02 40.78
819	0 0 0 0.3 74.7
820	0 0 0 59.08 139.92
821	0.02 9.42 0 20.96 27.6
823	0 0 0 31.6 137.4
824	0 0 0 70.28 42.72
826	0.18 0 0 74.18 79.66
827	0 0 0 0 125.98
828	0 7.56 0 0.12 20.32
829	0 0.02 0.04 0.1 72.84
830	0.26 0.24 0.16 0.28 0.06
831	0 0.02 0 47.16 128.82
832	0.04 0 0 0 46.96
833	0 0 0.04 0 101.96
835	0 40 0 0 0
836	0.08 65.8 0 0.12 0
838	0 0 0 11 0
839	0.02 0 0.1 1.92 7.96
840	0 0.04 0 33.46 70.5
842	0 36.5 0.02 45.48 0
843	0 0 0 80.98 0.02
844	0 0 59.3 0 51.7
845	0 91.66 0.06 0 404.28
846	0 0 0.02 0 118
847	0.2 67.12 0 0 97.66
848	0 29 0 0 0.02
849	0 0 0 104.42 7.56
850	0 16 0 0 0
851	0 11 0 0 0
852	0.18 0.38 0.2 0.16 0.08
853	0 0.04 53.9 0 0.06
854	0 0 44 0 0
855	0 189 0 0 0
856	0 58.08 59.92 0 0
857	3 0 0 0 0
858	0.06 0.38 0.08 1.46 0.02
859	0.02 0 26.32 13.66 0
860	0 0.02 30.98 0 0
861	0 0.02 0 3.98 0
862	0 0 0 37 0
863	0 72 0 0 0
864	0 0 0 0.72 213.28
865	0 46 0 0 0
866	0 0 0 0.44 320.56
867	0 0 23.98 0.02 0
868	0 12.98 0.02 0 0
869	0 8.74 0 35.26 0
871	0 0.16 0.14 7.5 140.2
872	109.98 0 0 0.02 0
873	166.02 0.04 0 0 31.94
874	100.94 0.02 0.04 0 0
875	104.8 0.12 7.62 1.46 0
876	85 0 0 0 0
877	79.84 0 0 0.04 15.12
878	52.82 0.02 0 12.16 0
879	287.54 0.02 0 0.02 58.42
880	151.96 0.02 0 0 0.02
881	86.98 0 0.02 0 0
883	36 0 0 0 0
884	22.14 0.84 0 0 0.02
885	19.92 0 0 0.08 0
886	102.28 0 25.7 0.02 0
887	167.98 0 0.02 0 0
888	39.98 0 0 0 0.02
889	26.8 0.2 0 0 0
890	46.4 0 0 27.6 0
891	16 0 0 0 0
892	79.52 0 0 35.9 0.58
894	27.76 0 0 0.14 0.1
895	205.1 0.06 0 44.78 0.06
896	120.9 0.08 0.02 0 0
897	3 0 0 0 0
898	154 0 0 0 0
900	108.4 20.6 0 0 0
901	12.96 0 0 0.02 0.02
902	125.92 0.06 0 0 0.02
903	51.96 0.02 0.02 0 0
906	50.98 0 0.02 0 0
907	0.34 0.28 0.14 0.1 0.14
908	43.98 0.02 0 0 0
909	29.94 0 0 0 0.06
910	7.96 0 0 0.04 0
911	8 0 0 0 0
912	20 0 0 0 0
913	0.26 0.26 0.1 0.28 0.1
914	27.72 0.2 0 0 0.08
915	46.98 0 0.02 0 0
916	30.86 0.02 0 12.12 0
917	17.54 0 0 2.46 0
918	22.82 0.12 0 0.04 1.02
18	1.54 19.44 0 0 1.02
813	20.94 52.1 6.38 0 104.58
919	73.42 0.04 191.5 0.04 0
920	0.14 0.02 7.72 0 0.12
921	0 138.78 0.04 13.18 0
922	0 0 55.56 0 38.44
923	16.38 199.48 0.14 0 0
244	0.02 0 17.76 0 96.22
924	0.04 0 0.36 24.22 189.38
925	0 0 0 3.66 95.34
926	0.04 0 0 0 207.96
927	0 0 0 0 16
928	0.04 0.02 0.08 0 232.86
929	0.04 13.04 0.02 0 84.9
930	0.02 0 0.02 27.34 127.62
931	0.04 0 0 38.48 60.48
932	0 0 0 41.46 52.54
933	0 0 28.12 0 17.88
934	0 0 0 0 168
935	19.92 0.04 0 0 0.04
936	77.94 1.06 0 0 0
937	105.92 0.08 0 0 0
939	0 0 47.66 132.3 0.06
940	0 0 0.02 57.96 0
941	0.02 0 2.58 87.32 0.08
942	0 71.08 0.64 60.26 0.04
944	0.02 0.02 0 98.94 0
945	0.02 112.98 0 0 0
946	0 0 0 159.98 0.02
947	0 18.52 0 25.48 0
948	49.06 0 0 0 40.94
607	0.06 201.94 0 0 0
778	0 93.72 0.18 125.1 0
949	0 73.1 0 133.9 0.02
950	0.02 29.3 0 0 37.66
951	0 0 0 96 0
953	0 31.58 0 22.36 0.06
954	0 30 0 0 0.02
955	0 61.06 64.12 13.64 0.16
956	0 125.8 17.2 0 0
957	0 3.98 0.02 0 0
958	0 43.96 0.04 0 0
960	0.04 15.96 45 0 0
961	0 90.9 2 0.1 0
963	0 73 84 0 0
964	0 26 0 0 0
965	0 69 0 0 0
966	0 22.3 0 65.66 0.04
968	0 43.8 0 15.2 0
969	0 59.48 25.8 132.04 14.68
970	0 22 0 0 0
971	0.04 95.92 0.04 0 0
972	0 54 0.68 16.3 0.02
973	0 4.96 0.02 0.02 0
834	0 0 0 17.62 29.38
974	0 0 0 1.02 70.98
975	0.02 0 0 0.06 101.92
976	0 0 0.02 0.08 18.9
977	0.02 0 0.02 0 121.96
978	0 0 0.06 0 48.94
979	0.02 0 26.52 0.06 66.4
980	16.32 0.02 33.66 0.02 5.98
981	0 0.02 0.04 0.02 10.92
982	0 0.02 0 0 39.98
983	0 0.02 0 0.02 33.96
984	56.12 0.04 0 0.02 33.82
985	0 0 13.22 0 31.78
986	0 0.02 0 0 50.98
988	81.16 0 0 0 75.86
989	59.56 0.14 0 0.14 11.14
990	79 0 0 0 0
992	0.02 0 0 0 7.98
993	0 0 0.06 40.56 139.38
994	0.1 0.1 0.74 0.42 11.64
995	75.94 0.04 0 0 0.02
996	0 0 0 34.98 0.02
997	0 0 0 30 0
999	0 0 0 26 0
1000	0 0 0 30 0
1001	0.06 0.12 0.56 0.12 27.14
1002	0 0 0 4.72 9.28
1003	0 2.82 0 10.18 0
1004	0 0 0.04 21.96 0
1005	0.02 56.96 0.02 0 0
1006	13.16 11.1 39.74 0 0
837	0.04 67.96 0 0 0
841	0 0 0 0.02 92.98
1008	22.26 0 45.18 0 40.56
1009	0 50.38 4.22 0.02 101.4
1011	0 0 0.34 0.32 227.32
1012	0.04 0 65.96 0 206
1014	0.02 0 24.98 0 226
1015	0 5.1 0 0.04 24.88
1016	0 0 0.02 0 376.96
1018	0 89.82 0 0.18 0
1019	0.04 0 93.96 0 0
1007	76.2 0.02 58.64 0.04 24.1
1013	0 0.02 0 0.06 62.94
490	0 168.98 0 0 0
811	0 47.86 0.12 0 0.02
1020	0 117.98 0 0.02 0
1021	0 121.98 0 0.02 0
1022	94.92 0 0.08 0 0
122	0 0 59.2 0 146.8
1023	0 0 0 0 66
1024	43.96 0 0 0.02 0.02
1025	102.24 0 0 0.7 0.06
882	96.96 0 0 0.04 0
1026	7 0 0 0 0
825	0 0 3.02 41.68 131.3
1027	0 0 0 5.8 1.2
1028	0 0.02 0 114.32 238.66
1030	0 0 0.02 28.98 0
1031	0 0 0.02 11.98 0
1033	0 0 0 2.3 78.7
1034	0.02 0 0 8.74 45.26
1035	0.04 0.02 0 173.92 0
1036	0 0.02 0 50.98 0
1038	34.96 0 0 0 0.04
1039	0.14 142.12 50.58 98.16 0
756	0 0 0 0 279.02
1040	0.02 0 0.02 6.2 36.74
1041	0 13.24 0 136.68 0.08
1042	0 0 0 69 0
1043	0 0 0 20 0
1044	0.02 0.42 0 105.56 0
1045	0 44.84 0 25.16 0
1046	0 0 0.1 117.88 0.02
1047	0 0 0.08 42.5 267.44
1048	15.82 5.16 0.96 0.74 158.3
1049	0 0 0 22.7 27.3
1050	0 118 0 0 0
1051	0.02 0 0 0.04 97.94
3	0 0 1.28 98.24 118.48
1052	0 0 0 15.78 35.22
1053	0 0.1 0 78.86 0.04
1054	0.02 0 0 0 42.98
1056	0 20.52 0.1 7.38 0
1057	0 0 0 16.72 26.28
1058	0 0 0.08 39.92 0
952	0 0 61 0 61
1059	0.02 0 0 24.64 49.34
1060	0.06 14.36 0 0 75.58
1061	0 0 0 0.06 67.94
1062	36 0 0 0 0
1063	0.02 66.24 0 43.74 0
1064	0 12 0 0 0
1065	0.02 117.58 0.3 0.04 0.06
959	0 0 100.52 87.46 0.02
998	0 0.12 0 26.88 0
1017	0 0 76.58 0 69.42
1066	0 1.44 0.16 38.4 0
1067	0 0 46.72 0 83.28
1068	30 0 0 0 0
1070	0.12 0 87.88 0 0
1071	0 0.06 41.94 0 0
1072	0 0.08 0.2 13.72 0
1074	0 0 0 195 0
1075	0 0 21 0 0
1076	0 0.02 0 17.98 0
1077	0.02 0 21.76 0.12 0.1
1078	0 0 0 44.74 0.26
1079	0 3.56 16.44 56.96 11.04
1080	7.76 0.02 0.04 0.02 0.18
1081	0 0 0 0.26 21.72
1082	12 0 0 0 0
1083	0.2 0 14.26 0.44 0.12
1010	0 0.22 50.58 0 37.18
1084	0.02 11.94 0.22 0.04 59.78
1085	32.92 0 0.04 0 0.04
1086	40.06 0 0 16.92 0.02
1087	0 0 0 0.06 13.94
1088	0.02 0 0 0.02 22.98
1089	0.56 0 0 0 70.42
368	0.1 0 0.14 14.78 25.98
373	0 0 0 88 0
1090	0 0 0 74 0
1092	0.02 0.02 0 23.96 0
1073	2.18 0.08 211.42 0 0.32
1093	0.06 20.12 0 0 42.82
1094	0.02 0 0 0 28.98
1095	0.02 0 0 0 67.98
1096	0.12 0 0 0 7.88
1069	0 15.36 27.62 0.02 0
1097	22.7 0.34 27.94 0 0.02
1098	0 0.02 111.92 0.06 0
1099	0 40.18 0.02 0.78 0.02
1100	0 0.52 17.48 0 0
1101	0 141.28 90.72 0 0
1102	0 0.02 0.02 0 12.96
1103	0.02 0 63.98 0 0
1104	0 12 0 0 0
1105	43.94 0.04 0 0.02 0
1106	11.98 0 0 0 0.02
1107	0 39.46 0 8.54 0
1108	0.02 11.78 0.02 0 0.18
1109	0.08 34.8 0.02 37.1 0
1110	0 0 44.74 55.26 0
1111	0 24 0 0 0
1112	0.06 0 0.1 25.84 0
1113	0 68 0 0 0
1115	21.96 63.04 0 0 0
1116	0 17.88 0 14.12 0
1117	0 25.94 0 0.02 28.04
1118	0 0.46 22 88.54 0
1119	0 57.38 0 112.54 12.08
1121	0 53 0 0 0
1122	0 4.98 0 0.02 0
1123	0 11 0 0 0
1124	0 33.96 0 0.04 0
1125	0 7.98 0 0.02 0
1126	0 87.76 0.22 0.02 0
1127	23 0 0 0 0
1091	0.02 0 0 91.94 0.04
1128	0 0 23.18 0 10.82
1129	0 0.04 39.88 0 44.08
1130	0 0 3.98 0.02 0
1131	0 0 47 0 0
1132	0 0 0.08 0.06 64.86
1133	0 0.04 0.02 61.94 0
1134	0.14 10.56 51.98 0 44.32
1135	0 0 0 121 0
1136	0 13.58 0.02 62.4 0
1137	84.98 0 0.02 0 0
1138	4.5 12.46 0 0.04 0
1139	0 0 0 69 0
1140	0 0 0 33 0
1141	0 19.02 10.96 0 0.02
1142	0.28 0.02 29.02 0 110.68
1143	31.42 0 11.58 0 0
1144	0.36 0 0.02 0 7.62
1145	0 0 0 21 0
1146	0 0 0 6 0
1147	0 61.96 0 0.04 0
1148	0 30 0 0 0
1149	0 65 0 0 0
1150	0 0 0 0.02 23.98
1151	0.02 0 0.04 0.02 14.92
1152	0 0 0.02 0 66.98
1153	0.04 18.16 32.72 0.02 0.06
1154	0 0.02 30.98 0 0
1155	0 6.8 0.2 0 0.02
1156	0 0 2.98 0 0
1157	0.08 0.04 1.26 36.9 10.72
1158	0 16 0 0 0
1160	87.9 0 0.08 0.02 0
1161	3.96 0.02 19.7 0 5.32
822	0 8.98 0 0 0.02
1162	0 0 0 0 7
1163	6.98 3.98 0.02 0 38.02
1164	0.02 0.02 0 0.1 8.86
1165	0 0 0 0 18
1167	0 17 0 0 0
1168	0 29.86 0.02 36.1 0.02
1169	0 0 22.92 18.08 0
1170	0 0 68.98 0.02 0
1171	20.76 10.16 0 0 0.08
1172	0 41.1 3.9 0 0
1173	0.04 1.8 0.02 0 9.14
1174	0.02 24.9 0.12 0 0.96
1175	17 0 0 0 0
1177	0 0.08 0 3.92 0
1179	0 0 0 18 0
1181	0 0 0 21 0
1182	0.02 0 0 27.98 0
1183	0 0 0 36 0
1184	0 0 8.66 10.34 0
1185	0 0 0 27 0
1187	0.04 0 23 0.1 10.86
1188	0.02 0 0 88.98 0
1189	0.14 0 0 14.86 0
1190	0 0 0 0 27
904	52.96 0 0.04 0 0
1191	13 0 0 0 0
905	63.96 0.02 0 0 0.02
962	0.06 60.1 0.84 0 0
1192	0.04 42.92 0 0.02 0.02
1193	0 38 0 0 0
1194	0 96.82 0.18 0 0
1195	0 28.98 0 0 0.02
1196	8.86 0.1 0.04 0 0
1197	0.02 34.7 0 0 100.28
1198	0.6 18.22 0 0 0.18
1199	2.82 0 27.72 0 20.46
1200	0 23 0 0 0
1201	0 5 0 0 0
1202	14.6 4.44 0 0.02 4.94
1203	0 79.96 0.02 0 0.02
1204	0 48.96 0 0.04 0
1205	0 18 0 0 0
1206	0.02 0.48 0.48 38.02 0
1207	0 0.02 0 30.98 0
1208	0 0 0.02 41.98 0
1209	0 0 0 31.98 0.02
1211	0 39.46 0.62 0.82 0.1
1212	0.02 0 0 12.96 0.02
1213	0 0 0.02 12.98 0
1214	0 0.42 14.58 0 0
1215	0 0 0 24 23
1216	5.18 0 5.82 0 0
700	0.02 1.78 0.02 28.18 0
943	0 0 106.92 0.08 0
1032	0 0 0 32 0
1210	0 0 0 89 0
1217	0 0 0.04 95.96 0
1218	0 0 35.76 44.32 0.92
1220	0 0 9.22 62.78 0
1221	0 0 0 98.9 0.1
1222	0 0 0.02 56.98 0
1223	0 0 14 0 0
1224	0 0 0 29 0
1225	0 0.16 0.02 31.82 0
1226	27.28 0.04 0 0 70.68
1219	0 0.04 0 39.94 0.02
1227	0 8.98 0 7.02 0
1228	0.02 0 0 99.98 0
1229	0 5.48 3.48 14.02 0.02
1230	0 0.02 0 27.98 0
1231	0 0 0 47 0
1232	0.02 15.38 0 23.6 0
938	59 0 0 0 0
1233	16.62 0 0 0 0.38
1234	11 0 0 0 0
1235	4 0 0 0 0
1236	3 0 0 0 0
1237	21 0 0 0 0
1238	21 0 0 0 0
1239	0 0 0 40 0
1240	0 0 46.74 15.26 0
1241	12 0 0 0 0
1242	0.02 11.96 0 0 0.02
1244	0 0.02 6.06 12.66 65.26
1245	4.54 0.06 40.92 0.82 7.66
1055	0.02 0 0.02 18.9 0.06
1246	0 0 0 9 0
1247	0 0 0 11 0
1248	0 0.04 0.36 47.6 0
1249	0 0 0 29 0
1250	0 0 0 6 0
1251	24 0 0 0 0
1252	12.6 10.16 0.24 0 0
1253	3.14 0.02 0 13.74 0.1
1254	0 0 0 0.02 9.98
1255	9 0 0 0 0
1256	6 0 0 0 0
1257	4.82 1.18 0 0 0
1258	0.08 0 0 0 41.92
1166	0.02 0 24.88 0.1 0
1259	0 0 0.02 0 6.98
1260	6.86 0 0.14 0 0
1261	0.14 12.78 0 0.08 0
1262	0.02 3.78 0.02 22.18 0
1263	0 0 0 30.94 0.06
1265	54 0 0 0 0
1266	0 32.96 0 0 0.04
1267	0 10.64 0 75.34 0.02
1268	0 27.98 0.02 0 0
1180	0 0 0 20 0
1270	0.02 0 0.06 15.9 0.02
1271	0 0 0 19 0
1272	0 0.12 0 0.04 8.84
1176	49.54 0.86 0.36 0.24 0
798	0.02 0 0.04 17.9 0.04
1273	0.2 0 0.02 38.78 0
1274	0 0 0 8.92 0.08
1275	8.52 0 0 0.2 0.28
1276	0 0 0 0 16
1277	0 0.1 0 0 50.9
1279	2.4 0 0 0.04 16.56
1280	37.36 0 0 0.02 0.62
1281	16.62 0.02 0 0 14.36
296	17 0 0 0 0
1282	0.02 0.02 0 0 26.96
1283	0 0 0 0.02 36.98
533	16.58 24.06 0.04 0 0.32
1284	0 0 0 0 45
1285	0 0.5 0 34.5 0
1286	0.06 50.92 0.02 0 0
1287	0.9 0 0 1.1 0
1288	0 0 0 0.02 16.98
1289	0.02 0 0 0.02 12.96
1290	0.02 0 0 2.98 0
1291	0 0 0 13.34 13.66
1292	0.36 0 0.26 0.22 0.16
1293	15 0 0 0 0
1294	16 0 0 0 0.02
1295	9.96 0.02 0 0 0
1296	54.46 0 3.48 0.02 0.04
1264	0.04 0.02 0.02 0 12.92
1269	0 28 0 0 0
1297	0 0.18 0 20.8 0.02
1298	0 23 0 0 0
1299	0 17 0 0 0
1300	0.18 0 0.02 0 20.8
1301	0 0 0.88 18.08 0.04
1302	16.98 0 0 0 0.02
803	0 0 0 14 0
1037	0 0 0.06 33.86 0.08
1278	0.02 0 0 0 38.98
1304	0.02 1.42 0.06 3.5 0
1305	0 0 0 17 0
1306	0 5 0 0 0
1307	0 3 0 0 0
1308	0 0 0 2 0
1309	0 0.72 0.02 0.16 0.1
1310	0 3 0 0 0
1311	0 1.18 0 30.8 0.02
1312	0 0 0 0 21
1314	0.02 0 0 26.98 0
1315	0 0 0 0.02 61.98
893	18 0 0 0 0
1316	13.98 0.02 0 0 0
598	0.3 0.2 0 2.36 1.14
870	0 0 0.02 0.02 12.96
991	35.56 0 0.04 6.4 0
1114	0 0 0 0.06 23.94
1120	0 10.36 0 0 19.64
1318	3.16 0.38 0.02 0.1 0.34
1319	6.68 0.32 0 0 0
1320	0.46 0 0.02 0 0.52
1321	0 0 0 0 5
1322	0 0 0 0 12
1323	3.42 0.58 0 0 0
1324	0 0 10.2 0 1.8
1326	0 0 0 0 12
1327	0 0 0 0 3
1328	0 0.02 0.04 0 16.94
1329	0.34 0 0 0 0.66
1330	0.54 6.08 0 0.02 0.36
1331	0.1 7.3 0.02 0 0.58
1332	0.2 0 3.66 0 0.14
1333	0 0 10.98 0 3.02
1334	0.86 0.12 0.52 0.2 0.3
1335	0.02 0 0 0 19.98
1336	0 0 0.1 0.02 14.88
1337	0.34 0 0.02 7.02 3.62
1338	0.46 0.94 1.3 0.2 2.1
1339	0.44 0 0 0 0.56
1340	0.44 0 0 0 0.56
1342	0.32 0 0.04 0 0.64
1343	0.42 0 0 0 0.58
1344	15.54 0.46 0 0 0
1345	3.98 0 0.02 0 0
1346	10.94 1.02 0 0.04 0
1347	9.94 0.18 0 0 0.88
1348	0.44 0 0.04 0 0.52
1349	0.42 0 0 0.02 0.56
1350	0 0 0 0 3
1351	3.98 0 0.02 0 0
1354	0.34 0 0.04 0 0.62
1355	7.42 1.78 0.58 0.14 0.08
1356	8 0 0 0 0
1357	0 0 0 0 8
1359	1.06 0.3 0.2 0.22 0.22
1360	1.96 0.66 0.26 0 0.12
1361	0.04 0 0 0.48 3.48
1362	0.48 0 0.02 0 0.5
1363	0.44 0 0 0 0.56
1364	0.38 0 0 0 0.62
1365	0 0 0 0 3
1367	1.72 0.02 13.32 0 0.96
1369	4.94 6 0 0 0.04
1370	3.98 0 0 0 0.02
1371	0.06 0 0.26 0.22 2.46
1372	0.12 6.3 0 0 2.58
1373	0.36 0 0 0 0.64
1374	0 0 0 0 2
1375	27.52 0.46 0.02 0 0
1376	0.14 0 0.16 8.82 1.88
1377	8 0 0 0 0
1378	2.92 1.14 0 0 2.94
1379	17 0 0 0 0
1380	12 0 0 0 0
1382	7 0 0 0 0
1383	4.32 0.02 0.02 0 3.64
1384	1.26 0.14 0.12 0.24 0.24
1385	11.36 0.26 0 0 0.38
1386	9 0 0 0 0
1387	1.2 0 0 1.46 0.34
1388	13.48 0 0.52 0 0
1389	3.98 0 0 0 0.02
1390	4 0 0 0 0
1391	5.92 0.04 0 0.04 0
1392	9.96 0.02 0 0.02 0
1393	10.74 0 3.26 0 0
1394	17 0 0 0 0
1395	6 0 0 0 0
375	0 0.02 0 31.98 0
1159	0 21.32 0 0.68 0
1396	0 16.16 0.04 0.8 0
1397	0 16 0 0 0
1398	0 8.96 0.04 0 0
1399	17 0 0 0 0
1400	0 25.96 0 0.02 0.04
1401	0 26.52 0.48 24.98 0
1402	0 7 0 0 0
1403	0 8 0 0 0
1404	0.08 30.9 0.02 0 0
1313	36.96 0 0.02 0.02 0
1405	13.64 0 0 0 1.36
1406	0.04 0 0.02 9.92 0.02
1407	0.02 0.08 0.2 42.7 0
1408	0 1.8 0 1.2 0
1409	0 0.04 0 5.96 0
1410	0 0 0 10 0
1411	0 21.1 0.02 33.88 0
1412	0 0 0.02 3.94 0.04
1413	0 0.06 0.02 17.86 0.06
1414	0.7 0.3 0.06 0 0.94
1415	0 0 0 14.98 0.02
1416	0.06 0 9.94 0 0
1417	4.98 0.02 0 0 0
1418	0.06 0 10.1 0.56 0.28
1419	0.02 0 0 20.98 0
1420	2.98 0 0 0.02 0
1421	0.04 25.96 0 0 0
1422	0 0 9 0 0
1423	0 0 7.96 0.04 0
1424	0 0.02 0.76 6.22 0
1425	0 0 0.14 21.86 0
1426	11.24 0.02 14.74 0 0
1427	0 8.9 0.1 0 0
1428	0 0.14 13.06 20.8 0
1429	5.94 0 0.06 0 0
1430	4 0 0 0 0
1431	9 0 0 0 0
1432	1.9 0.02 0.02 0.06 0
1434	15.96 0 0.04 0 0
1435	0 0 0 16 0
1436	0.02 1.88 3.02 0 0.08
1303	0 0 0 28.94 0.06
1437	0 0 0.04 14.96 0
1029	0 0 0 16 0
1178	0 0 0 40 0
1438	0 0.12 0.1 10.78 0
1439	0 0.16 0 21.84 0
1440	0 0 0 12 0
1381	16.96 0 0.02 0 0.02
1441	0.02 0.02 0 17.94 0.02
1442	0 0 0 8 0
1443	0 4.96 0 10.04 0
1444	0 0.22 0.02 37.76 0
1186	0.02 6.96 0 0 0.02
1445	0 6.96 0 0.04 0
1446	0 0.06 0 35.94 0
1447	0 3 0 0 0
1450	0 8 0 0 0
1451	0 47 0 0 0
1452	0 4 0 0 0
1453	0.06 1.94 0 0 0
1454	0 13.9 0 0.1 0
1455	0 5 0 0 0
1456	0 21.98 0.02 0 0
1457	0 3 0 0 0
1458	0 4 0 0 0
1459	0.06 0 5.94 17 0
1461	0 1.4 0.14 0 0.46
1462	0 17.96 0 0 0.04
1463	1.02 4.96 0.02 0 0
1464	1.46 0.02 4.52 0 0
1368	0 10.3 1.6 0.04 0.06
1465	0 5 0 0 0
1466	0 21.08 0 2.9 0.02
1467	0 0 0 4.98 0.02
1468	0.06 0.06 0 15.88 0
967	0 14.34 0 20.64 0.02
1469	0 0 0 38 0
1470	0 0 0 13 0
1471	0 0 0.06 18.9 0.04
1472	0.24 1.52 0 0 0.24
1243	13 0 0 0 0
1473	0 0 0 32 0
1474	0 0 17 0 0
1475	0.02 21.92 0.04 0.02 0
1476	0 0 2 0 0
1477	3.18 0 0.84 0.98 0
793	0 12.1 0 6.88 0.02
1479	0 18.96 0.04 0 0
1480	0 0 0.18 10.82 0
1478	0 0.12 0.04 39.78 0.06
1481	0 0 1.52 0.48 0
1482	0 0 0.9 3.1 0
1483	20.4 0 0.02 11.58 0
1484	0 0 0 4 0
1485	0.06 5.84 8.1 0 0
1486	0.02 0.18 0.2 0.34 0.26
1487	0 0.22 0.02 3.76 0
1488	0 11 0 0 0
1489	0 0 0 7.96 0.04
1490	0.04 0 0 5.96 0
1491	0 0 0 5.94 0.06
1492	0 0 0 2.98 1.02
1493	0 0.06 0.24 0.48 0.22
1494	0 0.16 0.24 0.34 0.26
1495	0 0.02 14.96 0.02 0
1497	0 0 5.9 0.1 0
1498	0 0 0.02 0 3.98
1499	0 0 13 0 0
1500	0 0.04 0 0.02 4.94
1501	10.56 0 0.32 0 0.12
1502	0 0 0.06 2.94 0
1503	0 2.48 0 25.52 0
1504	11 0 0 0 0
1358	4.32 0 0.68 0 0
1505	0 0 0.02 3.98 0
1506	0 6.98 0.02 0 0
1507	0 2.98 0 0 0.02
1508	0 0 0 7 0
1509	0 0 0.02 3.98 0
1510	0 0 2.08 0.92 0
1511	7.8 1.02 0.04 0.08 0.06
1512	0 23.94 0.02 0.04 0
1513	0 0 3.98 0 0.02
1514	19.66 0 0.32 0 0.02
1515	0 3.16 0 0.82 0.02
1516	0 11.84 0.04 0.12 0
1517	0 0 0 14 0
1518	0 0.54 0 31.46 0
1519	0.02 0 0 5.98 0
1520	0 0 0 2.96 0.04
1521	0 0 0 12 0
1522	0 0.08 0 16.92 0
1523	0 6 0 0 0
899	18.04 3.96 0 0 0
1524	0 33.94 0.06 0 0
1525	0.06 3.94 0 0 0
1496	0 0 0 0 3
1526	0 0 4 0 0
1527	12 0 0 0 0
1528	4.28 0 2.72 0 0
1529	0.02 7.98 0 0 0
1530	0.02 7.98 0 0 0
1531	0 0 0 19 0
1449	0 27.96 0.04 0 0
1532	0.74 3.26 0 0 0
1533	0 4 0 0 0
1534	0 0.06 0 0 11.94
1353	0 0 5 0 0
1536	0 0.82 4.18 0 0
1537	11.84 0 4.14 0.02 0
1538	5.6 0.02 3.38 0 0
1539	0 0.02 0.02 6.96 0
1540	0 0.72 0 21 2.28
1541	0 0.82 6.14 0 0.04
1543	0 0 0 2.98 0.02
1317	0.02 4.88 0 0.1 0
1546	0.06 0.26 0.2 0.48 0
1547	0 0.06 5.94 0 0
1548	0.04 0.24 0.14 0.58 0
1549	0.02 0.24 0.16 0.58 0
1550	0 0 0 6 0
1551	0.18 0.28 0.16 0.38 0
1553	0.44 7.56 0 0 0
1554	0 0 0 4 0
1555	0 0.12 0 8.88 0
1556	0.1 0.18 0.06 0.66 0
1557	0.1 0.12 0.14 0.64 0
1558	0 19 0 0 0
1559	0.12 0.14 0.2 0.54 0
1560	1 10 0 0 0
1561	0.08 0.14 0.2 0.58 0
1562	0.04 0.18 0.28 0.5 0
1563	0.1 0.12 0.26 0.52 0
1565	0.06 0.18 0.2 0.56 0
1566	0.08 0.14 0.18 0.6 0
1567	0.06 0.14 0.18 0.62 0
1568	0.02 0.28 0.18 0.52 0
1569	0.06 0.26 0.2 0.48 0
1570	0.02 0.24 0.22 0.52 0
1571	0.06 0.32 0.1 0.52 0
1572	0.08 0.2 0.18 0.54 0
1575	0.04 0.22 0.06 0.68 0
1576	0.06 0.14 0.16 0.64 0
1577	0.1 0.16 0.2 0.54 0
1578	0.06 0.14 0.2 0.6 0
1579	0.04 0.22 0.16 0.58 0
1580	0.08 0.26 0.16 0.5 0
1581	0.04 0.16 0.32 0.48 0
1582	0.1 0.12 0.14 0.64 0
1583	0.04 0.24 0.2 0.52 0
1584	0.06 0.1 0.12 0.72 0
1585	0 0 5 0 0
1586	0.1 0.12 0.22 0.56 0
1587	0.06 0.2 0.02 0.72 0
1588	3.94 0 0.02 0.04 0
1589	3.16 0 5.26 0.14 0.44
1590	0.04 0.26 0.12 0.58 0
1591	17.94 0.04 0 0 0.02
1592	8.98 0.02 0 0 0
1593	0.02 3.86 0.12 0 0
1595	0 0 2 0 0
1596	0 0 1.52 0.48 0
1597	0 0.12 11.88 0 0
1545	0 3.98 0 0 0.02
1598	9.84 0 0 0 0.16
1552	0 0 0 5 0
1599	0 4.98 0.02 0 0
1601	0.34 0 0.34 0 0.32
1602	10 0 0 0 0
1603	0 0.02 0 2.98 0
1605	6.84 0.02 0 0 0.14
1606	0.04 0 0 0 1.96
1607	9.96 0 0.04 0 0
1608	0 0 6 0 0
1609	1.12 0 0 0 3.88
1612	14 0 0 0 0
1613	4 0 0 0 0
1542	0 0 0 4 0
1614	0 0 3 0 0
1616	0 0 0 0 4
1600	10 0 0 0 0
1617	6 0 0 0 0
1618	0.2 0.44 0.24 0.12 0
1619	0 0.26 1.36 1.36 0.04
1620	0 0 0 0 21.98
1621	0.16 0.02 0.34 0.3 0.18
1622	0 5 0 0 0
1535	0 6.98 0.02 0 0
1623	11.16 0.76 0.08 0 0
1624	2 0 0 0 0
1615	0 0 0 0.04 17.96
1610	1.78 0 0 0 1.22
1627	0 0 0 3 0
1629	1.26 0.42 0.84 0 0.48
1632	0.98 0.2 1.04 0.78 0
1633	1.08 0.1 1.76 0.04 0.02
1634	0.5 1.12 0.38 0 0
1635	2.94 0 0.02 0 0.04
1639	3.36 0.58 0 0.06 0
1642	8.98 0 0 0.02 0
1644	3 0 0 0 0
1646	6.96 0 0 0 0.06
1647	1.14 1.82 0.02 0 0
1648	0 1.44 0.56 0 0
1649	2.98 0 0 0 0.02
1650	0.02 0.18 3.8 0 0
1651	0.6 3.4 0 0 0
1652	3.94 0 0 0 0.06
1628	9.7 0.3 0 0 0
1653	5 0 0 0 0
1654	0.48 0.06 0.3 0 0.16
1655	0 0 0.32 1.6 0.08
1544	0 0 0 7 0
1656	2 0 0 0 0
1657	0 0 0 3 0
1658	9 0 0 0 0
1631	0 3 0 0 0
1660	0 0.48 1.52 0 0
1661	0.14 0.2 0.18 0.48 0
1662	4.96 0 0 0 0.04
987	3.96 0 0.04 0 0
1643	1.68 0 0 0 0.32
1663	2 0 0 0 0
1666	2 0 0 0 0
1669	1.92 0 0 0 0.08
1433	3 0 0 0 0
1672	0.74 0.02 3.24 0 0
1673	0 1 2 0 0
1664	0 0 0 0.02 4.98
1677	0 0 0.02 0 2.98
1678	1 0 0 0 0
1679	3 0 0 0 0
1573	0 1.66 0 2.24 4.72
