23.4 1.8 17.8 1.4 34.6
0 0.2 3 14.8 0
0 0 0 6 0
0 0 0 17 0
26.4 1 11.6 0 0
0.2 3.4 3.8 4.8 22.8
47 0 25.6 3 80.4
19 0 0 3 0
7.4 2.6 0 0 0
8.4 0 0.8 5 52.8
6.6 7.6 42 3 15.8
2.8 0 7.6 3.6 0
50.6 5.2 59.6 50.8 74.8
3.2 11 0 0 25.8
0 25.4 0 5.6 0
0 4.4 11 0 14.6
0 7 0 1 0
0 0 33 0 88
0 0 5 0 0
0 0 4 0 0
6.2 4.4 0 7.4 0
11.8 13 3.6 0 1.6
19.8 0 0 0 22.2
0 0 5 0 0
0 4 15.8 0 18.2
0 19 0 7 0
0 3.6 0 1.4 0
34 0 0 0 0
0 0 0 11.6 12.4
7 0 0 2 0
0 0 0 7.2 9.8
0 5.8 0 0 0.2
0 0 0 7 0
0 0 0 10 0
0 0 0 5 0
16.8 0 0.2 0 0
3.2 9.4 10 15.4 0
0 0 0 6 0
0 0 0 2 0
0 0 0 0 20
2.2 0 42.4 0 10.4
26.4 25 14 0 2.6
7.2 0.8 27.8 1.4 18.8
0 25.4 0.6 0 0
0 5.2 0 10.8 0
0 0 0 18 0
0 0 8 5 0
11.2 5.8 11.8 2 0.2
0 6 0 0 0
0.2 8 2.4 0 3.4
0 4 0 8 0
0 14 0 4 1
20.4 15.2 14 0 0.4
0 26 0.2 7 7.8
0 13.8 0 0 21.2
34.6 12.4 25.6 0.2 65.2
0 0.2 0.2 0 36.6
0 0 0 9 0
8.8 10 19.2 0 30
4 9.4 2 13.6 0
0.2 13.8 11 3.4 38.6
0 0 15.8 0 0.2
0 9.2 0.8 0 0
0 2.8 0.2 0 0
0 20 0 0 0
9.8 0.6 0 6.2 0.4
19 6.8 14.8 4.4 0
0 0 0 4.8 19.2
0 10 0.2 0 43.8
0 0 0 1 5
0 4.8 0 7.2 0
6 20 0 2 0
0 0 0 3 20
0 2 0 0 31
0 3 0 0 0
0 25 0 4 0
0 0 0 0 9
0 13 0 0 0
6 7 0.2 2.4 17.4
1.2 12.4 15.4 3 0
1.4 7.4 18.6 0 1.6
0 7.4 0 9.6 53
19.6 0 33.4 0 0
0 4.6 0.6 4.8 5
0 1.6 6.2 21.8 78.4
0 0 0.8 4 20.2
18.4 15.4 37.8 5.6 21.8
0 2 0 0 0
46.8 3.8 55.4 0 11
35.6 0 37.4 0 11
9.8 0 0.2 0 0
0 0 0 0 19
0.2 0 7.8 1 0
0 8 5.8 7.2 0
0 0 0 6 0
0 12 0 0 0
47.2 0 2 2.8 0
0 0 0 4 0
0 6.6 0 6.4 0
0 0 0 5.8 0.2
0 3 5 0 0
0 0 0 7 0
0 12.8 0.2 0 0
32.2 18 9.8 0 0
9.6 0 16.4 0 0
0 0 0 13 0
0 0 0 25 0
0 13 0 16 0
0.2 0 0 0 2.8
11 0 0 0 0
3 15.2 3.2 9.8 9.8
16.2 1.2 0 0 2.6
15.8 3.2 0 0 0
20.2 34.8 16.8 17.2 0
0 10 0 0 0
0 13 0.2 0 16.8
0 0 2.8 0 20.2
0 4.8 0 0 11.2
11.8 0 0 2 22.2
0 0 0 21 0
8.6 1.6 0 4.8 0
2.6 5.8 27.6 0 35
0 0 0 10 0
35.4 15 50.4 20.2 0
0 11 0 4 0
0 0 0 7 0
0 4.6 0 9.4 0
7 0 0 0 0
6 11.2 0 0.8 0
0 3.6 0.2 0 12.2
0 3 0 0 0
0 4.8 16 4.2 0
4.6 0.4 0 0 0
0 0 0 18 0
0.2 30 0.2 0 22.6
37.8 19.6 15.8 14.8 0
0 0 0 7 0
0 0 3 0 20
0 0 0 26 0
0 8.6 0 0 0.4
7.8 9 22 0 40.2
7.4 9 21.6 0 0
2.8 0 1.2 0 0
8 0 0.2 0 11.8
0 0 0 7 0
0 0 0 0 12
40.4 10 1 3.6 10
0 23.6 6.4 11 0
10.4 8.6 0 0 11
0 1 0 0 7
9.6 7 0 0 0.4
0 0 0 5 0
0 16 0 6 0
1.2 0.8 0 8 12
0 0 0 7 0
1 0 0 0 12
0 25 0 0 0
0.2 0 0 4 15.8
0 0 0 7 0
0 0 0 6 0
0 0 0 0 11
0 0 0 21 0
6.6 0 46.4 1 0
0 0 4 0 0
0 19.6 0 9.4 0
17 8.2 0 14.8 0
25.2 28.8 27 4 5
0 0 0 16 0
5 0 4 0 0
0.2 42.6 1.4 12.8 0
0 0 4 0 0
10.8 5.8 0.4 0 0
9.2 0 13.4 11.2 56.2
1.8 7.2 6.4 0 8.6
15 0 3.2 10.8 0
0 0 0 4 35
30 0 0 0 6
0 6.4 2.6 0 84
0 9.4 0 6.6 0
0 0 0 5 0
0 7.6 0.2 11.2 0
15.8 6.8 0.4 1.4 0.6
22.6 0 19.8 0 43.6
3.6 5.2 0 0.2 0
0 4 0 7 0
5.8 0 0.2 14 0
20.2 11.6 9.6 4.8 14.8
0 3 0 9 0
52 0 37.8 0.2 0
36.2 2 11.8 10.8 62.2
0 7 0 6 0
0 0 0 2 0
0 0 0 4 0
0 0 0 11 0
6.8 13.8 29.4 6.2 17.8
0 5 0 4 0
18.2 0 27.4 2.8 24.6
0 0.4 6.2 0 4.4
0.2 0 0 0 11.8
30.8 0 1.8 0 3.4
0.2 0 0 5 26.8
18.6 0 20.4 3 0
8.2 11.6 18.6 4.6 3
6.8 0 0.2 0 0
0.2 0 0.2 0 21.6
0 0 0 4 0
18.8 13.2 0 0 0
60.8 24.6 48.6 1.8 18.2
1.6 0 12.2 16.2 0
0 4.8 16 2 0.2
0 0 0 0 5
0 4 0 2.4 3.6
0 10 0 4 0
0 0 5 5 0
0 0 0 8 0
22.8 0 7.6 0 0.6
0 4 0 6 0
0 0 0 9.6 18.4
0 0 0 0 41
16.4 4.2 27.6 5.6 74.2
0 0 3 7 18
0.2 4.2 3 1.6 16
0.2 0 0 0 8.8
0 5 0 0 0
0.2 0 5.4 0.4 58
0 0 0 24 0
0 0 0 4 0
0.4 14.6 8.6 0 16.4
15.6 12.8 0 0 22.6
0 3.8 0 3.2 0
21 0 16.8 0 0.2
0.2 7.6 9.6 2 0.6
17 0 0 0 0
21.6 0.6 0 0.6 42.2
25.4 5.6 0 0 0
0 17.6 9.2 0 1.2
0 8 0 0 0
0 0 16.6 0 16.4
1.2 0 9.6 4 0.2
0 9.6 0 7.4 0
45.8 10.2 33.2 6.8 0
0 0 0 0 19
0 0 0.2 9.8 0
7.8 4.6 4.4 4.2 0
0 0 0 14 0
0 0 0 4 0
3.6 0 34.4 0.2 15.8
0 0 2.6 5.8 44.6
11.8 9.2 0 0 0
0 15 0 0 0
27 5 10 0 0
54.6 24.6 5.8 0 14
7.8 1.2 8.2 0 59.8
15.8 0.4 0 1.6 16.2
7 17.6 27 7 50.4
0.8 0 0 0 23.2
0 0 0 6 0
0 19.2 10.8 3 0
15 0.8 8.2 0 2
69.6 20.2 30 23.2 0
0 16 0 0 0
66 2.4 11.4 18.2 39
14.6 10.6 19.6 6 0.2
0 0 0 8 0
0 8.2 9.8 0 0
0 0 0 6 0
0 0 0 12.8 10.2
28.8 31 13.4 12 9.8
7.6 9 6.2 0 3.2
0 0 0 7 33
0 12 0 0 0
31.8 0 27 0 0.2
58.4 16.8 58.8 0 0
0 15.4 0 0 22.6
44 0.6 20.4 0.6 26.4
0 27.4 0 20.6 0
21.4 0 28.6 0 22
0 24.2 0 0 32.8
0.4 12.6 28.2 0 15.8
13 16.2 6.2 4.6 35
9.8 11 8.8 5.8 41.6
0 0 0 5 0
23 10.8 22.8 0 11.4
51.8 42 35.8 6.4 49
0 0 0.6 2.4 0
7 4.4 4.4 1.8 48.4
0 7.4 0 9.6 0
17.8 0.4 0 0 7.8
42.2 8 20.8 0 44
0 0 0 8 0
0 0 0 1 0
21.4 0 47 0 24.6
0.2 12.2 0 0 91.6
9.6 6.2 8.4 4 48.8
35 30.4 34.2 0 1.4
12 10.4 0 5.6 0
0 0 0.8 1 39.2
0 0 0 6 0
4.2 8.4 2 4 21.4
0 0 0 7 0
12.8 0 8.2 0 0
0 0 0 0 50
4.6 0.6 0 0 22.8
0 0 0 0 11
0 19.8 0 24.2 0
12 0 0 0 22
23.4 0 2.4 0 37.2
23.2 19.6 0 6.4 25.8
18.8 0 0.8 31.6 31.8
0 8.8 6 4.8 0.4
15 16.8 14 5 14.2
0 0 0 0 17
44.4 18.2 10.6 12.8 0
0 0 0 0 12
5.2 31.4 27.2 9.2 54
3.6 7.6 19.4 0.4 0
5 0.2 7.8 0 0
0 0 0 0 27
29.8 16.4 5 0 33.8
0 0 3.8 0 11.2
0 0 0 12 0
0 21 0 0 43
30.6 0.2 1.6 0 49.6
3 18.8 6.4 0 38.8
20.8 27.6 20.8 3.6 14.2
53.4 0.2 6.4 0 0
24 24.6 14 0 1.4
0 15 0 0 0
0 13 0 0 0
0.6 0 0 0 17.4
0 0 0 7 0
2 0 0 0 0
0 0 0 6 0
0 9.8 27.2 8 56
0 0 0 17 0
0 0 0 12 0
0 22 0 0 0
0 0 0 0 8
2.6 1.2 0.2 0 0
0 10 0 5.4 46.6
0.4 0 0 0.2 43.4
0 0 0 9 0
21 16.8 11.4 10.2 30.6
0 0 0 4 0
0 15 0 6 0
21 0 0 0 0
8.4 0 0 4 0.6
22.8 0.2 0 0 0
0 0 0 2 4
0 0 0 1.8 32.2
15.4 0 4.6 0 0
18.2 0 6.6 16.2 0
9 4 11.2 0 36.8
66 44.6 0 0 7.4
3 0 0 0 0
0 0 0 0 4
0 0.2 0 9.8 0
18 6.8 51 0 61.2
6.4 0.2 21 5.6 96.8
3.6 6.8 0 1.4 50.2
8 13.4 0 3.6 0
0 4 0 5 13
0 0 0 5 35
0 0 0 4 0
8.4 5 0 3 101.6
0 11 0 0 0
30.2 30 13.2 0 50.6
14 9.2 0 13.8 0
5.6 8 33.6 0 84.8
0 7.4 0 12.4 0.2
7.4 5.4 1.2 3 34
0 6 0 18.4 36.6
32.8 14.4 72.8 31.2 8.8
47.6 0 32.4 0 1
1.2 14.2 2.2 0 15.4
0 11 0 0 0
17.2 5.4 0 14 33.4
1 0 23 0 58
60 10.8 38.8 6.4 0
0 0 0 2 0
0 5.6 8.2 3.4 17.8
1.4 15.6 5.6 0 24.4
0 11 0 0 0
0 0 0 7 0
24.8 1 80.4 2.8 36
16.6 23.2 16.4 0 101.8
12.6 2 22.4 0 46
0 0 0 11 0
5 0 0 8.8 92.2
0 0 0 8 0
3 8.8 9.2 0 0
19.4 0.8 5.6 0 0.2
0 14.2 0 14.8 0
0 0 0 24 0
0 1.4 0 1.6 15
50.8 38 53.2 25.8 26.2
62.4 22.6 41 0.6 25.4
0 0 0 5 0
0 0 0 0 18
0 7.2 0 0 18.8
6.4 0 0.2 5.8 16.6
17.4 14.2 0 9.4 0
0 12.2 0 22.8 0
0 21.6 0 10.4 0
51.2 0.4 0 18.8 4.6
0 0 2.2 0 37.8
0 0 0 14 0
0 0 0 33 0
77.6 2.6 54 2.6 56.2
0.2 15.8 0 0 4
0.2 0 0 7.8 0
0 13.2 0 5.8 0
0 10 0 11 5
0 25.2 0.8 0 0
96.6 23.2 36.8 13.4 32
9.6 0 44.4 5.4 8.6
32 1.8 34.8 0.2 46.2
0 18.4 0.6 0 0
0 9 0 0 0
0 0 0 20 10
0 0 0 11 0
54.8 18.4 0 1.4 0.4
0 0 0 13 2
0 0 0 24 0
11 26.8 0 12.2 0
0 0 0 12 0
36.4 54.2 7.2 0.4 14.8
0 0 0 14 0
0 14.8 0 0.6 20.6
61.4 44.2 115.8 28 103.6
0 0 0 49 0
14 12.6 17.8 0 68.6
46 2 28 8 0
0 17.8 27 10.2 51
51.8 12.4 38.8 2 19
24.6 39.2 18 0 35.2
45.6 30.8 59 0 30.6
0.2 19.8 0 0 81
0.4 22.6 6.2 11.8 6
0.4 29.2 0 11.4 0
2.8 0 0 11.2 0
0 0 2.6 9 2.4
0 57 0.2 21.8 0
0.2 17.2 6.2 34.2 0.2
0 0.4 2 0 26.6
21.4 0 8.8 10.4 0.4
0 13 0 0 0
0 16.2 10.4 0 68.4
0 0 4.8 0 20.2
0 10.8 0 10.2 0
0.2 0 10.8 0 0
88.8 14 72.2 1 0
0 19 0 0 0
0.4 40 17.6 8.4 197.6
0 0 0 3 0
22 0 22.4 7.4 0.2
0 6.6 9.4 0 0
16 6.6 10.4 2.8 1.2
25 7.6 12.2 5 69.2
0.4 0.8 0.2 0 41.6
0.6 0 21.6 2.6 44.2
0 0 0 16 0
0.4 16.4 0 0 4.2
38.4 0 38.6 0 0
0 0 0 21 0
0 63.8 0 53.2 0
77 22.2 30 11.6 5.2
0 0.2 28.8 17.4 50.6
0 0 0 78 0
0.2 10.8 0 0 0
0 16.2 0 0 16.8
0.6 0 0 0 23.4
50 20.6 0 9.8 8.6
0 10.6 5 9 4.4
70 1 30.8 0 35.2
30.2 7 3.2 0 33.6
85.4 0 62.2 0.2 0.2
0.2 12.6 0 0 80.2
7 1.2 1.2 11.4 59.2
9.4 41.2 48 0 26.4
0 39 0 0 0
0 0 0 25 0
12.4 28.6 9.2 0 100.8
34 0.8 85.4 7 23.8
19 0 45.8 10.8 13.4
42.6 0 37 8.8 106.6
0 21 0 18 0
12.8 4 15.8 0 32.4
0 0 0 12 0
0 0 0 15 0
0 0 0 13 0
10 0.4 0 13.6 0
0 13 0 0 0
30.2 10 55.4 3.6 52.8
0 0 0 17 0
10 0 0 0 0
0 3 0 3 0
0 23.2 0 2.8 0
0 0 0 45 0
0 0.6 0.6 11.8 0
57.8 7.2 0 8 6
0.8 0 0 0 43.2
7.8 12.8 21 7 23.4
56.8 26 46 5 85.2
0 18.6 0 3.4 0
0 22.4 0.2 11.4 0
0.6 0 0 0 119.4
7.6 2.4 8 1 0
0 0 0 24 0
7.4 10.6 0.2 2.6 10.2
0 0 0 16 0
61.4 29.6 75 21.6 42.4
18.6 21.8 33 5.8 44.8
5.4 48.2 0.2 15.2 0
7.8 20.8 0.6 1.2 140.6
17.4 0 58.8 0 29.8
32.2 33.2 24.2 30.6 191.8
0.4 0 0 0 47.6
0 0 0 10 28
0 47.6 0 16.4 0
16.6 0 64.8 0 21.6
25.6 13.8 25.2 5.4 0
25.2 7.4 0.2 2.6 101.6
0 0.2 0 14.8 0
79.2 0 17.8 4.8 19.2
22.2 0 0 8.8 0
0 0 0 12 0
38.2 40.2 0 14.4 12.2
0.2 12.8 0 0 0
0 22.2 0.2 8.4 0.2
69 36.8 104.6 0.2 35.4
0 48.2 0 5.8 0
4 0 0 0 62
24.2 11.8 47.6 0 2.4
0 17.8 0 13.8 9.4
0 0 0.2 18.2 28.6
0 11 0 24.6 14.4
0 11 0 0 0
12 0 0.2 0 45.8
0 39.6 0.4 9.8 9.2
58.2 24.2 19 0 138.6
4.6 8.4 5.6 0 47.4
0 13 0 0 0
0.2 23.8 0 12 0
0 0 3.8 0 35.2
24.6 9.8 26 0.4 51.2
0 14.4 0 4.8 99.8
0 0 0 0.6 76.4
0 40.2 0 0.8 0
0 0 0 11 0
0 0 0.6 0 22.4
0 15 0 0 0
0.2 0.2 0 0 21.6
0 5 0 28.6 4.4
16 0.6 0.6 0 1.8
7.4 17.2 0.2 0.2 0
75.4 2.4 95.8 0 8.4
0 10.6 0 7.4 0
2 0.6 21 0 20.4
0 42.8 0 16.2 0
0 27 0 0 0
0 37.6 1.8 4.6 0
0.2 0 0 0 23.8
21 6.8 0 0 0.2
0 7.4 0 0 48.6
95.6 0 30.4 0 0
0 0 0 81 0
33 23.2 96.6 5.8 0.4
0 0 0 33 0
0 34 0 0 0
0 3 10.2 0 57.8
43.4 91.4 23.8 46.4 114
17.8 37.8 65.2 0.2 0
0 10 0.4 6 8.6
0 79.8 0 6.2 0
0 8 0 8.8 0.2
0 26.6 0 10.4 0
0 0 0 13 0
0 13.6 0 6.4 0
62 0 0 0 0
23.4 21.8 28.8 0 32
0 13.6 0 23.4 0
14.4 0.2 10 12.4 0
7.2 4.8 2 0 3
0 17.8 19.8 7.4 22
79 72.8 60 0 14.2
0 0 0.2 3 28.8
0 0 22 13.6 99.4
0 0 0.4 7 0.6
0.2 0 23.8 5 59
0 0 0 43 0
0 12 0 3 0
6.4 5.8 0 7.6 25.2
0 6.6 0 0 0.4
0 0.2 0 8.6 85.2
0 0 0 44 0
29.2 3 0 0.6 34.2
54.2 16.6 68.2 0.6 30.4
48 0 0 9 0
26.2 17 51.8 6 0
61 11.6 62.8 2.6 0
68 7 77.6 0 58.4
0 0.2 12.4 0 16.4
0 103.4 3 32.6 0
8 14.8 0 10.8 60.4
0 0 0 13 0
65.2 14.8 19.8 10.2 52
0 0 0 44 2
43 18.6 18.2 16 49.2
13.6 45.4 46.4 9.8 7.8
0 0 0 10 0
45.4 1 66.6 0 0
0.2 4 4.4 3.4 17
0 103.8 0 21.2 0
0 8 0 18 0
0 26 0 0 0
0 71.4 1.8 7.8 0
41.8 0.4 0 0 5.8
7.8 0 26.6 4 88.6
48 6.8 1 35.4 43.8
0 0 0 8 50
113.4 10.8 143 0 9.8
87 24.8 14.8 0 96.4
0 24 0 16 0
0.4 0 0 4.4 159.2
0 0 0 20 0
25.6 6.8 44.6 0 0
126.8 25.6 74.4 0 22.2
0.4 38.6 0 0 0
90.6 0.2 69 8 82.2
0 6.4 0 3.6 0
4.6 4 0 20.4 0
117.6 14.4 25 20 44
0 45.8 39.4 12.4 40.4
122 69.4 72.8 99.2 184.6
0 0 0 14 0
0 19.4 0 8.6 0
1.2 21 0 0 24.8
27.2 0 69.6 0 105.2
63 0.2 30.2 8.8 26.8
31.4 0.2 36 9.4 65
0.2 29.2 0 4.6 0
27.2 90.6 0 22 37.2
7.6 1 9.2 4.6 161.6
49.4 36.8 52 0 32.8
12.8 42.8 18 12.4 218
1.2 0 2.6 6.4 44.8
1.6 9.2 3.4 29.6 1.2
0 27.8 0 12.2 68
0 0 11 0 49
98.2 1.4 15.4 0 1
0 23.4 0 11.6 0
0 0 0 30.6 9.4
0 46.2 0 18.8 0
0 4.2 0 23.4 11.4
24.8 9 0 35.2 0
0 22.6 6.8 32.2 1.4
0 36 0 0 0
16.2 11 32 7.8 0
0 9 0 1.6 13.4
0 0 0 32 0
182.6 76 95.2 19.6 24.6
0 2.8 0 53 15.2
22.8 11.2 65 0 10
0 0 0 7 0
0.6 0 7.2 0 78.2
0 0 0 20 0
0 0 0 34 0
0 39 0 11 0
44.2 0.4 70.6 0.2 15.6
1.2 0 0 0 31.8
0 23 0.8 11.2 17
71.4 21.6 19.2 5.6 65.2
6.6 0 34 0 154.4
0 0 0 29 0
0 4 0 27.6 19.4
0 89.6 0.2 30.2 0
0 6.4 32 5 83.6
7 99.2 8.6 25.8 11.4
0 0 14.6 0 18.4
0 5.4 0 30.6 0
22 0 0.2 16.8 0
0 57.4 0 6.6 0
0 0 0 13.4 86.6
72.2 0 83.8 0 0
0 33.8 0 8.2 0
7 44 56.4 50.2 108.4
0 84.2 0.2 20.6 0
102.6 23 27.2 0 14.2
2 0 12.8 30.6 60.6
22.2 34 104 23.2 114.6
45.6 0 151 0 22.4
0 0 0 43 0
0 51 0 0 0
106 15.8 32.6 0 8.6
15.2 0 123.8 0 204
0 65.6 5.2 54.2 0
0.2 44 0 9.8 0
4.6 11.4 50.4 0.4 3.2
0 0 0.2 35.8 0
32 11.6 79.6 64.8 20
0 26 0 8 0
0 0.2 0 6.6 18.2
0 0 0 73 0
0 18 0 19 0
0 19 0 9 0
229.6 34.8 86.2 0.8 36.6
0 39.2 0 5.8 0
0 0 0 31 0
0.4 42.2 0 15.4 0
0 0 26.8 0 90.2
0 0 0 22 0
0 99.4 0 24.6 0
0 1 28.6 0.8 45.6
0 49.4 0 19.6 0
0 27.6 0 2.2 4.2
0.2 0.4 1.2 0 50.2
113.2 0 26.8 0 59
0.2 0.2 1.4 21.8 34.4
0 0 0 28 0
28 13.4 82.2 0 36.4
0 33 0 0 0
0 11 0 31 0
0 7.2 0 14.4 25.4
0.2 9.6 0 0.2 51
52.8 0.8 24.4 0 0
27.4 20.4 90 42.4 307.8
0 0.2 8 10 125.8
119 11.4 153 9.8 92.8
0 0 0 41 0
83.2 0 98.2 24.2 53.4
0 0 1.2 80.8 0
0 0 7.8 14.2 70
0 41 0 10 0
0 0 0 42 0
47.8 30.2 40 0 8
155.2 23.2 25 22.6 0
159.4 85 33.8 62.6 203.2
0 49 0 11 0
4.6 0.4 28 10.8 3.2
12.2 51 0 8.2 0.6
0 8 13 9.8 0.2
13.4 18.8 24.8 0 125
22.2 71.6 90 0 0.2
0.4 15 0 0 18.6
32.4 0 40 0 142.6
0 3.6 0 5.2 43.2
0 49 6.2 16.8 0
0 31 0 0 0
0.4 60.4 0 31.2 0
0 25.4 42.4 11.6 12.6
0 0 0 29 0
83.2 3.4 5.8 8.6 116
115.2 6 37.2 0 39.6
0 0 0 35 0
39.2 0 22.4 3.6 59.8
1.4 10.2 0 0 28.4
68 5.4 1.2 0.2 10.2
7 25 7.6 11.8 3.6
12.4 0 0 8.8 56.8
9.6 0 3.4 11.8 43.2
1.8 65.6 16.2 138 5.4
0 0 0 58 0
0 0 0 55 0
0 2.2 0.4 5.8 18.6
28.2 28 119.4 0.4 0
0 0 0 82 0
126 21.2 71.6 14 102.2
0 52 0 0 0
129 64.6 116.6 1.4 4.4
0 10 0.2 31.8 0
0 73 0 0 0
0 66.8 0.2 0 0
0 25.8 4.8 9.4 0
84 17.2 51 0.2 47.6
161.2 30.2 191 37.8 120.8
0.2 9 0 17.8 0
68 30.8 164.8 0.4 49
0 0 0 24.4 23.6
0 28.6 0 19.4 5
0 0 0 38 0
52.6 0.4 5.4 47 8.6
0 0 0 41 0
178.8 26 123.4 11.8 149
111.6 49.6 68.6 22 98.2
54 17.6 27.4 0.2 85.8
118.4 0.4 148.8 0.8 41.6
0 0 0 46 0
0 0 0 24 0
0 0 0 58 0
0 0 0 43 0
0 0 0 38 0
0 0 0 23 0
35.8 0 2.2 0 0
30.6 0.4 110.6 0 142.2
0 0 0 37 0
0 32.8 0 14.2 0
0 0 0 25 0
0 10 0 43.6 12.4
0 0 0 28 0
0.2 49.4 19.2 0 62.2
8 15.4 11 11.6 0
114.2 25.2 94 0 95.6
0 0 0 37 0
40.8 120.2 0 37 0
142.4 0.2 44.4 17.6 1.4
0 0 0 24 0
0 2.6 5.4 44.6 91.4
4.8 20 0 0 53.2
50 4.8 49 6.6 80.6
2 38.6 0 46.6 37.8
0 2.2 0.2 28.6 0
146 45.8 3 3.8 167.4
0 49.8 0 27.2 0
0.2 10.8 29 13.8 111.2
0.2 0.2 0 7.2 78.4
0 53.8 0.2 0 0
34.6 42 2.4 8.4 56.6
0 57.6 0 17.4 0
0 15.8 24 15.8 284.4
0 0 0 46 0
0 0 0 31 0
123 0 70.8 0 51.2
61 0 38.4 12.4 16.2
0 0 0 55 0
230 3.2 170.6 0.2 305
61.4 26 57.2 14.6 53.8
16.6 0.2 72.8 2.8 159.6
15.6 7.8 23.6 0 1
0 0 79.8 0.2 43
50 107.6 27.2 82 12.2
10.4 52 5.8 7.8 0
0 0 0 71 0
1.6 129.2 13 17.4 164.8
0 0 0 0 29
0 0 0 35 0
0 35 0 18.4 0.6
0 5 0 20 0
6 63.6 6.4 0 0
0 7.8 26.2 53.8 19.2
4.4 13.2 3.4 5.6 44.4
104.8 72.4 7.6 0 124.2
0 0 1 177 0
193.8 32.2 143 6.4 102.6
3.2 35.2 0 14.4 14.2
0 0 0 18 0
41.8 23.2 0 13.6 111.4
158.2 19.2 40.6 0.2 87.8
0 40.4 0.4 12.2 0
135.8 14 44 15.6 177.6
57.6 21.4 23.8 77.2 18
0.4 74.6 0 23 0
0 0 0 19 0
0 17 0 17.2 12.8
0.4 0 0 22 155.6
0 0 0 0 30
9.8 0.4 32.4 34.6 70.8
0.4 0.2 68.8 0 115.6
0 46 0 0 0
242.2 99.8 131.4 69.6 9
115.2 25.6 148.2 0 127
68.8 28 109 7.4 18.6
124 31.4 28.6 70 187
0 18.8 0 6.8 51.4
30.2 0 129.4 0 0.4
185.6 42.2 56.6 0 54.6
76.2 48.2 160.4 0 0.2
0 11.4 8 3.8 21.8
147 91.4 76.6 17 214
39.2 0.2 18.4 11.2 119
0 85 4.8 0.6 1.6
93 0 127.6 0 101.4
38.6 40.6 12.8 0 0
0 143.8 0 146 95.2
0 24 0 0 0
188.4 39.8 85.8 20.2 138.8
132.8 0 115.2 2 62
0 0 0 35 0
78.2 17.2 49.8 0 70.8
0 29.2 0 0 33.8
68.2 28.6 68.6 4.8 19.8
0.8 21.4 0 17.8 28
6.8 48 9 4.6 114.6
1 8.2 34.6 5.2 9
0 32.4 0 23.6 0
0 63.4 0 3.6 0
0 105.4 53.4 11.6 33.6
0.8 6.4 0.4 5.6 95.8
0 7.4 0 16.8 43.8
0 49.2 0.2 8.2 13.4
31.2 0 28.6 2 78.2
0 0 9.6 0 87.4
31.2 14.6 25 12.4 102.8
0 1 23.8 0 10.2
0 0 0 36 0
108.8 41.4 42 0.2 143.6
0 28 0 0 0
3.8 5.2 0 5 132
34.2 107.4 58.4 62.6 25.4
0 0.2 0 36.8 0
22.2 18 99.6 0.2 0
69.4 9.6 88.4 0 9.6
8 73.8 0.6 28.2 0.4
4.6 30.6 10.4 0 84.4
15.4 0 0 22.6 0
0 0 0 23 0
61.6 25.2 40.2 0 0
0 5 1.4 17.8 18.8
0 0 0 2 65
3.4 21 3.8 6.8 0
0 45 0 33 0
66.6 16.8 12 4 195.6
74.6 11 29.2 0 27.2
79.4 0.2 29.4 10.2 103.8
0 59.8 0.2 0 0
0 128.6 0 25.4 0
0 32.8 0 10.2 0
0 72.2 0 17.8 0
0.2 37.8 7.6 17.4 0
20.6 0 13.2 30.6 75.6
0 31 0 0 0
0 0 30.8 32.6 70.6
102.4 25.2 42.4 0 0
