1	215.38 238.34 162.8 0 733.5
2	0 53.44 298.54 0 0
3	0.02 99.08 0 0 134.9
4	169.74 204.88 185.26 0 0.12
6	0 0 0 0 80.02
7	155.8 0 400.28 0.08 622.82
8	374.16 340.66 0 0 0.18
9	320.56 7.82 0 0.18 625.44
10	116.58 0 0 0 141.42
12	555 89.74 304.24 0 0.06
13	55.86 56.52 0 0 415.58
14	237.48 0 0 0 382.52
15	78.78 0 133.9 0 699.32
17	0 24.88 213.12 0 0
18	0 0.02 9.96 16.02 0
19	68.48 0 0 0 153.52
20	0 0 0 0 208
21	0 138.08 0 0 45.92
22	388.1 92.72 442.42 27.76 0
23	481.46 55.54 0 0 0
24	0 0 210.24 0 283.76
26	107.2 84.8 0 0 0
27	0 0 126 0 0.02
28	355.48 455.64 79.84 0 0.02
29	0.02 37.64 186.34 0 0
30	129 0 0 0 0
31	123.86 70.42 210.6 0 0.14
32	239.98 0 0 0 0
33	0 87.84 191.16 0 0
34	0 19 0 0 0
36	0 20 0 0 0
37	0 9 0 0 0
38	0.02 0.14 290.84 0 0
39	72.94 0 171.06 0 0
40	0 136 0 0 0
42	183.9 268.12 0 0 5.98
43	0 100 0 0 0
44	0.04 147.58 48.38 0 0
47	182.44 204.56 0 0 0
49	0 214 0 0 0
51	0 224 0 0 0
52	280 0 0 0 0.02
53	0 6.62 288.36 0 0
54	0 60.84 236.14 0 0.02
55	138.68 10.1 311.22 0 0
56	700.7 104.14 482.16 0 0
58	284.38 244.62 0 0 0
59	278 0 0 0 0
60	185 0 0 0 0
61	200.88 0 0 0 0.14
62	0.02 0 324.96 0 0.02
63	0.02 215.96 0 0 0
64	645.52 119.56 253.1 0 4.82
65	97.94 182.06 0 0 0
67	0 260 0 0 0
68	0 40.36 321.64 0 0
69	395.46 514.74 76.8 0 0.02
70	350.1 359.88 0 0 0
72	0 326.94 0 0 0.08
73	0.38 346.6 0 0 0
74	0 0.38 16.62 0 0
75	0 0 11 0 0
76	51.42 98.52 0 0 0.06
78	0 66 0 0 0
80	0 154.98 0 0 0.02
81	119.76 171.24 0 0 0.02
82	54.12 417.14 305.68 0 0.04
83	337.52 250.48 0 0 0
84	0 42 0 0 0
85	0.08 146.92 0 0 0.02
86	373.72 105.26 0 0 0
88	0.14 630.82 0 0 0.04
89	549.34 0 394.64 0 0.04
90	0 224.98 0 0 0
91	76.68 334.32 0 0 0
92	117.46 0 168.54 0 0
93	0 0 0 0 314
94	0.24 335.22 0.52 0 0.02
95	66.24 512.22 134.54 0 0.02
96	353.88 0 575.1 0 0
97	305.18 431.42 44.4 0 0
98	694.2 175.94 473.84 0 0.02
99	124.08 394.92 0 0 0
100	550.64 0 140.14 0 1016.22
102	0.02 134.98 0 0 0
103	0 13.28 0 0 7.72
104	0.06 6.22 0 0.02 0.7
105	0 63.42 40.12 0 54.46
107	0 0 6.02 0 107.98
108	0.02 78.38 0 0 90.6
111	13.86 191.48 0 0 547.66
112	0 0 37.92 0 6.08
113	0 0 0 0 37
114	175.98 96 0 0 0.04
116	113.4 0 0 0 281.6
117	0 0 431.22 0 720.76
118	0.08 0 318.68 0 423.24
119	18 0 0 0 0
120	0 0 70.14 0 63.88
121	0 0 498.42 0 680.58
122	0 83.84 0 0 103.14
123	0 0 128.46 0 185.54
124	213.7 0 0 0 372.3
125	0 211.52 0 0 455.48
126	0 0 0 0 291
128	0 0 197 0 0
129	72.24 0 0 0 328.76
130	23.48 0 0 21.52 0
131	226.48 0 16.52 0 0.02
132	422.36 361.62 0 0 0
133	307.78 220.2 0 0 0.06
134	613.46 60.46 0 0 0.06
135	638.9 239.08 0 0 0
136	267.46 0 64.54 0 0
138	0 37 0 0 0
139	0 113 0 0 0
140	0 180 0 0 0.02
141	0 195.98 0 0 0
142	0 133 0 0 0
143	174.1 490.72 0 0 0.2
144	242.12 123.72 350.14 0 0
145	0 0.78 123.22 0 0
146	0 0 0.02 0 19.02
147	0.04 0 194.68 0.02 331.22
148	0.02 0 138.06 0 208.92
149	0 20.8 0 32.2 0
150	0 81.62 0 0 390.4
151	71.42 383.94 0 0 552.62
152	185.26 41.74 0 0 0
154	229.02 293.98 0 0 0
155	0 257 0 0 0
157	145.12 216.88 0 0 0
158	0 127 0 0 0
159	0 278 0 0 0
160	119.7 67.3 0 0 0
161	0 287.74 339.26 0 0
163	108.8 121.16 0 0 0.04
164	91 73.76 250.24 0 0
165	210 0 0 0 0
166	171.96 0 0 0 0.06
170	417.98 0 0 0 0
171	207 0 0 0 0.02
172	562.3 292.7 377.96 0 0.06
173	414.66 540.04 125.2 0 0.06
174	832.52 0 664.46 0 0.02
175	497.28 166.72 0 0 0
176	455.14 0 505.84 0 0.02
177	209.14 0 189.86 0 0.04
179	515.22 200.68 0 0 0.08
180	581.06 129.92 0 0 0
181	393.42 0 513.64 33.44 653.52
183	467.12 0 453.84 0 0.02
184	6.56 0 289.44 0 0
185	591.76 0 221.24 0 0.02
186	286.4 421.72 15.86 0 0
187	541.22 0.08 165.7 0 0.02
188	207.52 51.98 241.44 0 0.04
189	84.8 152.08 0 0 0.12
190	420.12 0 23.88 0 0
191	654.12 223.86 0 0 0.02
193	341.94 152.02 0 0 0.06
194	561.96 150.72 54.3 0 0.02
196	275.52 521.46 0 0 0
197	660.08 138.92 0 0 0
198	393.24 46.74 0 0 0.02
200	291.62 70.34 294.04 0 0
201	46.7 3.12 197.76 0 1.46
202	260.54 556.3 8.1 0 0.02
203	357 0.02 193.92 0 0.06
204	463.68 622.3 0.02 0 0
205	321.56 0 66.44 0 0
206	33.18 114.16 0 0 0.66
207	189.92 0 0 0 0.08
208	267.92 367.08 0 0 0.02
209	374.3 231.68 0 0 0.02
210	348.54 337.92 379.3 0 0.24
211	392.1 236.88 0 0 0
212	243.72 12.28 0 0 0
213	389.36 38.64 0 0 0
214	109.8 212.18 0 0 0.02
215	206.84 393.16 0 0 0
216	382.16 545.84 0 0 0
217	0 106.22 211.72 0 0.06
218	0 113.8 376.18 0 0.02
219	0.06 0 275.94 0 0
220	0 0 0 0 184
221	0 0 0 0 221.02
222	120.18 0 435.84 0 516.96
224	0 0 0 0 125.02
225	0 137.44 0 0 123.54
226	0 32.28 437.66 0 0.08
227	0.02 28.96 407 0 0
228	205.76 95.16 454.94 0 0.14
229	0.04 103.1 324.86 0 0
230	0.08 135.34 419.16 0 0.46
231	0.04 103.1 199.82 0 0
232	0 39.38 224.62 0 0
233	0.08 0 311.92 0 0
234	407 12.2 423.8 0 0.02
235	0 1.26 230.18 0 274.56
236	0.14 0 0 0 126.88
237	0.7 260.94 43.88 0 889.44
239	0.08 400.92 0 0 0
240	0.08 35.3 120.76 0 194.88
241	53.7 161.06 159.22 0 0
242	0 0 0 249.84 105.16
243	0 0 52.8 184.88 17.32
244	0 0 0 0 131
246	0.02 0 37.54 0 376.44
247	0 0 8.98 0.02 0
248	0.06 0 50.06 0 378.9
249	0.04 0 97.82 0 259.12
250	0 0 240.54 0 276.46
252	0.16 0 183.06 0 182.78
253	0 0 0 0 66
254	0 0 59.38 0 54.62
255	0 41.9 0 0 402.1
256	0 0 0 0.2 43.82
257	30.84 0 224.24 0 662.92
258	32.18 17.06 253.96 798.52 433.28
259	0 0 38.6 251.52 30.86
260	0 0 94.46 183.54 0
262	0 0 0 202 0
263	0 0 0 40 0
264	0.02 0 27.98 157.1 37.94
265	244.42 75.08 402.46 0 0
266	0 0 0 83 0
267	0 21.94 0 0 6.08
268	67.06 54.86 0 433.02 205.12
269	220.58 0 0 624.6 142.76
270	0 0 0 386.58 0.4
271	21.42 0 127.6 385.76 39.22
272	73.02 0 0 591.9 0.08
25	0.16 276.6 0 0 532.26
50	608.34 0 563.34 0 786.3
251	0 0 0 0 165.02
273	0 0 188.32 0 454.66
275	266.82 0 0 0 623.2
276	193.58 0 36.82 0 686.58
277	0 0 0 0 191
278	0.1 0 0.92 0 150.98
279	0 0 0 0 66
280	0 63.94 0 0 160.06
281	0 0 142.16 0 254.84
282	1.24 0 135.52 0 518.24
283	121.08 0 0 0 376.92
286	270.84 0 0.02 695.58 404.56
287	0 0 0 0 218.04
288	0.14 0 292.5 651.18 399.16
289	53.34 0 0 374.14 193.52
290	0 112.94 0 0 139.04
291	0 0 124.38 0 212.62
292	0 0 0 346 0
293	0 0 47.44 0 378.6
294	1.7 0 223.36 578.02 419.88
295	0.04 0 28.84 0 174.12
296	0 0 0 12 0
297	0 0 0 0 160.02
298	0.54 0 126.48 0 431.96
299	0 0 0 178.96 0.08
301	0.52 0 0 443.36 139.1
302	152.74 0 0 770.96 77.3
303	42.78 0 0 331.14 0.06
304	0.18 0 37.72 290.92 74.18
305	0.74 0 0.06 248.04 0.18
306	44.76 0 0 273.22 0
307	0 0 0 507 0
308	0 0 0 64 0
309	0 0 0 50.38 7.62
310	45.06 0 0 341.9 13.04
312	0 0 0 206 0.02
313	40.46 0 105.68 866.66 178.18
314	0 0 0 4 0.02
315	11.38 0 0 508.6 0.02
316	0.32 0 0 359.64 0.02
245	0 0 38.32 404.6 163.1
300	0.16 0.04 124.2 916.36 236.24
317	239.34 101.44 0 0 0.24
318	706.82 381.12 0 0 0.02
320	0 34.3 0 23.7 0
321	36.06 0 0 294.5 74.44
322	0 0 28.74 434.88 92.38
323	0 0 105.56 411.66 29.78
324	47 0 0 175.18 99.84
327	0.02 0 0 454.96 0.04
328	0.02 0 56.98 637.44 121.52
329	0.02 0 0 100.94 0.04
330	0 0 0 82 0
331	0 0 0 312 0
332	0.04 0 0 354.96 0
334	0 0 0 180.26 8.74
335	0 0 0 42 0
336	0 0 0 87 0
337	0 0 0 30 0
338	0 0 25.04 175.96 2.02
339	0 0 0 120.98 0
340	58.42 0 0 472.56 0.02
341	0 0 0 32 0
342	0 0 0 118 0
343	0 0 60.84 256.68 0.48
345	0 0 0 171 0
346	52.06 0 0 299.78 0.16
347	21.36 1.46 0 375.1 0.08
348	0 0 0 76 0
349	0 0 0 83 0
350	0 0 0 103 0
351	0 0 0 37 0
353	0 0 0 27 0
354	0 0 0 188 0
355	0.08 0 4.24 102.68 0
356	0.06 152.1 101.84 0 0
357	697.3 69.34 111.36 0 0
358	0 0 89.26 196.72 15.02
359	0 0 0 52 0
360	0 0 0 29 0
361	0 0 0 26 0
362	0 0 0.26 64.74 0
66	0.04 442.9 0 0 0.08
79	495.48 47.88 600.32 0 0.32
101	0 144.8 54.14 0 0.06
109	0 78.62 106.54 0 166.82
110	0 65.92 0 0 0.1
153	347.26 388.7 0 0 0.04
162	150.04 162.92 0 0 0.02
167	0 169.96 0 0 0.08
168	483.34 377.46 132.16 0 0
363	0 0 113.98 0 0.04
364	0 77.98 0 0 0
366	0.04 128.92 0 0 0.04
367	26.4 421.6 0 0 0
368	0 0 37.18 0 15.82
369	0 19.88 27.58 0 59.54
370	0 0 16.5 0 89.5
371	33.2 126.8 0 0 0
372	0 99 0 0 0
373	0 0 81 0 0
375	0 42 0 0 0
376	0 0 57 0 0
377	0 0 16 0 0
378	0.02 299.98 0 0 0
379	0 0 111 0 0.02
380	0.06 165.78 146.14 0 0.02
381	127.56 118.54 0 0 47.88
382	213.26 119.74 0 0 0.02
383	0 52.98 0 0 0
384	0 151 0 0 0.02
385	73.64 45.44 420.82 0 0.08
388	0 61 0 0 0
389	0 0 76 0 0
390	8.06 17.92 0 0.02 0
391	0.02 0 134.98 0 0
392	0 194 0 0 0
393	0 502 0 0 0
394	0 0 35 0 0
395	0 112 0 0 0
397	0 22 0 0 0
399	0 152.92 64.08 0 0
400	0 0 44 0 0
401	0 181 0 0 0
402	0 458 0 0 0
403	0.04 272.5 275.44 0 0.02
404	0 270 0 0 0
405	0.04 0 378.06 0 525.9
406	0 0 65.76 0 43.24
407	0 0 45.72 0 42.3
408	164.38 87.08 0 0 163.54
410	0 0 135.34 0 266.64
411	0 137.18 21.84 0 209.98
412	0 127.38 0 32.62 0
413	0.02 0 121.98 0 0
414	183 0 0 0 0
415	0 71 0 0 0
416	0 165.98 0 0 0.02
417	0.02 178.98 0 0 0
418	39.86 333.14 0 0 0
419	139.12 399.88 0 0 0
421	88.1 213.94 0 0 19.96
422	0 58 0 0 0.02
423	374.32 548.66 0 0 0
424	0 0 15.26 0 6.74
425	132.42 113.58 0 0 0
426	0 0 80.98 0 0.04
427	601.88 159.98 0 0 0.14
428	258.42 136.56 0 0 0
429	222.84 0 93.16 0 0
430	264.38 23.52 0 0 0.12
432	152.54 385.42 0 0 0.02
433	178 327 0 0 0
434	116.46 53.52 0 0 0.04
435	520.44 98.2 111.08 0 0.28
436	0.16 16.7 272.12 0 0
437	0.02 3.96 0 0.02 0
439	0 1.1 0.9 0 0
440	0 0 23 0 0.02
441	0 0 120.98 0 0
442	0 3 0 0 0.02
443	242.06 0 245.92 0 0
444	0 86 0 0 0
445	0 0 53 0 0
448	21.24 0 203.76 0 0.02
449	2.22 0.32 296.42 0 0.02
451	0 472 0 0 0
452	0.04 0 131.96 0 0
453	0 0 26 0 0
454	0 0 29.06 10.94 0
455	0.18 0 190.3 0 204.52
456	0 0 35.74 0 64.26
457	0 0 0 37.66 0.36
87	195.56 173.04 47.7 0 0.68
137	253.2 0 0 0 302.8
156	250.6 211.36 0 0 0.04
169	208.08 160.92 0 0 0.02
178	332.92 84.06 0 0 0.02
182	444.42 0 271.52 0 0.04
195	418.72 0 510.28 0 0.04
199	498.84 0 72 0 0.12
223	257.18 129.74 0 0 42.08
238	419.12 333.78 0 0 0.1
261	0 0 0 95 0
274	0.02 225.24 0 0 313.74
284	0 0 100.1 0 399.9
285	154.44 0 0 0 399.56
458	0 0 0 0 221
459	0 0 0 0 82
461	172.34 41.66 0 0 0
463	246 0 0 0 0
464	72 0 0 0 0
465	0 222.96 0 0 0.06
466	120.76 18.22 0 0 0
467	109.1 29.9 0 0 0
468	0 166 0 0 0
469	127.9 81.1 0 0 0
470	13.44 78.06 249.4 0 0.12
471	0 0 137.22 0 488.76
473	0 124.2 0 0 188.82
474	605.4 0.02 71.56 0 0
475	231.22 0 0 0 560.78
476	0.04 70.2 0 0 308.78
477	0 108.06 0 0 118.94
478	329.98 0 0 0 0
479	622.96 0 0 0 0.06
480	609.82 0 0 0 0.16
481	212 0 0 0 0
482	407 0 0 0 0
483	876 0 0 0 0
484	491 0 0 0 0
485	286.86 116.12 0 0 0.02
486	0 167.1 0.02 0 21.88
487	195.56 0 11.44 0 0
488	233 0 0 0 0
490	151 0 0 0 0.02
492	183.98 0 0 0 0
493	210 0 0 0 0
494	185 0 0 0 0
495	180.02 0.98 0 0 0
496	450.16 282.74 0 0 0.1
497	211 0 0 0 0
498	507 0 0 0 0
499	182 0 0 0 0
500	63.6 0 28.4 0 0.02
501	71.96 286.88 0 0 0.14
503	111 0 0 0 0
504	348.98 0 0 0 0.02
505	230 0 0 0 0
506	205.18 57.64 22.18 0 0
507	292 0 0 0 0
508	0.02 97.7 0 0 544.28
509	339.04 27.96 0 0 0
510	242.1 0 110.9 0 0
511	523.14 0 89.84 0 0.02
512	185 0 0 0 0
513	260 0 0 0 0
514	575.96 0 0 0 0.06
515	344.98 0 97.3 0 273.7
516	221 0 0 0 0
517	281 0 0 0 0
518	205.54 0 64.46 0 0
520	318.96 0 83.02 0 0.02
521	367 0 0 0 0
522	115 0 0 0 0
523	471.22 62.78 0 0 0
524	170 0 0 0 0
525	257 0 0 0 0
526	252.32 0 158.68 0 0
528	424.62 0.18 0 0 0.22
529	297.98 0 0 0 0
530	276 0 0 0 0
531	253.56 103.4 0 0 46.04
532	0 0 19.26 0 39.74
533	0 0.04 0 0 43.96
534	0.02 0 0 0 34.98
536	0 0 0 0 26
537	33.44 59.56 0 0 0
538	0 0 0.06 171.94 0
539	0.02 0 0 82.98 0
11	212.28 151.2 375.3 0 0.22
71	95.54 552.62 9.78 0 0.08
77	0 179.68 195.3 0 0
106	0 0 31.18 0 139.86
127	549.48 0 217.12 0 642.36
192	328 0 0 0 0
365	0 134 0 0 0
396	0 108 0 0 0.02
420	0 249.98 0 0 0.02
431	84.76 0 338.22 0 0
446	1.22 0.08 10.68 0.02 0
447	68.84 58.62 192.54 0 0
450	0 0 120 0 0
472	0 0 239.64 0 143.36
489	177 0 0 0 0
491	129.6 0 61.4 0 0
519	256 0 0 0 0.02
527	493.56 150.36 0 0 0.06
541	0 0 107.98 0 0.02
542	0 94 0 0 0
543	63.02 0 0 0 0.98
546	0.02 0 276.96 0 336.02
547	0 0 17.58 0 115.42
548	15.26 0 9.74 0 0
549	22.66 247.32 0 0 0.06
550	0 0.14 397.82 0 0
552	0 0 109 0 0
553	0 171.9 0 0 0.12
554	0 0 229.98 0 0
555	0 0.78 17.22 0 0
556	0 0 24 0 0.02
557	0.32 0 18.22 28.44 0
558	159 32.52 0 0 39.5
559	1.72 133.44 216.82 0 0
560	0.46 54.5 0 0 0.04
561	0.04 0 145.96 0 0
562	0.02 0 114.98 0 0
563	0 0 61 0 0
564	26.36 0 0 11.64 0
565	0 0 52 0 0
567	0 66 0 25 0
569	0 0.14 142.86 0 0
570	0 47.84 90.16 0 0
571	0 64 0 0 0
572	0 0 57 0 0
573	0 66 0 0 0
574	0 0 14.66 0 11.34
576	0.02 0 205.98 0 0
577	0 69 0 0 0
578	0 0 208 0 0
579	0 39 0 0 0
580	29.76 57.24 0 0 0
581	0.04 63.78 96.18 0 0
582	343.74 95.76 0 0 19.5
583	0 29.96 64.04 0 0
584	86.56 137.44 0 0 0
585	0 78 0 0 0
586	0 0 74 0 0
587	0 46 0 0 0
588	101.06 472.94 51 0 0.02
589	133.38 0 9.6 0 0
590	0 3.7 25.3 0 0
592	0 0 27 0 0
593	0 0 0 0 38
595	0 0 41.48 0 119.52
596	0 160.2 0 0 188.82
597	0.04 0 238.78 0 261.16
598	0 7.06 0 0.02 1.92
599	0.28 0.22 0.36 0.08 0.06
600	6 0 0 0 0
602	139.98 0 0 0 0.02
603	675.6 59.4 0 0 0
604	238 0 0 0 0
607	188.98 0 0 0 0.02
608	103 0 0 0 0
609	123.54 0 66.46 0 0
610	0 122 0 0 0
611	130 0 0 0 0
612	104 0 0 0 0
613	102.98 0.02 0 0 0
614	150.18 0.82 0 0 0
615	149 0 0 0 0
616	122.84 70.16 0 0 0
617	53 0 0 0 0
618	59 0 0 0 0
619	0.02 0 0 0 150.98
620	0 0 51.28 0 65.72
621	0 31.8 0 0.2 0
622	0 96 0 0 0
623	0 86 0 0 0
624	22.66 0 36.34 0 0
626	0 6.72 0 5.28 0
627	0.06 153.6 41.34 0 0
628	0 0 133.1 0 323.9
629	40.02 161.98 0 0 0
630	0 85 0 0 0
632	180 0 0 0 0
633	125.38 115.36 4.26 0 0
636	18.02 0 187.98 0 0
637	14.78 0 65.22 0 0
639	127 0 0 0 0.02
642	165.66 99.32 0 0 0
643	0 12 0 0 0
644	95 0 0 0 0
645	82.86 0 3.12 0 0.02
646	126.98 0.02 0 0 0
647	216 0 0 0 0
648	146.7 66.3 0 0 0.02
650	225.96 0 0.02 0 0
651	220.16 130.8 180.04 0 0
653	98 0 0 0 0
654	456 0 0 0 0
656	127 0 0 0 0
657	424.74 34.24 0 0 0.02
658	0 218 0 0 0
659	321.26 64.74 0 0 0.02
660	123.38 329.36 0 0 0.26
661	289.92 0 0 0 0.06
662	74.7 147.24 0 0 0.08
663	316.56 49.4 0 0 0.02
664	126.82 2.18 0 0 0
665	5.64 0.04 230.14 0 0.18
667	0 0 23 0 0
669	0.04 0 15.96 0 0
673	97.44 132.56 0 0 0
674	36.64 0 69.36 0 0
675	104 42 0 0 0
676	0 0 0 0 198
677	1 0.02 0 1.98 0
678	0 0 122.8 298.3 55.94
679	28.4 0 229.56 0 0
680	0 0 12.02 59.98 0
681	0 0 0 53 0
682	0 0 0 259 0
683	7.84 0 0 84.16 0
566	80.52 54.42 374.06 0 0.02
568	54.4 247.82 388.72 0 0.04
684	113.44 95.92 269.64 0 0
685	0.02 0 209.06 0 232.92
686	0 132.52 23.48 0 0
687	0 0 0 78.56 28.44
689	0 0 0.06 236.94 0
690	0 0 0 385.32 23.68
691	0 0 0 41 0
16	23.06 0 0 0 68.94
48	245.92 115.08 0 0 0.02
333	0 0 33.1 557.84 121.04
462	361.34 67.66 0 0 0
502	0 153 0 0 0
606	210 0 0 0 0
652	175.38 99.62 0 0 0
655	269.18 446.82 0 0 0
692	99.92 379.08 0 0 0
694	103.66 44.34 0 0 0
695	0 0.82 0 0 37.2
696	0 0 17.54 0 198.44
697	0 109 0 0 0
698	0 0 0 0 24.02
699	65.54 218.44 0 0 0
700	0 33 0 0 0
702	102.98 40.02 0 0 0
703	68 0 0 0 0
704	26.74 38.26 0 0 0
705	439.96 0 0 0 0.04
706	0 9.08 6.92 0 0
707	215 0 0 0 0
709	219.42 113.5 0.02 0 0.06
710	0 210 0 0 0
711	0 0 0 0 4
712	0 125 0 0 0.02
57	128.98 0 0 0 0
386	0 182 0 0 0
544	0 0 0.06 0 177.94
713	0.02 52.78 0 0 159.2
714	42 0 0 0 0.02
716	26.96 127.02 0 0 0
718	0 0 0 0 51
719	0 60 0 0 0
720	0 98.62 122.38 0 0
721	5.48 175.52 0 0 0
722	0 123 0 0 0
723	0 82 0 0 0
725	0 0 36.98 0 0.02
726	0 28 0 0 0
727	0.04 173.96 0 0 0
728	0 68.4 28.58 0 0.02
729	0 235 0 0 0
730	67 0 0 0 0
731	0 0 73.98 0 0.04
732	37.34 493.62 0 0 0.02
733	37.98 0.02 0 0 0.02
734	0 0 55.98 0 0
735	130.24 270.72 0 0 0.04
736	170.14 72.8 0 0 0.08
737	51.1 92.68 0 0 0.2
739	0 400.08 41.88 0.04 0
740	16.46 0 0 0 153.54
741	0 24.8 1.1 0 129.12
742	0.06 0 223.16 0 554.76
743	0 0 55 0 0
744	0 0 0 0 242
745	51 0 0 0 0
746	17.4 206.6 130.98 0 0.02
747	34.74 238.26 0 0 0.02
748	0 0 117.52 455.44 193.02
749	0 0 0 126 0.02
750	0.08 0 0 368.22 0.7
751	0 0 69.74 411.24 0
752	0 0 0 108 0
591	0.02 0 110.48 0 406.5
708	188.48 87.52 0 0 0
753	65 0 0 0 0
754	0.02 0 0 162.98 0
5	0 50.8 168.2 0 0
45	254 0 0 0 0
311	0 0 0 209.8 0.24
319	0 0 0 228.88 174.1
326	0.02 0 5.56 468.4 0
344	0 0 0 151 0
387	84.44 100.54 0 0 0.02
409	0.02 35.72 143.26 0 0
438	3.66 0 0.34 0 0
540	0.02 0 85.98 0 0
551	0 0 53 0 0
601	0 0 38.28 0 15.72
625	0.12 160.48 58.4 0 0
671	81.92 0 53.04 0 0.06
672	0 0 143.98 0 0
688	0 0 0 66 0
755	0.02 204.7 34.26 0 0.02
756	0 0 95.42 0 195.58
757	10.06 0 0.94 0 0
759	0 0 23 0 0
760	0 0 77.74 0 30.26
763	0 0 149.48 0 252.52
764	0 21.44 0 0 48.56
765	0 76 0 0 0
766	0 0 0 28 0
767	0 0 20 0 0
768	0 146 0 0 0
769	0.06 0 81.94 0 0.02
770	61.36 0 108.6 0 0.02
772	66.94 48.68 0 0 0.38
773	0 0 36 0 0
774	0 76 0 0 0
776	0 0 21 0 0
777	2 0 0 0 0.02
778	0 219.98 0 0 0
779	0 0 63 0 0
780	0.02 168.98 0 0 0
781	0.02 217.98 0 0 0
782	0 0 0 0 17
783	0.02 0 74.98 0 0
784	0.18 0.16 0.24 0.38 0.04
785	0.02 104.98 0 0 0
786	0 34 0 0 0
787	0 39 0 0 0
788	0 0 5 0 0
790	0 132 0 0 0
791	0 25 0 0 0
792	181.84 73.16 0 0 0
793	35 0 0 0 0
794	0 131 0 0 0
795	0 0 40 0 0
796	0 88 0 0 0
798	0 0 16 0 0
799	12 0 0 0 0
800	0 65 0 0 0
801	0 39.98 0 0 0.02
802	0.02 0 86.98 0 0
803	0 0 23 0 0
804	0 17 0 0 0
805	42.38 43.62 0 0 0
807	13 0 0 0 0
808	0 0 71 0 0
809	0 0 96 0 0
810	0 0 95 0 0
811	55 0 0 0 0
812	2.38 0 46.62 0 0.02
813	0 0 0 0 172.98
814	0 0.04 0 4.96 0
816	0 0 43 0 0
817	0 5 0 0 0
819	0.02 0 18.68 0 69.3
820	0 0 117.72 0 70.28
821	0 60 0 0 0
822	7 0 0 0 0
823	0 0 72.6 0 134.4
824	0.12 67.68 0 0 42.2
825	0 0 117.18 0 95.84
826	0 0 122.12 0 47.86
827	0 0 59.18 0.12 69.7
828	0 0 0 0 31
829	0.08 0 0 0 73.92
830	0.28 0.2 0.2 0.28 0.04
831	0 0 118.32 0 72.68
833	0 0 50.88 0 73.12
834	0 22.92 4.76 5.44 8.88
836	77 0 0 0 0
837	80 0 0 0 0
838	0 0 10.96 0 0.04
839	0 0 6 0 0
840	0 0 85.1 0 30.9
841	0 0 67.84 0 34.16
842	0.02 60.98 0 0 0
843	0.08 68.92 0 0 0
844	0 0 27.32 0 78.7
845	0.08 161.94 0 0 325.96
846	0.06 0 0 0 110.96
847	69.82 0 0 0 96.16
848	29 0 0 0 0
849	0 0 119 0 0
850	16 0 0 0 0
851	0.02 0 0 0 13.98
852	0.22 0.14 0.2 0.3 0.14
853	0 22.04 16.96 0 0
854	0.2 0 43.8 0 0
855	201 0 0 0 0
856	116 0 0 0 0
857	0 0 3 0 0
858	0 0 2 0 0
859	0 0 35.96 0 0.04
860	0.02 0 31.98 0 0
861	0 0.02 0 5.98 0
862	0 22 0 0 0
863	81 0 0 0 0
864	0 0 37.66 0 166.34
866	0.08 0 62.16 0 282.76
867	0 16 0 0 0
868	19 0 0 0 0
869	0 63.98 0 0 0.02
870	0 0 0 22.86 0.16
871	0.02 0 40.82 0 93.14
872	0 0 0 105.42 10.58
874	0 0 0 107 0
875	0 0 0 108 0
876	0 0 0 103 0
877	0 0 0 114 0
878	0 0 0 70.98 0.04
879	0 0 45.68 323.3 0
880	0 0 0 152 0
882	0 0 0 86 0
883	0 0 0 38 0
884	0 0 0 17 0
885	0 0 0 26 0
887	0 0 0 178 0
888	0 0 0 42 0
889	0 0 0 41 0
890	0.04 0 19.5 43.46 0
892	0 0 30.3 92.7 0
893	0 0 0 34 0
894	0 0 0 28 0
898	0 0 0 140 0
899	0 1.04 0 22.96 0
900	0.12 0 0 120.88 0
901	0 0.72 0 16.48 0.82
902	0 0 0.02 126.94 0.02
903	0 0 0 40 0
904	0 0.44 0 58.56 0
905	0.06 0 0 62.94 0
906	0.02 0 0 55.98 0
907	0 0 0 4 0
908	0 0 0 44 0
909	0 0 0 41 0
910	0 0 0 7 0
911	0 7 0 0 0
912	0 0 10.1 0 13.9
913	0 0 5 0 0
914	23 0 0 0 0
915	45 0 0 0 0
916	0 0 9.64 39.36 0
917	0 0 18.54 2.46 0
918	0 0 0 21 0
919	122.02 35.34 0 0 140.64
920	0 0 0 0 9
921	0 97.08 0 0 55.92
922	41.8 0 0 0 55.2
815	0 0 28.36 0 253.64
924	0 0 0 0 228
926	0 0 97.3 0 132.7
927	0 0.02 0 0 18.98
928	0 0 121.14 0 131.86
929	0 0 37.16 0 47.84
930	0.02 0 100.58 0 72.4
932	0 0 59.32 0 29.68
933	0 0 0 0 37
935	0 0 0 0 16
936	0 0 0 0 93
937	0 0 0 112 0
938	0 0 0 53 0
693	80.88 194.12 0 0 0.02
761	0 0 99.96 0 0.02
939	23.1 0 136.9 0 0
940	0 66 0 0 0
941	0 121 0 0 0
942	46 85 0 0 0
943	0 4.42 104.58 0 0
944	0 87 0 0 0
946	0 146 0 0 0
947	0 38.84 0 8.16 0
948	0 0 0 63.3 28.72
649	90.74 0 50.24 0 0.02
724	0.04 204.5 0 0 0.44
762	0 99.26 0 0 212.74
775	0 47 0 0 0
923	194 0 0 0 0
949	48.02 149.98 0 0 0
950	0.02 0 0 0 79.98
951	0 88 0 0 0
952	80.68 0.08 0.22 29.02 0
953	0 73 0 0 0
954	39 0 0 0 0
955	66.48 18.5 0 0 38.02
958	45.96 0 0 0 0.04
959	0 164 0 0 0
960	71 0 0 0 0
961	103 0 0 0 0
962	46 0 0 0 0
964	20 0 0 0 0
965	64.98 0 0 0 0.02
966	0.22 90.78 0 0 0
967	27 0 0 0 0
968	59 0 0 0 0
969	64.02 139.58 24.3 0 0.1
970	0 15 0 0 0
971	94 0 0 0 0
972	44.96 34.02 0 0.02 0
973	0 14 0 0 0
325	0.04 0 32.28 136.74 86.94
931	0 0 79.34 0 32.66
934	0.02 0 33.18 0 112.8
635	0 57 0 0 0
668	0.02 0 5.98 0 0
670	0.04 0 76.96 0 0
717	0 0 68.14 0 121.86
758	0 0 28 0 0
873	0 0 0 198 0
925	0 0 51.9 0 38.1
974	0 0 0 0 77
976	0 0.04 0 0 16.96
977	0 0 56.56 0 45.44
979	0.02 0 3.84 0 87.14
980	0 0 22.6 0 31.4
981	0 0 7.84 0 5.16
982	0 0 49 0 0
984	0 0 0.08 106.92 0
985	0 0 0 0 47
986	0 14.74 0 0 34.26
987	0 0 0 0 6
988	0.02 0 0 106.58 59.4
989	0 11.12 0 55.88 0
990	0 0 0 75.98 0.04
991	0 0 0 32.44 9.56
993	0 0 66.42 0.02 124.54
995	0 0 0.04 75.96 0
996	0 31 0 0 0
997	0.02 24.98 0 0 0
998	0 38 0 0 0
999	0 26 0 0 0
1001	0 14.72 0 0 11.28
1002	0 0.76 6.94 3.3 0
1003	12.52 0 1.48 0 0
1004	0 28 0 0 0
1005	0 0 0 0 63
1006	0 25.06 0 0 34.94
41	0 60.58 28.42 0 0
1007	0 0 0 0 158
1008	0.1 0 0 0 104.9
1009	0.14 0 0 0 161.86
1010	0 0 0 0 118
1011	0 0 35.4 0 206.6
1012	0 4.7 0.04 0 276.26
1013	0 0 32.72 38.28 0
1014	0 76.56 0 0 147.44
1015	0 0 2.02 0 27.98
1016	0 0 183.9 0 206.1
978	0 0 8.92 0 54.08
1017	0 23.74 0 0 117.26
895	0.08 0 49.86 229.06 0
1018	0 61.42 0 16.58 0
1019	88.98 22.02 0 0 0
886	0 0 0 137.92 0.1
1021	123.98 0 0 0 0
1022	0 0 0 91 0
1023	0 9.76 0 0 49.24
1024	0 0 0 45 0
881	0 0 0 104 0
1025	0 0 0 101 0
1026	0 0 0 10 0
35	0 0 20 0 0
1028	0.02 0 159.42 0 218.56
1029	0 21 0 0 0
1030	0 43 0 0 0
1032	0 0 44 0 0
1033	0 0 65.68 16.32 0
1034	0 0 56 0 0
1035	0 176 0 0 0
1036	0 0 44 0 0
1037	0 41 0 0 0
352	0 0 0 46 0
896	0 0 0 131 0
1038	0 0 0 36 0
1040	0 0 19.22 0 29.78
1041	0 178 0 0 0
1042	0 0 61 0 0
1043	0 0 16 0 0
1044	0 112 0 0 0
1045	48 0 0 0 0
1047	0 0 93.76 0 201.24
1048	0 0 0 0 162
1049	0.02 0 26.26 4.64 16.08
1050	113 0 0 0 0
1051	0.02 0 12.16 0 85.82
631	168.66 166.34 0 0 0
956	112 0 0 0 0
1052	0 0 51 0 0
1053	0 61 0 0 0
1054	0 16.48 0 0 29.52
1055	0 26 0 0 0
1056	31.98 0 0 0.02 0
1057	0 23.64 0 0 22.36
1058	0 24 0 0 0
1060	0.02 48.02 0 0 54.96
1061	0 0 0 0 64
1062	0 0 0 32 0
1063	63.7 65.3 0 0 0
1064	17 0 0 0 0
1065	162 0 0 0 0
594	0 0 3.28 0 0.72
640	180.54 28.46 0 0 0
715	0 229 0 0 0
738	0.02 72.98 0 0 0
789	0 134 0 0 0
1066	0 40 0 0 0
1067	0 22.22 0 0 80.78
1068	0 0 0 0 29
1069	47 0 0 0 0
1070	0 0 0 0 94
1071	0 0 0 0 39
1072	0 13.98 0.02 0 0
1073	0 75.56 0 0 116.44
1076	5.98 0 16.02 0 0
1077	0 18 0 0 0
1078	0.02 50.98 0 0 0
1080	0 0 0 0 8
1082	0 0 17 0 0
1083	0 0 14 0 0
1084	16.18 0 0 0 45.84
1085	0 0 0 0 22.98
1086	0 0 0 0 56
1087	0 0 0 0 17
634	69.88 0 0 0 0.12
1088	0 0 0 0 21
1089	0 0 31.16 28.84 0
575	0.02 91.98 0 0 0
797	0 0 65 0 0
1074	0 169 0 0 0
1090	0.02 0 63.98 0 0
1091	0.06 91.94 0 0 0
1092	0 26 0 0 0
975	0 0 23.92 0 71.08
1059	0 0 27.04 0 54.96
1093	0.02 28.24 0 0 36.74
1094	0 0 0 0 22
1095	0.02 0 23.7 0 45.28
1096	0 0 0 0 8
1097	0 0 0 0 55
1098	71.9 57.1 0 0 0
1099	29 0 0 0 0
1100	0 0.02 0 0 18.98
1101	168.3 69.68 0 0 0.02
1102	0 0 0 13 0
1103	0 0 0 0 59
1104	0 0.12 0 0 11.88
1105	0 0 0 39 0
1106	0.64 0 0.04 11.32 0
963	114.02 30.98 0 0 0
1107	0 43 0 0 0
1108	0 0 9 0 0
1109	40.78 0 43.22 0 0
1110	0 7.24 80.72 0 0.06
1112	0 41.98 0 0 0
1113	56 0 0 0 0
1114	0 0 0 0 27
1115	40.94 0 0 0 45.06
1116	17.62 0 22.38 0 0
1117	0.02 0 0 0 45.98
1118	0 130 0 0 0
1119	0 153.98 0.02 0 0
1120	0 42 0 0 0
605	87 0 0 0 0
638	3.14 73.96 0 0 44.9
641	120 0 0 0 0
835	47 0 0 0 0
1020	117 0 0 0 0
1121	0 0 0 0 73
1122	5 0 0 0 0
1123	0 11 0 0 0
1124	35 0 0 0 0
1126	90 0 0 0 0
1127	0 0 0 26 0
1128	0 0 0 0.06 26.94
1131	0 17.08 0 0 24.92
1132	0 0 0 0 68
1133	0 89 0 0 0
1134	0 0 0 0 97
1136	19.64 0 58.36 0 0.02
1137	0 0 0 0 111.98
1138	0 0.96 0 11.04 0
1139	0 77 0 0 0
1140	0 25 0 0 0
1141	28 0 0 0 0
806	88.44 64.56 0 0 0
1129	0 0 0 0 70
1142	0.04 0 0 0 129.96
535	0 0 0 0.02 129.98
1143	0 0 0 0 53
398	0 0 37 0 0
1145	0 0 19 0 0
1146	0 0 6 0 0
1148	30 0 0 0 0
1149	73 0 0 0 0
460	0 0 0 0 71
1150	0 0 0 0 19
1151	0 0 10.96 0 0.06
1152	0 0 0 0 84.98
1154	37 0 0 0 0
1155	0 0 0 0 10
1156	2.94 0 0 0 0.06
1157	0 0 70 0 0
1158	0 0 0 0 13
1159	34 0 0 0 0
1160	0 0 0 0 75
1161	0 0 0 0 31
1162	0 0 0 0 8
1163	0 0 0 0 59
1164	0 0.04 0 0 12.96
832	0 0 40 0 0
1165	0 12.78 0 0 6.22
1039	128.66 134.34 0 0 0
1075	0 0 0 0 22
1153	0 38.82 0 12.18 0
1166	32.98 0 0.02 0 0
1167	0 0 0 0 36
1168	0 61 0 0 0
1169	0 0 0 0 29
1170	0 59 0 0 0
1172	0 54 0 0 0
1173	0 0 0 11 0
1175	0 0 0 17 0
1176	0 0 0 52 0
1000	0 25 0 0 0
1079	0.18 62.96 0 0 17.86
1177	0 0.02 11.98 0 0
1178	0 32 0 0 0
1180	0 22 0 0 0
1181	0 0 15 0 0
1182	0 21 0 0 0
1183	0 37 0 0 0
1184	4.86 19.14 0 0 0
1186	0 0 0 5.2 4.8
1187	0 0.02 38.92 0 0.06
1189	0 15 0 0 0
1190	0 0 0 0 30
1191	0 0 0 0 13
945	119.92 0 0 0 0.08
1125	13 0 0 0 0
1192	28.62 0 5.38 0 0
1193	0 0 0 0 33
1194	102 0 0 0 0
1195	0 0 0 0 28
1197	0 0 0 0 128
1198	18.94 0 0 0 0.06
1199	0 0 10.26 0 43.74
1200	0 0.44 0 0 19.56
1201	5 0 0 0 0
1202	0 0 0 0 28
1203	62 0 0 0 0.02
1206	0 47.98 0 0 0
46	37.42 27.58 0 0 0
115	26.68 19.32 0 0 0
1046	0 0 115 0 0
1207	0 0 32 0 0
1208	0 0 41 0 0
1209	0 28 0 0 0
1210	0 0 88 0 0
1211	22.52 6.48 0 0 0
1212	0 0 17 0 0
1213	0 11 0 0 0
1214	14 0 0 0 0
1215	0 0 38.74 0 9.26
1216	0 0 0 0 16
1135	0.04 111.96 0 0 0
1147	63 0 0 0 0
1217	0 0 72 0 0
1218	0 16.66 57.34 0 0
1219	0 0 47 0 0
1220	0 84 0 0 0
1221	12.24 0 106.76 0 0
1222	0 0 53 0 0
1223	0 10.94 0 0 0.06
1224	0 0 30 0 0
1226	0.02 0 0 0 82.98
1188	0 0 88 0 0
1227	0 0 0 0 14
1229	7.14 0 18.84 0 0.02
1230	0 0 26 0 0
1231	0 0 50 0 0
1232	0.56 29.44 0 0 0
1234	0 0 0 14 0
1235	0 0 0 4 0
1236	0 0 0 3 0
1237	0 0 0 15 0
1238	0 0 0 22 0
771	0 0 87 0 0
1228	0 0 90 0 0
1239	0 1.84 30.16 0 0
1240	0 0 79.98 0 0.02
1241	0 0 0 0 11
1242	12.92 0 0 0.08 0
1243	0 0 0 21 0
1244	0 0.3 81.7 0 0
1245	0 0 19.16 0.02 22.82
1179	0 16 0 0 0
1246	0 0 10.98 0 0.02
1247	0 0 9.9 0.1 0
1248	0 0 50 0 0
1249	0 26 0 0 0
1250	0 9 0 0 0
1252	0 0 0 0 15
1253	0 0 17 0 0
1254	0 0 3.26 13.74 0
1256	0 0 0 6 0
1257	0 0 0 5 0
1258	0 0 0 0 47
1259	0 1.92 0 3.08 0
1260	11 0 0 0 0
1261	0.04 0 0 0 11.96
1262	0 0 0 0 24
1263	0 0 41 0 0
1264	0 0 0 0 16
1265	0 0 0 45 0
1266	24 0 0 0 0
1268	20.98 0 0 0 0.02
1269	26 0 0 0 0
1185	0 31 0 0 0
1204	49 0 0 0 0
1271	0 10 0 0 0
1272	0 0 0 6 0
374	0 22 0 0 0
1267	0 82 0 0 0
1273	0 0 0 0 22
1274	0 0 17 0 0
1277	0 0 0 0.02 51.98
1278	0 0 0 0 54
1281	0 0 0 0 27
1280	0 0 0 25 0
1282	0 0 0 23 0
1283	0 2.28 0 0 39.72
1284	0 39 0 27 0
1285	0 0 33 0 0
1286	49 0 0 0 0
983	0 0.18 0 0 20.82
1279	0 0 11 8 0
1287	0 0.34 7.66 0 0
1288	0 0 0 0 17
1290	0 3 0 0 0
1291	0 30.96 0 0.04 0
1292	0 0 0 5 0
1294	0 0 0 18 0
1297	0 0 31 0 0
1298	28 0 0 0 0
1299	0 0 0 13.08 8.92
1301	4.88 14.12 0 0 0
1302	0 0 0 14 0
1303	0 0 30.98 0 0.02
1225	0.2 28.8 0 0 0
1304	0 0 0 5 0
1305	0 0 8 0 0
1306	0 0 6 0 0
1307	3 0 0 0 0
1308	2 0 0 0 0
1309	0.5 0.26 0.08 0.04 0.12
1310	0.58 2.42 0 0 0
1311	0 29 0 0 0
1312	0 6.64 0 0 11.36
1313	0 0 0 32 0
1300	0 0 0 16.96 0.06
1314	0 23.98 0 0 0
1315	0 0 0 0 57
1316	0 0 0 19 0
818	0 18.06 0 0 39.94
1081	0 8.66 0 9.34 0
1171	0 0 0 0 26
1174	23 0 0 0 0
1255	0 0 0 0 12
1276	0 0 13 0 0
1289	0 0 0.24 0 13.76
1295	0 0 0 15 0
1296	0.02 0 0 42.94 0.04
1317	0 0 4 0 0
1318	0 0 0 0.04 3.96
1320	0 0 0.08 0.52 0.4
1322	0 0 0 0 12
1324	6.78 0 0 0.02 2.2
1325	0 0.02 0.12 0.3 0.56
1327	0 0 0 0 5
1329	0 0 0.14 0.26 0.6
1330	0 0 7 0 0
1331	0.54 0 0 0 8.46
1332	0 0 0.08 0.22 0.7
1333	8.96 0 0 0 1.04
1334	0 0.1 0 0 1.9
1336	0.08 0 16.92 0 0
1337	0 0 15 0 0
1338	0 0 0 0 9
1339	0 0 0.1 0.36 0.54
1340	0.02 0 0.08 0.26 0.64
1341	0 0.02 0.08 0.28 0.62
1342	0 0 0 0 5
1343	0 0 0.08 0.3 0.62
1344	0 0 0 0 6
1346	0 0 0 12 0
1347	0 0 0 0 11
1348	0 0 0.02 0.36 0.62
1349	0 0 0.02 0.34 0.64
1351	0 0 0 0 3
1352	0 0 0.08 0.42 0.5
1353	0 0 0 0 13
1354	0 0 0 2 0
1355	0 0.06 0 0.16 15.78
1356	0 0 0 0 8
1357	0 0 0 0 8
1358	0.18 0 0 5.82 0
1359	0 0 2 0 0
1360	0 0 0.1 0.24 0.66
1361	0 0 0.1 0 7.9
1362	0 0 0 4 0
1363	0.02 0 0.1 0.26 0.62
1364	0 0 0.04 0.36 0.6
1366	0.02 0 0.02 0.36 0.6
1367	0.46 0 0 0 20.54
1368	0 0 0 0 17
1369	0 0 0.08 0.32 0.6
1370	0 0 0 0 5
1371	0 0 3 0 0
1372	0 0 0 0 9
1373	0 0 0.06 0.4 0.54
1374	0.02 0 0.06 0.26 0.66
1375	0 0 0 0 18
1376	0 0 0 0 13
1377	0 0 0 9 0
1378	0 0 0 0 8
1379	0 0 0 0 14
1381	0 0 0 0 20
1382	0 0 0 8 0
1383	0 0 0 8 0
1384	0 0 0 5 0
1385	0 0 0 10 0
1386	0 0 0 0 9
1387	0 0 0 4 0
1388	0 0 0 0 16
1389	0 0 5.98 0.02 0
1390	0 0 0.06 0.28 0.66
1392	0 0 0 3 0
1393	0 0 0 16 0
1395	0 0 0 11 0
1396	0 0 0.04 0 15.96
1397	0 15 0 0 0
1398	0 9 0 0 0
1399	0 0 0 13 0
1400	0 31 0 0 0
1403	0 0 0 0 11.02
1404	33.98 0 0 0 0
891	0 0 0 12 0
1405	0 0 0 0 15
1406	4.84 9.14 0 0 0.02
1407	0 17.1 26.9 0 0
1409	0 20 0 0 0
1411	0.02 62.98 0 0 0
1412	10 0 0 0 0
1413	0 17 0 0 0
1415	0 0.02 20.98 0 0
1416	0 0 6.64 3.36 0
1417	0 0 0 5 0
1418	0 7 0 0 0
1419	0 0 31 0 0
1326	0 0 0 0 15
1421	0 0 26 0 0
1422	0 0 0.02 0 8.98
1424	0 0.04 0 3.96 0
1425	0 0 20 0 0
1426	0 0 0 17 0
1427	14 0 0 0 0
1428	0 28 0 0 0
1233	0 0 0 8 0
1394	0 0 0 11 0
1429	0 0 0 6 0
1430	0 0 0 4 0
1431	0 0 0 14 0
1433	0 0 0 4 0
1434	0 0 0 22 0
1350	0.02 0 0.06 0 1.92
1436	0 0 0 0 3
1401	0 0 32.16 19.84 0
1438	0 0 0 0.06 10.94
1439	0 0 24 0 0
1441	0 0 6 0 0
1442	0 0.04 10.96 0 0
1443	0 10 0 0 0
1444	0 0 33 0 0
1205	0 0 0 0 12
1445	0 0 0 0 11
1447	0 0 0 3 0
1448	0 0 0 11 0
1449	22 0 0 0 0
1450	0 8 0 0 0
1451	43.98 0 0 0 0.02
1453	2 0 0 0 0
1454	12 0 0 0 0
1455	2 0 0 0 0
1456	26 0 0 0 0
1457	0 0 0 0 3
1458	4 0 0 0 0
1459	0 21 0 0 0
1460	3 0 0 0 0
1461	1.68 0.32 0 0 0
1462	0 0 0 0 23
1463	0 0 0 9.98 0.04
701	32.98 0 0 0 0
1464	1.56 0.02 0 0 5.42
1328	0 0 0 14 0
1465	0 0 0 0 7
1466	0 0 0 0 17
1467	0 10 0 0 0
1468	0 0 17 0 0
1469	0 19 0 0 0
1470	0 0 13 0 0
1471	0 0 22 0 0
1472	2.58 0 0 0 4.42
1473	0 28 0 0 0
1270	0 0 0 12 0
1474	0 0 13 0 0
1475	0 0 0 9.9 1.1
545	0 11 0 0 0
1476	0 0 2 0 0
1477	0.74 0.58 0.68 0 0
1478	0 0 49 0 0
1479	0 0 13.8 0 8.2
1480	0 0 20 0 0
1031	0 7 0 0 0
1483	0 0 0 25 0
666	0 0 0.22 6.78 0
992	0 0 8.7 1.3 0
1402	0 0 0 7 0
1435	0 0 9 0 0
1437	0 0 11 0 0
1481	0 0 4 0 0
1484	0 8 0 0 0
1485	0 7.94 0 0 0.06
1487	0 10 0 0 0
1489	0 11 0 0 0
1492	0 0 0 0 4
1493	0.06 0.4 0.36 0 0.18
1494	0.04 0.34 0.44 0.02 0.16
1495	0 0 0 0 18
1496	0 14 0 0 0
1497	0 0 5.9 0.1 0
1498	0 4 0 0 0
1499	0.04 0 0 0 6.96
1500	0 0 10 0 0
1501	0 0 0 0 9
1503	6.44 0 22.56 0 0
1504	0 0 0 0 8
1505	0 4 0 0 0
1446	0 0 38 0 0
1251	0 0 0 0 21
1506	6.12 0 0 1.88 0
1507	3 0 0 0 0
1335	0 0 0 0 16
1508	0 7 0 0 0
1510	0 1.5 1.5 0 0
1511	14 0 0 0 0
865	54 0 0 0 0
1512	18.98 0 0 0.02 0
1513	0 0 0.04 4.68 1.28
1516	12 0 0 0 0
1517	0 0 10 0 0
1518	0.12 0 23.88 0 0
1519	0 0.12 5.88 0 0
1520	0 3 0 0 0
1521	0 8.8 0 0 0.22
1522	0 0 13.98 0 0
1524	25 0 0 0 0
1525	0 0 0 0 4
1526	4 0 0 0 0
1527	0 0 0 16 0
1528	0 0.36 0 4.8 1.84
1529	0 0 0 0 14
1420	0 0 0 3 0
1530	0 6.98 0 0 0.02
1523	0 0 2 0 0
1531	0 19.98 0.02 0 0
1532	1.78 0 0 0 0.22
1533	0 0 0 0 4
1534	0.16 0 0 11.84 0
1535	0 0 0 9 0
1536	0 0 0 0 5
1537	0 0 4.06 6.94 0
1538	0 3 0 0 0
1440	0 6 0 0 0
1542	0 6 0 0 0
1543	0 3 0 0 0
957	0.12 0.42 0.36 0.08 0.02
994	0 0 0 7.56 2.44
1027	0.18 0.42 0.3 0.1 0
1111	0 0 0 0 11
1275	0 5 0 0 0
1391	0.02 0 0 0 4.98
1408	0 0 1.98 0 0.02
1423	0 6 0 0 0
1432	0 0 0 2 0
1488	5 0 0 0 0
1539	0 0 3 0 0
1540	0 23 0 0 0.02
1544	0 7.98 0 0 0
1545	9.96 0 0 0.04 0
1546	0.12 0.4 0.42 0.04 0.02
1547	0 2 0 0 0
1549	0 0 1.9 1.1 0
1550	0 6 0 0 0
1551	4 0 0 0 0
1552	0 0 0 4 0
1553	0 0 4 0 0
1554	0 0 6 0 0
1555	0 0 10 0 0
1556	0 4 0 0 0
1557	0.18 0.44 0.26 0.06 0.06
1558	14.98 0 0 0 0.02
1559	0.2 0.32 0.26 0.2 0.02
1560	0 0 0 0 9
1561	0.02 0.46 0.42 0.08 0.02
1562	0.2 0.38 0.2 0.16 0.06
1563	0.08 0.52 0.32 0.02 0.06
1564	0.08 0.46 0.32 0.08 0.06
1565	0.14 0.52 0.22 0.08 0.04
1566	0.1 0.5 0.26 0.08 0.06
1567	0.14 0.44 0.3 0.08 0.04
1568	0.08 0.42 0.42 0.06 0.02
1569	0.08 0.56 0.28 0.08 0
1571	0.18 0.46 0.3 0.04 0.02
1573	5 0 0 0 0
1574	0.22 0.5 0.18 0.04 0.06
1575	0.04 0.46 0.3 0.14 0.06
1576	0.12 0.5 0.3 0.04 0.04
1577	0.14 0.46 0.3 0.1 0
1578	0 0 0 0 4
1579	0.18 0.4 0.26 0.14 0.02
1580	0.14 0.38 0.4 0.06 0.02
1582	0.24 0.42 0.24 0.08 0.02
1583	0.12 0.34 0.44 0.06 0.04
1585	0.14 0.42 0.4 0.02 0.02
1586	0.2 0.36 0.3 0.12 0.02
1587	0.18 0.32 0.38 0.06 0.06
1588	0 0 2.8 1.2 0
1589	0 0 0 0 12
1590	0 0 0 4 0
1591	0 0 0 14 0
1592	0 0 0 18 0
1541	4 0 0 0 0
1593	0 0 0 0 4
1594	0 0 0 9 0
1596	0 0 2 0 0
1597	0 0 11.14 3.86 0
1598	0 0 0 14 0
1600	0 0 0 0.02 8.98
1601	0.06 0.06 0.1 0.4 0.38
1602	0 0 0 7 0
1490	0 0 0 0 3
1603	0 0 1.24 1.76 0
1410	0.66 0.08 0.2 0 0.06
1604	0 0 4 0 0
1605	0 0 0 9 0
1606	0 0 0 2 0
1607	0 0 0 7 0
1514	0 0 0 0 13
1609	0 0 0 0 3
1610	0 0 0 3 0
1611	0 0 0 6 0
897	0 0 0 2 0
1293	0 0 0 5 0
1615	0.02 0 26.84 0.14 0
1616	0 0 0 0 4
1608	0.42 0 0 6.58 0
1612	0 0 0 10 0
1617	0 0 0 5 0
1502	0.08 0.3 0.26 0.3 0.06
1619	0 3 0 0 0
1620	0 0 0 19 0
1622	7 0 0 0 0
1624	0 0 0 2 0
1625	0 0 0 4 0
1319	0.34 0.12 0.04 0.18 0.32
1623	8 0 0 0 0
1626	0.04 0.32 0.48 0.02 0.14
1627	0 0 3 0 0
1144	0 0 0 6 0
1380	0 0 0 0 10
1628	0 0 0 10 0
1630	0 0 3 0 0
1631	7 0 0 0 0
1633	0 0 0 0 3
1634	0 0 0 0.44 1.56
1635	2.98 0 0 0 0.02
1636	4 0 0 0 0
1637	3 0 0 0 0
1638	0 1.92 0 0 1.08
1640	0 0 0 0 3
1641	0 0 0 3 0
1643	0 0 0 13 0
1645	0 0 0 0 4
1646	0.02 2.8 0 0.18 0
1648	0 0 0 0 2
1652	0 0 0 0 5
1491	0.04 0.14 0.8 0 0.02
1642	5 0 0 0 0
1659	0.54 0.24 0.04 0.1 0.08
1662	0 0 0 4 0
1663	0 0 0 0 2
1664	0.12 0 0 11.88 0
1665	0 0 0 2 0
1666	0 0 0 2 0
1667	0 0 0 3 0
1668	0 0 0 0 3
1670	0 0 0 3 0
1671	0 0 0 1 0
1365	0 0 0 0 2
1509	0 0 4 0 0
1629	0 5 0 0 0
1672	3.98 0 0.02 0 0
1673	3 0 0 0 0
1639	9 0 0 0 0
1674	4 0 0 0 0
1675	0 0 0 0 3
1676	1.02 0 0.9 0 0.08
1677	3 0 0 0 0
1678	0 0 0 1 0
1679	0 0 0 3 0
1680	0 0 0 2 0
1345	0 2.42 0.58 0 0
1656	0 5 0 0 0
1658	0 0 0 4 0
1681	3 0 0 0 0
1682	0 3 0 0 0
1323	0 0 0 0 7.86
