43.4 25.4 8.2 49 64
0 46.8 17.6 9.6 0
0 3.8 39 7.4 0.8
2.8 0 22 0 0.2
51.4 13.6 0 4.2 60.8
1 13 7.8 57 123.2
109.8 43.6 4.8 28.6 159.2
35 0 2.4 0 14.6
0 5.8 2.6 0 13.6
11.4 0 12.8 53.8 99
45.4 27.4 17.6 31 48.6
13.2 5 0 9.8 18
158 30.4 81.6 82.2 139.8
0.4 18 5.2 22.4 23
0 60.8 45.8 12.4 0
58.6 12.4 0 9.4 65.6
0 10.8 0 9.2 0
34.4 16.6 0 97.6 130.4
0.2 0 16.8 0 7
7.2 14 0 0 13.8
40.6 24.4 35.6 9 10.4
66.2 14 0 0 22.8
51.8 13.6 0 56.2 39.4
42 8 3.2 5.6 39.2
0 0 0 4 48
2.4 66 23.8 0.8 0
0 12.6 2.4 4 0
23.2 8.2 3.6 0 27
0 0 10.2 0 13.8
7.8 0 26.2 0 5
0 0 18.8 13 5.2
0 34.2 9.8 0 0
0.2 0 24.8 0 0
0 0 16 0 0
0 0 24 0 0
0 0 31 0 0
38.2 19.8 0 0 0
53.4 25.4 15.8 0 7.4
0 0 17 0 0
0 0 26 0 0
0 0 0 0 44
65 43 0 9.2 28.8
57.8 51.8 12.6 23 39.8
44.6 30 0 0 46.4
0 36 0 0 0
0 11 0 0 0
0 0 17 0 0
0 0 0.2 0.2 76.6
50.6 6.6 0 38.8 0
0 6.8 11 12.2 0
0 0 0 0 20
0 48.4 0 19.2 19.4
14 23 0 0 0
0 38.6 18.4 0 0
0 14 0 0 0
103.4 12.4 0 0.2 17
0.2 70.6 3.2 17.8 11.2
0 7.8 9.6 72 45.6
72.4 57.4 0 89.6 201.6
38.4 13.6 2.4 50 158.6
0 0 17 0 0
74.8 27.4 5 35 37.8
0.2 30.2 13.2 6.4 0
48.8 9.2 17.4 14.4 109.2
30 13.8 0 7 30.2
0 41 0 0 0
0 15 0 0 0
0 22.4 4.8 4.8 0
0 35.8 10.6 15.2 9.4
58.2 14.4 4.8 0.4 27.2
0 12 0 8.2 16.8
11.8 38.2 0 24.2 46.8
0 2 3.4 34.2 23.4
0.4 4.6 22 0 0
2.6 58.8 8.2 10.4 6
12.8 6.4 8.8 40.2 0.8
6.6 7.8 10 0 25.6
0 5 5.4 2.6 0
0 0 25.8 21.2 0
0 0 3.6 12.4 0
8 45.4 0.4 0.2 0
0 38.4 3.2 4.2 66.2
59 59 0 0 25
0.2 57.8 0 0.2 18.8
17.8 21.4 8.6 80.6 151.6
0 0 16 0 0
95.8 44.2 0 4.6 66.4
0 0 23 0 0
8.6 20.4 14.4 22.2 6.4
0 5.2 31.2 114.8 162.8
0 2.2 0.2 0 87.6
164 74.4 0 27.6 21
0 11.6 0 0.4 0
173.2 50.8 4.8 68 76.2
82.2 32.2 7.2 32.4 133
0 0 0 1.2 69.8
0.4 0 0 15.6 62
0 5.4 2 0 25.6
26.6 63.8 18.2 0 2.4
0 0 39 0 0
0 47 3 0 0
64 11.2 15.4 0 30.4
0 17.8 4 0 3.2
0.2 61.4 28 8.2 0.2
0 0 39 0 0
1.2 13.4 4 0 24.4
0 0 17 0 0
0 16 9.8 7.2 0
160 39.8 3.4 0.2 15.6
90 7 33 0 0
0 0 9 0 0
0 4.2 28.8 0 0
0.2 16 20.6 6.2 0
2 0 0 3.8 48.2
15 21.8 0 3 37.2
0 3.6 59.6 26.2 26.6
29.2 25.8 0.2 0 7.8
52.2 0 0 33.8 39
27.6 60.4 25.4 21 20.6
0 28.6 0.4 0 0
0 18.4 8.2 27.4 13
7.6 0.2 0 14.8 25.4
0 0 0 34.2 36.8
0 0 0 0 33
50.6 24.2 17.4 9.4 49.4
0 0 38.8 0.2 0
7.2 3.6 10.2 0 0
49.2 18 13.2 0.6 93
0 0 15 0 0
135.2 99.8 65.8 7.2 45
0 0 0 26.8 0.2
0 0 0 0.2 26.8
0 0 22 0 0
0 0 13 0 0
22 0 3.8 0 0.2
0 2.2 0 41.2 15.6
22.2 22.6 14 0 1.2
0 10.8 0 9.8 48.4
0 7.2 9.4 5.4 0
0 0 12 0 0
0.2 77 27.8 0 0
5 0 10.2 15.6 0.2
0 0 17 0 0
4.4 33.4 31.6 45.4 94.2
93.2 90.6 50.8 32.8 23.6
0 0 21 0 0
0 0 14 0 0
0 0 0 0 41
0 0 21 0 0
0 4.6 11.4 0 0
20.6 15 0 128.4 190
60.4 31.2 3 0 45.4
4.2 0.4 7 0 0.4
0.2 0 5.8 12.2 23.8
0 0 8 0 0
0 0 0 4 20
0 39.4 26.6 0 0
33.2 48.2 3.4 33.4 36.8
14 40.6 22.4 0 0
17.4 62.2 0.2 17.8 35.4
0 7.8 0.8 0 24.4
10.2 15 2.6 0.2 0
0 0 19 0.6 0.4
0 52 10 0 0
0 8 4 0 9
0 0 16 0 0
7.4 5 0 0.2 30.4
0 38 1 0 0
0.2 0 16.8 0 29
0 0 33 0 0
0 0 22 0 0
0.6 0 0 0.4 6
0 0 44 0 0
84.4 51.8 2.8 24.2 17.8
0 4.8 0 0 33.2
0 29 26 0 0
31.8 10.8 9.2 27.8 39.4
114.8 89.4 22.4 9.6 26.8
0 3 21 0 0
47.8 2.6 4.4 0 0.2
6.2 84.4 30.4 15.6 0.4
0 15.8 0 0 13.2
31.6 0 0 7.4 0
28.4 28.8 0 83.2 89.6
0 17.8 4 0 19.2
18.8 25.4 19.4 0.2 7.2
0.2 0 0 4.6 54.2
43.2 12.2 2 0 37.6
0 7.2 3.6 46.2 120
0 37.2 27.8 0 0
0 0 18 0 0
4.4 10.6 0 0 0
39.6 39 26.6 0 12.8
78 32.8 2 16.2 115
20.4 13.8 16.2 31.2 10.4
11.4 2 0 19.6 0
48.6 0 14.8 0 16.6
50.6 21 11.4 16.8 42.2
0 6.8 0.2 17.8 0.2
137.4 50 10.2 0 29.4
96.8 31.4 9.2 91.2 51.4
0 0.4 6.8 0 10.8
0 37 0 0 0
0 0 17 16 0
0 0 14 0 0
0 0 27 0 0
31 61.6 0 30 65.4
6.2 0 3.2 0 18.6
0 9.2 3.8 8 0
47.4 17.8 7.2 5.6 70
0 0 5.4 5 16.6
0 0 0 10 19
1.8 34.6 0 6.4 110.2
0.4 9.2 2.2 43.6 94.6
17.4 0.2 14.4 0 72
62.6 30.8 0 19.2 2.4
46.8 12.8 0.4 0 0
5 0 1 17.8 26.2
5.4 3.6 12.6 10.6 0.8
0 0 23 0 0
60.6 41 10.6 12.8 19
196.8 48.2 0 0 31
4.2 42.8 13 0 0
35.8 18.4 25.8 6 0
0.8 0 0 0 18.2
0 15 0 22.4 25.6
0.2 22.2 7.6 24 0
0 0 4 1 0
0 0 26 0 0
38.8 23.2 0.4 0 66.6
0 15 0 0 0
0 2.4 9.8 27.8 31
7 4.4 5 18.8 87.8
39.4 15.6 11.6 74.2 204.2
0.2 0 6.4 23.4 58
0 21.6 0 5.4 84
0 0 0 12.2 53.8
0 13.6 6.8 0.6 0
0.4 0.6 0 41.4 106.6
0 0 11 0 0
0 0 15 0 0
0 11 5 0 0
0 11.4 0 34.6 26
83.8 34.6 7 32.8 55.8
0 14 0 0 2
116.2 30.2 2.8 0.6 24.2
0.2 3.2 8.4 0.2 0
0 0.8 0 0 19.2
30.2 66 2 21.4 75.4
0 15.2 45 24.2 15.6
4.8 64 0 12.4 12.8
0 23.8 0 0.2 0
14.4 29 22.2 1.4 63
67.8 33 0 0 49.2
21.2 21.6 12.2 0 0
126.6 85.6 0 0 14.8
0 8.8 4 49.2 0
0 0.2 3.8 0 0
26 17 0 0 0
0.2 0 16.8 0 0
0 7 19 0 0
53.6 22 0 0 46.4
9.8 0.6 21.2 0 93.4
42.8 0.2 14.8 48.8 45.4
0 21 10 0 0
0 0 0.4 23.6 0
156.6 9.2 0 16.2 0
127 38 0 33 32
34.2 18 3.4 79.2 101.2
76.6 32 3.4 36.6 3.4
29.4 28 0 40.8 158.8
9 0 0 0.2 61.8
0 0 15 0 0
0 63.2 3.8 0 24
13 7.2 0.6 0 40.2
165.8 114.2 41.6 54.6 44.8
0 42.6 2.2 13.2 0
0 0 37 0 0
124 50 8.2 74.6 48.2
127.8 40.6 15 8.8 53.8
0 0.2 23.8 0 0
0 0 20 0 0
36 13.2 0 0 17.8
0 0.2 53.8 0 0
0 0 7.2 9.2 5.6
81.8 42.6 38.6 71.8 37.2
11.6 30.4 7.8 0.2 0
0 6.2 22.2 0 47.6
0 8 0 0 0
33.8 20.2 0 0 45
152.4 62.4 7.2 22.6 15.4
0 24 4.4 10.6 56
79.2 54 12.4 54.8 92.6
4.6 61.2 31.2 2 0
101.6 16.4 0 19.2 64.8
0 25.4 6 32 52.6
38.4 33.6 4.2 36.4 30.4
0 22 0 0.2 118.8
17 14.8 28.2 104.2 69.8
0 5.6 11.4 0 0
158 36.8 0 1.4 55.8
0 0 8 0 0
139.6 57.8 23.4 95.6 67.6
0 8 20 0 0
13 6.8 25.8 54 72.2
0 7.4 6.6 0 0
30.4 8.2 0.2 0 48.2
77 48.6 0.6 78.6 199.2
0 0 23 0 0
0 0 1 0 0
97 9.6 27.2 8.2 139
0 0 0 79 208
58.2 19 14.4 2 161.4
133.6 92.6 0.4 0 19.4
0.4 0.2 7 36.8 38.6
0 0 1 23.6 33.4
0 0 31 0 0
47 32.2 8.4 9.2 58.2
0 0 29 0 0
122.8 31.2 0 0 0
0 4.8 0 46.4 76.8
0 0 0 22 43
12.6 21.6 14.8 0.8 12.2
0 48.4 40 2.6 0
18.4 7.6 7.6 28 61.4
36.2 3.2 0 2.2 105.4
84 18.8 13.4 112.4 69.4
87.8 23.6 49.4 0.2 68
0 16.4 8.8 12.4 18.4
64.4 54.6 0 0 65
0 0 5.8 42.4 22.8
78.8 89.4 14.8 0 0
0 5.8 2 4.2 18
29.8 31.4 73 90.2 126.6
0 0 38 0 0
70.4 52.4 0.2 0 0
11.4 23.8 0 0.4 12.4
0.2 0 1.8 17.8 64.2
49.6 25.2 0 63.2 205
13 0 0 0 42
0 0 12 0 0
19 33.4 16.6 42.6 80.4
68.4 18.2 7.8 88.4 94
0 43.2 8.6 54.2 54
80.4 46.4 9.6 45.4 1.2
134.8 45 16.6 0 51.6
104.4 75.6 0 0 20.8
3 73.8 0 0 0.2
0 23 3 12 0
0 0 0 0 55
0 0 80 0 0
17 6.6 2.8 6.2 23.4
0 0.2 26.8 0 0
0 17.6 8.8 159.2 67.4
0 0 32 0 0
0 0 32 0 0
2.8 113.8 5.4 0 0
0 0 1.4 50.8 3.8
0 25.4 0.4 8.2 0
0 19.8 22 47.8 32.4
11.6 2 0.2 90 61.2
0 0 24 0 0
105.4 31.2 18 44.6 79.8
0 0.2 21.8 0 0
0 27.2 42.8 0 0
21.8 0 0 0 13.2
56.4 0 6.4 4.2 0
43.6 0.6 8.8 0 0
0.2 0 15.4 9.4 12
0 0 10.6 22.2 58.2
19.6 0 0 0 57.4
14.4 16.8 12.2 0 16.6
138.8 19.4 0 22.4 98.4
110.4 86.4 10 17.6 52.6
13.2 0 7.4 0.4 12
0 0 0 29 17
0.2 7.6 17 0 5.2
194 84.8 7 50.2 69
65.6 0 0.6 46.4 114.4
24.6 0 14.2 70.4 61.8
29.6 19.4 15.6 61.6 60.8
0 0 6.8 7.4 34.8
0 0 19.8 24.6 51.6
0 0 43 0 0
12.6 24.6 0 154.4 155.4
0 27 0 5 0
90.6 29.4 7.4 99.2 92.4
8 18 28 0 0
49.8 19 0 28.8 205.4
0 20.4 7.6 11 0
8.2 19.6 10.8 32 81.4
0 11.8 44.4 41.2 42.6
191.8 125.6 28.4 0 66.2
180.4 29.6 3 0 4
18.6 17.8 18.4 0 8.2
0 49.8 10.2 0 0
0.2 0 23.4 20.8 71.6
68.6 13.6 0 5.6 74.2
215.2 53.6 9 23.2 34
0 0 33 0 0
28 38.6 10.6 7.4 88.4
1.6 42.8 0.6 36.4 10.6
0.2 72.8 0 0 0
8.8 0 58.2 0 0
281.2 15.4 20.2 48.6 116.6
77.6 51.8 0 94.6 183
104.8 37.4 20 0 116.8
0 0.2 35.8 0 0
0.2 0 15.2 80.8 140.8
0 0 34 0 0
53.2 0 5.6 5.2 22
0.6 15 2.2 23.2 32
0 34.2 24.8 0 0
0 0 30 0 0
0 0 14.8 0 27.2
286.6 173 114 111 142.4
306.6 82.4 16 71.6 39.4
0 0 23 0 0
0 1.2 0.2 20.4 30.2
0 1.2 3.2 41.6 0
12.4 2.8 9.8 11 79
32.2 59.8 29.8 16.8 0.4
0 25.8 48.2 0 0
0.2 0.4 31 11.4 7
108.4 26.2 60.4 14.4 45.6
3.8 0 5 8.6 149.6
0 0 57 0 0
0 0 90 0 0
200.6 99.4 6.8 93.6 129.6
17.2 29.8 7.4 49.8 8.8
0 0 34 0 0
0 62.8 19.2 0 0
0 0 25.8 21.4 30.8
0 65 1 0 0
257.6 81.8 26.8 39.8 109
118.6 43.6 7.6 6.4 20.8
95.2 6.4 10 133.2 168.2
0 52.2 10.6 0 0.2
0 32 12.4 12.6 0
0 0 34 39 0
0 24 9 0 0
107.8 27.8 7.6 18 11.8
0 0 22 0 3
0 6 22.6 12.4 0
0.2 41 18.6 18.2 29
0 0 58.8 3.2 0
46.8 79.4 0 13.8 56
0 0 58.6 5.4 0
2.6 35.2 7 81 8.2
201 96.6 75.2 106.2 361
0 0 100 1 0
47 20.8 11.6 41 157.6
119.6 46.2 0 17.6 37.6
17.6 24.4 36 21.8 240.2
74.4 53.6 34.2 65.4 76.4
120.8 61.4 0 75.2 123.6
202.4 86.2 0.2 83.4 112.8
0 57 24.8 110.4 84.8
0 139.8 20.8 0.6 30.8
0 17.4 33 49.6 0
0 6.8 19.8 5.4 0
0 0 43 0 0
0 94.8 9.6 48.6 0
0 0 61 15.4 17.6
5.2 9.8 0 39.4 88.6
56.8 13.6 65.2 0 10.4
0 55.2 16 14.8 0
9.4 54.2 0 66.8 103.6
0 0 0 27.8 73.2
0 54.6 0 43.4 0
34.8 12.2 0 0 0
297 114 28 0 35
0 19.6 4 41.4 0
46 46.4 10.4 146.6 310.6
0 0 21.6 9.2 0.2
81.4 4.4 7.8 0 28.4
9 26 0 6 0
46 44.8 4.2 27.6 53.4
78.8 64.2 23.6 2.6 134.8
0 2.8 0.8 36.6 49.8
7.4 10.6 0 0 88
0 14.6 21.4 0 0
19.6 28.4 12.4 11 16.6
129.6 74.2 0 0.4 30.8
0 0 31 0 0
0 124.6 55.6 34.8 0
214.6 82.8 0 15.2 36.4
6.6 15.6 26 0 160.8
0 0 164 2 0
0 27.4 5.2 14.4 0
0 5.8 0 46.2 0
0 0 0 18.8 43.2
39.2 78.2 26.2 21.4 66
0 38.4 0 0 40.6
188.4 26.6 0 0 111
92 0.4 0 5.2 76.4
273.4 85.6 0.4 20.6 34
6.8 22 8.8 85.6 72.8
0 0 24.8 16.8 97.4
48.4 88.6 9.8 111.8 62.4
0 72 20 0 0
0 0.2 33.8 0 0
40.6 8.8 2 62.4 98.2
198.8 67.6 5.8 7.4 104.4
54.6 17.4 10.6 0 50.4
148.6 46.6 11.4 0.2 111.2
5.6 30 67.4 0 0
41.6 14.8 0 1.8 82.8
0 0 28.6 0 5.4
0 0 30 0 0
0 0 56 0 0
6 0 6.6 0.6 38.8
5.8 16.2 0 0 1
74.8 6.2 28 45.8 70.2
0 0 43 0 0
0 8.8 8.8 0 14.4
0 31.8 8.2 0 0
0 104.8 0 18.2 0
0 0 72 5 0
0 18.2 20.6 0.2 0
78.2 26.8 6.6 0 28.4
6 0 0 0 25
34 0.4 10.4 70 48.2
32.2 41 5 54.2 167.6
0 61.2 4.8 0 0
0 16.4 27 20.6 0
0.2 0 0 71.2 112.6
0.6 0.2 10 0 56.2
0 0 39 0 0
0 12 10.8 0 43
0 0 28 0 0
157.8 62.4 95.4 6.8 88.6
48.6 105 20.4 34 135
6.2 107.4 8.4 0 0
8 14.8 3 115.6 158.6
113.8 0 0.2 0 83.8
55.4 31 34 114.4 142.2
0 10.4 0 9 82.6
0 0 0 29.8 39.2
0 49 0 0 0
64.2 40.2 0 0 22.6
59 18 0.2 29.2 61.6
43.6 13 0 43.6 86.8
0 0 21 0 0
122.2 5 6 0 32.8
35.6 22 10.4 0 0
0 0 30 0 0
6.6 69 43.8 5.6 27
0 21.4 0.6 0 0
0 16.4 23.6 0 0
154 75.8 50.6 21.6 82
0 78.8 8 0.2 0
0 2 4 4.4 134.6
35.2 33.4 0.2 0 39.2
0 20.4 14 8.8 17.8
0 0 11 4.8 43.2
0 12 17.4 13 0.6
0 0 0.2 31.8 0
0 0 12.8 0 64.2
0 42.4 9.6 18.8 18.2
73.2 17.8 12.4 102.2 79.4
14.6 0 0 9.4 26
25.2 3.6 0.2 0 0
0 7 8 0 0
0 0 0 39 0
44.2 13.4 0 39.8 49.6
3.8 11.8 0 24.4 94
0 0 1.4 27.2 32.4
0 62 8 0 0
0 0 11 0 0
0 0 0 0 3
0 0.2 4.2 7.4 0.2
0 2.2 0 0 55.8
0 0 25.8 0.2 0
0 0 2.8 0 21.2
0.4 22.8 0 8.6 8.2
92 34.2 0 0 20.8
3 0 3 0 0
25.8 21.6 0 0 17.6
0 23.8 10.2 0 0
0 6.2 0.2 5.6 0
0 11.6 15.2 0.2 0
10 0 0 14 8
0 0 3 5 0
0 4 0 77.6 5.4
66 21 0 0 0
0 0 48 0 0
57.6 25.2 23.2 0 31
0 0 37 0 0
0 15.4 3.4 20.2 0
17 9 0.8 31 0.2
34.8 63 67 106.4 50.8
29.2 11.6 0 0 51.2
0 9.2 0 7.8 0
1 33.8 0 17.2 0
0 4 12 0 0
0 14 10.6 4.4 0
0 0.2 7.8 0 0
0 28.4 11.6 0 0
56.6 0 0 0 18.4
21 34.8 3.4 3.4 34.4
0 4.6 7.4 0 0
20.8 15.4 0 0 13.8
15 0 0 0 0
0 6.2 3.2 11.2 23.4
51.4 52 0 6 16.6
0 0 0 15.2 8.8
8.8 0 5 30.4 57.8
0 0 3 5 0
8.6 0 7.4 0 21
0 0 11.8 0.2 0
0 11.4 3.4 0 5.2
0 0 9 0 0
0 25.8 0 0 0.2
0.2 0 5.8 16.4 29.6
0 0 21 0 0
4.4 9.6 2.8 1.8 20.4
45.6 14.4 0 7.4 43.6
13.4 7.2 3.4 0 0
38 26.8 7.2 0 0
58.6 37.6 9.4 0 14.4
29 26.6 0 16.6 22.8
0 5 0 5.6 13.4
0 22.2 25.8 5 0
4.6 0 6.2 4.2 24
0 0 7 0 0
17.2 5.4 2.8 19.2 20.4
0 0 15 0 4
0 7.2 0 0 18.8
3 40.8 0 0.8 0.4
0 0 11 0 0
38.2 4.8 0.2 0 1.8
5.8 0 3.8 0 11.4
0.2 36 11.4 7.4 0
0 0 9 0 0
0 10 0 0 0
0 14 5 0 0
15 3.2 0 0 8.8
3.8 0 0 34.6 20.6
41 0 0 0 0
44.4 30 0 6 26.6
12.6 0 0 8.8 15.6
0 27 3 0 0
0 0 1 0 13
4 0 7 0 0
13.6 9.2 6 0 15.2
0 5 0 0 0
9 0 2.8 0 18.2
0 0 7 0 0
11.8 1 4.2 0 4
0 1.6 0.8 5.6 13
8.2 7.2 6 20.2 3.4
0 4 0 0 0
