7 0 5.8 3 12.4 0 30 2.8 0.4 3.2 18.2 3.2 5.6 0 0 74.4 38.8 6 0 0 0 20.2 20.8 7.8 0.2 27.4 17.4 0.4 14.4 52.6 5 0 0.2 7 3.4 40.2 11.4 0 7.8 38
16.4 0 17.2 0 0.2 0 0 5.6 0 6.4 0 21.2 0 0 0 0 0 0 0.4 0.4 0 0 0 0 0.2 0 0 0.2 3.4 0 0 6.2 0 0.2 0 0 0 0 0 0
0 0 0 0 0 1 0 0 3 39.4 0 6 0 0 0 0 0 0 11.2 0 0 0 0 0 0 0 0 0 0 1 0 5.2 0 0 0 0 0.2 0 0 0
0 0 0.8 0 0 0.2 0 0 0 8.4 0 7 0 0 0 3 0.2 0 15 8.2 0.2 0 0 0 0 0 0 0 0 0 0 0 0 0 0 0 0 0 0 0
0 0 0 17.2 0.2 0.2 19.4 0 0 0 9.2 0 0 25.8 0 10.4 21.6 5.2 0 5.8 0 0 15.6 0 18.2 13.8 0.2 0 0 0 0 1.8 6 0 1.8 17.8 14.4 0 0 29.4
37.8 25.8 12.8 0.2 1.6 7.4 5.4 0.2 26 0 0 0 23.6 0 43.8 3 0 0 0 0 28.4 24 0 10 0.6 0 1.8 8.8 0 8.4 0 0 0 8.2 1.4 17.2 0 67 9.6 0
0 79.8 1 33.6 0 0 27.2 7.8 2 30.8 13.6 5.6 0.2 23.8 86.6 37.2 79.8 1 4.2 0 26.2 4.4 53.8 23 0.2 0.2 18.4 9.4 16.6 0 0 0.2 0 13 7.2 72.2 0.2 49.6 0 39.2
0 0 0.2 0 0 37.8 0 0 0 9.4 0 0 0 0 0 13.8 17.4 0 9.8 10.2 0 0 0 0 0 0 0 0.4 0 0 0 1 4 0 4.2 0 0.4 7.4 0 0
0 0 9 0 0 0 0 0 0 0 0 7.4 0 0 0 0 0 0 0 0 7.8 5.2 0 0 0 0 0 0 0 0 0 5 0 0 0 0 0 9.6 0 0
23.2 35.4 0.4 6.8 0.4 29.4 1.4 5 11.4 0 0 0.2 11.4 6.6 22.6 0 0 0.2 0 0 23.8 15.6 0 7 24.8 0 20.2 0 12.6 10.4 0 0 0.2 14.4 0 25.8 0 51.2 0 13.6
7 0 0 11.6 0.2 0 0 0.4 1.2 6 17 6.2 0.6 12.4 15.6 10.6 1.2 16.4 5 14 0 13.2 8 5.8 17.6 8.8 20.6 14.2 0 3.4 16.6 0 0 0.2 21.4 0.6 0.2 0 0 0
0 0 0 0 0.4 0 0 0 0 0 0 0 0.4 0 0 7.8 0 0 8 0 0 4.2 0 0 0 0 0 17.8 0 5 0 0 0 0 14.2 59.2 0 0 0 0
29 27.4 6.4 33.2 0 6.8 0 1 37.4 58.8 25 40.4 0 11.4 41.4 69.2 2.2 17.2 0 16 25.8 15 42.6 21.2 33.6 11 17 0.6 7 9 17.8 17.6 53.2 0.8 0.8 1 13.8 38.4 29.4 11.6
53 14.6 0 0 0.6 3.6 0.6 0.2 16.2 0 0 2.8 0 0 12.6 0 0.2 6.2 0 36.6 15 18 0 0 13.8 3.2 0 0 1 6.4 0 0 0.2 0.4 0 0 0 0 22.8 0
22.4 0 0 0 0 0 0 18.8 0 12 0 0 0 0 0 0 0.4 0 7.8 0 0 0 0 0.2 0 0.2 0.2 36.4 10 1.2 0 7 0 0 0 0 0.2 0 0.2 0
0 0.4 0 12.6 0 60.8 0 0.2 0 0 16.8 0 25.4 1 32.8 30.4 0 0 8.4 16.6 23.6 0 3 0 11.4 0 0.2 8.8 0 0 0 0 1 0.4 5.2 18.8 0.8 10 0 17.4
4.2 0 0.4 0 1 0 0 0 0 0.2 0 0 0 0 0 0 0 0 0.6 0 0 0 0 0.2 0 0 0 5.6 6.2 0 0 0 1 0 0 0.2 0 0 5.4 0
22.4 50.8 2 9.8 0 6.6 16.2 0 27.6 0 0 0 18.4 8.6 10.6 0 0.2 0.4 0 5.6 34.8 25.2 0 0 40.4 0 47.4 0 0 45.8 0 0 0 0.6 15.6 31.2 0 23.4 0 5.4
0 0 0 0 0.2 0 8.8 0 0 0 0 7.8 0 0.8 0 0 0 0 0 4.2 0 0 0 0 9.6 0 0 0 0 0 0 0 0 0 0 0 0 0 0 3.6
0 0 0 0.4 21.4 0 0 0 0 0.2 0 0 0 0 0.2 1.8 0 0 4.8 5.8 0 0 0 0 0 0 0 2 0.2 0 7.8 0 0.2 0 0 18.2 0 0 0 0
14.4 0 9.2 1 0 0 0.2 0.6 0 6.6 4.8 0 0 0 0 0 0.6 0 22.8 0 0 0 11.8 3.8 0 10.2 0 3.4 16.2 0 0 3 21.8 0 0 0 26.8 0 4 63.8
0 0 0 0 18.4 0 0 2 0.4 1.2 7 0 0 22.4 0 12 62 0 0 4.4 0 0.2 0 0 49 5.2 0 0 0 0 0 0.6 0.4 0 0.2 0 11.2 0 0 1.4
0 17.4 0.2 0.4 9.6 0 8.4 0 14.2 0 0 5 0.6 0 0 13.2 5 0 0 16.6 2.6 0 0.2 4.4 16.6 0 19 0 0 7.6 0 0 6.2 0.6 8.6 41.4 9.8 19.6 0 1.8
27.2 0 0 0 11.2 12.2 0 0 0.2 3 0 0 0 0 0.4 0 0 0 0 11.8 0 0 0.2 0 9.8 7 0 0 0 0 0 0 0 2.6 2.6 0 0.4 0 25.2 0.2
15.2 0 0 3.8 9.2 0 18.8 0 0 0 0 0 0.2 0 6.4 0 0 4 0 20.2 0 0 0 0 0.6 5.2 0 0.2 0 0 0 0 0 0 4.6 21.4 0 23.6 16.6 0
0 0 11.4 0 14 0 0 0 0 7 0 10.2 0 0.2 0 0.2 0 0 4.4 0 0 0 0 0 0 14 0 27.2 18.4 0 0 0 15.8 0 0 0 0 0 0 0.2
0.2 0 20 0 0.2 0 0 0 0 0 0 0 0 0 0 0.2 0 0 0 0 0 0 0 0 0 0.2 0 1.6 8 0 4 0 13.2 0 0 0 0 0 0.4 0
0 5.2 0.2 0 0 9.4 1.4 0 0 0 0 0 0 0 0 10.6 0 0 5.8 35.8 0 0.4 11 0.2 0.2 0 0 4 0 0 0.2 4 0 10.6 4 23.6 0.2 0 0 25.2
0.2 0 0.2 0 0 3.4 4 0 0 28.4 0 0 0 0 0 0 0 0 16 0 0 0 0 0 0 0 4 0 0 0 0 0 0 0 0 0.2 0 0 0 0.6
1 0 5.2 0.2 14.8 0 0 0 7 0.6 0 0.6 0 0.2 0 0 7.6 0 14.8 0.4 0 0 0 0 1.4 3.4 0 0 0 0 0 5.6 0 1.4 0 2.6 0 0 0 0.2
5.8 12 0 0 0 2 0 0 0 8 0 0 0 0 0.8 0 0.2 0 0 0 0 0 0 0 0.2 0 0 0 0 0 0 2 0 0 0 0 0 20 0 0
0.2 0 7 0 7.8 0 0 4 0 0 0 0 0.2 0 0 0 0 0 3.4 0 0 0 0.2 0 0 11.2 0 0 19.8 0 0 0 4.2 0 0 0 0 0 0 0
0 0 0 0 13.4 0 0 0 0 7.2 0 0 0 0 0 0 0 0 9.8 0 0 0 0 0 0 0 0 0 0 0 0 7.6 0 0 0 0 0 0 0 0
0.6 0 0 0 0 0 0 0 0 21.4 0 14.4 0 0 0 0 0 0 1 0 0 0 0 0 0 0 0 0 0 0 0 5.6 0 0 0 0 0 0 0 0
0 0 0 0 0 0 0 0 0 11 0 0 0 0 0 0 0 0 0 0 0 0 0 0 0 0 0 0 0 2 0 11 0 0 0 0 0 0 0 0
0 0 0 0 0 0 0 0 0 16.4 0 0 0 0 0 0 0 0 12.8 0 0 0 0 0 0 0 0 0 0 0 0 10.8 0 0 0 0 0 0 0 0
0 0 0 0 0 27.8 0 0 0 0.2 0 0 0.2 0 0 11.4 12 0 0.2 0 0 0 0 0 0 7 0 0 0 0 0 0.4 16.4 0 0 0 0 0 0 4.4
0 3.8 0.2 74.2 18.4 0.2 0.2 0.2 0 0 0 0 7.2 28.2 0 11.8 9.4 0 0 0 0 0 18.8 0 0.2 6.8 0 0.4 7 0 0 0 0.4 0 0 0.4 0.4 0 0 15.8
0 0 0 0 0 0 0 0 0 4.8 0 15.8 0 0 0 0 0 0 12.4 0 0 0 0 0 0 0 0 0 0 0 0 0 0 0 0 0 0 0 0 0
0 0 0 0 0.2 0 0 0.4 0 15.2 0 13.4 0 0 0 0 0 0 7 0 0 0 0 0 0 0 0 0 0 0 0 4.8 0 0 0 0 0 0 0 0
0 0 0 0 6.2 12 2 0 2.4 0 0.8 7.2 0 0 0 0 0 0 0.4 14.2 1.6 0 0 0 0.4 0 0.2 0 0 5.8 3.4 0 0.2 0 0 15.8 0 0 0 1.4
0 0.2 0 35.2 0.2 23.2 0 32.2 29.2 0 0 0 6.6 51.8 0 21.6 0 0 0 0 8.4 13.2 11 0 24.4 0 0 10.6 0 0 7.8 0 21.4 0.8 14.8 47.2 0.2 0.2 0 2.8
20.6 0.6 7.2 20.2 23.2 34 18.2 13 43 0 0 22.6 0 46.8 0 10 0.2 4 18.4 2.2 16.6 0 0 0 22.6 0 2.4 12 0.2 0.8 3.4 0 10.6 0 19.6 0 0 0 35.6 0
0.2 18 0 2.4 20.4 21.8 21.4 8.8 0.6 0 3.4 0 0 1 0 23.6 20.8 0 0.2 0.2 0.2 24.6 8.4 3.4 0.2 6.2 0 1.4 0.2 0 0 0 19.8 0 0 39.4 0 1.6 0 11.6
24.8 0 5.4 0 0.6 0 0 12.6 0 0 0 0 0 0 0 0 0.2 0 0 0 0 0 0 0.2 0 0.6 0 0 0 0 0 0 10 0 0 0 0 0 17.6 0
0 0 6 0 8.8 0 0 0 0 26.2 0 0.4 0 0 0 0 0 0 12.8 0.8 0 0 0 5.2 0 0 0 0 0.4 0 0 0 0 0 0 0 0.4 0 4 0
0.2 0 0 0 0 0 0 0 0 9 0 21.2 0 0 0 0 0 0 3.6 0 0 0 0 0 0 0 0 0 0 0 0 0 0 0 0 0 0 0 0 0
0.2 2 0.2 0 0 0 6.8 0 2 12.4 0 0 0.2 0 0 0 1 0 0 11.2 0 0 0.6 0 0 0 6.8 0 0 0 0 16 0 0 0 34.2 0 33.4 0 0
12.8 4.6 9.4 6.8 0 0.4 18.4 1 0 14.2 0 18.2 0 15.8 0 0.2 0 2.8 0 0 0 0 14.2 0.6 23.8 7 6.2 0 27 3.8 13.2 0 1.4 15.4 0.2 0 20.4 0 0.6 46.6
7.6 0 5.6 0 0 0 0 3.6 0 0 0 0 0 0 0 0 0 0.4 0.6 0 0 0 0 0 0 0 0 0 21.2 0 0 0 0 0 0 0 0 0 0 0
0 0 0 0 0 0 0 0 0 0 0 0 10.4 0 0 0 3.8 0 0 0.4 0 3 0 0 0 0 0 0 0 0 0 0 3 0 0 0 1.4 0 0 0
13.4 6.6 0 0.2 17.2 0 0 6.4 0 0 0 0 0.2 0 0 0 0 0 0.2 0 0 0 0 0 0 0 0.4 0 12.8 8.2 0 0 0 7.8 0 0 0 0 13.4 0
0 5.6 0 0 15.8 2.8 0 10 0 0 0 0 0 0 0 5.4 0 0 0 0 0 0 0 0.2 0 2.8 0 0 0 0 0 0 0 0 0 0 0.4 0 0 0
0.2 0 20.6 0 24.8 0 0 0.6 0 20.6 0 0 0 0 0 0 0 0 0 0 0 0 0 0 0 13.2 0 0.4 19.2 0 0 0 39.6 0 0 0 0.8 0 0 0
0 0 0 0 0 10.2 0.2 0 0 0 0 0 0 0 0 0 0 0 1 0.6 0 0 0 0 0 13.4 0 0.6 0 0 0.2 0 1.8 1.6 0 0.6 0.6 0 0.2 0
0 0.4 0.2 18.8 19.4 9.4 21.2 12.8 0.2 0 25.4 0 0 27.2 0 53 33.8 0 0 1 0 0 14.4 0 18.4 8.2 0 0 0 0 5.4 0 0 0 12.4 25 14.8 0 4.4 19.2
14.6 0.8 0 0 0 6.8 4.8 44.2 0 0.2 0 0 0 0 0 0 0.2 0 0 0 0 0 0 0 0 33.4 0 7.2 0 0 0 8.2 23.4 0 0 24.4 0 0 6.8 0
25.4 0 15.8 0 0 5.8 11.4 0.4 0 0 0.4 15.8 0.8 0 1 13.2 0 8 0 31 9 0 0 19.8 0 22.2 31 0 15.6 18.2 0 0 0 12.4 0.4 1.6 0 20.4 1.2 0.2
9.4 14.6 0 10.8 0 17 34.6 24.8 57.8 0 0 0 23.8 2.6 19.4 54.8 20.2 20.4 0 1.2 23 13.8 0 6.8 27.8 7.6 18 0 11.4 14.6 3.6 0 31.6 0 32.4 41.8 19 22 17.8 35.4
0 32.2 0 20.2 0 1 0.2 0 0 0 0 5.4 0.2 25.4 57.6 0 14.4 0 0 3.8 14.6 0 0.4 7.4 20.2 0 12.4 0 0.8 0.2 0.2 0 0.2 6.4 10.2 42.8 0 70.8 1.6 9.4
0 0 0 0 0 0 0 0 0 5.2 0 6.4 0 0 0 0 0 0 16 0 0 0 0 0 0 0 0 0 0 0 0 0 0 0 0 0 0 0 0.2 0
0 0 0 13.2 12 33 22.2 13.6 9.6 0.8 0.2 0.2 2.2 8.6 0 15 10 17 0 33.4 0.2 11 2.6 11 20.8 18.2 18.6 13.4 1 33.2 0 0 8.8 0 0 0.4 18.8 0 4.8 4.2
40.8 0 31.4 0 12.2 0 0.4 0 0 0 0 0 0 0 0 0 0 0 0 0 0 0 0 0 0 2.4 0 0 23.4 14 0 6 16.2 0 0 0 0 0 0.2 0
0.2 12.4 0 5.8 0 26.4 16.8 0 11.2 0.2 7.8 3 13.6 0.2 0.8 35.6 22.6 0 3.6 1.6 0 23.4 16.4 0.8 25.4 0 0 10.4 2.2 3 0 0 0 0.8 33.6 37.4 0.4 1.2 0.2 8
4.8 0 0.4 0 0.6 1.8 0 0 19 0 0 0 0 0 0.6 0 0.2 4.2 3.8 0.2 17 0.6 0.8 0 15.4 0 0 1.4 10.4 0 6.6 0 0 10.6 0 25.6 0 0 0 0
0 0 0 0 31.2 0 0 6.4 0 0 0 0 0.4 0 0 0 0 0 0 0.2 0 0 0 0 0 12 0 0 0.6 0 0 1 5.8 0.2 0 0 0 0 0.2 0
0.6 0 0 0 0 10.4 0 9.4 0 0 0.2 0 0 0.2 0 0 0 0 0 0 0 0.4 0 0 0 26.2 0 0.2 0 0 0 2.6 21.6 0 0 0 0 0 0.2 0
0 0 0 0 2.6 0 0.8 0.6 0 0 0 0 0 0 1.6 0 0 0 0 0 0.2 0 0 2.4 0 0 0 9.4 0.6 0 0 0 27.8 0 0 0 0 0 0 0
12.8 1.2 2.2 0 0 16.4 0.4 0 0 3.2 0 0 0 0 0 0 0 0.2 12.2 0 0 1.8 0 18 0 7.8 0 0 22.8 0 0 0 0 8.6 0 0 0 0 0.4 0
0 0.2 0 13.2 0 0 13.4 0 5.4 0.2 0.8 0.2 0 9 10.6 11.6 25.2 2.8 0.4 0 1.8 9.8 11.6 0 4.2 13 0 0 0.6 0 2.6 0 0 0 0 55.2 0 0.2 0 0
0.6 0.4 0.4 0 0 5.8 0 0 0 0 0 5.6 4.4 0 0 0 1.2 2.2 0.2 8 0 3.8 0 0 1.2 0 15.2 0 10.4 0 0 0 0 0 0.6 0 0 0 0 0
4.4 0 0 0 1.8 28.4 5 2 23.4 0 3.8 0 0 0.6 0 44 14.8 0 0 30 8.2 0.8 0 0.4 0.2 0 14.6 0.2 0 0 0 0 3.6 0 7.8 9.6 0 38.6 0 5.8
7.8 3.8 0.2 0 0 21 18.2 0 14.8 0 0 0.4 12.2 1 0 0 0 0 0 18.2 0 1.8 0 6.2 0 0 0 0 0 0 0 0 0 0.2 0 0 0 16 0 0.2
34.2 0 3.2 0 0 0 0 6.2 0 0 0 6.4 0 0 0 0 0 0 11.2 0 0.2 0 0 0 0 0 0 1 0.2 0 0.2 0 0 0.2 0 0 0 0 0 0
20.2 0 0 0 0 0 0 10.2 0 0 0 0 8.2 0 0 0 0 0 0 1 0 0 0 0 0 21.4 4.4 0.2 26.8 0 0 0 26 0 0 0 0 0 0.6 0
0.4 0 0 0 0 21.4 1.4 0 0.2 13.6 0 0 0 0 0 2.4 0 0 0 0.4 0.2 0.4 0 18.8 0 0 12.2 0 14.8 1 0 0 0.4 8.6 0.2 0 4.8 23.4 0 11.4
0 0 0 0 0 3.6 8.6 0 9.2 0 0 0 0 0 0 9.2 0 0 0 31.8 0 19.6 0 0 0 0 0 0.2 2.4 0 0 0 3 0 2.6 20.2 0 13.2 0 1.4
4.8 0 6.8 1.8 5 0 0 0.6 0 0 0 0.2 0 0 0 0 0 0 1.6 0 0 0 0 0 0 0 0 0 0.4 0 0 0.2 2.6 0 0 0 0 0 0 0
39.4 0 21.2 0 0.4 0 0 0 0 20.4 0 1.6 0 0 0 0 0 0.2 1.8 0.2 0.2 0 0 0 0 0 0 0 14 3 0 2 2.6 0 0 0 0 0 0 0
0.2 1.8 0.6 0 0 5 0 0 23 4.6 0 0 0 0 0 0 0 0 0 2.2 0 0 0 0 6.4 0 2.4 0 0 3.2 0 0 0 0 4.2 0.4 0 0 0 0
4.8 0 0 0 0 12 6.6 17.8 0 0 0 0 0 0 0 0 0 0 0 0 0 0 0 0 0 9 0 12 13.8 0 0 0 7.8 0 0 0 0.2 0 0 0
9.6 14.2 0 10 0 18.4 0 19.6 13 0.2 0 5 0 0 38.2 2.2 0 0 0.4 12 3 0 1.2 0 0 11 8.8 0.2 7.6 0.2 0 0 10.4 0.8 0 4.4 0.2 24.2 29.2 3
0 0 0 44.6 33 9.6 0.6 23.4 0.4 0 17 0 4.2 32 2 27.8 4.6 0 0 0.2 0 0 15.2 0.2 0 1.4 1.4 7.8 0 0 6.4 0 16.6 0 13 0 0 0 3.6 0
0.8 0 0 0 0 12 0 8.4 0.2 0 0 0 0.2 0 2.6 7 0.2 0 12.8 13.4 0 1.2 0 0 0.2 0 10 11 0.2 0.2 0 0.2 18 0 0 0 0 0 2.4 0
0 3.2 12.4 25.4 0.6 0.2 0 0 62.2 2.4 0 9.2 0 15 0 12.6 0 6.2 7 0 46.4 30 0 6.2 51.2 0 31.4 0 8.8 13.2 0 0 0 0 15 0.2 0 68.4 9.2 18.6
0.2 0 0 0 0 0 0 0 0.2 24 0 0 0 0 0 0 0 0 7.4 0 0 0 0 0 0 0 0 0 0 0 0 9.2 0 0 0 0 0 0 0 0
0 6 1 9.4 6.6 9.4 0 17.8 2.4 0.2 28.8 0 0.4 35.4 20.4 57 28.6 0.4 0 0 0 29.8 31.4 2.8 35 2.4 0 8 0 6.8 18.4 0 0 0.6 4.6 0.4 3.8 0 5.2 0
0 0 0 0 0 0 0 0 0 22.6 0 10.4 0 0 0 0 0 0 0 0 0 0 0 0 0 0 0 0 0 0 0 5 0 0 0 0 0 0 0 0
7.4 0 19.4 0 0 0 0 1.8 0 0 0.6 0 0 1.4 0 0 0.2 7.2 0 0 40.4 0 0 0 0 0 0.2 0.2 36.2 9 0 0 0 0 17 0 0 0 0 0
16.4 25.6 9.6 0 0 51.2 0 0.4 23 0 7.2 38.2 11.8 9 65.4 0 0 0 19.6 1.4 55.4 0 0 13.2 22.4 0 57.6 16.8 0 38.2 11.4 4.2 0.4 3.4 13.4 0 11.8 41.8 0 1.2
0 25.6 1.4 0 0 0.4 0 0 1 28.2 0 0 0 0.2 0 7.8 0.4 0 16.4 36 0 0 0 0 0 0 4 0 0 0 0 5.2 0.2 0 0 23.6 0 35.4 0 0.2
0.4 0 0 6.4 0 0 10.8 30.2 30 0 26 0 34.4 26.8 0 31.6 31.8 0 0.4 0.2 0 19.8 51.2 2.4 3.8 36.2 18 23.4 30.2 0 11.8 1.6 21.6 51 14.2 34.4 14.2 0 0.8 36.4
0.2 0 0 0 0 0 0.2 18.4 0 0 0 0 0 0 0 0 0 0 0 0 0.2 0 0 0 0 0 0 0 0 0 0 0 3.8 0 0 0 0 0 17.2 0
0 0 12.2 19.4 16 12.2 0 0.2 16.6 0 32.2 11.8 19.8 22.6 6.2 70 26.4 8.8 0 0 0 51.2 28.2 24.8 16.4 16 29.6 30.6 2.6 11.8 33.4 0 6.6 26.4 10.8 2.6 18 0 6.8 63.8
14.8 9 0 47.6 0 0 0 0 7.2 6.4 11.6 0 0 20.6 17.2 53.6 18.6 6.4 2.2 20.6 1 0.4 12 1.4 4.2 2.6 0 20 0 0 4.4 0 0 0 32.2 25.2 2.2 13 22.4 26.2
0 0 0 0 0 20.2 19.4 0 0 0 0 0 0 0 32.6 0 9.6 0 0 4.8 0 0.4 0 2.4 0 0 0 0 0 0 9.2 0 0 4.2 0 0 0 9 8.2 0
0 0 0 1.4 0 8.4 0 0 4 0 0 0 0 0 12.8 0 0 0 0 28.6 0 0.2 0 10 6.6 0.4 0 0 0 0 0 0 0 0 0 39.2 0 11.4 0 0
1.2 0 0 0 0 0 1.6 0 0 3.8 0 0 0 0 0 0 0 0 0 0 0 5.6 0 0 19 0 0 0 0 3.8 0 0 0 0 0 0 0 0 0 0
11.2 0 3.4 0 6.2 25.6 0.2 0.8 0.2 10.4 1.2 6.6 0 14.6 0.2 7 0.6 3.6 11.6 1 1 15 0 0.2 0 21.2 0 21.8 11.8 0 4.8 5.4 38.8 10.2 5.2 0 6.2 0 6.6 0.4
0 0 0 0 0 0 0 0 0 17.8 0 23 0 0 0 0 0 0.2 23 0 0 0 0 0 0 0 0 0 0 0 0 11 0 0 0 0 0 0 0 0
0 0 0.4 0 0 0 0 20.4 0 0 0 0 0 0 0 0 0 0 0 0.2 0 0.2 0 0 0 17.4 0 0.4 0 0 0 0 40.6 0 0.4 0 0 0 0 0
0 12.8 0 21.4 0 2.6 0.2 0 0 14.2 0 0 0 12 5.6 27.2 50 0 20.4 0 0 0.2 14.8 0 21.2 12.8 1.4 0.4 0 0 0 0 28.2 0.4 4.4 1.8 0.2 0 0 25.8
0.2 0 0.4 0 12 0 0 5.4 0 0 0 0 0 0 0 0 0 0 0 15.6 0.2 0.8 0 0 0 5.2 0 0 0 0 0 0 0 4.4 0 9.2 0 0 0.4 0.2
15.2 0 8.2 0 0 0 0 2.6 0 9.2 0 17 0 0 0 0 0 0 9.4 0.2 0 0 0 0 0.2 8.6 0 0.2 26.2 0 0 0 16 0 0 0 6.8 0 0.2 0
0.2 0 0 0 0 0 0 0 0 5.6 0 8.2 0 0 0 0 0 0 10.8 0 0 0 0 0.2 0 0 0 0 0 0 0 0 0 0 0 0 0 0 0 0
0.2 6.8 0.4 0 0 0 0 0 25.2 0 0 0 7.2 0 0 0 0 0 0 9 25 4.6 0.2 0 0.4 0 15 0.2 0 0 11.8 0 0 0 19 0 0 0 12 0
0.4 0 0 0 0 0 0 0 0 26 0 3.4 0 0 0 0 0 0 0.2 0 0 0 0 0 0 0 0 0 0 0 0 0 0 0 0 0 0 0 0 0
26 0 11.6 0 4 0 0 0 0 0 0 0 0 3 0 0.4 0 0 0 0 0 0 0 0 0 0 0 9.4 0 0.2 0 0 0 0 0 0 0 0 5.4 0
0.2 0 6.4 20.4 19.4 25.2 0.4 22.4 2.6 0 5.4 0 0 0.4 1 44.6 23.4 11 0 0 0 6.8 17.8 0 0 10.4 0 17 0.2 0 0 0 26 4.6 23.6 15.2 6.4 0.2 16.4 8.6
0 0 0 16.2 0.4 0 0 0 0.4 7 30.2 0.2 0.2 4.4 0 17.8 28.6 0 10.6 0 0 0 15.8 1 0.4 0 0 0 0 0.2 2 8.6 0 0 0.2 0.2 0 0 0 7.4
0 0 0 0 0 0 0 0 0 1.6 0 23.8 0 0 0 0 0 0 13.2 0 0 0 0 4.4 0 0 0 0 0 0 0 0 0 0 0 0 0 0 0 0
0 0 0 0 0 0 0 0 0 7.2 0 28.6 0 0 0 0 0 0 34.2 0 0 0 0 0 0 0 0 0 0 0.2 0 5.8 0 0 0 0 0 0 0 0
17.2 0 8.6 0 0 0 0 7.8 0 16 0 0 0 0 0 0 0 0.2 16.6 0.2 0 0 0 0 0 0 0 0 0 0.4 0 0 0 0 0 0 0 0 0 5
7 0 0 0 0.2 9.4 3 0.2 0 0 0 0 0 0 0 0 1.2 0 0 0.2 0 20.8 0 0 0 0 0.4 0 0 0 0 0 0 0 0 14.4 0 18.2 0 0
23 6.2 7.6 0.6 0 0.6 25.6 0 0 0 0 0 0 0 0 7 19 0 0 30.2 0 1.6 0 8.8 0 1.8 14 5 2.4 0 0 3 0.2 0 0 7.2 0 0.2 0 0
2 0 10.4 1.4 17.6 0.4 0 0 2.2 22 0 24.6 0 0 0 0 0 2.2 2.4 0.4 0 1 0 6.2 0 6 0 0 0 0 8.6 17.8 0 0 0 0 4.6 30.2 0.8 0.2
0 0 0.2 0.2 61.6 22.8 0 5.6 0 18 0 0 0 0 0 0 1 0 0 0.6 0 0 0 0 0 20.2 0 0.6 13.2 0 0 0 12.8 0 0 21.4 20.6 0 4.2 0
0.6 0 0 0 0 11.6 0 0 0.2 0 3 0 0 0 0 0 0 0 0 0.2 0 11.4 5.8 7 0 0.2 0 0 0 0.8 0 0 0 0.8 0 0 31.6 33.8 0 29
7.6 11.8 20.4 6.6 0 0 15.8 21.6 0 0 0 18.4 0 0.2 0 23 9.6 22 8.2 0 16.2 5 0 1.2 0 20.6 0 4.6 5.4 5.6 24.4 0 49.4 1 13.2 6.6 5.8 0 5.2 5.6
5.6 0 0 0 7.6 0 0 0 0 0 0 0 0 0 0 0 0 0 0 0 0 0 0 0 0 0 0 12.8 0 0 0 0 16.8 0 0 0 0 0.2 0 0
19.4 0 6.4 0 1.6 0.2 0 5.2 8.4 0 0 0 0 0 0 0 0.2 0 0 2.2 0.2 1.2 0 0 2.4 4.6 13 8 0.6 10 0 0 0 8.6 0.2 1.4 0 4.2 0 0
0 9.4 0 1.2 0 0 0 0 25.6 0 0 0 0 0 0 6.4 0 0 0 0.2 0.2 11.2 0 4 0 0 11.6 0 0 0 0 0 0 0 13.6 0 4.2 9.4 0 11
7.4 0 1 0 0.6 0 0 0 0 0 0 0 0 0 3.4 0 0 0 0 15.8 31.6 0 0 0 0 0 12.2 0.4 0 0 0 0 0 1.6 0 0 0.2 19.8 0 0
0 3.8 0 0 0 13.2 0 0 0 0 0 0 0 0 0 11.2 0 0 0 0 0 0 0 0 0 0 4.6 0 0 0.4 0 0 0 0 0 1.6 0 0 0 0.2
13 7 0 14.4 0 0.6 0.6 15.8 0 3 12.6 1.6 13 50.2 17.8 1.8 0 5.2 0 50.2 6.8 8.8 22.2 0 0.2 0 0 0 0.2 1 0 0 3.4 0 0 5.6 16.8 30.2 14 0
0.2 0 0 0 1 0 0 0 0 37 0 3 0 0 0 0 0 0 29.2 0 0 0 0 0 0 0.2 0 0 0 0 0 3.4 0 0 0 0 0 0 0 0
0 0 0 0 0 0 0 0 0 4.4 0 0 0 0 0 13.4 9.6 0 18 0 0 0 0 0 0 0 0 0 0 0 0 0.2 3.4 0 0 0 0 0 0 0
0 22.6 0 20.8 10.2 29.6 1.6 7.8 22.6 0.2 0 0 3.4 23.2 8.8 0 0.2 0 0.4 16.4 34.4 0 8 0.2 8.6 0.8 0 15.6 2 0 0 0 0 0 29.2 17.6 0 3.2 21.6 0
0 0 0 0 0 0 0 0 0 9.2 0 23.2 0 0 0 0 0 0 2.6 0 0 0 0 0 0 0 0 0 0 0 0 0 0 0 0 0 0 0 0 0
0 0.4 6.8 35.8 0 26.8 8.6 27.6 0 42.2 35 12.4 17 37.2 0 65.8 16.4 7.2 0 0.4 0 0 43.8 0 0.6 86.4 0 22.2 3.6 0 15.2 6.8 52.6 0.2 8.8 25.6 15.8 0.6 0 59.2
31 0 6.2 0 0 0 0 10.6 0 0 0 14.8 0 0.2 0 0 0 0 0 0 0 0 0 0 0 0 0 0 0 0 0.2 0 0 0 0 0 0 0 0 0
16 0 0 0 0 0 0 0 0 0 0 0 0 0 0 0 0 0 0 0 0 3.8 0 0 0 0 0 0 0 0 0 0 0 0 0 0.2 0 0 0 0
0.2 0 0 0 0 0 0 0 0 0 0 8.6 0 0 0 0 0 0 15 0 0 0 0 0 0 0 0 0 0 0 0 0.2 0 0 0 0 0 0 0 0
0 0.4 0 0 17.2 0 0 0 0 1 0 4.2 0 0 0 0 0 0 23.6 0 0 0 0 0 0 0 0 0.2 0 0 0 0.4 0 0 0 0 0 0 1 0
10 0 0 0 0 6.8 5.2 0.2 0 0.2 3.8 0 0.6 0 7.4 20.8 20.6 5.6 3 0 0 0.6 2.8 0.2 1.2 0 0 0 0.4 0 0 0 0 0 0 0 0 0 0 27.6
18.2 0 13.6 0 6.4 8.8 0 0 0 0 0 0 0 0 0 0 0 0 0 0 0 0.4 0 0.2 0 0 0 0 0 0 0 0 0 8.8 4.4 0 0 0 0 0
0 0 0 0 22.8 28.4 0 0 0 6.4 0 0 0 0 0 0.2 0 0 9.4 0 0 0 0 0 0 13 0 0 0 0 0.2 0 22.4 0 1 1.2 0 0 0 0
1.2 0 0.2 0 0.6 0 0 0.2 9.2 0 0 0 20 0 21.6 0 0 5 0 0.2 0 0 0 0 0.8 0.4 0 0 18 0 0 0 0.8 0 0 0 0 23.2 0.6 0
0 0 20.2 0 0 0 0 0 0 0.2 0 0.8 0 0 0 0 0 0.2 7.4 0.4 0 0 0 0 0 0 0 0 7.8 0 0 0 0 0 0 0 0 0 0 0
0 0 0 0 0 0 0 0 0 22.6 0 0 0 0 0 0 0 0 0 0 0 0 0 0 0 0 0 0 0 0.2 0 13.2 0 0 0 0 0 0 0 0
0 0 1.8 0 13.8 0 0 28.6 0 0 0 2 0 0 0 0 0 0 13.4 0 0 0 0 0 0 24.2 0 15 8 0 0 2.8 30 0.2 0 0 0 0 3.2 0
0 0 0.2 0 0 0 13.4 0 0 10 0 3 0 0 0 0 8.8 0 0 3 0 0 0 0 0 0 0 0 0 0 0.2 2.8 0 0 0 2 0.2 0 0.4 0
0 0 0 0 0 0 0 0 0 13.8 0 5 0 0 0 0 0 0.2 0 0 0 0 0 0 0 0 0 0 0 0 0 3 0 0 0 0 0 0 0 0
11.4 6.8 26.2 0.4 0 10.8 0.8 4.4 11.6 0 0 16.6 14 0.4 1 0 26.6 0.4 1.4 1.8 21.2 21.4 11.8 0 15.6 0 30.6 33.4 23 0 0.4 8.2 9.2 0 34 0.4 9.4 7.6 0 0.2
0 0 0 10.6 0 35.4 0 13.6 0.2 33.4 15.8 31.6 0 4.6 0 48.8 21.4 0.2 0.4 0.2 0.2 0.4 0 0.8 0 32.6 0 34 4.2 0 0 6.4 22 23.8 11.6 0 21.4 0 7.6 58.8
0 0 0 0 0.2 0 0 0 0 0 0 23.6 0 0 0 0 0 0 0.8 0 0 0 0 0 0 0 0 0 0 0 0 1.4 0 9 0 0 0 0 0 0
0 0 0 0 0.6 0 0 0 0 15.4 0 17.6 0 0 0 0 0 0 0 0 0 0 0 0 0 0 0 0 0 1.6 0 5.8 0 0 0 0 0 0 0 0
6 6.4 0 6.2 0 0 19.8 0 0 0 0 0 0 0 0.2 0 0 0 0 0 0 15.8 0 1.8 0.2 0 7.8 0 9.2 0.4 0 0 0 0 0.8 19.6 7.4 8.6 17.8 0
0 0 0 0 0 0 0 0 0 19 0 7.2 0 0 0 0 0 0 0 0 0 0 0 0 0 0 0 0 0 0 0.2 2.6 0 0 0 0 0 0 0 0
0.2 0 33.8 0 0 0 0 0 0 0 0 0 0 0 0 0 0 0 0 0 0 0 0 0 0 0 0 3.4 47.2 0 0 0 0 0 0 0.4 0 0 0 0
22.2 12.6 0.2 0 1.8 28.4 35.2 15.8 60 0 0 0 1.2 31.2 47.8 1.4 10.4 2.2 8.6 0 35.4 17 5.8 2 24.2 1.2 23.6 0.2 12.8 10.2 2.4 0 3.8 0 47.8 31.2 0 52 0.2 0.2
0.6 0 0 12.6 0.8 0 0 27.8 7.8 0 3.2 14.6 6.2 0 0 0.2 0 7.2 0.2 11.8 0 6.6 12.2 0 0 0.4 0 6.6 5.8 0.2 3.8 0 8.6 0 13.6 1.4 5.8 0 0 0
0.6 0 0 0 0 7.6 0 0 0 2 0 0 0.2 0 0 0 0 0 4 8.2 0 0 0 3.2 1.4 0 0 0 0 0 0 0 0 0.6 0 0 0 0.2 0 0
0 0 0 0 0 0.8 0.2 0 1 0 0 8.2 0 0 0 0 0 0 6.4 9.8 0 19.4 0 0 0 0 15.4 0 0 0 1.2 0 0 0 0 6.4 0 26.2 0 0
0 0 0 0 0 0 0 0 0 15 0 0 0 0 0 0 0 0 13.8 0 0 0 0 0 0 0 0 0 0 0 0 0.2 0 0 0 0 0 0 0 0
7.2 0 0 0 0 13.2 0.2 0 10.6 0 0 3 0 0 0 0 0 0 0 0.8 0 0.2 0 0 0 0 0 0 0 0 0 0 0 9.8 0 0.4 0 24.6 0 0
14.2 0 14.4 0 0 0 0 8.4 0 0 0 0 0 0 0 0 0 0 0.2 0 0.2 0.2 0 0 0 30 0 0 3 0 0 0 4.6 10.2 0 0 3.4 0 4.2 0
35 0 0 0 0 0 4.8 0 0 0 17.6 0 0 0 10.8 30.8 69.6 0 0 17.6 0 0 18 0 24.8 23 1 0 0 10 0.2 0 0 6 3.8 0 0 0.2 0 4.8
0 0 0 0 3.2 0 0 23 0 3.2 2.2 0.2 0 5.2 0 0 0 0 11.2 0 0 0 0 0 0 8.2 0 0 0 0 0 12.8 59.2 0.2 0 0 0 0 3.4 0
15.8 0 0 0 7 0.6 17.4 0.2 0 0 0 0 19.4 0 9.4 5.4 0.2 0 1.4 24 0 0 0 10 5.8 17.8 0 0 15.4 5.4 0 0 7.8 0 0 1.6 0 3.4 0.2 31.8
10 0 0 0 0 6.2 0 0.2 11.6 0 0 3.2 1 0.2 0 0 0 0 0 8.8 3.2 10.4 0 0 0.2 0 0 0 0 0 0 0 0 0 0.4 0.2 0 6.4 0 0
0 0 0.2 0 8.2 0 0 0 0 0 0 0 0 0 0 0 0 11 0 15 0 0 0 4 0.2 23 0 8.4 13 0 0 0 0.8 0 0 0 0 0 0.2 0
0 0 0 0 0 24.8 0 0 0 0.2 0 7.4 0.4 0 0 0 0 0 0 1.6 0 0 0 0 0 0 0 0 0 0 0.6 0 0.2 0 0 0.8 0 0 0 0
0 0 0 0 18.2 0 0 7 0 18.6 0 0 0 0.2 0 0 0 0 19.8 0 0 0 0 0 0 0 0 13.8 5.4 0 0.2 0 42.8 0 0 0 0 0 0 0
0.2 0 0.6 10.4 8 1.2 0 0 0 8.2 0 0 0 0 0 0.8 0 0 0 0.6 0.4 5.4 0 0 6.8 0 0 0 0 0 0 5.2 0 0 0 0 0 0.2 0 0
0 0 0 0 0 0 0 0 0 3.4 0 8.2 0 0 0 0 0 0 26.2 0 0 0 0 0 0 0 0 0 0 0 0 0.2 0 0 0 0 0 0 0 0
0 9.6 0 0 0 0 1.4 3.4 0 0 0 0 7.4 0 12.8 5.4 1.6 0 0 0 4.8 0 4 4.8 5.6 0 4.2 0 0 0 0.8 0 2 0.4 6.2 0 0.2 0.2 9 0.2
0 0 6.4 0 23 0 0 30.2 0 0 0 0 0 0 0 0 0 0.2 3 0 0 0 0 0 0 0.4 0 15 0 0 0 1 22.8 0 0 0 0 0 14 0
0.2 6.4 0 0 0 0 0 0 0 0.2 0 0.2 4.8 0 2.6 0 0.2 0 8.8 24.6 0 0 0 0 0 0.2 0 0 0 0 0.2 3 0 0 0 4.6 0 0 0 0
0 0 0 0 0 0 0 0 0 28 0 0 0 0 0 0 0 0 0 0 0 0 0 0 0 0 0 0 0 0 0 0 0 0 0 0 0 0 0 0
0 0 0 0 0 0 0 0 0 19.2 0 10.8 0 0 0 0 0 0 0.2 0 0 0 0 0 0 0 0 0 0 0 0 1.8 0 0 0 0 0 0 0 0
0.2 0 1.8 0 0 0.6 0 4 0 0 0 0 0 0 14.2 0.2 0 0 0 6.8 0 3 1 7.4 0.2 0 0 0 0 0 3.2 0 0 0 0.8 0 0.2 15.4 0 0
0 0 0 0 0 0 0 0 0 12 0 1.8 0 0 0 0 0 0.6 44.4 0 0 0 0 0 0 0 0 0 0 4.4 0 4.6 0 0 0 0 0 0 0 0.2
12 0 5.2 28.6 0.2 2.8 0 0.2 8.8 9.2 0 25.6 0 30 0 0 0 0.4 1 0 3.6 0.4 31.8 0 2 6.8 0 28.2 28.6 2.2 7.8 7.4 0 0 21.6 0 4.2 0 0 0.4
0.4 0.2 2 1.2 0 10.6 0 0 0 0 0 0 0 0.2 0 0 0 0.2 0 14.6 2 0 0 0 3 0 0 0 0 0 0 0 0.4 0 0 17.8 0 0 0 1.4
18.2 0 11 0 0 0 0 0 0 15 0 21.6 0 0 0 0 0 0 0.4 0 0 0 0 0 0 7.8 0 0 0.8 0 0 0.4 0 4 0 0 0.6 0 0 0.2
26.4 0 0 0 0 32 18.8 0 4.4 28.2 0 0 4.4 0 0 7 0.6 0 6.8 0 0 3.8 0 13.6 0 0 0 0 0 0 3 0 0 0 0 13.2 12.6 0.2 0 6
0 41.8 0 10.6 26.8 45 4.4 28 6.2 1.4 9 1.6 0 0 0 36.2 6.6 0.2 20.2 0 0.4 0.4 11.2 0 0.4 14.4 0.2 20 17.4 3.2 0 14.6 16 0 32 37.6 0 0 23 7.2
0 0 0 0 0 0 0 0 0 2.6 0 43.4 0 0 0 0 0 0 0.2 0 0 0 0 0 0 0 0 0 0 0 0 11 0 0 0 0 3.8 0 0 0
0 0 0 0 0 7 2 0.8 16 0 0 0 0 13.2 0 15.2 0 2.8 0 0 16.8 0 1 5 6.8 0 7.6 0 3.2 0 2.2 0 0.2 4.8 1.2 0 11.2 0 0 0
32.6 0 16.6 0 4 0 0 37.4 1 40.2 0.4 0.6 1 0 0 0 0 1.6 8.4 0.6 0 0 0 1.4 0 13.8 0 28 36.8 23.6 0 16.6 35.6 0.2 0 0 2.4 0.4 9.8 0
0.4 0 0.2 0 0 16.2 0 11.8 0 0 0 0 0 0 0 0 0 0 0 0 1.4 0 0 0 0 7.6 0 3.6 0 0 0 0 6.6 0 0 2.2 0 0 0 0
0 0.2 0.2 0 6.8 0 0 0 0 6.6 7 0 0 0 0 18.6 14 0 0 10.8 0.2 0 0 0 0 9.2 0 0.2 0 0 0 0 0 0.2 0 0 0 0 0 0
42.8 0 11.4 3.4 12.8 1 14.2 0 31.4 0 0 0 0 6.8 12.4 0 17 0 0 0.6 26.8 0.4 21 10.2 20.4 0 26.8 7.2 8.4 28 0.6 0 0 15 18.2 27.6 0.2 43.8 0.2 16.4
17.6 0.8 11.2 0 0 0 7.8 0 14.6 0 0 0 0 0 0 0 0 0 0 0.2 8 10.6 0 0 0 0 11.6 0.2 0 6.6 0.4 0 0 2.2 0 0.6 0 3.8 1 3.8
0 0 0.8 4.2 16.6 0.2 0 5 0.2 18.8 10.4 0 0 0 0 29.4 0.2 0 0 0 0 0 0 0 0 0 0 16.8 0 0 9.8 0.2 15.8 0 0 0 0 0 25.6 0
9.8 1.2 0 0 0 0.4 0.2 0 29.6 0 0.2 0 0 0 0 0.2 0 0 0 0 0 18.8 0 0 12.6 0 0 0 0 0 0 0 0 3.8 7.8 0.4 0 0 0 0
0 0.2 1 0.2 0.2 18.2 0 0 3 0 6.8 0 0 0.2 0 10.8 9.2 0 3 1 21.2 6.8 0 0 19.6 0.4 0 5 0.8 0 0 2 16.2 0.4 7.8 32.2 0.6 12.2 0 17
4.4 33.8 14.6 0 7.8 32.6 0 11.6 0 0 0.2 0 31.4 0 0 0 0 0 0 0 31 0 0 16.4 0 0.2 35.2 0.2 2.8 19 1.4 0 0 0 0.2 0.4 0 51.2 17.6 0
0 0 0 0 11.2 0.4 0 0 0 0.2 0.6 16.6 0 0 0 0 0 0 0 0 0 0 0 0 0 0 0 13.6 0 0 0 3.8 27.6 0 0 0 0 0 0 0
0 0 0 0 0.4 0 0 0 0 14.6 0 22.4 0 0 0 0 0 0 14.4 0 0 0 0 0 0 0 0 0 0 6.2 0 0 0 0 0 0 0 0 0 0
0 0 24.2 0 0 0 0 4.6 0 20.6 0 0 0 0 0 0 0 0 0 0 0 0 0 0 0 0.2 0 0 0.2 4.2 0 0 0 0 0 0 0 0 0 0
0 0.4 0.6 18.6 1.8 5.8 0 11.2 0 5.2 16.8 14.6 8.4 6.6 0 9.2 0 0.8 16.8 25.8 0 0 13.2 0 0.2 0 0 0 4.8 0 4.4 3.8 7.4 0 1.6 0 5 0 0 0
10.4 27.2 0 25.6 3.4 23.6 0 0.8 59.2 0 13 0 0 26.8 28.2 38.6 7.4 12.4 0 0 0 50.4 4 0 1.6 5.6 18 12 0 0 1 2.4 0 6.4 0 16.4 0.2 28.6 0 3.8
11.8 0.8 0.8 0.2 0 0 0 0 0 0.2 5.4 12.6 0 0 0 0 8.2 0.2 11 16 0 0 2.6 3 6.8 12.6 0.4 5.6 1.2 9.4 0 0.2 3.6 0 14.2 8 10.8 0 3.8 8.6
16.2 0 0 0.2 0 0 0 0 0.2 0 0 0.2 0 3.2 7 0 0 0 0 0 0 0 14 0 20.2 0 0 0 0.2 0 0 3.8 0 0 7.6 0 0 0 0.2 0
0.2 0.8 0.6 0 0 1 0.8 0 1.2 0.2 19.4 43.8 0 0.2 0 33.8 91.2 0 24.2 4.6 0 0 0 0 0 0 0.4 0 0 0 0 5 0 0.2 0 0 0 0 0 0.4
0 0 0 10.8 0 30.8 6.4 8.4 20 0 0 0 0 0 2.8 19.6 15.2 0 7.2 2.8 0 50.2 0 0.2 0.8 5.2 0 4.8 0 0 15 0 1 0.4 17.6 1.2 8.8 18.6 0.2 0
7.6 0 1.2 0 0 0 0 0 0 7.8 0 0 0 0 0 0 0 0 10.6 0 0 0 0 0 0 0 0 0.4 20 7.8 0 0 0 0 0 0 0 0 2.6 0
0 4.8 0.4 24.8 4.6 13 0 15.4 0 0 32.8 10.8 16.8 20.6 0 31.2 46.4 0 0.2 0 0 0.2 40 0 0.2 14 6.6 2.4 1.2 0 0 0.2 49.6 0.4 0 23.6 1.8 12.6 38.8 9.4
23 0 0 15.4 0.6 23.2 19.6 0 0.6 28.8 24.8 11.2 11.8 0 0 16.6 10.8 21.6 3.6 0.6 0 50.8 1 17.6 4.4 13.8 29.4 0 22 15.8 0 2 10.4 2.8 19.2 0 21 19.8 2.4 49.4
3.8 0 0 0 0 0 0.4 0 0 0 0 0 0 0 0 0 0 0 0 0 0 0 0 0 0 0 0 0 0 0 0 0 0 0 0 0 0 14.8 0 0
0 0 5.2 0 12.6 0 0 2.8 0 4.4 0 0 0 0 0 0 0 0 5.4 0 0 0 0 0 0.8 28 0 4 2.2 0 0 9.4 0.2 0 0 0 0 0 0 0
3.4 0 6.8 0 0 0.2 0 0 0 17 0 11.6 2.2 5.2 5.2 0 0 0 0.2 0 0 0 0 0 1 0 9.8 0 0 0 0 11.4 0 2 0 0 0 0 0 0
0 0 0 0 0 0 0 0 0 2.4 0 7.6 0 0 0 0 0 0 25 0 0 0 0 0 0 0 0 0 0 0 0 0 0 0 0 0 0 0 0 0
0 0 0 0 0 0 0 0.2 0 14 0 21.8 0 0 0 0 0 0 23.8 0 0 0 0 0 0 0 0 0.4 0 4 0 12.4 0 0 0 0 0 0 0.4 0
6 0.2 6.6 0 17.2 8.4 0 17.8 25.6 0 16.4 0.2 14.8 0.2 0 29.4 0.6 4.2 17.8 0 4.2 19 11.4 6 1.8 0 17.6 10.6 7.6 13.4 10.6 0 0 23.8 0 0 0 23.6 0 0
0.4 0 0 0 0 0 0 0 0 0 0 0.6 18.4 0 0 0 0 0 0 0 0 0 0 0 50.8 0 0 0 0 0 0.2 0 0 0.2 13.4 0 0 0 0 0
2.6 0 9 0 0 0 3.6 0 0 9.2 0 12 0 0 0 0 0 0 0 0 0 0 0 0 0 0 0 0 0 6.2 0 4.4 0 4 0 0 0 0 0 0
0 9 0 27.8 16.4 26.6 0 4.4 19.6 0 1 0.2 13.8 15.8 0.2 13.4 8.2 0.4 0 5.2 0 37.4 0 0 25.6 0 0 0.8 0 0 7.6 0 0.2 0 11.4 0 0 0.2 0.8 11
0 3.6 9.8 0 0 0 0 0 0.2 7.4 0 0 0 0 0 0 0.4 0 9.4 3.6 0 0.2 0 0 0 4.8 0 0 0 0 0 3 0 1 0 3.4 0 0.2 0 0
0 0 0 0 0 0 0 0 1.2 0 0 0 0 0 0 0 0 0 0.8 0 0.8 0 0 1.4 0 0 0.6 0 0 0 0 0 0 0 0 0 0 21.2 0 0
6 0.4 0 0 0 35.8 0 0 0 3.2 0 0.2 0.2 0 0 27.2 0 0.6 0 30.2 0 0.2 0 8 13.4 2.6 0 26.6 0 0 0 0 15.4 3.8 8.4 21.2 0 24.6 13 8
41.8 0 14.8 0 10.6 5.2 0.4 0 0 11.4 0 14.6 28 0.2 0 0.6 0 6 0.2 0 16.8 18.8 0 7.4 1.4 0.2 31.2 0 0.6 0 6 2.6 0.6 0 0 19.4 8.2 4.8 3.2 0
0 19.6 0 0 0.4 0 0 0 0.2 0 0 0 0.2 2.4 0.2 5.6 22.8 2.8 0.2 14.2 0 27.4 0 0 0 0 0 0 0 0 0.2 0 0 4.2 0.4 31.6 14.8 8.6 0 2.2
15 0 0 0 0.4 0 25.4 0.4 3 0 0 0 0 5 0 10.4 0 8.8 0 19.2 0 5.8 7.4 0 0 16.8 0 11 8.4 0 21.4 4 0.2 0 0 25.8 13.4 0 0 9.2
0 0 0 0 0 0 0 0 0 0 13.8 0 0 0 0 19 46.8 0 0 0 0 0 0 0 0 1.8 0 0 0 0 0 0 24 0 0 0.2 0 0 0 6.4
0 0 0.2 0 0 3.2 7.4 0 0 0 0 0 0 0 1 0.4 0 3.6 0 3.8 0 9.2 0 0 24.8 5.2 0 0.4 0 0 0.2 0 0 0 0 0 0 6.8 0 5.8
0 0 5.2 0 0 0 6.8 0 0.4 0 0 2.8 0 0 0 0 0 0 3 0.2 0 0.6 0 0 0 0 0 0 0 0 0 0 4 0.8 0 14 0 0 0.2 0
0 0 5.4 0 0 0 0 0 0 29.2 0 0.8 0 0 0 0 0 0 1 0 0 0 0 0 0 0 0 0 0 0 0 8.6 0 0 0 0 0 0 0 0
12.8 0 0 8.4 0 0 20.8 2.8 6 4.2 18.2 6.6 2.6 0.4 0 13.4 0.4 21.6 0 0 0 0 5.4 6.8 0 31.2 0 0 16.8 0 2 0.4 5 0 6 23 0 0 0 13.2
0 0 15.6 25.4 15.8 11.6 14.8 40.2 7.2 0 52.2 12.4 4.8 49.4 3 55.4 28.6 15 10.4 17.4 0 0 40.2 7.4 0.2 15.8 0 15 8.2 0 27.2 0 8.8 0.2 14.6 0 1.2 0 0.8 15.2
0 0 0 0 16.2 19.8 0 37.6 0 6.2 0.4 0 9.8 0 0 4 0 0 8 0.2 4.2 0 0 0 0 8.6 0 11.2 0 0 0.4 0 8.4 0 0 6 0 0 11 0
0.4 0 0 3.6 0 0.6 0.6 7.2 23.2 0.4 0 0 12.6 3.8 0 1 3.4 8.8 31 0 6.8 0 9.4 0 0 0 7.4 10.8 0.2 1 8.2 6.8 0 5.4 47.4 1 9.2 0 7.6 6.2
0 0.2 0 4.4 0 0.6 0 0.2 0 0 0 0 0.4 0 4.6 0 10.2 0 1 7.4 0 0.2 0 0 0 0 0 3.4 0 0 2.4 0 1.2 2.8 0 0 0 11 0 0
23.8 0 0.2 0 0 7.4 10 0 0 4.6 0 0 4 0 0 0 0 0 0 14.6 0 0.4 0 0 0 11.8 0 0 0 0.2 0 0 0 0 0 0 0 0 0 0
28.8 0 19.2 0 0 0.2 0.2 6 0 0 0 0.2 0 0 0 0 0 0 0 0 0 0.2 0 0 0 0 0 0 26.6 0.2 0 0 0.4 0 0 0 0 0 0 0
0 0.2 0 0 0 6.2 0 0 0 0 0 17.6 0 0 0.6 0 0 0 0.2 0 0 16 0 0 0 0.2 0 0 0 0.2 1.4 0.6 0 0 0.2 0 0 0.8 0 1.8
0 0 0 0 0 0 0 0 0 2.6 0 20 0 0 0 0 0 0 8 0 0 0 0 0 0 0 0 0 0 0 0 4.4 0 0 0 0 0 0 0 0
0 21.4 0 24.2 0 9.8 0 2.6 0 0.4 0 0 0 7.6 0 0 0 0 0 0 0 17 0.8 0 0 1.4 0 18.2 0.2 0 0.4 5 0.6 5.4 28.4 68.8 0 5.8 0 0
0.2 0 4.6 0 14 0 0 19 0 0 0 0 0 0 0 0 0 0 0 0.2 0 0 0 0 0 0 0 0 1.2 0 0 0.2 1.6 0 0 0 0 0 0 0
0 0.2 0 0 0 14.4 27.2 0 9 0 0 14 25.4 0 0.2 0 0 0 0 19.8 18.6 0 0 0 0.2 0 14.6 1 0 7.6 1.2 0 0.4 0 7.2 8.2 0 10.8 0 0
0.2 3.2 0 14.6 0.2 18.6 0 0 13.6 0 0 6.4 4.6 0.4 3.6 0 1.4 0 0 0 0.6 5.6 0 20 0 11.2 9.6 0 0 10 2.8 0 0 0 0 28 0 26 0 1.4
25.6 59.8 4.8 17.4 0 0.6 0 0.2 29.2 6.6 5.4 11 29.8 20.2 94.8 24.8 0.2 3.8 4.6 0 40.2 0 15.2 18.2 1.8 0 27.4 19.4 0 16.2 0 7.6 0 1 20.2 23.8 4.6 60.4 33.6 0.6
15.8 16.2 0 0 0 2.4 0 0 19.6 0 0 8.8 0.2 0.2 28.6 10.4 7 0 0 3.6 1 0 0.4 0.2 0 0 16.4 0 0 0 0 3 0 0.2 10.2 0.2 0 40.8 0 5.8
0 2 2 6.4 0 0 0 2.8 21 0 0 0 0 1.8 0 0 0 0 12.2 0 21 0.6 0 0 0 7.2 0 5.8 4.8 11.8 0 0 10.6 0 27.4 28 0 18 12.6 0
0 0 0 0 0 0 0 0 0.4 0 0 0 0 0 19.2 0 0 0 0 7 0 0 0 0 0 0 0 0 0 0 0 0 0 6.4 0 12.8 0 42.2 0 0
0 0 0 0 21.6 0 0 20 0 0 0 0 0 0 0 0 0 0 0 0 0 0 0 0.2 0 0 0 0 4.4 0 0 0 3.8 0 0 0 0 0 0 0
7.4 27 0 0 0 27 0 0 14.8 1.2 0 16.6 13 0 24.8 0 0 0 0 1 22.6 0 0 19.4 23 0 32 0 0.4 0 0.2 0 0 21.2 0 3.2 0 61 0 0.2
0 0 0 0 0 0 0 0 0 0.4 0 14.2 0 0 0 0 0 0 21 0 0 0 0 0 0 0 0 0 0 0 0 0.2 0 0 0 0 0.2 0 0 0
0 0 0 0 0 0 0 0 0 12.4 0 16.4 0 0 0 0 0 0 0 0 0 0 0 0 0 0 0 0 0 0 0 10 0.2 0 0 0 0 0 0 0
0 0 0 0 0 0 0 0 0.2 0 0 11.4 0 0 0 0 0 0 0 0 0 0 0 0 0 0 0 11 0 13.2 0 0.4 0 0 0 0 0 0 5.8 0
28.8 0.2 8 4.4 0 0 0 0 18 1 0 0 0 0.2 0 0 0 0 0 0 11.2 2.8 0 0 10 0 0 0 0 16.2 0 0 0 0.2 20.4 0.2 6.6 6.8 0 0
7.6 0 0 18.4 0 0 0 29.2 17.4 0 0 11.6 0 1.4 0.2 34.8 2.6 17 0 6 15.6 17 37.2 0 20.6 21 16.2 11.6 37.2 4.4 0 0 0 0 16.6 25.2 34.8 0 17.8 13.6
0 0 7.4 0 0 0 0 10.8 0 0 0 0 0 0.8 0 0 0 0 0 1.4 0 0 1.4 0 0 1.8 0 0 0.4 0 0 0 3 0 0 0 0 0 2 0
0 0.4 0.4 7.8 0 0.4 3.2 0.2 12.6 0 21.8 0 0 10.6 0 40.6 15 4.8 7.4 0 0 0 11.8 1 0 21.6 0 1 0 0 0 1.8 0.4 0 0 1.8 0 0 25 53.4
0.6 0 0 0.4 5.8 0 0 0.6 0 0 0 7.8 0 0 0 0.4 0 0 0 0 5 0 0 0 0 1.4 0 0 0 0 0 0 0 3.8 0 6.8 0 0 12.4 0
0 7.2 14.4 0 1 16.6 8.6 0 0 0 0 0 0 0 1.2 0 0.4 0 6.2 0 0 22.8 0 2.2 1.8 18 0 0.2 8.6 0 0 0 1.4 5.6 0 1.2 0.4 0 0 15.2
11.6 0 0 5.8 14.6 32.2 17.8 0.4 13 0 0 0 0 0 0 21 2.4 0.2 0 0 0 30 0 3 9.8 28.2 7.6 18.8 0 7 15.2 0 12.8 36.2 0 0 0 0.4 0 0
11 0 0 13.4 0 15.4 15.8 0.2 6.4 0.4 0.2 0 0.6 0 0 7 0.4 0 8.4 16.8 0.6 19 0 0 0 5.6 0 0 20 11.4 0 13.6 0.2 0.4 0 18.2 9.6 0 18.4 0
0 6.2 3.2 5.6 16.6 23.4 0 17 0 0 0 0 0 0 0 0 0 0 0 14.6 5.6 0 0 0 0 15.4 0 0 0.6 0 0 0 5.2 5 0 0.8 0 0 8.8 0
12 0 10 0 10.6 0 0 0 0 0 0 0 0 0 0 0 0 0.6 0.2 0 0 0 0 0 0 0 0 0 8.8 0.2 0.2 0 0 0 0 0 0 0 0.4 0
0 14.8 1 1.2 6.8 20.4 0 0 0 0 0 0 0 1.8 0.4 5.8 0 0 4 11.8 5.6 14.4 0 3.4 0.4 0.6 6 11.2 0.2 0 19.6 0 2.8 0.2 3.6 27.8 0 0 0 1.2
0 19 0 38.6 0.4 2.4 0 3 0 0 0 0 0 8.4 0 7.6 31.4 1.2 4 9.6 8.6 10.2 13.6 0 0 0.8 0 0 0 0 0 0 2.2 0 9.4 17.8 0 0 18.2 10.6
0 0.6 0 0 0.4 0 0 0 0 0 3.2 0 0 0 0 0 0 0 13.6 0 0 0 12.2 0 0 25.8 0 0 0.4 0 0 0 3.8 0 0 0 3 0 0 34
0 0 0 0 0 0 0.8 53 0 0 47.8 0 0 0 0 40 35.6 8.2 0 0 11.2 0 28 0 5.6 0 0 27.2 15.2 5.6 14.2 0 43.2 0 16.4 0.2 0 0 0 5.8
14.4 0 13.2 0 0 0.2 0 0 0 0.6 0 17.6 0 0 0 0 0 0 1.2 0 0 0 0 10.6 0 0 12 0.2 0 16.6 0 0 11.4 0 0 0 0 0 0 0
0 0 0 0 0 0 0 0 0 2.8 0 26.4 0 0 0 0 0 0 17.2 0 0 0 0 0 0 0 0 0 0 0 0 9 0 0 0 0 0 0 1.6 0
0 0 0 0.4 11 27.6 1.8 0 0 0 0 9.8 0 0 0 0 0.2 3.8 0.2 0 0 9.4 0 0 0.2 0.2 0 0 0.8 0 0 0 0.8 0 0 0 8.6 0 0.2 0
0 0 0 0 0 0 0 0 0 17 0 13.2 0 0 0 0 0 0 11.2 0 0 0 0 0 0 0 0 0 0 0 0 5.6 0 0 0 0 0 0 0 0
0 0 0 0 0 0 0 0 0 18 0 8.6 0 0 0 0 0 0 24.8 0 0 0 0 0 0 9.4 0 0 0 0 0 4.6 4.4 0 0 0 0 0 0.2 0
0 0 0.6 15.4 5.4 20.6 0 17.2 13.8 8.6 0 0 14 5.8 5.2 0 0 0 0 0 0.6 1 22.6 4.6 0.2 3.8 0 17 0 0 14.8 10.6 0 0 19.4 25.4 0.8 0 0.4 16.2
0 16 0 11.2 0 0.2 0 0 7.2 0 0 13.4 26 0.2 0 0.6 2.4 0 12.4 0.2 6.2 4.4 5.2 0 0 0 0 5.6 0 2.8 0.2 0 3.8 0 0 100.2 0 35.8 0.8 0.2
15 0 0 0 0 1 21.2 0.2 20.2 0 0 4.8 3.8 8.4 0.2 5.6 0 14.4 0 0 9 21.8 4 0 54 0 9.2 0.2 0 0 0 0 0 0.2 0 0 9.6 0 0 39.2
0 0 0 0 28.6 0 0 10.2 0 0 0 0 0 0 0 0 0.2 0 0 0 0 0 0 0 0 2 0 12.4 0 0 0 0 0 0 0 0 2 0 10.6 0
7.4 0 0 0 0 0 0 0 0 2 0 8 0 0 0 0 0 0 0 0 0 0 0 0 0 0 0 0 6.6 0 0 0 0 0 0 0 0 0 0 0
0 1 1.2 1.8 0 0.8 38.4 1.2 2.6 0 4.2 0.2 0 15 0 24.2 35 8.8 0.4 0.2 0 15.4 15.6 0 6.2 44.4 10 0.4 0 0 0 0 8 0.2 2.6 0 23.4 19.2 0 24.6
0.2 15 0.6 21.4 3.2 2 45.4 0 0 11.8 7.4 5 2.2 32.8 0.4 49.6 24.2 24.6 0.2 5.8 0 26.4 28.4 0 0 37.6 9.8 0 6.2 10.4 3.8 0 11.4 0 7.6 0 4.2 19.4 5.6 17.2
18.2 1.6 21.4 14.6 0.2 10.2 26.6 0 25 0.4 6 19.4 2 19.4 39.8 2.4 0 0 0 0 23.8 50.4 13.4 5.8 17.4 0 50.8 1.8 20 0 0 0 0 0 5.6 0 13.4 64.6 0 21.8
16.2 0 11.2 0 0 7.2 0 2.2 8.2 0.2 21.6 0 0 10.4 0 8.6 0.2 12.2 0 1 14.8 0 12 0 0.6 0 8.6 0 11.4 0.2 11.2 10.2 30.8 0 41.4 0 0.2 0 2 46.4
1.2 33.6 0 20.4 24.2 26.6 0.4 28 52.8 0 6.4 23 0 11.2 8.2 0 0 0 0.2 19.6 20.6 0.8 0 0 36 0 5.8 0.8 0 29 0.2 0 0 0.4 25.8 3 0 39 0.8 0
0 3.8 0.2 0 0 11.8 3.6 0 10.6 3.6 0 0 0 0 6 0 0.4 0 0 25.2 0 0.6 0 0 0.6 0 0 0 0 0 0.4 0.2 0 5.8 0 0 0 0.6 7.4 4.2
0 0 0 0 0 0 0 0 0 19.8 0 18.2 0 0 0 0 0 0 0 0 0 0 0 0 0 0 0 0 0 0 0 0 0 0 0 0 0 0 0 0
0 0 2.2 0 28.8 0.2 0 18.2 0 0 0 0 0.4 0 0 0 0 0 0 0 10.8 0 0 0 6 0 0 9 3 10.2 0 0 23.4 8.6 0 3.4 5.8 1 0 0
0 7.6 0 23.6 21.6 0 0 0 0 0 4.4 0 0 4.6 6.6 6.2 10.6 0 0 1.6 0 0 0 0 0 0 0 0 0 0 0.6 3 0 0 2.8 55.8 0 0 0 0
4.6 13.4 14.4 54.2 0 23 38.2 8.8 0 11.4 43.8 32 21 23.6 0 94.8 55.4 9.2 15 0 0.4 49.8 53.4 16.2 0 18.8 11 31.4 0.8 9 0 4 0.6 22.8 15.4 0 14.6 0 15.8 91.2
21.6 0 10.6 0 14.2 0 0 1.4 0 0 0 0 0 0 0 0 0.4 0.2 0.6 0 0 0 0 0 0 0 0 32.8 11.2 0 0 3.8 0 0 0 0 0.2 0 0 0
0 0 0 0 0 0 0.2 0 0 0 0 19.2 0.6 0 5.6 0 0.2 0 4.4 16.8 0 0 0 0 0 0 0 0 0 0.2 0 0.2 0 0 0 0.6 0 0 0 0
16.2 18 15.2 28.4 0.6 0 53.4 17.8 8.4 0 46.4 0 0.2 34.8 0 45.8 31 22.4 1 0.2 8.4 14 58.2 8.4 18.4 38.4 29.8 0 6.4 16 0 3.6 54.2 0 0 0 15 10.6 0.2 19.6
2.6 0.6 0 32.6 0.8 4.4 0 22.2 8 0 26.4 15 4.4 18.6 0 40.6 25 16 5.4 26.4 18.6 0 13.8 0 4.6 0 0 0 5 0 0 4.4 20.4 0 25.4 0 0 0.4 26.6 17.8
0 0 0 0 0 0 0 0 0 8.6 0 0 0 0 0 0 0 0 3.8 0 0 0 0 0 0 0 0 0 0 0 0 14.6 0 0 0 0 0 0 0 0
0 0 0 0 1.4 0 0 0 0 34.6 0 0 0 0 0 0 0 0 7 0 0 0 0 0 0 0 0 0 0 0 0 0 0 0 0 0 0 0 0 0
0 0.2 0.2 10.6 0 0 0.4 1.4 6.4 0 0 0 0 0 0 0 0 3.6 0 0.4 0 0 0 0 36.6 8.6 4.8 0 14.6 0 0 0 2.4 0 0 0 5.8 0 9 0
0 0 0 0 0 0 0 0 0 0 0 43 0 0 0 0 0 0 13 0 0 0 0 0 0 0 0 0 0 0 0 10 0 0 0 0 0 0 0 0
0 0 0 0 0.4 0 0 0 0 0 0 13.6 0 0 0 0 0 0 0 0.2 0 8.2 0 0 4.4 9 0 7 10.2 0 0 10.6 0 0 0 0 0 1.4 0 0
20.4 8.2 20.8 51.4 5 0 0 4.2 13.8 25.6 22.8 13 0 28.8 0 0.2 18.8 9.6 0 0 0 22.6 48.2 0 0.4 0 30.6 0.2 18.4 15.2 0 13.8 2.6 10 0 23.6 22.2 0 12.6 0
0 0 0 0 29 13.8 10.6 0.2 0.2 6.8 0 17.2 0.8 0 0 0 1.8 0.2 0.2 0.8 0 0 3.4 0 0 28.8 0 1.8 12.2 0 5.8 0 0.2 2.8 0 2.4 0 0 0.2 7.8
5 0.4 0.6 0 0 32.6 0.4 0.8 0 13 0 15.6 7.2 0 0.4 0.2 0 0 0 9 0 19.6 0 0.2 0 0 0 0.2 0 0 0 0.4 0 0 0 5.2 0 0 20.2 0
1 0 0 0 0.2 0 0.2 4 0 0 4 0 0 0 0 0 0 0 0 0 0 0 0 0 0 16.4 0 15 0 0 0 0 0 0 0 0 0.4 0 3.8 0
0 15 0 34.8 0 0 0 4.2 0 0 0 0 0.2 33.8 0.2 24.4 19.8 0 0 0 0 0 2.6 0 0 3.4 0 1.4 0 0 0 0 8.6 3.4 9.2 64.6 0 0 6.2 1.2
0 0 0.2 31 0 19.4 11.2 8.4 12 0 51.8 0 0 19.8 0 45.6 5.6 4.6 0 0 0 0 47.6 0.4 11.2 42 5.8 24.6 16 0 5.4 4 9 0 16.6 17.2 6.6 0 0 32
23.2 15.6 0.2 0 12.8 0.6 0 3.4 0.6 0 0 0 0 0 28.4 5.8 0 0 0.8 37.8 14 0 0 12.6 0.2 0 0.6 7.6 18.2 1.4 0.2 0 0.6 33.4 0 28 11 34.8 0 0.2
0 27.4 9.4 15.2 14 28.6 22 8.6 25.6 0 26.4 6.4 17.2 0 36.4 37.2 8.6 18 0 0 13.4 5.4 12 0 2.8 0.4 12.6 2 9.6 0 0.8 6.6 17.4 26 8.6 25.4 9.2 23.2 0 33.6
8.4 0 16.8 0 0 4.4 0 7.6 0 51.6 0 12.2 0 0 0.4 0 0 0 0 9.6 0 0.2 0 0.4 0 30 0 0.2 30.8 0 0 6.6 42.4 0 0 0 4.2 0.2 0 0
0.4 0 0 44 0 0.2 10.4 7.8 0 0 19.4 0 24.2 32.6 0.2 33.6 0.2 15.2 0 7 22.8 0 14.2 0 33.4 0 13.4 0 0 0.2 4.4 0 0 0.2 16.6 57.2 24.8 17 2.2 0.4
25.8 5.6 9.8 0 0 0.4 0.4 14 0 0 0.2 13.6 0.6 0 8.6 0 0.2 0 0 26 11 0 0 20.2 0 4.6 17.6 10.6 22.2 27.6 0 7 0 30.8 0 15.2 0.4 26.6 0 0
31.2 12.4 19 7.4 0 42.4 0 2.8 0 5.4 1.8 7.6 0 0 0.8 0 11 0.2 21 0 16.4 13.8 0 0 21.2 21.6 0 16.6 0 5.8 29.4 0.2 0 0 16 22.2 0.6 0 3.8 12.4
0 6.6 4.6 31.4 0.2 0.2 0.2 14 10.8 0 0 3.4 0 0.4 5.4 0.2 0 0 0 0 0.2 0 0 4.6 9 0 0 0 0 0 8 4 0 0 0 24.6 0 29.8 27.2 0.2
0.6 8.2 21 14.6 1.2 0.2 20.6 0.4 0 14.8 0 9.4 0 5 11.8 5 0.8 14.6 0 1.4 13.6 1.6 6.8 16.4 35.2 14.4 32 8.8 18.4 34.6 0.6 3 0 0 18 45.2 0 51.8 0 0
0 0 0 0 8.8 0 0 0 0 0 0 0 0 0 0 0 0 0 1.2 0 0 0 0 0 0 0 0 0 0.4 0 0 15.6 0 0 0 0 0 0 4 0
0.4 6.6 0 26.4 2.6 37.2 0 21.2 16.4 0.6 11 1.2 18.8 24.8 9.2 56 23 0 5 0 1.8 30.4 14.8 0 35.6 10.6 0 0.2 0.6 0 0.2 0 25 0.8 0.2 29.8 1 2 0.2 14.4
0 0 0 0 0 0 0 0 0 10.4 0 0.6 0 0 0 0 0 0 13 0 0 0 0 0 0 0 0 0 0 0 0 2 0 0 0 0 0 0 0 0
0 19 24.8 27.6 6.4 40.6 22.4 15.4 22.2 16.4 51.6 0 1.4 30.8 14.2 44.2 32.8 23.8 13.8 0 6 0 45.8 8.2 20.2 44.6 3.2 24.6 32.4 0.4 14.2 0 0 1 14.8 0 8 15.8 0 53.4
0 0 0 0 13.2 0 0 0 0.2 5.4 0 0.2 0 0 0 0 0 0 4 0 0 0 0 0 0 0 0 7 0 0 0 13 0 0 0 0 0 0 0 0
1.6 0 9.2 0 14.4 31.8 30.6 0 12.8 0 5.6 14 0 1.2 7.4 9.8 0.4 1.8 0 1 20.2 37.8 0 13.6 0.2 10.2 42.2 1 0.6 13.4 0 0.2 0 0.2 5.8 13.2 0 27.4 0 1.4
49.2 0 0 0 0 0 0 4.4 0 0 0 1.4 0 0 0 0 0 0 0 0 0 0 0 0 0 0 0 0 10.8 0 0 5 0 0.2 0 0 0 0 0 0
0.2 21.2 0 0.2 0 0 54 0.4 0 0 0 0 0 12.4 0 10.6 28.2 0.2 7.6 0.2 0 0 4.4 0 3.4 0 20 0 0 0 9.8 0 0 7.8 0.2 45.2 0.4 0.2 0 0.4
3.6 64.8 15 12.6 2.8 0.2 43 6.2 46.2 0 14 0 0 2.2 19.6 22 24.8 4.4 0.2 2.2 49.2 11.2 11 24.8 38.4 1.4 21 10.8 8.8 24.2 16.4 4.2 0.8 0 13.4 0 0.4 66 21.8 48.4
0 0 0 0 0 0 0 0 0 9.2 0 0 0 0 0 0 0 0 12 0 0 0 0 0 0 0 0 0 0 5.8 0 1 0 0 0 0 0 0 0 0
23.4 0 0 0 11.4 0 0 12.6 0 0 0 0.2 0 0 0 0 0 0 0.4 0 0 0 0 4 0 6.2 0 0.2 0 0 0 3 0 7.4 0 0 0.2 0 0 0
0 38.6 1.6 47.4 14.2 0 9.2 0 31.4 7.8 24.8 11.2 0.2 31.6 0 45.8 47.6 8 8.4 15.2 0.2 0.4 19 0 5 0 0 0 0 7.8 0 0 0.4 0 27.6 51.6 0.2 61.8 22 21
1.6 64.2 0 0 0.2 9 20.6 0 1 0 8 0 0 0 50.4 0 0 0 0 0 19.6 5 7 14 0 0 21.4 0 4.4 25.4 0 0 0 0 0 45.2 0 91 6 0
0 50.6 0 30.2 0.4 37.6 4.4 0 0 0 15.2 0 19.4 5 25.8 38.4 0.4 0 0 1 7.6 21.2 27.6 0.2 0.2 0 0 6 0 0 0 0 13.2 0.2 3 3.6 0 52.6 7.2 13
0 0 0 53.2 0 0 0 47.8 0 8.4 27.4 0 15.8 43.4 0 23.2 0 26.6 8.8 0 0 0 17.4 0 0 9.6 0 37.8 8.2 0 11.8 6.2 11.8 0.2 0.4 0 1.6 0 0 24.4
0.6 0.4 8.6 0 0.4 23.8 0 0 21.2 14 0 0 0.2 0 1 7.2 0 0 0 0 0 28.6 0 0.8 26.6 0.2 0 0 0 0 0 0 0 17.4 0 0.2 0 0 0.2 18.6
18 0 0 0 0 0.2 0 0 0 0 0 0 30.4 0 0.2 0 0 0 0 30.8 16.2 0 0.2 0 0 0 2.8 0 0 0 0 9 0 0 0 0.4 5.2 0.2 1.4 0
0 0 0 0 0 0 0 0 0 23 0 0 0 0 0 0 0 0 11.8 0 0 0 0 0 0 0 0 0 0 0 0 0 0.2 0 0 0 0 0 0 0
7.4 7.4 9 21.4 1.2 0 0 14.8 14 0 7.2 20.2 0 28.8 28 5 0 0 4.6 4.8 22.8 38.4 20.8 0 20.4 0 0.2 3.8 5.6 0 4.8 0 0.2 0 0 0 0 0.2 0 0
0 0 0 0 0.8 0 0 0 0 5.8 0 4.6 0 0 0 0 0 0 8.8 0 0 0 0 0 0 3.8 0 0 0 0 0 4.2 0 0 0 0 0 0 0 0
0.2 0 4.6 8.8 13.8 22.2 6 0 0 0 35.4 2.8 0 0.2 0 53.2 42.6 9.2 0 0.4 0 0.4 5 0.2 0 16.4 0 20.4 0 0 7.6 0.6 27 0.6 0 0.4 0 0 0 0
13.4 0.2 0 0 0 0 0 1.8 0 0 0 0 8.6 0 28.2 0 0 0 0 7.8 28.8 0 0 6.8 0 0 31.6 0 0 4 0 0 0 0.2 0 5.4 1 54.2 0 0
0 0 0 0 1.4 18.2 2.4 0 0 0 0 10.2 0 0 8 0 0 0 0 7.6 0 17.4 0 7.8 0 0 0 2.8 0.2 0 0 0 0.2 1.6 0 0 0 21 0 0.2
0.4 9 18.6 0 4.4 31 0 0 11.2 13.6 0 0.2 0 0 0 0 0 0 11.6 0 0 0 0 0 0 0 0 22 24.4 0 0 0 0.4 14.4 0 0.6 0 0 0.2 0
0.6 0 6.4 0 17.6 0 0 6.6 0 6.4 0 0 0 0 0 0 0 0 0 0 0 0 0 0 0 0.4 0 13.8 0 0 0 11.2 0 0 0 0 0 0 0 0
0 27.8 0 0.2 0 0 11.2 0 0.2 2.2 0 8.8 0 2.6 54.6 0 0 0 0 22.4 0 29.4 4 10.2 0 1.8 0.2 0 5.4 0.2 9 0 0 0.4 0.2 0 2 36 0 0.2
0 16.8 0 0 0 0 0 0 5.6 0 5.4 0 17.8 22.4 27 15 21.6 0 0 7.2 0 0 8.8 4.4 0.2 0 0 1.6 2.2 0 0.4 0 0 3.2 0.8 60.2 0.2 0 0.2 37
16.6 0 0.2 5 0 0 26.6 11.8 0 0.8 11.2 10.6 0.2 0.2 14.6 13 0.2 18.6 0 0 1.8 22.4 0 11.6 33.6 4.2 29.6 0 11.2 9.6 2.6 6.6 0 0.2 0.2 46.8 0.6 37.2 0 19.2
0 14.2 0 26.8 0 47.4 0 3.2 0.2 17.8 0.6 6.2 0 5.8 20.6 41.6 29.8 0 8.6 1 0 14.6 11 16 0 0 0 34 0 3 0 10 11.8 4.2 19.6 0.4 0 36.6 0 9.8
9 0 15.6 0 8.8 17.6 0 0 0 0.2 0.4 10.8 3.6 0 0 0 0.2 0 9 4.4 4.2 3.2 0 0 0 0 4 2.6 0.2 0 0 0 4.8 0 0 0 0 0.4 0 0
0 7.4 0.2 16.8 8.4 0 0.4 13 21.6 0 0.4 0 0.2 6.8 0 14.8 0 0 1.4 0 16.4 0 0 0 19.2 2.6 0 0 0 0.4 14.6 0 0 1.4 25.2 72.6 0.2 1.4 25.8 11.8
0 4.2 0 0 0 0 0 0 1 3.8 7 1.8 0 0 6 0 0 0 0 0.4 0.8 0 0 9.6 3.2 0 0.4 0 0 4.2 17.6 0 0.2 19.8 3.2 3.2 0.8 20.6 0 1.2
0 0 0.2 0.2 0 0 0 17 0 3.4 29.6 0 9.8 0 0 41 17 0 26 19.8 0 0.2 6.2 0 0 39 0 16.2 0 0 0 2.2 24.6 0.2 0 0.2 0 0 0 27.2
0.4 0 0.2 0 0.2 8.4 0 0 0 0 0 13 0 16.2 0 0 0 0 6.6 0 0 0 0 0 0 0 0 0 1.6 0 0 0 0 0.4 0 0 0 0 0 0
0 6.6 7.2 6.4 0.6 0 16.8 8 32.8 0 0 17.8 3.6 0 25.4 1.2 22.2 0.6 8.8 5.8 0.2 24 20.2 27 17.4 0 35.2 19.4 34 39.6 2.8 0 0 0 0 0.8 7.6 2.4 0 7.6
0 0 0 0 0.2 0 0 0 0 2.6 0 11.6 0 0 0 0 0 0 16.2 0 0 0 0 0 0 0.2 0 0 0 0 0 0.2 0 0 0 0 0 0 0 0
1 0 0 0 0 0 0 11.2 0 0 0.4 0 0 33.4 0 4.4 0 7.4 0 0 0 3.8 20.4 0 0.2 5.4 0.2 0 24.6 0 0 0 9.4 0 0 0.6 0 0 0.2 6.4
0 0.2 0 4.2 14 0 0 0 0 0 0 0 0 0 0 10.2 0 0 0 1 0 0 0 0 0 0 0 0.4 6.6 0 0 0 0.2 3.8 8 0 0 0 0.4 0
0 0 0 0 0 6.4 5.2 0 6.2 0 0 0 0 0 21.8 0 2 0 1 22.4 0.4 0 0 0 0.2 0 0 0 0 9.4 0 5.4 0 0 0 0 0 50.6 0 0
0 0.2 0 0 2.4 21.6 0.8 12.2 21.2 0.4 0 11.4 17.2 1.8 25.6 39.2 0.4 7.2 0 18.2 5.8 66.6 14 3.4 1 13.8 19.2 0.2 0.2 0 0.2 0 0 14 0.8 8.4 1 42.6 2.6 1.4
0 0.2 0 21.8 0 0 0 0 0 0 0 0 0 0 0 0 0 0 0 10.8 0.2 0 0 0 0 0 0 0 0 0 0 0 0 0 0 34 0 5 0 0
0 0 0 0 0 0 0 0 0 12.2 0 0 0 0 0 0 0 0 4 0 0 0 0 0 0 0 0 0 0 0 0 19.8 0 0 0 0 0 0 0 0
17.8 0 18.6 4.2 0 0 29.8 11 18.4 0 5.4 0 27.8 0 15.4 0 0 0 0 0 11.2 5.2 0 0.2 0 16.8 10.6 0.2 30.2 0 6 0 3.6 3 0 5.2 0 0.2 0 5.2
9.4 0.4 0 0 11 21.6 0 5.6 24 0.2 8.4 0 0 0 0 0 5.2 10.8 0.4 20.8 9.6 37.4 8.2 0.6 26.8 0 6.2 0 14.2 28.4 0.6 0.2 0.4 0 8.2 27.6 5.4 27.4 0 0
0 3.8 20.2 0 0.4 22.6 7.4 15.8 3 0.6 0 22.2 0 0 0 0 0 0.4 4.4 2.8 30.6 0 0 15.4 2.2 0 13.4 26.6 8.2 0.8 4.8 0 8.2 0.4 0 41.2 15.4 7.2 16 0
15.4 0.4 21.8 0.2 1.6 0 1.4 30.2 13.4 0 5.4 32.2 14.6 32.6 2.8 5 1 10 5.6 0 20.6 0 0.4 0 0 0 0 19.4 39.8 0 8.6 4.4 0.4 11.4 34.4 9.4 0.6 0 9.2 2.8
0 0.2 0.2 0 0 1.2 1.2 3 2.6 0 26.8 0 8.8 0 0 24.2 22.4 1.2 10.8 0.2 3.6 0 18.4 0.2 0.6 0 0.2 9.4 0 0 0 0 21.2 0 13.6 6.8 1.4 3 0 7.8
0.2 0.4 0.4 23.4 18.2 52.4 0 11.6 5.6 0 0.2 0 9 0 0 21.6 2.4 22.6 13 21.8 0 0 11.6 0.2 0 16.8 0 0.6 0.6 0 0 0 29.4 0.4 2.4 5.8 0 0 0.2 4.2
0.2 0 0 0 15.2 0 0 25 0 0 0 0 0 0 0 0 0 0 0.2 0 0 0 0 0 0 17.8 0 15.8 0 0 0 0 34.6 0 0 0 0 0 0 0.2
14.2 0 0 1.2 0 0 0 0 0 0 0 0 3 0 0 0 0 0 0 0 0 0 0 0 0 2.4 0 0.4 0 0 0 0.2 15.4 0 0.2 0 0 0 0 0
0 11.2 0 0 0 0.2 0 0 0 0.4 0 11 0 0 10.4 0.4 0 0 0.2 0 0 0 0 0 0 0 0.2 0 0 0 0 0 0 0 0 17.2 1.4 9.4 0 0
0 0 0 0 0 0 0 0 0 16.4 0 13 0 0 0 0 0 0 28 0 0 0 0 0 0 0 0 0 0 0 0 1.6 0 0 0 0 0 0 0 0
0 0 0.2 0 1 17.6 0 0 0 0 0 0 0 0.4 0 5 2.6 0 0 0 0 0 0 0 5.6 0.2 0 0 0.2 0 6.8 0 0 5 0 0 0 0.2 0.2 2
0 0 0 0 0.4 0 0 0 0 0 0 14.4 0 0 0 0 0 0 0.2 0 0 0 0 0 0 0 0 0 0 0 0 0 0 0 0 0 0 0 0 0
0.6 0.2 16.8 0.2 0 0.2 0 0 41.8 0 0 7.4 0 0 0 0 0 0 0 0 48.6 0.2 0 6.4 31.8 0 16 0 12.4 33.4 0 0 0 19.2 4.4 0.2 0 67.2 0 0
0 0 0 0 0 0 0 0 0 0 0 0.2 0 0 0 0 0 0 10.4 0 0 0 0 0 0 0 0 0 0 0.2 0 13.2 0 0 0 0 0 0 0 0
0 0 0 0 0 0 0 0 0 1.2 0 11.4 0 0 0 0 0 0 21.4 0 0 0 0 0 0 0 0 0 0 0 0 0 0 0 0 0 0 0 0 0
4.8 0 0.4 0 10.6 0 0 22.4 0 4.4 0.6 0 0 0 0 0 0 0.2 9.6 0 0 0 0 0 0 11.2 0 16.8 0 0 0 0 18.6 0 0 0 3.4 0 0 0
0 0 0 0 0 0 5.2 0 0 0 0 0 6.8 0 0.2 0 0 0 0 0.8 6.2 0 0 7.8 0 0 0.2 0 0 0 0 0 0 0.2 0 0 0 0 0 1.6
0 0 5.4 0 10.2 0 0 0 0 0 0 10.6 0 0 0 0 0 0 0 0 0 0 0 0 0 18 0 0 0 0 0 0 3.8 0 0 0 0 0 0 0
24.6 0 0 0 0 0 0 0.2 0 6.6 0 0 19.4 0 0 0.2 0.6 0 0 13.4 12.8 1 0 4.8 0 0 0.2 0 0 14 0 2 0 8.2 2 19.8 0 0 0.2 0
14.4 0.2 0 0 0 12 0 0.6 0.4 0 0 3.8 0 13.6 0 0.4 0.2 6.2 0 3.4 8.8 20.4 0.6 0 8 0 20.8 0.4 0.6 0 28.6 0 2 5.2 0 0 0 10.6 2.4 0.4
0 0 0 0 0 0 0 0 0 0.2 0 6.6 0 0 0 0 0 0.2 17.4 0.2 0 0 0 0.2 0 0 0 0.2 0 0 0 0 0 0 0 0 0 0 0 0
0 0.2 5.4 0 0 0 54.4 0 6.8 6.6 26.2 14.4 6 4.2 0 27.2 25.8 8.6 0 0 0 16.4 3.8 13.2 7.2 20.4 0 9.8 0.6 6 3.6 5.4 13.8 0 4.6 0 1 0 0 13.4
0.4 0 0 0 0 0 0 0 0 15.6 0 0.2 0 0 0 0 0 0 0 0 0 0 0 0 0 0.2 0 0 5.6 0 0 0 0 0 0 0 0 0 0 0
48.6 0 0 0 0.2 0 0 0 0 5.6 0 1.4 0 0 0 0 0 0 0.2 0.2 0 0 0 0 0 0 0 2.2 9.2 0 0 0.2 0 0 0 0 0.2 0 0 0
0 0 0 0 0 0 0 0 0 0 0 0 0 0 0 0 0 0 0 0 0 0 11.4 0 0 0 0 0 0 0 0 0 0 0 0 0 12.4 0 0 47.2
0 0 5.8 0 0 5 0 0 0 5.4 4 0 0 0 0 0 0 0.2 7.8 0 0 0 7.4 0.4 0.2 14 0 0 0.2 0 0 0 0.4 4.2 0 0 6.6 0 0 35.4
0 0 0.8 0 0 0.2 0 0 0 0 0 0 0 0 0 0 4 0 0 0 0 0 5 0 0 5.2 0 0 0.2 0 0 0 0 0 0 0 5.8 0 0 20.8
0 0 5.2 0 0.6 0 5 0 0 8.6 0 0 0 0 0 0 0 0 0 0 0 0 0 0 0 0.6 0 0 0 0 0 0 0 0 0 0 0 0 0 0
0 1.2 0 0 5 2.8 11.4 0 0 0 0 0 8.4 0 14.4 0 0 0 0 6.6 0 0 0 0.2 0 0 0.4 0 0 0.2 0 0 0 3.4 0 0 0.4 16.6 0 0
0.4 0 0 0 0 20.4 2.6 0.6 0 0 1.6 0 10.6 0 0 0 0.2 0 0 0 0.2 0 0 1.8 0 3.8 0.2 3 0 0 3.6 0 0 0 0 0 0 0 0 0
0.4 0 2.2 0.4 0 0 10 0 0 11.4 10 0.4 0 0 0 0 0 0 5.2 0 0 0 1.2 0 0 0 0 0 0 0 10 3.6 5.4 0 5 0 0 0 0 32.8
3.4 14.4 0 20.6 0 0 9.4 0 27.6 0 0 0.2 0 24.2 4.4 36 0.2 0 0 0.2 24.4 23 4.2 2.6 17.2 0 3 8.8 0 0 17.6 0 0 0 13.2 15.8 0.6 0 18.8 0.2
11.4 0.2 0.2 0.2 0 0 0 23.6 19.8 0 13.4 0 0 2 0 42 8.2 0.2 0 0 0 22 12.6 0.2 3.8 7.6 0 0 21.2 0 0 16 29.6 0 13.2 0 15.2 0 0 0.4
0 0 0 0 3 0 0 0 0 0 6 0 0 0 0 12 6.6 0 0.4 0 0 0 0.2 0 0 0 0 0 0 0 0.2 0.6 0 0 0 0 0 0 0 11
18 0 0 0 0 4.6 0 4.2 0 0.2 0 0 0 0 0 0 0 3.8 0 0.2 0 0 0 0 0 0 0 0.6 0 0 0 0 0 0 0 0 0 0 0 0.4
0 0 0 0 0.8 1.6 0 0 0 4.4 0 0 0 0 0 0 0 0 18.2 0 0 1 2.2 0 1.4 0 0 0 0 0 0 0 0.2 0 0 1 8.8 0 0 9.4
46.4 0 0.6 18.8 6.2 0.4 12.2 0 28.8 1.2 23 6.6 9.8 30.4 0 15 15.2 14.6 5 0 6 0.2 42 12 0 0 0 5.8 8.8 5 0 0.4 28.6 0 15.6 10 3.2 0 13.2 0
0 33.2 0 0 0 0 0 0.2 0 4.2 5.2 0.2 0 19.2 0 16.8 18 1 3.8 0 13.2 28 4.6 0 22.8 0 0 3.8 0 0 0 0 0 0 16.2 30.2 0 0 0 15.4
0 14.6 0 3.8 13.4 0 6.6 0 14.6 0 8 0.2 12.4 0 0 0 14.2 0 0 14.8 8.2 10.2 0 4.2 0 0 16.6 0 0 5.2 0 0 0 0 3.6 0 0 0 0.2 0.2
0 22.4 0 3.8 0 0 0 0 0 0 3 1.8 0 0 0 0 9.4 0.2 0 5.2 25.8 1.2 0 0 0 0 34.6 0 11.6 9.2 5.4 3.6 2.8 0.4 0.4 0 0 1.2 0 0
18 0.6 4.8 0 0 6.2 0.2 0 0.2 0 5 0 0 0 5 0 0 0 0 0 0 0 0 3.2 0 0.4 5.2 0.2 0.2 1.2 0 0 5.2 1.2 0 0 0 6.2 4 0
25.2 0 0 0 1.4 0 0 0 0.2 0 0 1 0 0 10.4 0 0 0 0 0 4.2 0 0 0 0 0 16.2 0 0 0.4 0 0 0 0 0 0 0 22 0 0
0 0 0 0 0 0 0 0 0 2 0 10.8 0 0 0 0 0 0 11.2 0 0 0 0 0 0 0 0 0 0 0 0 0 0 0 0 0 0 0 0 0
13.4 42.6 10.4 0 0 0.2 32.8 0 11.6 0.2 2 0 0 0 21.6 0 13 1.6 0.4 1.2 10.8 3.2 0.2 0 1.4 0.4 6 0 16.8 12.4 0 11.4 0 23.4 0 0.4 0 10 5.6 0
0 0 0.2 0 0 0.2 0 0 0 0 0 0 0 0 0 0 0 0 0 0.4 0 0 0 0 0 8.8 0 0 0 0 0 0 5.2 0 0 0 0 0 0.2 0
0 18.6 10.2 11.6 0.4 26.4 38.6 0 19.8 0 0 0 7.2 0.4 0.2 13.4 10 0 4.2 0 0 1.6 0.2 14.8 20.6 0 0 0.6 19.4 8.4 15.8 0 0 16.2 5.8 0 0 11.8 0 45.8
0 0 0 0 0.4 7.6 0 0 0 0 4 14.4 0 0 0 2.6 0 0 5.6 0 0 0 0 0 0.2 5.6 0 0.4 0 0 0 0 0.4 0 0 0 0 0 0 2.8
2 31 0 10.4 0 0.2 9.2 5.4 24.2 0 6 0 0 3.4 15.8 7 0 5.2 0 0.2 20.8 0 3.2 0 8.2 0 1.2 0 0 0.2 0 0 3 6 18.6 17 6.8 43 0.2 6.8
9.2 0 0.4 0 0 0 0 0 0 8.6 0 0 0 0 0 0 0 0 11.8 5.2 0 0 0 0 0 0 0.2 0 0.2 7 0 0 0 0 0 0 0.2 0 1.2 0
0 1 0.2 0 0.4 1.6 0 0 0 1.2 0 0 0 0 0 0 0 3.4 7.4 0 0 18.2 0 0 8.4 0 6 0.2 0 0 14.2 0 0 8.8 0 0 0 24.2 3.8 0
15.8 0 16.6 0 0 0.4 0 0 0 7.2 0 0 0 0 10.6 0 0.2 0 6.6 0.4 5.8 0 0 10.4 0 0.2 17 0.4 8.8 0.4 0 5.2 0 6.2 0 1.4 0 0.4 0 5
0.6 9.8 0.2 28.4 2.8 0 11 23.6 10.6 10.8 40.2 8.2 0.2 32.4 0.2 26 14 0 18.6 0 0 0 54.2 1 6 22 0.4 28.4 0 0 2.2 0.6 11.2 0 34.6 8 0 5.8 23.2 7.8
0 0 0.2 0.4 2.8 0 0 0 0 0 4.2 0 0 0 0 30.8 0 4 0 0.2 0 0 13.2 0 0 1 0 0 12.6 0 3.8 0 0 0 0 14.6 0 0 0 11.2
0 0 0 0 4 0 0 0 0 0 0 6.6 0 0 0 0 0 0 0 14.4 5 0 3 0 0 0 0 0 0.2 0 0.2 0 5.4 0 0 0 0.6 0 6.6 0
0 0 0 0 1.4 0 0.2 0 0 5.2 0.2 0 0 0.8 0 0 0 0 12 0 0 0 0 0 0 0 0 11.2 4.8 0 0 0 14.6 0 0 0 3.6 0 1 0
2 11.4 0 0 1.2 0.6 0 0 0 7.6 0.2 0.4 1.8 0 11.4 0 3.6 0.2 0.6 0 0.4 0 0 8 0 0.2 0 0 0 3 0 1.4 2.2 5.2 0 0.6 8.8 0.2 0 0
1.4 16.8 0 1 0 40.8 0 0 6.2 2 0 0 0 0 8.8 4.8 0 0 0 15.8 0 0 0 0 24.4 0 0 3 0 0 0 0 0 0.6 10.4 0 0 25.4 5.6 0
3.2 0 0 18.4 0.6 0 9.2 0 4 0 6.2 0 0 12.4 0 14.6 17 4.4 0.2 0 3.8 18.8 10.8 0 5.2 16.4 0 24.4 0 1.2 16.4 0 0 0 0.2 0 6.4 0 3.4 6.8
0 0 0 0 0 0 0 0 0 0 0 0 0 0 0 0 0 0 11 0 0 0 0 0 0 0 0 0 0 0 0 6 0 0 0 0 0 0 0 0
4.4 14.4 0 2.2 0 0.2 0 0 0 0 0 0 0 0.2 5 0 0 0 2 12.4 0 0.6 0.4 0.2 0.4 0 28 1.8 0.8 0 0 0 9.2 0.2 0.4 18 0 19.6 4.6 0
0 0 0 0 7.6 0 0 5.2 4.2 0 0 0 0 0 0 0 0 0 0 0.2 0 6 0 1.4 0 0 0 0 19.4 0.4 1.4 0 0 0 0 0 0.2 11.8 0.2 0
0 0 0 0 6.2 0 0 6.4 0 0 0 0.2 0 0 0 0 0 0 0 0 0 0 0 0 0 0 0 0 0 0 0 0 0 0 0 0 0 0 0.2 0
0 0 0 0 0 0 0 0 0 0 0 11 0 0 0 0 0 0 15 0 0 0 0 0 0 0 0 0 0 0 0 0 0 0 0 0 0 0 0 0
0 2.6 2.4 23 0 13.4 3.6 4 14.4 6.4 13.8 3.4 7 32.2 6 18.2 11 12.2 0 6 0 20.2 18.2 3 15.2 0.6 7.8 0 0 0 4.2 1.2 0 0.6 3.8 0.6 0 0 0 14
0 27.6 0 6.4 0.4 24.4 13 0 29.8 0 0 0 0.4 0 34.6 0.4 0.2 12.8 0 9.2 27 0.4 8.8 0.2 3.6 14 0 6.8 0 0 0 0 0 0 5.2 5.2 0.4 25.2 0 0
0 3.6 0.2 5.6 0.2 1.4 19 2.6 0.4 0 6.8 0 0 22.2 0 0.2 1 0.6 0 14.6 0 17.4 0 0 6.2 5.8 0.2 0 0.4 0 0 0 2.2 0 0.2 0.6 1.2 17.4 0 0
0 0 0 0 0 0 0 0 0 3.4 0 0 0 0 0 0 0 0 10.6 0 0 0 0 0 0 0 0 0 0 0 0 0 0 0 0 0 0 0 0 0
0 11 9.2 0.2 0 0 0 0 8.2 11.4 0 2.4 0.6 0 0.4 0.4 0.2 0 0.2 0 7.4 16.2 0 0 6.2 0 15 0 0 5.8 0.6 0 0 1 6 16.2 0.2 36.2 0 0
0 0 0 0 1.2 0 0 0 0 0 0 4.8 0 0 0 0 0 0 6.4 0 0 0 0 0 0 0 0 0 0 1.2 0 0.4 0 0 0 0 0 0 0 0
0 0 0 0 0 0 0 0 0 0 0 0 0 0 0 0 0 0 0 0 0 8.4 0 0 0.2 0.2 0 0 0 0 0 3 0 0 0.2 19.6 0.2 0.2 0 0
0 3.2 0 0 0 0 13 0 8.6 0 0.2 0 0 0.2 0 0 0 0 0 3.2 0 0 1.6 0 0 0 7 0 0 0 0 0 0 0 0 8.2 0 9.8 0 0
8.2 0 6 0 0.4 0 0 0 0 6.8 0 0.2 0 0 0 0 0 0 0 0.2 0 0 0 0 0 0.8 0 0.2 9 0.4 0 3.6 0 0 0 0 0.2 0 0 0
4.2 0 0 0 2 0 0 0 0 3.4 0 0 0 0 0 0 0 0 0 0 0 0 0 0.4 0 0 0 0 0 0 0 0 0 0 0 0 0 0 0 0
0 0 0 0 0 0 0 0 0 0.4 0 0 0 0 0 0 0 0 0 0 0 0 0 0 3.6 0 0 0 0 5 0 0 0 0 0 0.4 0 0 0.6 0
1 0 0 25 0 17.8 0 17 0 15.8 19.4 7.2 24 7.6 3 30.4 5.6 20 0.2 0.2 0 0.2 6.4 2 0.2 16 0.4 11 8 0.2 20.4 10.2 1 0.2 0.2 0 0 14.8 4.2 0.4
0 5.2 0 3.4 0 13.6 0.8 8.4 8.8 0 0.6 0 0 0.4 0.8 8.4 25 16.4 0 0 0 3.4 26.8 4.8 0 0.8 0 0 18.6 0 0 0 9.2 6.4 7.6 11.6 15.2 0 0 8.8
0 0 0 0 0 0 0 0 0 0 0 15 0 0 0 0 0 0 0 0 0 0 0 0 0 0 0 0 0 0 0 0 0 0 0 0 0 0 0 0
0 5 0 0 0 0 0.8 0 0 0 0 0 0 0 0 0 0 0 0 0.4 0 0 0 0 0 0 0 0 0 0 2.4 0 0 0 0 0 0 5.4 0 0
10 0 0 0 0 0.2 0 0.2 0 4.2 0 0 0 0 0 0 0 0 0 0 0 0 0 0.4 0 0 0 0 0 0 0 0 0 0 0 0 0 0 0 0
0.2 12.6 0 0 0 0.2 0 0 0 0 0 0 0 0 0 0 0 0 0 0 0 0 0 0 0 0.2 0 0 0 0 3 4 0 8.4 0 0 0 0 0 0.4
12.6 0 2.4 0 0 0.2 0.2 0.6 0 0.2 0 0 0 0 0.4 0 0 0 0 0 0 0 0.2 0.6 0 3.8 0 0 12 0 0 0 0.2 0 0 0 5.8 0 5.4 18.4
18 0 0.2 0 0.2 0 0 0 0 3 0 22.8 0 0 0 0 0 0 4.6 0 0 0 0 0 0 0 0 0 0 0 0 0.2 0 0 0 0 0 0 0 0
0.8 0 0 0 0 0 0 0 0 0 0 0 0 0 0 0 0 0 1.2 0 0 0 0 6.8 0.2 0 0 5.2 0 0 0 1.8 0 0 0 0 0 0 0 0
0 0 0 0 0.2 1.8 0 1.8 0 0 4.6 0 3 0 5 0 27.8 1 9.4 0.8 0 0 0 0 0.2 16.2 0 0 0 0 0 0.4 0 3 0 0 0 0.2 0 3.6
0 6.4 0 0 0 0 0 0 0 0 0 0 0 0 20.4 0 0 0 0 0.2 4.4 0 0 1.6 0 0 0 0 0 0 1.6 0 0 0 0 3.2 0 13.2 4 0
0.2 0 0 0 0 0 0 0 0 19 0 0 0 0 0 0 0 0 0 0 0 0 0 0 0 0 0 0 0 0 0 11.8 0 0 0 0 0 0 0 0
0 0 0 0 0 0 0 0 0 0 0 16.6 0 0 0 0 0 0 6.4 0 0 0 0 0 0 0 0 0 0 0 0 4 0 0 0 0 0 0 0 0
0.8 26.6 0.4 7.2 0 1 0 0.2 24.8 4.4 5.8 0 0.6 0.2 0 10.8 0 12.8 0 5.6 10 0 0 0 0 15.8 12 13 0 0 9.4 0 3.6 0 3.8 0 0 0.6 0 8.6
6 0 0 0 0 0 0.8 0 0.4 0 0 0 0 0 0 0 0 0 0 0 0.2 0 0 0 0 0 6.2 0 3 0 0 0 0 0 0 0 0 0 0.4 0
0 0 0 0 0.2 0 0 0 0 0 0 0 0 0 0 0 0 0 11.8 0 0 0 0 0 0 0 0 0 0 0 0 0 0 0 0 0 0 0 0 0
0 0 7.6 0 0 0 0 14 0 0 0 0 0 0 0 0 0.2 0 0 0 0 0 0 0 0 0 0 12.8 0.2 0 0 0 8.2 0 0 0 0 0 0 0
0 0 0 0 0 0.2 0.4 0 0 7 0 0 0 0 0 0 0 0 0 8.2 0 0 0 0 0 0 0 0 0 0 0.2 0 0 0 0 0 0 0 0 0
0 0 0 0 0 0 0 4 0 0 0 0 0 0 0 0 0 0 0 0 0 0 0 0 0 0 0 0 0 0 0 0 3 0 0 0 0 0 3 0
0 3.2 0 0 0 0 0.2 6.8 0 4 7.4 0 0 0 0.2 3.6 6.2 0.4 0 0 0 4 12.4 0 0 5 6.6 10.4 0.2 0 7 0 0.2 0 0.2 5.6 0 0 0 25.4
0 10.8 0 0 0 0 3 7.8 0.8 0 2.6 0 0 0.2 0 19.8 0 0.2 0 0 0 4.4 0 1.8 0 0 0 8.4 0 0 0 0 0.4 0 8.8 0 0 0 0 3
0.2 0 0 6.8 0.2 0 0 0 6.6 0 0 0 5.2 6 0 0.2 0 4 0 0.2 22.8 0.8 0 2.6 0 0 9.8 4 0 0 6.8 0 0.8 0 6.6 1.4 0 0 0 7
0 0 2.6 0 0 0 0 7.6 0 0 0 0 0 0 0 0 0 0 0 1.2 0 0 0 0 0 0 0 0 0 0 0 0 0 0 0 0 0.2 0 4.4 0
8 0 0 0 0 0 0 0 0 0 0 0 0 0 0 0 0 0 0 0 0 0 0 0 0 0 0 0 0 0 0 0 3 0 0 0 0 0 0 0
0 0 0 0 0 0 0 0 0 14 0 0 0 0 0 0 0 0 0 0 0 0 0 0 0 0 0 0 0 0 0 0 0 0 0 0 0 0 0 0
0 0 0 0.2 0 10.8 0 0 0 0 9.4 0 0 0 0 10.8 13.2 7.8 0 0 0 0 1.4 0 0 0 0 0 0 1 0 0 0 0 0 0 0 0 0 2.4
0 0 4.8 0 0 0 0 0 0 0 0 8 0 0 0 0 0 0 0 0 0 0 0 0 0 0 0 0 0 0 0 0 0 0 0 0.2 0 0 0 0
0 0 0 0 0 2.2 3.6 0 0 0.2 1.2 0 0 0 0 0 0 0 0 3 0 0.2 0 0 0 4.2 0 0 4.4 4 0 0 0 0 0 0 0 0 0 0
0 0 0 0 0 0 0 0 0 0.2 0 0 0 0 0 0 0 0 0 0 0 0 0 0 0 0 0 0 0 0 0 2.8 0 0 0 0 0 0 0 0
0 0 0 0.2 1.2 0 0 0 0 0 0 0 0 0 0 9.4 0 0 3 0 0 0.6 0 0 0 0 0 0 7 0 0 0 13.6 0 3.2 0 0 0 0 7.8
0 0 0 0 0 0 0 0 0 9 0 0 0 0 0 0 0 0 0 0 0 0 0 0 0 0 0 0 0 0 0 0 0 0 0 0 0 0 0 0
6.6 0 0 0 0 0 0 0 0.2 0 0 0 0 0 0 0 0 0 0 0 0 0 0 0 0 0 10 5 4 4 0 0 0 0 0 0 0 0.2 0 0
0 0.8 5.4 12.8 0.2 0 0.2 6 8.8 1 9.2 4 12.8 1.2 15.6 33.8 0 1.2 0 11.2 12.4 0.4 8.6 0 0 0 6.6 0.4 1.8 0 8.6 0 0 0.2 0.4 0 0 0 0 17.4
0.2 0 0 0 0 0 0 0 0 0 0 0 0 0 0 0 0 0 16.2 0 0 0 0 0 0 0 0 0 0 0 0 2.6 0 0 0 0 0 0 0 0
0 5.2 0 0 0 2 0 0 0 0 0 0 9.4 0 0.6 0 0 0 0 0 3 0.2 0 0 4.8 0 0.2 0 0 0 0 0 0 0 0 0 0 3.6 0 0
0 0 8.6 0 0 3.4 0 2.8 0 0 0 0 0 0 0 0 0 0 0 0.2 0 0 1 0 0 0 0 0 0 0 4 0 0 0 0.2 0 4.4 0 0 0.4
0 0 0 0.2 0.2 0 0 0 0.2 0 0.2 0 4 0.2 0.4 3.6 0 0 0 0.4 4 0 0 0 0 0 0 0 0 0 10 0 0 0.2 0 4 0 6.4 0 0
0 2.8 3.6 0.4 0 0 0 0 0 0 0 0 0 2.8 0 0 0.2 0 0 1.6 0 0 0 0 2.8 0 0.4 3.4 0 0 0 0 0 0 0 0 0 0 0 0
0.2 0.4 0 0 0 0 6.8 0 2.8 0 0 0 0 0 0 0 0 0 0.4 0 0 0.2 0 0 0.2 0 0 0 0 0 0 0 0 0 0 0 0 0 0 0
0 0.6 0 6.8 0 0.2 0 0 0 0 0.2 0 0 0 0 0 0.6 0 0 0 0 16 3 0 0 0 4.4 0 0 0 0 0 0 0.2 0 0 0 0 0 0
0 0 0 0 0 0 0 0 0 0 0 0 0 0 4 0.4 0 0 0 0 0 0 0 0 0 0 0 0 0 0 7.4 0 0 0.2 0 0 0 0 0 0
0 0 0 0 0 0 0 0.8 0 0 0 0 0 0 0 0 0 0 0 0 0 0 0 0 0 0 0 0 0 0 0 0 0 0 0 0 0 0 2.2 0
1.2 0 0 0 0 0 0 0 0 0 0 0 0 0 0 0 0 0 0 0 0 0 0 1.8 0 0 0 0 0 0 0 0 0 0 0 0 0 0 0 0
0 0 0 0 0 0 0 0 0 0 0 0 0 0 0 0 0 0 0 0 0 0 0 0 0 0 0 0 0 0 0 5 0 0 0 0 0 0 0 0
