0 7.4 0.8 15.4 8.2 6 10.2 3.6 0 0 0.2 0 0.2 8.2 15 0 0.2 4.4 0.2 9.8 4.6 4.4 4.2 17.4 0 5 0.6 0 2.8 0 0 19.6 15.4 9.6 0 0.6 0 0 3.4 12.6
0 0 0 0 20.4 0 0 0 0 16.4 0.2 0 0 0 0.2 0 0 0 0 0 0 0 0 32.6 0 3.2 0 0 0 0 0.8 0 0 0.2 0 0 0 0 0 0
10.2 0 0.2 0 0 0 0 0 0 18.2 0 0.6 0 0 1.8 0 0 0 0 0 0 0 0 0 0 0.2 3.4 0.4 0 0 0 0 0 5.4 0 10.6 0 0 0 0
0 0 0 0 0 0 0 0 0 7.6 0 0 0 0 0 0 0 0 0 0 0 0 0.2 0 0 0 0 0 0 0 0 0 2.4 0 0 14.4 0 0.4 0 0
0 0.2 0 9.2 0 7.6 7 6.2 0.8 0 0 0.2 0 10.8 9.2 0 0 0 0 0 4.8 5.2 17 0 0 1.4 0 1 11.8 4.2 0 0 3.8 0 4.2 0 0 15.4 5 5
0.2 0.4 13.8 0 0 0 0 4.2 10 7 0.6 8.6 0 0 0 0 0 0 0.2 13 0.2 5.8 0 0.2 11.2 1.2 0 0 0 0 8.6 37 0.2 12 0 0 0 35.8 9.8 22
0.2 0 0 14.6 0 0 17.2 13.2 4.6 0 0 12.4 4 30.6 0.2 9.2 21.2 0.4 7.2 0.2 0 0.8 0.2 0 23.8 0 0.2 0.8 39 36 5.8 40.2 0 4.6 0 3 1.8 0.4 13.2 41
0 0.2 0 0 0 0 7.4 0 0 1 0 0 0 0 0 0 0 3 0 0 0 0 4.2 0 0 0 2.6 3.4 0 0 0 0 18.4 0 0 0 0 0 0.2 11.6
0 0 0 0 7.6 0 0.6 0 0 0.6 0 0 0 0 0.2 0 0 0 0 0 4 0 0 0 0 0 0 0 0 0 0 9 0 0 0 0 0 0 0 0
0 0 0 0 0 0.2 0 0 0 0 0 4 0.2 0 0 0 9 0 0 6 0 6.2 7.4 0.2 0 10.8 0.2 38.2 0 0 11.2 35 0 1.2 0 11.8 13.6 0 6 15.8
0 7.2 0.2 1 3.6 15.8 0 4.4 0 20.8 0 0 0 6 0 11 1.4 10.6 7 0.2 8.6 12.4 0.2 0 0 9.8 0 0.4 28.4 0 0 0 1.8 0 0 0 0 0 0.2 19
0 0.2 0.2 2.4 0 15.4 0 0 0 0 11.6 0 0 0 0 0 0 0 0 0 0 0 0 0 0 0 0 0.4 3.6 0 5 0 3 0 4 0 0 0 0 0.2
18.8 6.8 0 16.4 7.4 0 1.8 2.2 25.8 53 27 1.6 0 10.2 0.2 0.4 10 13.8 0.6 14.6 38.6 38 2.2 2.2 15.6 0 0 0 0 19.6 0 17.8 22 11.2 21.8 13.6 17.6 37.4 14.2 9.6
0 0 19.4 0 0 0 0 0 6.8 3.6 0 0.2 0 0 0 5.4 0 0 0 7.2 0 0 0.4 0 0 0 0 11.2 0 0 0.2 0 0.6 8.4 0 0 0 5 0 0.6
3 0 0 0 15 0 0.2 4.8 0 22 0 0 11.8 0 14 4.4 0 0 0 0 0 0 0 16.8 0 0.2 0 0 0 0 8.8 0 0 12 0 6 0 0 0 0
3 0.2 5.4 0 12.4 35.4 0 0 0.6 0 0 0 0.2 0 0 0 3 0 5.2 0 0 4.2 2.2 0 0 4.6 0 8.4 0 0.2 0 5.4 0 0.8 6.2 0 41.4 0 7.2 0
0 0 0.2 0 3.4 0 0 0 0 0 0 0 0.8 0 1.6 0 0 0 0 0 0 0 0 11.8 0 0.2 0 0 0 0 0 0 0 0 0 2 0 0 0 0
3.2 7.8 0 0 0 48 0 6.8 37.8 0 5.8 16.8 0 3.8 0 0 0.4 1.6 0.4 12.6 6.2 0 0.4 5.8 19 25.8 0 0 1 0 0 21.2 0 7.2 8.2 0 10 17.2 11.8 0.2
4.2 0 0.4 0 0 6.4 0 0 0 9.4 0 0 0 0 0 0 0 0 0 0.2 0 0 0 0 0 0 0 0 0 0 0.8 0 0 0 0 2.4 0 0.2 0 0
0 0 0 1.8 5.8 3.4 0 0.2 0 0 0 0 0 0.6 0.4 0 0 1 2.4 0 0 0 16.6 0 0 0 0 1.6 0 0 0 0.2 0 0 0.2 0 0 0.8 0 0
11.8 0 0 8.2 0.4 0 0 0 0 5 0 0 3.6 1.4 0 0.4 0 2.6 5 0 0 5.6 0 6.8 0 0 0 0 0 45.4 0 0 0 0 5 18.8 0 0 0 0
0 0 0 10.6 0.2 7.4 3.8 5.2 0 0 0 0 0 10.4 0 0.8 0 6.2 15.4 0 1.4 1.6 0.4 0 0 0 0 19 0.2 7.6 0 0 6.2 0 4.8 0.6 0 0 1.2 0
0 0 0 8 0.4 17.8 0 0 1.4 0 8.4 0 0 0 5.6 4.2 0 0 3.2 18.6 0.2 11.2 35.8 32.8 0 0 0 0.2 0 0 0 0.2 0 0 0.8 0 0 0 9.2 3
0 0 0 5 0.2 0 0 0 0 0 0.8 0.4 0 0.2 7.4 0 0 0.2 0.4 0 3.4 11 0 0.2 0 0 10.8 16.6 27 0 0.2 4.2 0 0 0 2.4 0 7.4 0.2 0
0 0 2.4 0 0 0 0 0 0.2 0 0 3.4 0 0 0 0 0 0 0 0 0.4 0 0 0.4 4.6 3.6 0 0 0 0 0 13.6 11.2 0 1 0 0 7.4 3.4 0.4
0 0 0 0 0 0 1.8 0 0 16.8 0 0 15.6 0 34.6 4 0 0 0 0 0 0 0 0 0 0 0 0 0 0.2 9.2 0 0 10.2 0 0.4 0 0.2 0 0
0 0 0 0 0 0 0 0 0 0 0.2 0.2 6.6 0 0 0 0.4 0 0 0 0 0 0.2 11.4 0 0 0 0 0 0 0 0 0 0 0 0 0 0 0 0
0 0 4.4 0 0 0 9.2 0 0 0.4 0 0 0 0 0 7.8 0 0 0 0 0 0 0.2 0 0 0 0 0.2 1.4 10.4 0 0 8.8 0 0 0 0.4 9.8 9 0
0 0 0 0 0 0 0 0 0 0 6.6 0.6 0 0 0 0 0 0 0 0 0 0 0 0 5 0 0 0 0 0 0 0.6 0 0 0 10.4 0.8 0 0 0
0 0 0 0 0 0 0 0 0 24.2 0 0 0 4 0 0 0 0 0 0 0 0 0.4 0 0 0 0 9.4 0 0 0 0 0 0 0 1 0 0 0 0
5.8 0 0 0 0 0 0 0 0 4.8 0 0 0 0 0 0 0 0 0 11.2 0 0 0 0.4 3 0 0 0 0 0 0 5 0 0 0 6.8 0 0 0 0
0 0 0.2 0 0.2 0 0 0 0 1.6 0 0 10.8 0 9.6 0 0 0 0 0 0 0 0 0 0 0 0 0 0 0 1 0 0 12 0 8.6 0 0 0 0
7.4 0 0 0 0 0 0 0 0 0.2 0 0 0 0 0.2 0 0 0 0 0 0 0 0 0 0 0 0 0 0 0.2 0 0 0 0 0 17 0 0 0 0
4.6 0 0 0 0 0 0 0 0 10.6 0 0 0 0 0 0 0 0 0 0 0 0 0 0 0 0 0 0 0 0 0 0 0 0.2 0 0.6 0 0 0 0
7.8 0 0 0 0 0 0 0 0 0 0 0 0 0 0 0 0 0 0 0 0 0 0 0 0 0 0 0 0.2 0 0 0 0 0 0 16 0 0 0 0
3 0 0 0 0 0 0 0 0 0 0 0 0 0 0 0 0 0 0 0 0 0 0 0 0 0 0 0 0 0 0 0 0 0 0 28 0 0 0 0
0 0 0.8 0 0 0 0 0 0 0 0 0 0 12 11.6 0 5.4 6.6 0 0 0 0 0 0 0 0 0 0 0 0 0 0 21.6 0 0 0 0 0 0 0
4.8 0 0 0 1.6 0.2 0.2 4.6 0 0.4 0 0.2 0 8.2 12.2 15.4 0 0.4 10 0 2.6 0 11.2 0.2 0 0 0 0 14.8 2.8 0 0 6 0 5.6 0.4 0 0 0 0.2
0 0 0 0 0 0 7.6 0 0 0.2 0 0.2 0 0 0.2 0 0 0 0 0 0 0 0 8.8 0 0 0 0 0 0 0 0 0 0 0 0 0 0 0 0
8.8 0 0 0 0 0 0 0 0 11 0 0 0 0 0 0 0 0 0 0 0 0 0 0 0 0 0 0 0 0 0 0 0 0 0 6.2 0 0 0 0
0 2 0.2 0 0 0.2 0 0 0 0 0 0 0 0 0 0 0 0 0 0.2 0 11.6 0 0 0 0 0 0.2 0.2 0 0 0.2 0 0 0 0 0 16.6 0 12.6
0 12.2 0 0 18.8 0 0 0 0 0 0 7.4 11 0 0 5.4 0 0 0 0 12 0.8 12.2 0.2 0 7.2 3.2 0 0 2.4 0 0.2 21.6 0 8.4 0 14.6 0 8.4 0
4.2 17.2 0 8.6 11.4 12 0 5.2 0.2 8 0 16 15 10.2 0.8 0 0 11.8 8.8 0 0 0 1.4 0.2 0 4.6 29.2 0 1.2 0 2 3.8 4 0 0.8 0 7 0 0 1.4
0.6 0 0 2.4 0 7.8 11 0.8 0 0 0 0.4 9.2 0 21.6 0 0 0 7.2 0 0.2 11.6 37.6 0 0 0.8 1.4 0 0 6.6 0 0 0 0 1.2 0 0 0 0.6 0
0 0.8 0 0 10.8 0 0 0 0 0 0 0 0 0 0 15.8 0 2.4 0.4 0 0 0 0.2 5.6 0 0 0 0 0 0 0 0 0 0 0 0 0 0 0 0
0 0 0 0 0 0 0 0.8 0 0 0 0 3.2 0 4 0 0 0 0 0 0 0 0 0 0 0 0 0 0 0 0 0 0 0 0 3 0 0 0 0
0 0 0 0 0 0 0 0 0 0.4 0 0 0 0 0 0 0 0 0 0 0 0 0 3.8 0 0 0 0 0 0 0 0 0 0 0 12.8 0 0 0 0
0 0 0 0 0 27.2 0 0 0 0.8 0.2 0 0 0 0 0 0 0 0 0 4.2 0 0 0 0 0 0 0.6 16 0 0 22.8 0 0 0 0 0 0 0 5.2
7 2.6 0 2.6 0 0.4 0 7 0 0 2.6 5.6 0 4.2 0 0.2 4 4.4 10.2 9.6 0.2 0 5.4 0 5.6 3.6 0 0 0 0.6 0 0 0 0.8 12.6 0 0 0 4.6 2.2
6.2 0 0 0 0 0 0 0 0 0 1 0 0 0 0 0 0 6.2 0 0 0 0 0 7.2 0 0 0 0 0 0 0 0 0 5.8 0 3.6 0 0 0 0
0 8 0 0 0 0.4 0 0 3.8 0 0 0 0 0 0 0 0 0 0 7.2 0 0 0.4 0 0 0 0.2 0 0 0 0 0 0 0 0 0 0 0 0 0
0 0 0.2 0 23.4 0 2.6 0 0 0 0 0 0.2 0 0.2 9 0 5.4 0 0 0 0 0.4 17.8 0 0 14 0 13.4 0 0 0 0 0 0 0 0 0 0 0.4
0 0 0 0 0.2 0 0 4.2 0 0 9.2 0 22.2 0.2 0 0 0 0 0 0 0 0 0 0 0 0 0 0 0.2 0 0 0 0.6 0 0 0 0 0 0 0.2
0 0 0 0 19.2 0 0 0 0 13.8 0 0.2 0 0 15.8 3.6 0 4.2 0 0 0 0 0 0 0 0 0 0 0.2 0 0 0 0 0 0 0 0 0 0 0
0 0 0 0 0 0 0 0 0 0 0 0 0 0 14 0 0 0 0 0 0 0 0 0 0 0 0 0 0 0 0 0 0 0 0 0 0 0 0 0
0 0.4 0.2 13.4 1.8 2.4 0.2 4.4 0 0 0 0.6 0 9.8 0 7.6 0 0 4 0 14 1.2 0.6 0 0 0 0 0 20.2 5.2 4 0 19 0 14 0 0 10 0 0
2.6 0 2 0.2 9.2 0 0 0 0 0 10.6 0 4.2 0 20.6 5.6 0 23.6 10.4 0 0 0 0 0.8 0 0 9.6 0 0 0 0 0 0 0 0 0 3.4 0 0 0.2
0 0.2 0 0 0 0.4 0 0 13.8 0 14.2 0 0 0.6 0 0 0 0 0.6 14 0 11.6 0.4 0 0 18.6 0 22.8 0 0 0 0 0 11.8 0 6.6 3 0.6 2 13.8
0.2 0 21.4 7.4 25.4 13.4 0 0 16 0 0 0 2 16.8 0.8 0 9 30.4 0 11.6 0 4.4 1.6 0.2 16.8 12.6 6.4 29.4 7 16.6 0 61.8 4.8 7.8 0.2 0 27.6 0.2 20 49.2
8 0 0 0 0 0.2 0 0.2 0 0 0 2.4 0 0 0 1.4 0 6.6 6.2 6.8 0 1 23 0 20.4 19.6 1.6 16.6 0 9.2 4.2 36.4 34.2 0 0 0 0 14 21.6 29.4
0 0 0 0 0 0 0 0 0 5.2 0 0 0 0 0 0 0 0 0 0 0 0 0 0 0 0 0 0 0 0 0 0 0 0 0 11.8 0 0 0 0
4 8.4 25.2 3.6 0 0 0 1.2 0 0 0.6 2.2 6 5.4 13.4 8.2 0 0 7.6 6.6 0 0 0.2 3.8 0 0.4 0 0.2 23.8 6 2.2 4.6 17 7 0 0 8.6 0.2 0 13.6
0 0 0 0 0 0 1.4 0 0 0 0 0 13.6 0 0 0.2 0 0 0 0 0 0 0 12 0 0 0.4 0.2 0 0 0 0 0 14.4 0 7.8 0 0 0 0
0 0 0 0 3.6 45.8 0 0 0 16.2 0 0 0.4 0 0 6.6 0 0 0 5 0.2 43.2 13 10.6 0 0 0 5.2 22.2 0 0 8.6 11 0.2 6.2 0 0 0 1 0
0 12.2 0 0 7.2 0.2 0 0 0.2 0 0 0 0 0 6.6 0 0 0 0 0.2 18.6 0 0.2 0 0 0 0 8.2 0.4 3.6 0 0.4 0 0 5.8 0 0.4 11.2 0 5.6
0 0 0 0 3 0 0 0 0 0 0 0 3 0 26.4 0 0 0.2 0 0 0 0 0 0 0 0 0 0 0 0 0 0 0 8.4 0 0 0 0 0 0
0 0 0 0 3.8 0 0 0 0 0 0 0 0.4 0 0 0 0 5.4 5.2 0 0 0 0 0 0 0 0 0 0.2 0 0 0 0 0 0 0 0 0 0 0
0 0 0 0 0 0 0.4 3 0 0 0 15.4 0.2 0 0 3.4 0 0 0 0 0 0 0 0 0 0 0 2.2 0 0 1.4 0 0 6 0 0 0 0 0 0
3.6 0 11.2 0.8 1.6 0 0 0 0 0 9.8 0 11.8 0 16.8 0 0 0 0 0 0 0 0 0 0 0 0 0 0.4 0.6 0.4 0 0 10.6 0 3.4 0 0 0 0
0 0 0 8.8 0 2 4.2 0 0 0 1.4 0 0 1.8 7 0.6 0 4.8 4.6 0 0.6 6.2 0.8 0 0 0 32 0 0 0 0 0 18.4 0 1 4.2 0 0.4 6.2 0
0 0 0 0 3 0 0 0 0 0 3.4 0 0.8 0 10.2 0 0 0 0 0.6 0 0.4 0 0 0 6.4 0 0 11.2 0 0.4 0 0 0 0 0 0 0 0 0.6
0 0 0 0 8.6 0 2 0 20.6 0 0.2 0 30.8 8.6 0 0.2 4.4 0 0 0 0 0 0 0 0 0.2 0 0.8 18.6 0 0 0 0 0 0 0 0 0 0 26
0 0 0 0 2.2 0 0 0 0 7.6 0 0.2 0 0 0 0 0 0 0 12.4 0.4 0 0 0.4 0 14.2 0 0.2 11.2 0 0 0 0 0 0 0 0 14.2 0 0
3 0 0 0 0.2 0 0.2 0 0 8.4 0 0 0.2 0.2 7 0.2 0 0 0 0 0 0 0 0 0 0 0 0 0 0 0 0 0 0 0 7.6 0 0 0 0
1.8 0.2 0 0 26.8 0.4 0 0.4 0 0 0 0 4.8 0 0 24.8 0 0 0.6 0 0 0 0 8.8 0 0 0 0.2 0 1.4 7.6 0 0 0 0 0 0 0 1.4 6.8
0.2 0 0.2 0.2 0 0.2 0 0 0 0 13.6 1.8 0.2 0.2 3.4 0 0.8 0 0 2.4 1.4 0 0 0 0 9 0 12.6 0 0 0.2 3.2 0 8 4.2 0 0 7.2 0 0
0 0 0 0 0 0 0 0 0 0 8.4 0 0 0.6 6 0 0 2.8 0 0.2 0 0 0 0 0 0 0 0 7.4 4.2 9.2 10.6 0 0 0.4 0 0.2 0 0 0
0 0 0 0 0 0 0 0 0 0 0 0 0 0 3.4 1.6 0 0 0 0 0 0 0 3.2 0 0 0 0 0 0 2 0 0 0 0 2.8 0 0 0 0
16.2 0 0 0 0 0 0 0 0 6.2 0 0 0 0 0 0 0 0 0 0 0 0 0 13.8 0 7.2 0 0 0 0 0 0 0 1.2 0 2.4 0 0 0 0
0.8 1 0 0 0 0 0 0 3.4 0.8 0 0.2 1.2 0.2 0 0 0 0 0 0 0 0 0 1.6 0 0 0.4 0 0 0.2 3.4 0 0 0.4 0 0 0 0.4 1.8 0.2
0 0 0 0 7.8 0 0 0 0 0 8.6 13.2 18.2 0 0 1.2 0.2 0 0.6 0 0 0 0 0.2 0 0 0 0 0 0 0 0 0 0 0 0 0 0 0 4
0 0.2 0 0 1.8 4.6 0 0.4 12 0 0.2 7.4 16.4 0 0.2 6 0 6.2 1.8 0.6 0 2.6 0 0 0 0 8.8 0 0.4 0.4 0 0 6.6 0 0 2.6 0 14.4 18.4 0
0 0 0 0 1.2 0 0 6.4 0 0 0 4.2 0.2 0.8 0 18.4 0 14.4 11.2 0 14.6 0 24.8 0 0 0 0 0 26.4 0 0 0 9.4 0 0 0 11 0 0 0
0 0 0 0 35.4 0 0 0 0 0 0 0.2 0.4 0 0 5 0 14.6 0 3 0 0 0.2 0 0 0 13 0 4.2 0 0 0 0 0 0 1 0 0 0 0
0.6 4.6 0 4.4 0.4 14.8 5 0.2 0 14 3.2 0 6.8 4.8 0 0 0 0 0.2 21 13.2 1.2 1.4 5 35.4 11.2 0 0.2 20 0 15.6 41.6 0.6 0 0 0 9.4 4.6 22 18.6
0 0 0 0 0 0 0 0 0 4 0 0 0 0 0 0 0 0 0 0 0 0 0 0 0 0 0 0 0 0 0 0 0 0 0 12 0 0 0 0
0.6 1.6 16.8 23.4 0.6 14.8 12 19 0 0 0 0 10.8 6.4 0 14.4 4.8 0.2 6.6 0 0 0 0.2 0 0 0 0 27.4 0.2 0 3.2 10 12.2 0.2 12.2 2.2 0 1.6 0.6 9
5 0 0 0 0 0 0 0 0 12.8 0 0 0 0 0 0 0 0 0 0 0 0 0 4.6 0 0 0 0 0 0 0 0 0 0 0 0.6 0 0 0 0
3.6 0.2 0 8.2 0 0 0 0 0 0.2 0 15.4 5.2 0 0.2 0 9.2 0 0 0 0 0 0 8.8 0 5.2 0 0 0 0.4 0 0 0 15.4 0 0 0 0 0 0
3.2 1.4 9.6 0 0 0 0 0 53.4 22 0 5.6 0.6 0.2 0 0 0 0.2 0.6 0 0 0.2 0 8 31.6 14 5.2 19 0.6 0 17.6 55.8 8.8 8 0.2 0 0 0 4 44.2
0 0 0 0 0 16.8 0 0 0 0 0 0 0 0 0 2.2 0.2 0 0 0 0 0 0 0 0.8 0 5.8 19.2 1.8 0 0 30.6 0 0 0 0 3.6 8.8 0 0.2
0 3 21.6 17.6 0 0.4 11.2 6 0 0 33 0 28 10.8 0 17.2 0 11 14.4 13.4 8.8 0 0 0 0 0.8 0 0 0 28.6 0 0.2 2 0 14.2 0.2 24 8 0 12.6
0 0 0 0 0 0 0 1.8 0 0 0 4.2 0 0 5.8 0 0 0.2 0 0 0 0 0 0 0 0 0 0 0 0 0 0 0 0 0 0 0 0 0 0
0 24.8 12.8 32.2 8 0 4.2 20.6 23.2 4.2 28 0 6.4 16 0 0.6 22.2 0 9.2 29.4 0 0 0 0 0.8 0 14.4 0 21.2 9.8 0 13.8 9 16.4 16.6 0 0 0 21.6 7.6
0 0 0 0 17.4 28.4 0 10 1.2 5 5.4 6.8 0.6 3.8 0 9.2 8.8 0 2.2 10.2 0.8 19.8 19.4 0 6.6 20 17.8 0 0 9.8 3 19.2 13.6 0 30.4 0 0 16.6 1 0
0 0 0.4 0 0 0.2 0 0 0 0 0 0 0 11.4 1 0 0 0 0 0 0 3 0 0 0 0 0 31.2 5 5.2 0 4.6 0 0 0 0 0 9 0 0
0 0 0 0 0 0.2 0.2 0 0 0 0 0 0 0 0 0 0 0 4 9.6 0 0 0.8 0 0 0 3 0.2 14.4 0 4.4 6.4 13.6 0 0 0 0 21.2 0 0
0 0 0 0 0 0 0 0 0.2 0 0 0.4 0.2 0 0 0 0 0 0 0 0 0 0 0 0 0 0 0.2 11.2 0 0 0 0 0 0 2.8 0.2 16.6 1.2 0
0 0 20.2 0 23.2 0.2 0 0.2 0 11 1.2 0.2 18.2 0 3.8 0 0.2 12.2 0 0 0 9.8 0.2 0.2 0 0 0.2 0 0.2 0 0 0 0 3.6 0 6.2 0 0 0 0
0.6 0 0 0 0 0 0 0 0 26.2 0 0 0 0 0 0 0 0 0 0 0 0 0 0 0 0 0 0 0 0 0 0 0 0 0 12.2 0 0 0 0
0 0 0 0 25.2 0 0 0 0 0 0 0.4 7.4 0 11.2 0 0 5.8 0 0 0 0 0 0 0 0 0 0 0 0 0 0 0 0 0 0 0 0 0 0
0 5 0.4 7.8 0 11.6 7.8 3.2 0 6.8 0.2 0 0 3.6 0 0 5.6 0 5.2 0 0 18.8 0.6 0.2 0 0.2 0 0.4 0 9 0 0.2 2.2 0 4.2 8.2 0 10.6 9 0.2
0 0 1.8 0 6 0 0 1 0 0 0 0 0 0 10.6 0.4 0 0 0 0 0 0 0 4 0 0 0 0 0 0 0 0 0 0 0 0 0 1.2 0 0
0.4 0 0 0 0.2 0 0 0 0 16 0 0 10.8 0 20 0 0 19 0 0 0 0 0 10.8 0 4.8 0 0 0 0 4 0 0.2 2.8 0 9 0 0 0 0
4.6 0 0 0 0 0 0.2 0 0 12.2 0 0 0 0 0 0 0 0 0 0 0 0 0 0 0 0 0 0 0 0 0 0 0 0 0 22 0 0 0 0
0 0 0 0 0 0 0 0.2 0 0 3.4 11.2 0 0 0 4.6 0 0 0 0 1.2 8 9.4 0 0 0 0 1.4 0 0 0 0 0 0 0 0 0.8 2.8 0 0
8.2 0 0 0 0.2 0 0 0 0 2.6 0 0.4 0 0 0 0 0 0 0 0 0 0 0 0.8 0 0 0 0 0 0 0 0 0 0 0 4.8 0 0 0 0
0 4 0 0 10.2 0.2 0 0 0 7.8 0 0 0 0 9.8 0.8 0 0 0 0 0 0 0 0.2 0 0 0 0 0 0 0 0 0 0 0 0 0 0 0 0
0 9.8 4.4 23 0 5.6 3.6 5.2 0.2 0 1 0 0 21.6 0 10.2 18.8 12.2 1.6 0.2 0.2 17 35.4 0 0 1 0 4.6 4 1.6 0 0 0 0 23.6 4.8 8.4 0 1 0
0.8 0 0.6 16.6 0 0.4 0.6 0 0 16.6 0 0 0 0.2 0 0 21.4 0 0.2 0 12.2 0 0 0 0 0 0 0.4 12.8 0 0 0 21.2 0 7.8 17.8 0.2 0.2 0 0
0 0 0 0 0 0 1.6 0 0 7.4 0 0 0 0 0 0 0 0 0 0 0 0 0 0 0 0 0 0 0 0 0 0 0 0 0 0 0 0 0 0
0 0 0 0 0 0 0 0 0 12.6 0 0 0 0 0 0 0 0 0 4 0 0 0 0 0 0 0 0 0 0 0 0 0 0 0 16.4 0 0 0 0
0.6 0 0 0 0.4 0 0 0 0 0 0 0.8 0.6 0.2 0 0 0.2 7.6 0 0 0 0 0 13.6 0 0 0 0 0.2 0 9.2 0 0 0 0 9.6 0 0 0 0
0 0 0 0 0 0 0 0 0 0 18.4 0 0 0.8 0 0 0.2 0 0 2 0 6.8 0 0 5.2 0 0 0 8.6 0.4 0 4.6 0 0 0 0 0 0 0 7
0 0 0 0 1.4 0 0 0 0 0 13.4 0 5.2 0 0 1.4 4.2 0 0 1.8 0 14.8 0 9.8 2.2 0 0 4.2 6.4 0 0 0 0 0 0 0 0.2 12 0 0
18.6 0.2 0 0 0 0 0 0 6.6 17.8 0.2 0.2 0 0 0 5.6 0 0 0 0 0 3.2 0 6.4 0 0.4 0.2 0 2.4 0.2 11.2 0.2 0 0 0.2 18 7.6 0 0.2 16.6
2.4 0.4 21.6 0 0 0.2 0 0 0 0.6 0 0 9.8 0 1 4.8 4.8 0.2 3.4 0 0 1 12.6 0 0 0 0 0 0 0 0 0 0 0 0 0.2 0 0 0 0
0 0 16.4 0 0 0.4 6.2 0 0 0 0.2 0 0 2.4 0 0 0 0 0 16.8 0 0 0 0 0 2 0 5 0 44 0 24.4 0 5 0 0 2.2 0 0 0
0 0 1.8 0.8 0 0 0 0 0 4.2 12.4 7.4 4.4 0.2 1 20.6 0 11.2 6 0 0 10.6 2.2 0 0 10 0 0 9.4 0.2 2.8 0 13.4 3.2 0 24.4 0 8.8 0 0
0 0 0 0 19.2 0 0 0 0 0 0 0.2 0.6 0 0 9 0 0 0 0 0 0 0 0 0 0 0 0 0 0 0 0 0 0 0 0 0 0 0 0
0 4.4 0 0 0.2 0 0.4 0 0 4 0 0.2 13 0 2.8 0 0 0.2 0 10.8 0 0 0 13.2 0 6.2 0 7.2 2.4 0 0 0.4 0 0 0 0 0 0 0.6 1
0 0 0 0 0 0 0 0 0 4 0 1.6 0 0.2 0 0 0 0 0 0 7 10.6 0.4 0.8 6 0 0 0 3.6 0.2 0 1 0 0 0 0 0.8 0.6 0.2 11
0 0 0 0 0 8.8 0 0 12.2 0 0 1.8 0 0 0 0 0 0 0 0 0 0 0 26 0 0 0 0 2.8 0 1 14.2 0 0 0 0 0 2 0 2.2
0 0 0 0 0 5.6 0 0 0 0 0 0 0 1 0 0 0 0 0 0 0 0 0 0 0 0 0 13.6 0 0 0 0 0 0 0 0 0 12.8 0 0
0 0.2 9.2 15.8 0 19.4 0 6.8 0 2.2 0 0 0 5.4 13.8 0 0.2 0 8.2 0 6.2 9.8 0.8 1 5 3 0 9.8 0.4 0 0 14.6 0.2 0 0 18 0 1 0 0
0 0 0 0 0 0 0.2 0 0 24 0 0 0 0 0 0 0 0 0 0 0 0 0 0 0 0 0 0 0 0 0 0 0 0 0 14.8 0 0 0 0
0 0 0 0 0 0 0 0 0 3.4 0 0 0 10 6.8 0.8 0 0 0 0 0 0 0 0 0 0 0 0 0 0 0 0 0 0 0 0 0 0 0 0
0 15.8 0 7 8.8 2 0 4.8 6.4 7.4 0 0 0.2 7.2 0 0 7.8 0.6 0.2 0 1 0 36.8 0 5.2 0.2 0 0 18.2 0 0 24.8 0.4 0 0.2 4.6 0 0.8 10.2 3.4
2 0 0 0 0 0 0 0 0 12.8 0 0 0 0 0 0 0 0 0 0 0 0 0 0.2 0 0 0 0 0 0 0 0 0 0 0 0 0 0 0 0
11.6 0.2 21.6 7.6 9.2 0.2 14.6 0 0 32.8 0 0.6 0.2 24.6 12 38.8 10 28.2 0 0 0 9.8 0 0 0 0.2 0 1.2 17.8 19.4 0.4 3 9.8 0 13.6 11.4 29.8 0.2 24.2 0
5 0 0 0 0 0 0 0 0 0 0 0 0 0 0.4 0 0 0 0 0 0 0 0 21.4 0 0.2 0 0 0 0 0 0 0 0 0 0 0 0 0 0
0 0.2 0 0 0 4.2 0 0 0 0 13.6 0 0 0 5 0 0 0 0 0 0 0 0 0 0 0 0 0.4 0 0 0 3.6 0 0 0 0 0 0 0 0
0 0 0 0 0 0 0 0 0 8.8 0 0 0 0 0 0 0 0 0 0 0 0 0 0 0 0 0 0 0 0 0 0 0 0 0 13.2 0 0 0 0
0 0 0 0 0 0 0 0 0 4 0 0 0 0 0 0 0 0 0 0 0 0 0 0 0 0 0 0 0 0 0 0 0 0 0 9 0 0 0 0
2.6 1 0.2 0 0 0 3 0 0 0 0 0 0 0 0.4 0 0 0 0 0 0 0 2.6 0 0 0 0 0.2 0 16 0 0 0 0 0 0 0 0 0 0
0 0 0.2 0 0 0 0 0 9.6 0.2 0 3.6 2.2 0 0 0 0 0 0 0 0 0 0 29.2 0.6 0 8.6 0 0 0 4.6 0 0 0 0 0 0 0.2 0 0
0.2 0 0.2 0 0 0 0 0 0 9.4 0 3.4 0 0 2.8 20.6 0 0 0 0 0 0 0.6 0 0 0 0 4.4 0 0 0 0.2 15.6 0 0 0.2 0 2.2 0 0.2
0 0 0 0 2.6 0 0 0 0 0 8.8 0 0 0 5.6 0 0 0 0 2 0 0 0 0.2 0.8 0 0 5.8 15 0 0 16.4 0 0 0 0 0 0.2 0 11.6
0 0 0 0 0 0 0 0 0 4 0.4 2 0 0 0 0 0 0 0 0 0 0 0 7.6 0 0 0 0 0 0 5 0 0 3 0 0 0 0 0 0
0 0 0 0 0 0 0 0.2 0 4.6 0 0 0.2 0 0 0 0 0 0 0 0 0 0 3.6 0 0 0 0 0 0 0 0 0 0 0 3.4 0 0 0 0
2 0 0 0 7.2 0 0 0 0 0 0.2 0 19.2 0 15.6 23 0 12 0 0 0 0 0 16 0.2 0 0 0 0 0 0 0 0 0 0 9.6 0 0 0 0
2.6 0 0 0 0 0 0 0 0.2 0 0.4 0 0 0 0 0 0 0 0 0 0 0 0 4 0 0 7.4 0 0 0 0 0 0.2 0 0 6.8 0 9.4 0 0
0 0 0 0 0 0 0 0 0 8 0 0 0 0 0 0 0 0 0 0 0 0 0 0 0 0 0 0 0 0 0 0 0 0 0 9 0 0 0 0
14 0 15.8 0 7.6 0 0.2 0.2 0 10.2 0 0.6 10.6 0 8.2 2.6 0 0 0 6.2 0 0 0 7.6 0 7.8 19.2 0 20.6 0 8.4 21.4 0.2 0 0 12 12.4 2.6 0.2 20.4
4.6 4 20.2 13.4 21.2 0 7.2 0.2 4.4 28.6 34.2 0 12.6 0 0 26.2 20 17.4 4.2 0 0 0.2 1.8 0 0 0.4 0 0.2 0 17.6 0 7 3.8 1 11.4 13.4 8.8 5.4 0 1.6
0 0 0 0 0 0 0 0 0 5.2 0 0 0 0 0 0.2 0 0 0 0 0 0 0 0 0 0 0 0 0 0 0 0 0 0 0 15.6 0 0 0 0
0 0 0 0 0 0 0.2 0 0 2 0 0.4 0 0 0.2 0 0 0 0 0.8 0 0 0 3.4 0 0 0 0 0 0 0 0 0 0 0 7 0 0 0 0
0 0 0 0 0 0 0 0 0 0 12.6 0 0 0.2 3.6 0.2 0 0 0 2.4 0 0.8 0 0 0 0 0 0 15.2 0 0 1 0 0 0 0 0 0 5 0
4.4 0 0 0 0 0 0 0 0 5.4 0 0 0 0 0 0 0 0 0 0 0 0 0 1.6 0 0 0 0 0 0 0 0 0 0 0 9.6 0 0 0 0
3.6 0 0.2 0 0 0 0 0 0 4 0 0 0.2 0 4 0 0 0 0 0.8 0 0 0 0 0 0 0 0 0 0 0 0 0 0 0 3.2 0 0 0 0
0 19.2 0 0 0.2 21.8 1.8 0 68 0 0 32.6 0 0 2.2 4.4 8.6 1.6 0 31.4 0.2 0 0 0.4 31.6 22.6 0 0 3.2 2.4 5.4 58 0 12 1.8 0 22.6 1.4 0.4 0.2
0 0 14.4 0 0 0 0.8 19.2 0.2 3 0 15.4 0 0 0 0.6 0 0 0 0 18.8 0 0 0 0.2 0 0 0 17.4 0 0 1 0 0 15.2 0 17.4 4.8 0 11.6
0 0 0.2 0 0 0 0.6 0 0 0 0 0 0 0 6.6 0.2 0 0 0 0 0 0 0 0 0 0 3.2 0 0 0 0 0 0.6 0 0 0.6 0 0 0 0
3 0 0 0 0.2 0 0 0 0 0 5.6 0 0 1 0 0 0 0 0 8.8 0 0 0 0 3 0 0 9 4 0 0 7.2 0 0 0 0.2 0 0 0 0
0 0 0 0 0 0 0 0 0 3.2 0 0 0.2 0 0 0 0 0 0 0 0 0 0 0 0 0 0 0 0 0 0 0 0 0 0 4.6 0 0 0 0
0 0 0.2 0 0 0 0 0 0 0 0 0 0 0 0 0 0 0 0 5.8 0 0 0 0 0 0 0.2 17.8 0 0 0 0 0 0 0 0 0 0 0 0
0 0 0 0 14 0 0 0 0 14 0 0 0 0 4.2 14.8 0 3.6 0.4 0 0 0 0 14.4 0 0 0 0 0 0 0 0 0 0 0 0 0 0.6 0 0
0 0 0.4 0 9.8 9.8 0 0 0.4 0 0.8 0.2 10 0 7.4 1.4 16.2 0.8 0 0 0 11.6 0 12.4 1 4.6 0.2 0 0 0 8.2 0 13.2 6.4 10.6 0 0.2 19 0 10.4
4 0.2 0 0 0 0 0 9.8 0 4.4 0 3 0.8 0 0 0.2 0.8 25.2 4 0 0 0 0.4 5.8 0 0 0 0 0 0 0 0 6.2 0 2.2 10 0 0 0 0
0 0 1.6 0.4 10.2 0.4 5 0 0 0 0 0 22.8 0 8 0.2 7 0.2 0 0 0 10.2 0 0 0 7.2 0.2 9 0 5.4 0 0.2 0 26.6 0 0 0 18 0 0.4
0 0 0 0 0 9.6 0 0 0 1.8 0 0 0.4 0 9.4 0 0 0 0 0 0 0 0 0 0 0 10.6 0.4 0.6 0.2 0 0 0 0 0 0 0 0 0 0
0 0 3.2 0 4.6 0.6 0 0 0 0 0 0 0 0 0 0 0 9 0 0 0 4.8 0 0 0 0 1 0 0 0 0 0 0.2 3.6 0.4 0.4 0 0.2 0 0
0 0 0 0 0 0 0 0 0 12.8 0 0 0 0 1 0 0 0 1 0 0 0 0 0.2 0 0 0 0 0 0 0 0 0 0 0 5 0 0 0 0
0 0 0 0 5.8 0 0 0 0 0 0 0 19.6 0 0.6 16.4 0 15.8 0 0 0 0 0 0 0 0.4 0 0 0 0 0 0 0 0.2 0 3.2 0 0 0 0
3.4 0 0 0 0 0 0.2 0 0 0 0 1 0 0.2 1.8 0.4 0 0 0 0 0 0 0 0 0 0 0 0 10.2 0 0 0 0.4 0 0 0.4 3 0 0 0
0 0 0 0 0 0 0 0 0 7.2 0 0 2 0 0 0.2 0 0 0 0 0 0 0 0 0 0 0 0 0 0 0 0 0 0 0 6.6 0 0 0 0
0.2 0 0 0 0 0.6 0 0 11.8 0 0.4 0 0 0 0 0 0 0 3.2 0 0 0 1.2 0 0 0 11.2 0.2 0 0 0 0 5.4 1.4 0 0 0 0 0 7.4
0 0 0 0 8 0 0 0 0 0 0 0 21 0 2.4 4.8 0 0.2 0 0 0 0 0 2 0 0 0 0 0 0 0 0 0 0 0 0.6 0 0 0 0
0 0 0 0 0 0 0 0 23.6 0 0 0 0 0 0 0 0 0 0 0 0 0 0 0 2.8 0 0.6 0 0 0 0 0.2 0 0 0 18 0.8 0 0 0
0 0 0 0 0 0 0 0 0 4.8 0 0 3.6 0 0 0 0 3 0 0 0 0 0 0 0 0 0 0 0 0 0 0 0 0 0 21.6 0 0 0 0
7 0 0 0 0 0 0 0 0 15 0 0 0 0 0 0 0 0 0 0 0 0 0 0 0 0 0 0 0 0 0 0 0 0 0 0 0 0 0 0
0 0 1 0 0 0 0 0 0 0 0 0 0 0 0 0 0 0 0 0 0 0 0 0 0 0 0 0 0 0 0 5.8 0 0 0 0 0 0 0 0.2
12 0 0 0 0 0 0 0 0 22.2 0 0 0 0 0 0 0 0 0 0 0 0 0 0 0 0.2 0 0 0 0 0 0 0 0 0 9.6 0 0 0 0
0 0 1 13.8 0.2 0 0 4.8 6 0 9 0.2 22.2 0 0.4 0 0 19.6 0 0 39 0 20.8 8.2 0 0 0 0.4 0 0 4 0 0 11 7.2 0 13 0.2 0 0
0 0 0.2 0 2 0 0 0 0 0 0.6 0 0 0 0 0 0 1.4 0 0 0 0 10.2 0 4 0 0 1 0 2.8 0 0 0 1.6 0 0 13.6 0.4 0 0.2
5.6 0 0 0 0 0 0 0 0 4.8 0 0 0 0 11.8 0 0 0 0 0 0 0 0 0 0 0 0 0 0.6 0 4.2 0 0 23.2 0 4.8 0 0 0 0
0 0.2 0 2.4 0 0 3.4 0 0.6 5.6 0.8 0 3.2 0 2 0.2 10.2 0 0 2 0.2 29 0 0 0 0 4 0 13 3 2.6 0 0 0 0 5 19.8 11.8 0 0
2.8 0 20 12.2 21.2 0.2 0.8 0 0 16.2 0 0 24.4 24.2 0 3.6 0 19.6 0 0 0 13.6 34.8 9.2 1 5.8 0 0.8 0 8.4 0 0 19.8 3.4 16.8 4.2 0 0 0 0
0 0 0 0 0 0 0 0 0 12.4 0 0 0 0 0 0 0 0 3 0 0 0 0 0 0 0 0 0 0 0 0 0 0 0 0 8.6 0 0 0 0
0 0 15.8 1.2 0 0.8 8.6 0 0 0 0 0 0 0 0 0 0 0 0 5 1.4 0.6 0.6 0 0 1.2 3 0 0.4 0.8 0 0 0 0 10.4 0 5.2 0 0 0
13.8 0 0.6 0 28.4 0 0 0 0 3.4 0 0 28.8 0 0 7.6 0 12.4 0 1.4 0 0 0 9 0 0 0.4 0 0 2.6 5.2 0.2 0 10.6 0.4 11.6 0 0.6 0 0
0 0.2 0 0 0.4 0 0 0 0 0 0 6.6 0 0 6.4 0 0 0 0 8 0 0.2 0 5 0 0 0 0 2 0 0 0 0 0.2 0 0 0 0 0 0
0 1.8 0.2 0 0 0 3.2 0 0 0 0 0 0 2.8 0 0 15.8 0 0 0 0 0 5.2 0 0 3.4 0 0.4 0 0 0 0 0 0 0 0 0 6 0 0.2
0 20 0 0 0 0 0 0 1.6 0 0.2 10 0 4.4 0 18 5.6 0 0.2 6.2 20.8 13 0 5.4 9 16 8 42.8 13.4 0 9 0 1.4 0.8 0 0 13.8 0 0 10.4
0 0 0 0 0.2 0 0 0 8.8 4 0 14.2 0.2 0 0 0 0 0 0 0 0 0 8.2 4.6 0 0 0.2 0 0 0 0 0.6 0 0 0 0 0 0 0 0
0.4 0 0 0 0 0.2 0 9.8 0 9.4 10 0 5.6 0 0 0 0 10.6 0 0 0 0 0.2 0 0 0 0 0 0 1.8 0 0 0 3 4 6 10 0 0 0
0 15.6 7.8 0 0 9.4 0 0 0 0 0 0 0 0.6 0 0 0 0 0 0 0 0 0.2 0 0 7 7.6 0.2 1.2 0 0 0 0 0 0 0 0 9.4 0 0
0 0 0.4 0 0 0 0 0 6.6 2 0 0 1.6 0 0 0 4.8 0 0 0 0 0 0 0 0 0 8.4 0 19.6 0 0 0 26.6 0 0.2 0 24.8 0 0 0
0.2 0.4 0.2 0 0 6 0 0 1.4 0 0.6 6.8 0 0.2 0 0 0 9.2 0 10.4 0.4 0 0.2 5.4 5.6 13.2 18.2 0 29 0 0.4 25.8 0 0.2 0.2 0 17 13.6 12.4 0
0 0 0 0 6.4 0 0 0 0 25.4 0 0 20.4 0 0 0 0 12.4 0 0 0 0 0 0.2 0 0 0 0 0 0 0 0 0 0.2 0 0 0 0 0 0
0 0 0 0 0 0 0 0 0 17.6 0 0 0 0 0 0 0 0 0 0 0 0 0 0 0 0 0 0 0 0 0 0 0 0 0 0.4 0 0 0 0
0 0 0 3.4 5.2 0 0 0 0 0 0 0 0 0 5.4 0 0 0 0 0 0 0 0 0 0 0 0 0 0.2 0 0 0 0 0.8 0 0 0 0 0 0
0 0 0 9.8 32 0 0 1.8 0 19.8 0.2 0 0.2 8.4 0.4 3.4 0 0 4 0 1.6 2.6 0 0 0 0 4.4 7.8 0 0 3 4.6 0 0 12.8 1.2 0 0 0 0
0 4.4 13.8 7 0 3.8 5.2 5.2 0 0 0 0.4 20.6 6.8 0 0 6.2 6.6 0 0 5 18.2 19.4 0 14.4 2.4 12 0 13.4 0 0 11.8 0 0 12.6 0 13.8 8.8 11.6 20.6
0 0 0.4 0 0 1.6 3.2 0 3 8 0.4 0 0.4 2.8 5.4 0 0.2 3.8 7.6 5.8 0 0 0.4 0 0 12.8 0 0.2 0 7.4 0 0 0 4.4 10.2 6 4.6 3 0.4 0
0 1.2 0 3.8 0 0 0 0 0 0 0 0.2 0 0 2 0 0 0 0 0 3.6 0 0 7.8 0 7.2 0 0 0 0 0 0 0 7.2 0 0 0 0 0 0
0 0 0.6 0 0 0 0 0 0 4 0 0 0 10.8 0 0 0.4 0 0 0 0 0 0.2 0 0 0 0.6 0 0 0 0 0 42.6 0 3 11.8 0 5.6 0.2 0.2
0 0 28.6 0 0 29.2 0 0 3.2 3.8 8 0.4 0 0.2 0.2 4 8.6 7 1.4 0 0 0 10.8 0 0 0.2 0 2.8 25.6 2 0.2 0 0.2 5.4 0 0 0 0.2 0 0
0 0 0 0 0 0 0 0 0 0.8 0 0 2.4 0 1 0.2 0 0 0 0 0 0 0.2 8.8 0 0.2 0 0 0 0.2 0 0 0 11.2 0 0 0 0 0 0
5 0.4 0.8 18 11.6 0.6 0 3.4 0 0 0.4 0 14.8 5.2 0 25 0 8 4 0 0 0 18.4 0 0 0 0 0.8 23.6 0 0 2.8 34 0 25.6 0 10.8 1.8 10.6 1.4
0 3.8 11.6 4.4 0 0.2 8 0 10.8 3 1.8 1 11.6 0 7 0 17.4 0.2 0 14 7.2 24.8 28 0.6 0 33 5.8 0 3.2 22.6 1.4 0.2 0.4 18 1.2 5 21.2 3.8 4.4 4.4
0 0 0 0 0 0.2 0 0 0 0.2 0 0 0 0 5 0 0 0 0 0 0 0 6.4 0 1 0 1.2 0 0.2 0 3.4 0 0 0 0 0 0 0.2 0 0.2
0 0 0 0 7.8 0.2 0 0 0 0 0 0 0.2 0 0.4 9 0 0 0 0 0 0 0 17.8 0 0 0 0 0 0.6 0 0 0 0 0 1 0 0 0 0
4.8 0 0 0 0 0 0 0 0 0 0 0 0 0 0 0.2 0 0 0 0 0 0 0 0.2 0 0 2.2 0.4 0 0 14.8 0 0 0 0 0.4 0 0 0 10
1.6 0 0 0 0 0 0 0 0 10.4 0 0 0 0 0 0 0 0 0 0 0 0 0 0 0 0 0 0 0 0 1.6 0 0 0 0 0.2 0 0 0 0.2
8.2 0 0 0 0 0 0 0 0 8.6 0 0 0 0 0 0 0 0 0 0 0 0 0 0 0 0 0 0.4 0 0 1 0 0 0 0 8.8 0 0 0 0
0 4.4 2.2 0 22.6 0 0.2 5 0.6 0 0 0 18.8 0 6 3.6 0.6 4.4 10.6 0 10.6 22.6 0 10.2 0.6 10.8 0 0 0 0 0 18.4 7.2 0 0 0.2 21.6 3.2 0 3.6
0 0 0 0 0 0 0 3 0 4 0 0 0 0 0 0 0 0 0 0 9 0 0.2 0 0 0 0 0 0.4 0 0 0 0 0 0 0 0 0 0 11.4
0 0 0 0 0 0 0 0 0 0 0 0.6 0 0 8 0 0 0 0 0 0 0 0.4 10 0 0 0 0 0 0 0 0 0 0 0 2 0 0 0 0
0 0 0 0 2.2 0 0 8 2.2 0 0 0 0 0 6 11 0 0.2 0 0 0.4 12.4 16.6 0 0 0 0 0.2 10.6 0 0 14 0.8 0 13.4 6.6 0 27.2 6.6 9.6
0 0 0 0 0 9 0.4 1 4 1 0 0.2 1 0 0 2.8 0 0 0 0 0 0 0 0.8 2.2 0 2.8 0.2 0.4 0 0 0 0 0 0 1.2 0 0 0 0
5 0 0 0 0 0 0 0 0 0 0 0 0 0 0 0 0 0 0 0 0.2 0 0 0 0 4.8 0.4 14.2 0 0 0 4.4 0 0 0 0 0 0 0 0
0 0 0 0 7.6 7.2 0 0 13.8 0 17.2 0 3 0 25.8 1.6 0 0.2 0 0 0 15.8 0 1.8 0 0 0.2 3.2 0 0 0 46.6 0 0 0 2 0 0.4 5.6 1
1.8 0.4 0.2 0 0 0 0.2 0 5.2 0 43.2 0 0 0 6.8 0 0 0 0 13.8 0 0 0 0 0 5.2 0 8.4 5 0 0 19.6 0 0 0 0 0 34.8 0 5.4
0 0 0 0 8 35.6 13.4 0 0 0 0 0 0 0 1.2 0 0 0 0 0 0 12.6 0 0.4 0 0 5.8 10.8 0.4 0.6 0 0 0 0 0 10.6 0 0 4.4 0.2
0 0 8.4 15.2 8 0 0.6 0 0 1.8 24.2 3.8 0 0 3.4 0.2 5 0 0 0 0.4 15.8 8.6 0 0 0 1 0 0 0 7 0 0 0 0 0 11.6 0 0 0
0 0 0 0 4.6 0 0 0 0.2 0 0.2 0 0 13.4 0 4.6 5.8 0 0 0 0 0.4 0 0 0 0 0 0.2 0 0 0.2 0 23.4 0 5.4 1.6 0 0 0 0
0 0 0 0 0 1.2 0 0 0 0.2 19.6 0 0 0.2 0 0 6.6 0 0 0 0 0 0 1.6 4 0 0 0.2 0 0 0 0 0 0 0 0.2 0 16 0.2 0
0 0 0 0 0 0 0 0 0 8.2 0 0 0 0 0.6 0 0 0.2 2.4 7.8 7.2 0 0.6 0 0 0 0.2 0 0 0 0 0 0 0 0 5.8 0 0 0 0
7 0 0 0 0.6 0 0 0 0 0 0 0 0 0 0 0 0 0 0 0 0 0 0 0 0 0 0 0 0 0 0 0 0 0 0 15.4 0 0 0 0
8.8 0 1.8 0 0.4 2.4 0 4.2 0 0 12.4 0 0 2.8 13.8 0 7.2 24.4 0 0 10.4 12.6 0 0 1.2 2 0 0 0 0 0 0 13.2 8.8 0 0 17.6 0 0 0
0 3 0.4 11.2 0.6 28.2 6.6 7 0.4 0 26 0 2.4 26.8 1.4 11.2 7.8 16.8 1.2 0 10.2 9.6 15.6 0 0 0 0.2 0 0.2 0 0 1.2 1 0 54.4 6.2 26 0 0.4 0
0 0 0 0 0 0 0.2 0 0 0 0 0 18 0 2.8 11.8 0.2 2.6 5.8 0 0 0 5 0 0 0 0 0 0 0 0 0 0 1.6 0 12 0 0 0 0
0 0 7.6 0 12.4 0 0 0 0 13.8 0 0 0.2 0 0 0 1.8 0 0.2 0 3.6 0 13.6 0 0 3.2 0 0.2 0 0 2 0 0.2 0 3.6 16.4 7 0 0 0.2
0 0 0 0 0 0 0 0 0.2 0 0 0 0 0 0 0 0 0 0 0 0 0 0 0 4.8 0 0 3 0 0 0 6 4 0 0 0 0 0 0.4 0.6
0 0.6 5.8 0 0.2 0.2 0 0 0 0 0 6.4 0 0.4 2.4 1 0 0 2.8 0.2 0 0.2 0.6 4 0 0 0 0.2 22 0 8 2.2 0 5.6 0 0 0 0.2 0 0
0.6 0 0 0 4.2 0 0 0 0 0 0 0 0.6 0 0.2 2.6 0 7.6 0 0 0 0 0 13.2 0 1.6 0 0 0 0 5.8 0 0 4.4 0 13.2 0 0 0 0
0 0 0 0 0 0 0 0 0 3 0 0 0 0 0 0 0 0 0 0 0 0 0 1 0 0 0 0 0 0 0 0 0 0 0 1 0 0 0 0
0 0 0 0 0 0 0 0 0 21 0.2 0 0 0 0 0 0 0 0 0 0 0 0 0 0 0 0 0 0 0 0 0 0 0 0 4.8 0 0 0 0
0 0 1.4 0 9.8 0 0 13.6 0 0 0 1 4.4 0 0 0 1.2 0 2.4 0.2 7.8 0 44.8 0 0.4 0 0 22 0 0 0 0 0.2 1.2 1.8 0 0 4 12.8 0
0 0 0 0 15 0 0 0 0 0 0 0 0 0 0 0 0 0 0 0 0 0 0 0 0 0 0 0 0 0 0 0 0 0 0 0 0 0 0 0
0 0 0.2 0 0.4 18.6 0 0 0 7 0 0 0 0 2.6 0.4 0 0 0 5.2 0 0 3.4 16.6 0 8 0 0 0 0 0.4 2.6 0 0 0 0 0 5.6 0 0
5 0 0 0 0 17.4 0 6 0 0 13.8 1 0 0 0 0 0 0 4.8 0 0.2 0.2 0 1.4 6.4 16.6 16.6 0 23.8 0.2 0 0 0 0 0 0 0 0 8.6 1
0 11.6 0.8 0.2 0 0 0 7.6 32.6 5.6 0 0.4 0 0 0 10.4 0 0 0.4 0 18 18 22.2 13 28 13.8 19.6 0 0.6 0.2 1.4 60.8 0 8.4 0 6 16.2 2.8 11.6 34.8
0.4 0 0.4 0 0 6.4 0.4 0 0.4 0 0 0 0 0 0.6 0 0 0 0 17.2 0 0 2.2 0 6.8 0.2 0.2 5 13 4 5.2 0 0 0 0 3 0 6.6 0 16
0 0 0 0 0.2 19.2 0.2 0 15.2 0 11.6 0 15.4 0.2 0 1 2.2 0 0 0 0.4 0 20.2 0 3.6 0.4 14.2 0 0 0 0 0.2 0 0 0 0 0.4 0 6.4 0
0 0 0 0 0 0 0 0 0.2 0 0 0 0 0 0 0 0 0 0.8 0.4 0 0 0 6.4 15.6 0.2 0 1.8 0 0 5 20.8 0 0 0 0 0 14.8 0 0
0 0 0 0 6 0 0 0 0.2 3.6 0 6.4 0 0 0 3.6 0 0 0 0 0 0 0 0.2 0 0 0 0.4 0 0 0 0 0 0 0 0.6 0 0 0 0
0 5 0 0 0 0 0 0 12.2 0 6.2 0 0 0 5.6 0.4 0 0.4 5 10.8 1.6 0 0 0 3.8 0 0.2 0.2 0 0 7 55.6 0 0 0 0 0 21.2 0.2 13.6
0 0 0 0 0 0 0 0 0 5 0 0 0 0 0 0 0 0.2 0 0 0 0 0 0 0 0 0 0 0 0 0 0 0 0 0 5.8 0 0 0 0
5.2 0 0 0 0 0 0 0 0 2.4 0 0 0 0 0 0 0 0 0 0 0 0 0 0 0 0 0 0 0 0 0 0 0 0 0 7.4 0 0 0 0
0 0 0 0 6.8 0 0 0 0 0 0.2 0 0 0 0.2 0 0 0 0 0 0 0 0 0 0 0 0 0 0 0 0 0 0 3.8 0 5 0 0 0 0
0 0 0 0 0 0 0 0 6.2 0 0 0 0 0 3 0.4 3 0.2 0 3 6.2 0 0.6 0 0 13.2 0 0.4 0.6 0 4.4 0 0 0 0 0 13.6 5.6 0 11.6
0 6.4 33.8 6.4 1.8 0 0 0 0 4 0 0 4.6 0 0 0.4 0 13.6 16.6 7 33.8 18 0 0.2 0 0 19.2 8.8 0 8.4 10.8 0 0.2 0 8 0 3.8 0 0 8.2
0 0 0 0 0 0 0 2.4 0 0 0 0 0 0 0 10.8 0 0 0.6 0 0 0 0 0 2.2 0 0 0 0 0 0 0 0 0 0 0 0 0 0 0
0 0 27.8 5.4 0 26.2 0.2 6.8 0.4 0 0.8 0 0 0 5.4 0 5.2 1 5.4 0 0.2 17.2 0 0 0 0 12.2 1.6 0 32.2 0 0 2.4 13 6.6 0 0 0 4 0
0 0 0 0 0.6 0 0 0 0 8 0 0 0 0 2.4 0.2 0 0 0 0 0 0 0.4 0.2 0 0 0 0 0.2 0 0 0 0 0 0 0 0 0 0 0
0 0 0 0 0 0 0 0 0 0 0 0 0 0 5.2 0 0 0 0 0 0 0 0 0 0 0 0 0 14.8 0 0 0 0 0 0 0 0 0 0 0
0 0 8.4 0 0 0.2 10.4 0 9.4 1.2 35 6 19.2 0 21 3 10.4 0 0.2 10.4 0 16 0.6 0 0 0 0 0 27.4 2.8 0 0 0.2 12.8 0 0 0.2 0 0.2 0
0 0.6 0 0 0 0 0 0 0 0 0 8.2 0.6 0 6.2 1.4 0 1 0 0.8 0 4.2 3.4 0.2 0 0 0 1.8 0 9.6 0 0.4 0 19.8 0 31.2 0 0 8.6 2
0 0 0 0 33.8 0 0 0 4.4 0 0 0.6 3 0 21.4 5.2 3.2 0 0 4 0 0 0 0 0 0 1.2 0 9.2 0 3.8 0 0 0 0 0 0 4 0 0.2
0 0 0 0 12 0 0 0 0 0 0 0 0 0 0 0 0 0 0 0 0 0 0 11.4 0 0 0 0 0 0 0 0 0 0.6 0 0 0 0 0 0
0 0.2 6.6 0 19 6.8 0 0 16.2 0 21.6 0 0 0.8 10.6 0 0 0 0.2 0 0.4 4.4 11 0 0.8 0 14.2 0.6 0.2 0 0 0 0 0.2 0 16.2 0 0 0 0
0 0 0 0 0 0 10.6 23 0 0 0 0 0 6 0 4.6 4 0 0 0 8 0 34.4 0 6.6 0 18.2 0 2.4 0 0 0 0 0 14.8 0 8.8 3.2 3.8 1.6
0 0 0 0 0.2 0 0 0 0 2 0 0 17.6 0 0 0 0 6.2 0 0 0 0 0 0.4 0 0 0 0 0 16.6 0 0 0 0 0 8.8 0.2 0 3 0
0 0 0 0 31.6 0.4 0.2 0 0.2 0 0 0 14.2 0 0 20.8 15.4 0 0 0 17.2 0.2 17.6 0 0 0 0 12.8 0 13.8 0 0.2 31.8 4 16.4 0 30.2 0 0 0
4.8 8.2 0 0 0 0 0 0 2 0 0 0 0 0 4.6 0 0 0 0 0.4 0 0 0 2.8 0 15.2 0 1.2 0 0 0 0 0 18.8 0 4 0 0 0 0
0 0 0 0 0 0 0 0 0 0 0 0 0 0 0 0 0 0 0 0 0 0 0 0 0 0 0 0 0 0 0 0 0 0 0 4 0 0 0 0
0 0 0 1.6 10.8 0 0 1.4 0 0 0.2 0.2 0 0 0 0 0.4 0 0 2 0 2 1.6 5 0.2 0 0 0 9.6 3.8 0 0 0 0 0 0 0 1 3.2 0
5 0 0.2 0 0 0 0 0 0 5.4 0 0 0 0 0 0 0 0 0 0 0 0 0 0 0 0 0 0 0 0 0 0 0 0 0 6.4 0 0 0 0
0 0 0 0 0 0 0 0 0 0 0 0 0 0 0 0 0 10.8 0 0 0 0 0 0 0 0 0 0 0 0 0 0 0 0 0 15.2 0 0 0 0
0 12.4 5.4 0.4 0.2 0 0 1 0 0 9.4 0 0 0 0 3 0.4 10.2 0.8 0.2 9 1 26.4 0.2 13.4 0.4 7.8 0 4.4 0.4 0 0 0.2 0 5.6 0.6 0.4 0.4 7.6 0.6
0 3.6 0 0 0 0 0 0 0 14.6 0 0 0 0.2 7.6 2 0 0 0 0 1.2 0 0 4.2 0 0 36.4 0 0.2 0 0 6.2 0 0 0 3.8 0 0.2 0 44.8
4 26.4 0 14.2 0 23.6 0 0 0.2 0 6.8 0.2 0 0 0.6 0 0 0 0 6.6 0 0 0 14.6 5.2 3.6 0.2 1.6 0.2 14 0.4 0.2 0 13.2 0.2 4.4 0 10.6 0 1
0 0 0 0.2 7.2 0 0 0 0 2 0 0 0 0 0 0 0 12.2 0 0 0 0 0 0 0 0 0 0 0 0 0 0 0 1.6 0 7.8 0 0 0 0
0 0 0 0 0 0 0 0 0 0 0 2.8 0.2 0 0 0 0 0 0 0 0 0 0 19.4 0 0 0 0 0 0 0 0 0 1.6 0 0 0 0 0 0
0 0 20.6 12.2 0 0 2.8 2 0 0 9.4 0 0 20.4 0 10 27.4 0 9 0 0.4 10.8 12.4 7 0 0 0.4 1.8 0 0 1.2 0 34 0 0 0 0.2 0 0 0
2.8 0 0.6 16.8 0 0.6 0 1.6 3.8 0 24.4 0 0 21.4 14 7.8 20.2 10.6 1.2 0 9.6 21 0 7.8 0 12 4.4 1.4 0 4.2 0 0 5.4 0.2 16.4 0 21.8 0 0 0
0 7.4 10.6 1.2 0 0.4 0 1.6 20 6.4 0 1.4 0.6 5.2 0 0 12.8 4.6 1.4 7 17 27.6 0.2 0 6.4 0.8 0 5.6 34 0 0 0 0 8.4 4.2 0 0.8 4.8 0 45.6
3 4.8 0 3.2 0 0 0 1.2 0 0 0 0 0 10.8 15.8 0 14 12.2 0 0 19.4 0 0 4.4 0 11.4 0 0.4 0 31 0 0 0.2 8.6 0 0 0.8 0 8.2 2.6
0 0.4 0 0 0 25.8 0 0.4 18.4 0 2.4 4.8 3 2.8 0 17.4 0 0.2 0 0 24.6 0 0 22.2 8.4 0.4 0 8.8 0 8 0 61 0 0 4 0 20.6 0.4 0.6 22.4
0 0 0 0 0 0.4 0 0 1 0 25.4 0 0 0 0 0 0 0 0 0 0 10.2 22.2 0 3.8 0 0 0 0.2 0 0 1.4 0 0 0 0 0 6.4 0 0
0 0 0 0 0 0 0 0 0 15 0 0 0 0 0 0 0 0 0 0 0 0 0 0 0 0 0 0 0 0 0 0 0 0 0 0 0 0 0 0
0 0 0 0 26.4 7.6 0 0 0 3.2 1.2 0 26 0 0 0 0 9.2 0.2 0 0 0 0 0.8 0 0 7 0 9 0.4 0 0 0 0 0 0 0 0 0 0
0 0 0 0 0.4 11.6 3.2 0 0 0 0 0 0 4.2 7.6 4.8 0 0 0.4 0 3 0 16 0.2 0 0 2.2 1.4 0 0 0.2 0 0 0 0 0 0 0 5.8 0
0.6 24.8 31.4 19.6 0.6 0 6.4 6.4 20.8 17.6 26.2 0.8 7.6 14 18.4 32.4 25.8 6.4 13.6 9.2 13.8 4.6 2.2 0 0 4.6 0 0.2 0.2 12.4 6 0 0 2.6 37.4 12.2 8.8 16.8 15.2 1.4
0 0 0 0 9.6 0 0 0 0 0 0 0 17.2 0 0.4 2.6 0 0 0.8 0 0 0 0.4 0 0 0.2 0 0 0 0.4 0 0 4.4 21.8 0 0.2 0 0 0 0
4.8 0 0 0 0 0 0 0 0 24.6 0 0 0 0 0 0 0 0 0 0 0 0 0 0 0 0 0 0 0 0 0 0 0 0 0 7.6 0 0 0 0
0.2 3.4 0.2 12.6 2.6 0 6.6 1 5.6 5.2 5.4 0 8 16.2 14.8 11 24.8 0 18.8 30.8 22.2 7.8 0.2 8.8 4.8 15.8 1.2 0 0 13.4 0 0 0 2.4 12.8 0 17.4 20 3.6 7.4
1.2 9.2 0 33.4 4.6 0 0 9.4 0 10.4 17.2 0 6.6 17.6 0.6 0 22 0.6 0.2 2.8 47.2 0 10 0 0 0.2 0.2 0.2 15.4 5.4 0 0.2 7.6 4.6 11.6 2.8 0 0.2 4.6 0
0 0 0 0 0 0 0 0.2 0 9.4 0 0 0 0 0 0.2 0 0 0 0 0 0 0 0 0 0 0 0 0 0 0 0 0 0 0 14.2 0 0 0 0
4 0 0 0.2 0 0 0 0 0 0 0 0 0 0 4 0 0 0 0 0 0 0 0 0 0 0 0 0 0 0 0 0 0 3 0 8.8 0 0 0 0
0 0.2 4.4 0 0 1 0 21.8 0 0 5.6 0.4 0 0.6 0 8 0 0 0 0 0 0.2 0 0 0 0 0 0 1 0 0 0 0 0 0 0 0 23.8 0 0
7.2 0 0 0 0.2 0 0 0 0 35.6 0 0 0 0 0 0 0 0 0 0 0 0 0 0 0 0 0 0 0 0 0 0 0 0 0 11 0 0 0 0
4 0 0 0 0 0 0 0 0 0.2 0 0 0 0 0 0 0 0 0 0 0 1 0.4 8.8 0 4 0 0 0 0 0 3.6 0 0 0 0 0 0 0 0
27.2 12.2 0 3 14 9.8 0.4 0 3 11.6 0 0 10.6 10.2 0 7.8 0.4 0 0 0 14.6 0 36 13.4 0 0 4.8 0.2 3.2 0 5.6 0 0 0 28.8 17.8 0 9.4 0.2 27.8
0 0 0 0 0 0 0 0 0 0 0 23.4 9.4 0 1 0.2 3.4 0.4 0 0 0 0 0 0 0 0 0 0 0 4 0 0 0 0 0 4 0.4 3.8 0 0
8.4 0.4 0 0.2 0 0.8 0.2 0.2 0 10.6 4.4 0.2 0 0 0 0 0 3.8 0 0.2 0 2.6 0 1.6 0.2 2 2.6 6.6 3.4 3.2 1.6 0 2.4 0.2 0 0 0.2 1.2 0 18.6
0 0 0 0 0 0 0 2.6 0 0 0 0 0.2 0 1.4 3.4 0 0 0 0 0 0 0.2 0 0 0 0 0 0.2 0 0 0 0 0 0 0 0 0 0 0
0 0 0 0.2 0.4 17.8 8.6 6.4 0 0 0 0 0 0.4 0 14.4 0 0 0 0 0 0 15.6 0 0 0 1.6 0 22 0 0 0.2 2.6 0 4.6 3.8 0 0.4 0 0
0 0 15.8 0 0.4 0.8 0 7.6 0 0.2 6.2 0 16.8 15.6 0 8.2 26 15 0 0 0 8.6 18.2 7.6 0 0 0.2 0 0 15.6 0 0 25 12.4 24.8 0 27 0.2 7.8 0
0 0 0 0 0 1.4 0 0 12.8 0 20.8 0.2 1 0 18 0 0 0 1.8 2.6 0 1.2 0 0 3.2 0 0 0.2 0 0 6 17 0 4.8 0 3.6 0 0 0 0.4
0 25.6 28.8 0 0.8 11.8 0 5.2 13.8 12.2 0 7.4 11.2 13.8 13.8 0 9.4 12.2 9.8 12.6 0 15 0.4 0 11.4 10.2 0 0 2.6 0 10.6 20.2 9.6 4.2 10.6 0 5 4.8 0 0
0 0 3.4 0 0 0 0 0 0 16.2 0 0 22.8 0 4.4 10.4 0 14.2 4.8 0 0 0 0 0 0 0 0 0 0 0 0 0 0.2 9.8 0 12.6 0 0.2 0 0
0 1.8 0.2 11.6 0 2.4 24.6 0.2 0.4 0 0.2 0 3.2 0 3.4 2.6 0 0 11.4 0 12.2 4.8 1.4 0 5.6 12.2 26 0 19.4 0 0 13.4 14.4 0 10.4 0 10.4 0.2 9.4 0.2
8.6 0.6 0.2 0 16.2 0 0 0 0 1.2 0 0 0 0 3.4 0.6 0 0.4 0 7.6 0 0.6 0 0.2 0 0 0 26.6 0.8 0 3.8 27.4 0.6 16.2 0 0 0 1 0 0
0 13.2 0.4 0 2.6 0 2 0 0.4 4.4 9.8 4 0 11.4 28 0 0.2 0.2 0 0 0 0 0 1.2 0 0 0 13.2 6 7.6 4.6 0 0.8 0 0 4 0 24.6 4.4 0
0.4 0 0 0 3.6 3.2 0 14.4 0 0 0 0 9.2 0 6 0 0 0 3.2 0.2 0 0.2 0 0 0 0 0.2 18.2 18.6 0 0 47.6 0 0 0 0 0 15.2 0 0.8
9.2 11.6 0.2 4.6 0 0 0 2.6 31.4 17.8 0.2 7.6 0 3.6 8 0 0 2 0 19.8 0 0.2 3.8 1.8 9.6 15 0 0 0 0 0 28.8 0 25.6 0 11.6 0.2 18.6 0.2 0
5 0 0 0 0.6 0 0 0.2 0 0 0 0 0.2 0 0 0 0 4.8 0 0 0 0 0 0 0 0 0 0 0 0 0 0 0 0 0 6.2 0 0 0 0
0 1 17.6 3.6 0.2 0.6 0.2 0 0 0 16 0 2.2 9.6 15.6 5.4 11.2 1.4 28.8 0 0 0.2 0.2 0 6.6 4.2 0 0.2 23.8 0 0 14.6 25.4 0 22.4 0 21.6 0 19.4 0
0 0 0 0 0 0 0 0 0 5.2 0 0 0 0 0 0.6 0 0 0 0 0 0 0 0 0 0 0 0 0 0 0 0 0 0 0 2.2 0 0 0 0
15.4 2 36.6 15.2 0.2 0 14 12.4 22 0 38 0 6 0 20.4 0 21.6 19.6 0.8 16 17.4 0 0.4 0 0 16.4 0 0 28.2 0.2 4.4 1.4 10 29.8 6.8 9.2 8.2 0.2 1 10.2
0 0 0 0 0.2 0.2 0 0 0 0.2 0 10.2 0 0 0 0 0 0.6 0 0 0 0 0 0 0 0 0 0 0 0 0 0 0 0 0 16.6 0 0 0 0
7.4 3.6 0 0 0 0.4 0 0 6 13.4 23.2 6 0 1.4 5.2 0 4.6 0 0 9.8 1.6 10.8 1.4 0 0 0 0 0 39.2 3.4 17 0.2 0 0 2.6 2.4 0.4 12 0 0
1.4 0 0 0 7 0 0 0 0 0.8 0 0 0 0 0 0 0 0 0 0 0 0 0 1.4 0 0 0 0 0 0 0 0 0 0 0 3.4 0 0 0 0
0 1.2 0 0 0 1.2 18.6 0 0 0 0.8 3.6 0 3.4 10.4 0 0 0 0.2 6.8 6 0.6 11.2 0.4 0 2.2 1.6 0.2 15.4 0 0 0 0 0 0 0.2 0 2.8 0 0.2
2.8 24.2 0 0 12.8 0 0 14.2 2.2 0 1.2 0 18.2 14.4 9.8 5.8 0 0 1.4 39 24.8 46 20.4 6 12.6 3 24.6 1.2 0.4 4 2.8 33.2 21.2 0.2 0 0 0.4 26.8 7.6 22.8
0 0 0 0 0 0 0 0 0 12 0 0 0 0 0 0 0 0 0 0 0 0 0 0 0 0 0 0 0 0 2 0 0 0 0 9 0 0 0 0
1 0 0 0 0 0 0 0 0 0 0 0 0 0 0 0 0 0 0 0 0 0 0 0 0 0 0 0 0 0 0 0 0 0 0 0 0 0 0 0
0 0.2 2.8 0.6 4.8 57.8 0 0.4 0 13.6 0.4 0 1.4 0 0.8 0 5.6 0 0 0 22 0 0.6 0 8 11.6 7 0 19 5.4 0 21.2 0 0 26.4 6.4 27.4 0.4 9 28
0 0 0 3.2 0.2 3.2 0.2 0 39.2 0 0 0 0 0.6 0 0 0 0 0.2 11 2.4 20.2 8 0 12.2 17.6 6.6 12.4 1 0 0 73.2 0.2 6.8 0 0 0.4 37.2 11.4 19.6
0 0.2 0 2 0 20.6 0 6.4 2.2 4.2 0 0 0.4 9.8 4.4 15.2 7 0.6 0 0 0.2 0 4.6 0 14.6 0 0 0 5 0 0 57.4 9.8 0.2 17.4 11.6 0 33.2 20.2 7.8
0 0 19.2 22 37.4 0.2 2.4 12.4 0 0 0.2 1 0 0 1.6 0 23.2 36.8 7.4 0 38.6 0 0 0 0 0 0.2 0 0 0 0 0 0.4 0 20.8 0 5.8 0 16.2 0.2
5 0 0 0 0.2 0 0 0 0 0 0 0 0 4.6 0 0 3.2 0 0 11.4 0 7.4 0 0 0.4 0 0 0 9 0 0 0 0 10.2 0 0.4 0 22.4 0 8.8
0 0 0 0 0 4 0 0 8.4 0 0 0 0 0 0 0 0.2 0 0 17.4 0 0 0 0.2 0 0 0.2 10.4 12.6 0 0 1.8 0 0 0 0 0 0.2 2.6 0
3.8 0 0 0 0 0 0 0 0 2.2 0 0 0 0 0 0 0 0 0 0 0 0 0 0 0 0 0 0 0 0 0 0 0 0 0 25 0 0 0 0
0 11.8 13.6 0 7.6 0 0 0 0 13.2 0 0.6 7.4 0 3.4 0.2 3.8 0 3.4 0 20.6 0 0 0 0.2 0 19.6 0.2 1.4 0 0 17.2 0 6 5 0 17.6 0 2.2 0
0 0 0 0.2 0 0 0 0 0 21.4 0 0 0 0 0 0 0 0 0 0 0 0 0 0.2 0 0 0 0 0 0 1.8 0 0 0 0 5.4 0 0 0 0
0 0 1 0 13.6 0 4.8 7.4 0 0 0 0 11.2 16.6 0.4 6.6 17.2 0 15.4 0 0 0 0.2 0 0 0 0 0 0 0 0 0 34 0 23.4 0.4 0 0 1.6 0.2
0 1 1.4 0 0 0 0 0 24 0.2 12.2 0 0 0.4 0 0 0 0 0 14.4 0 0 0.2 0 2.8 12.2 0.2 0.4 0 0.2 0 33.2 0 4.8 0 0 0.2 9.2 1.6 9.4
0 0 0 0 0 0 0.2 0 0 4.8 15.8 0 0 0 0 0 0 0 0 5.4 0 9.8 0 0.2 0 0 0 0 8.6 0 0 19.6 0 0 0.2 0 0 0.2 0 0.2
0 0 22.2 0 0 0 0 0 0 7.4 0 0 6.2 0.2 0 0 0 3.2 0 7.8 0 0.2 0 0 0 0 0 0 0 0 0 0 0 8.8 0 6 0 0 0 0
13 0 0 0 7.8 0 0 0 0 1 0.6 0.2 5.4 0 14.8 0 0 9.6 0 0 0 0 0 12.8 0 0 0 0 0 0 0 0 0 0 0 25.8 0 0 0 0
0 0 0 0 0.2 12.6 0 0 2.6 6.4 0 0.2 0 0 0.4 0.2 0 0 0 12.8 0 17 0.2 0.2 0 0 0.2 19 0 0 0.2 0 1.8 7.2 3.4 0.2 0 12.6 21.8 3.8
0 0 0 9.4 0 37 0 0 0.8 0 4.2 0 0 1 0 0 0 0 0 0 0 2.2 0 0 17.2 0 10.6 10.8 0.8 5.2 0 20.2 11 0 1.4 0 6 0.6 8.6 0
3.8 18.4 42.4 2.8 0 4.2 0 0 0 0 16.2 0 0 23.6 13.8 0 0.2 4 0 33.4 0 22.8 0.2 17.8 0 29.6 19.2 0 2.6 7.4 0 9 0 17.6 0.4 4.2 0 4.4 0 0
0.2 12.8 2.4 4.8 0 0 0.2 0.4 0 23.2 2.8 0 16 10.2 1.4 0 4.8 0 3.6 5.4 15 11.4 0 0 0 0 9.4 0 0 3.4 0 8.8 17.4 0 28.6 23.8 22.2 0 0.2 0.6
0 0 0.6 0 10 0.2 0 0 0 2.6 0 5.2 0 0.2 1.8 0.8 0 0 0 0 0 0 0 0 0 11 0 0.2 6.2 0.8 0.2 3 0 0 0 5 0 8.2 0 0
0 0 18.2 7.4 0 16.6 0.4 3.4 0 0 0 0 17.8 0 5.8 12.4 0 0 19.4 0 14.6 0 0 4.4 0 0 9 3.4 18.8 0 0 0 3 0 12 0 1.4 0 14.2 1.8
0 5.8 0 0 0 0 0 0 10.6 0 0 0 0 0 0 0 0 0 0 0.4 0 18.4 0 9.6 0.2 5.6 0 0 0.4 0 5 0 0 0 0 5.4 2 0 0 7.6
0 1 44.4 9.6 16.4 0 0 0 0 0 0 0 14.8 13.8 2 5.2 6.2 32.2 13.4 0 0 0 0 0 0 0 1 0.2 0.2 0 0 0 0.4 0 0.8 20 1.4 0 0 0
0 0 0 0 10 0 0 0 0 0 0.2 0 0 0 0 0 0 0 0 0 0 0 0 0 0 0 0 0 0 0 0 4 0 0 0 0 0 15.6 0.2 0
24.2 20.4 0.2 0 0 0.6 10.2 0 10 24.6 22.8 0 9 2.6 0 0 0.2 13.4 0 8.6 0.8 0.8 28.2 0.4 21 10.2 12.6 0.2 14.8 0 17.6 27 8.2 0 0.4 20.2 5 23.8 12.8 0.2
11.2 0 0 0 0 0 0 0 0 5.4 0 0 0 0 0 0.2 0 0 0 0 0 0 0 0 0 0 0 0 0 0 0 0 0 0 0 21.2 0 0 0 0
0 11.6 0.4 18.2 29.2 0 0 7.4 0 0 0 0 0.4 0.4 0 0 13.2 10.6 4.8 0 3.6 0 1.4 0.6 0 0 0 0 0 3 0 0 0 0 2.6 0 0 15.6 0 0
0 0 0 0 12.4 6.6 7 0 0 0 0 0 0.8 2 9.4 2 0 0 0 0 0 0 0 1.6 0 0 0 5.8 0.2 0 0 0.2 0 0 0 0 0 0 0 0
0 17.8 0 0 0 0 0 0 0 0 0 0 0 0 0.4 0 0 0 0 0 0 0 0 3.6 4 0 0 0 0.4 0 0 27 0 0 0 0.4 0 12.4 0 18
0 0 0 5.8 0 16 0 0.6 11.2 1 20 0 0.2 9.4 16 0 0 0 0 10.6 8.6 12 0 0 0 12.6 0.6 13 25 14.6 1.8 54.2 4.4 16.4 1.2 0 24 36.2 12.6 15
0 0 0.8 0 0 9.2 0 0 0 0 0 0 0 0 0 0 0 0 0 0 0 0 36.8 0 0 0 0 0 0.6 0 0 6.6 0 0 0 0 1 0 0 0
0 0 0 0 0 0 0 0 0 8 0 0 0 0 0 0 0 0 0 0 0 0 0 0 0 0 0 0 0 0 0 0 0 0 0 4 0 0 0 0
0 6.2 26.4 0 0 0 0 0 0.2 0.4 0 0.4 16.6 0 0 0 0 4 0 12.6 21 0.4 0 10 9.4 0 14.2 0 27.6 0 0 15.2 0 21 0 5 1 0.4 0 0
0 0 0 0 0.6 0 14 6.8 0 0 5 0.8 0 19.2 7.4 0.4 13.4 6.2 5.2 8.6 0 23.2 0.2 12.6 0 14.2 17.2 22 0 0 9 29 0 7 10 7.4 8.2 29.4 0 0
0 16.2 1 0 1.2 0 0 0.6 0 7.4 0 15.8 12.2 0 11.4 3 0 0 0 0 0.8 0 13 5.4 0 20.6 0 0.2 0 0 0 7.6 0.4 11.4 0.2 0 12.2 19.2 0 0.2
10.8 22.8 1.4 0 0 4.6 0 5.6 0 0 18 11 8.8 0 14.2 0 0.2 0.2 3.6 0 16 3.2 6.6 0 0 11.6 0 0 0 0 0 0 3.4 3.4 6.8 2.2 28.2 0 0 0.4
0.2 0 19.4 6.8 0.2 0.4 0 11.4 0 6.8 39.4 0 0 21.2 10.8 0 21.8 13.6 1.2 0 4.6 0 0 0.6 0 0 23.2 0 0.4 0 0 0.6 34.2 0.2 13.4 17.4 0.2 0 0 0
0 0 14.2 15 16.2 0 5.2 0 0 0 0 0 0.2 0.2 14.8 14 36 13 0.2 0 0 0 23.6 0 0 0 3.8 0 0 0 0.2 0 3.2 6.2 0 7.4 15.6 0.2 11.8 0
0 0 0 0 18.8 0 2 0 0 0 0.2 0 29 0 0 25.6 0 0 1.2 0 0 0 0.2 0 0 0 0 0 0 0 0 0 0 0 0 0 0 0 0 0
3 3 0 0 8.6 0 0 0 0 0 0 0 1.8 0 0 3.6 0 0 0 0 0 0 0 0 0 0 0.2 0 0 0 17.6 0 0.2 0 0 0 0 0 0 0
0 0 0 0 0 21 0 0 0 0 0 0.2 0 0 0.2 0 0 0 0 0 0 0.6 0.2 0 0 0 0.2 17.4 0 0 0 14.8 0 0 0 0.4 0 0 0 0
0 0 0 0 0 0 0 0 0 23.8 0 0 0 0 0 0 0 0 0 0 0 0 0 0 0 0 4 0 0 0 0 0 0 0 0 52.2 0 0 0 0
0 2.4 0 0 0 0 0 0 0 0 20.2 0 0 0 0 0 0 0 0 0 0 0 0 0 0 0 0 10.4 6.2 0 0 0 16.2 0 0 0 0 0.6 0 0
0 0 0 0 0 0 0 0 0 11.2 0 0 0 0 0 0 0 0 0 0 0 0 0 0 0 0 0 0 0 0 0 0 0 0.2 0 15.6 0 0 0 0
11.2 22.4 0.2 0 1 0 1.4 0 38.2 0 0.2 12.8 6.4 0.2 6 0 0 0 0 15 0.2 3.4 7.6 9.6 1.4 24.2 8.2 0.6 2.4 0 14.4 12.4 0 16.8 0 0 0 12.8 0 23.8
9.4 0 0 0 0 0 0 0 0 0 0 0 0 0.2 0 0 0 0 0 0 0 0 0 7.4 0 0 0 0 0 0 0.6 0 0 0 0 14.4 0 0 0 0
0 0 0 0 0 0 0 0 0 24.4 0 0.6 0 0 0 0 0 0 0 0 0 0 0 0 0 0 0 0 0 0 0 0 0 0 0 7 0 0 0 0
4.6 0 0 0 41.8 0 0.8 0 0 0 0 0 22.6 0.2 0 24.2 0 21.8 0.8 0 0 0 0 0.2 0 0 0 0 0 0 5 0 0 0 0 0 0 0 0 0
6.2 0 0 0 0 0 0 0 7.2 0.4 0 0 0 0 0 0 0 0 0 0 0 2.8 0 0 11.6 15.8 0.4 6.8 0 4.6 0.2 0 0 0 0 0 0 0 0 0
0 0 0 0 0.2 0 0 0 0 0 0 0.6 0 0 13.6 9.4 0.2 0 0 0 0 0 0 5 0 0 0 0 0 0 5 0 0 0 0 0 0 0 0 0
0 0 0 0 7.6 0 0 0 9.8 5 6.8 2.8 3.6 0 4 0 0 0 0 0 0 2.2 0 21.2 0 14.6 0.2 7.4 0.4 0 10.4 10.6 0 0 0 9.8 4.4 1 0 0.2
0 1 0 0.2 0.4 0.2 0 2.6 0 0 15.2 8.4 1 0 0.2 0 11.4 0 0 17.8 2.6 4.6 0 3 19.2 32.4 0 0 0 0.2 5.8 0 0 0 0 4.6 0 19 0 15.2
5 0 0 0 0 0 0 0 0 0 0 0 0 0 0 0 0 0 0 0 0 0 0 0.6 0 0 0 0 0 0 0.4 0 0 0 0 18 0 0 0 0
5 11 0 3.8 0 0 0 0 0.2 0 6 3 3 5.2 19.8 0.2 7.2 10 0 12.8 0.2 29.2 0 0 0 2.4 0 37.2 0 33.8 0 0 18.8 0 13.4 10 8.2 13.4 8.8 16.4
12 0 0 0 0 0 0 0 0 3.8 0 0 0 0 0 0 0 0 0 0.2 0 0 0 0 0 0 0 0 0 0 0 0 0 0 0 6 0 0 0 0
10.2 0 0 0 0 0 0 0 0 20.2 0 0 11 0 0 10.4 0 5 0 0 0 0 0 1 0 0 0 0 0 0.4 0 0 0 0 0.2 11.6 0 0 0 0
0 0 0 0 0 0 11.6 0 0 0 0 0 0 10 0 0 0 0 0 0 0 0 0 0 0 0 0 0 0 13.4 0 0 0 0 0 0 0 0 0 0
4.8 0 0 0 0 0 0.2 0 0 0 0 0 0 5 0.4 0 2.8 0 4 8.2 0 2.2 0 0 0 0 0 0 0 31.2 0 0 4.4 0 0 3.8 0 0 0 0
0 0 0.2 1.6 0 0 6.2 0 0 6.4 0 0 0 0.8 3.4 0 5 0 0 0 0 13.8 0 0 0 0 0.2 0 0 15.2 0 0 0 0 0 0 0 0 0 0
6.6 0 0 0 0 0 0 0.2 0 0 0 0.2 0 0 0.2 0 0 0 1 4.4 0 0 0 0.4 0 4 0 8 0 0 0 0 0 0 0 8.2 0 3.8 0 0
0.2 0 0 0 0.8 0 0.2 0 18 0 8.6 0 0 0 3.4 0 0 0 3.6 0 0.4 0 0.2 0 10 0 0 0 24.4 0 0 0 1 0 0 5.6 0 14 0.6 0
0 0 0.2 0 0.8 18.2 1.6 0 0 0 6.4 0 0.2 0 0.8 0 0 0 0 0 0 9.4 0 0 0 0.4 0.6 16 15.8 1.8 0 0 4.6 0 0.2 0 0 0 0 0
4 0 0.2 4 0 0 0.2 0 1.6 0 13.2 0 0.8 2 0 0 0 0 0 0 0 0.6 0 0 0 0 0 0 0 12.8 0 0 0 4.6 0 9 0 0 6.8 0.2
0 8.2 0.2 6.4 0 21 0 13.2 0 0 6.2 7.4 4.2 0 0 0 2.8 0 19.2 0.2 49 3.2 26 0 5.2 7.4 14.8 0 12.6 0 0 13 23.4 0 8.6 4.6 1.2 8.2 0 12.8
9.2 0 18 0 0 8.4 3.8 19.4 0 0 1 0 37.6 0 0 25.4 21.8 6.8 0 0.4 0 0 1.6 0.2 0 0 9.4 0 50.4 14.8 10.8 7 25.6 3.2 0 0 0 0 0 2.2
0 0 0 0 0 0 0 0 0 6.2 0 0 0 0 0 0 3 0 0 0 0 0 0 0 4 0 0 0.2 0 15.6 0 0 0 0 0 0 3.8 0.2 0 0
0 0 0 0 0 0 0 0 0.2 0 0 9 0 0 0 0 0 0.2 0 0 0 6.2 0 0 0 9.4 0 0 0 0 5.8 0 0 0 0 0 1.6 6.8 0 6.8
0 0 0 0 0 0.2 0 0 0 4.8 0 0.2 0.2 0 0.4 0 0 5 0 0 0 0 0 0.4 0 0 0 2.6 3 1.2 0 0 0 0 0 12 0 0 0 0
0 20.8 32.2 0.4 19.6 0 19.6 13.6 0 0 0 0 37 16.4 0.2 0 17.4 0 0.2 5 19.4 12.2 1.2 10.8 0 1.4 22 0.2 10 0.2 0 0 17.6 1.2 30.2 3.6 34 0.2 22.8 35.6
8.2 0 0 1.2 0 0 1.2 2.8 0 0 24.4 0 0 18.4 0 0 0 0 2 0 0 2 24.8 11.4 6.6 0.4 12.8 24.8 12.6 13.8 0 7.2 15.4 5.8 2.6 0 0.6 5.4 0 22.6
0.2 0 0 0 0 0 0 2.2 0 20.2 15.8 0 0 0 0 0 4 0 0 13 0 19.4 7.6 0 0.2 12.2 9 0.2 0 4.4 0 12.6 0 0 6.2 0 0 16.2 2 25.6
4 0 0 0 3.4 0 5.6 0 0 10 17 17.8 0 0 0 0.4 8.2 0 6.2 20.6 0 0 3.8 0 6.8 8 0.8 0 0.2 0 14.8 11.8 8.6 0 8.8 2 0 0 11.4 16.8
0 0 0 0 0 0 0 0 0 0 11.6 0 0 0 0.6 0 0 0.4 0 0 0 5.6 0 9.6 0 0 0 0 0 0.2 0 10.4 0 0 0 4.8 0 0 0 5.8
0.2 0 0 0 0 0.4 0.6 0 0.2 15.2 13.8 0 0 0 0 0 0 0 0 0 0 3.4 0 6.6 0.4 7.6 6.2 0.2 12.6 0 7 9.8 0 0.2 0 0 0 0 0.6 11
0 0 0 0 0.2 0 0 0 0 15.8 0 0 0 0 0 0 0 0 0 0 0 0 0 0 0 0 0 0 0 0 0 0 0 0 0 27 0 0 0 0
12.2 13.4 0.4 5.4 0 0 0 0 25.6 3.8 6.2 0 0 0 17.6 1.4 0 0 0 54.4 0 0 0.2 4.8 26.8 7.8 0 0.4 0.6 14 5 63.2 5.8 28.2 1.4 0 0 33.8 4.4 10.2
0 0 0.4 0 0.6 0 0 0 0 0 0 0.6 2.8 0 10.2 0 0 11.8 0 0 0 0 0 4.4 0 0 0 0 0 0 0 0.6 0.6 0 0 0 0 0 0 0
8 10.8 0 10 0.2 0.6 0.2 0 1.6 0 36 0 0 3 19.6 0 0 3.8 0.6 8.2 0.2 0.2 0 3.6 4.4 5.2 3 10.2 30 3.8 12.4 0 36.6 35.4 8.4 0 21.8 29.2 12 0
0 0.2 0 0 6.2 0 0 0 0 5 0 0 0 0 0 0.2 0 13 0 0 0 0 0 0 0 0 0 0 0 0 0 0 0 0 8 21.4 0 0 0 0
0 0 12.2 15 0.2 20.6 0 5.4 24.4 0 16.6 0.6 0 0 0.2 1.6 0 0 3.2 19 29 6.2 0 0 21 0.4 0 27.6 11.2 0 0 54.6 0.8 0 0 0 0.4 7.2 9.4 16.2
0 0 0 0 9.4 0 0 0 0 0 0 0 0 0 0 0 0 0 0 0 0 0 0.2 29.4 0 0 0 0 0 0 0 0 0 0 0 0 0 0 0 0
0 0.4 0 2.4 0 1.2 0 0 7.8 0 2.2 0 0.2 0 0 0 0 13.4 2.4 5 0 0 0 0.8 9.2 10.4 16.4 0 15.2 1.4 0 11 0.8 4.2 0 11.6 20.6 0 0.2 15.2
11.4 0 0.2 0.2 3.6 0 0 0.2 9.2 8.2 8.2 0 0 0 5.2 0 0.2 0.4 0.6 0 0 0.2 0.2 0.2 4.8 4.4 0 20.8 0.2 3.6 21 0.2 0 2 0 17 0 11.8 6 0
6 0.2 38.6 19.6 14.8 0 9.6 39.8 17.4 13.6 0 3.4 0 16.2 0 35.2 24.6 10.2 18 0 24.4 0 2.8 0.4 0 0 28.4 0.4 8.4 0.2 0 0 7.4 4.2 41.8 1 2.4 0.4 22.6 0
0 0 11.4 4.4 6.6 17.6 0.2 0 0 0 1.6 2.8 0 34.2 17 5.6 2 0 0 0 1.2 8.4 5.2 0 0 0 7.8 0 0 2.6 0 0 52.8 0 35.4 0 0.2 0 0 0
0 0.2 6.4 0 8.8 1 0 0 0 13.8 0 0.2 0 4 11.6 0.4 0 0 0 0 4.2 0 0.4 0 0 0 0 0 11.2 0 0 0 0 0 0 0.4 0 0.4 0 0
0 0 0.2 0 10.2 0 0 0 0 2 0 0 24.2 0 0 7 0 4.4 0 0.2 0 0 0 0 0 0 0.2 0 0 0.2 0 0 0 4.8 0 6.6 0 0 0 0
0 0 0 0 0 8 0 0 0 17.6 19.6 0 0 0 0.2 0 0 0 0 5.8 0 10 0 0 0 0 19.4 0.6 0.2 0 0 21.4 0 0 0 7.6 0 0 0 5.6
0 10.2 0 24.4 3 0.4 3 9 17.2 0 0 0 0 0 0 6.2 0.4 0 0.6 0 3.4 0 13.8 8.8 10 0 0.8 0 0 0 0 15.8 9.8 0 0.2 0 0.2 0.4 1.2 23.2
4 13.8 1.4 41.6 0.2 23 0 28 0 5 0 0 0.4 8.6 0 23.8 25.2 8.6 7 0 0 26.2 22.2 0 0 0 0 7.6 13.2 15.8 0.2 0 1.4 4.2 13.2 8.8 23 0 8.6 0
0 0 0 0 0.2 0 0 0 0 12.6 0 0 0 0 0 0 0 0 0 0 0 0 0 0 0 0 0 0 0 0 0 0 0 0 0 20.2 0 0 0 0
0.4 0 15 0 25.2 0 0 0 0 7.6 0 3.6 0 0 0 1.4 0 5.4 0.4 0 6.6 0 0 2.2 5.2 4.4 11.8 0.4 29 0 0.6 9.2 0 0.6 8.6 0.2 0 5.6 3.8 25.8
0 0 0 0 0 0 0 0 0 0 7.6 0 17.6 0 0 13.2 1.6 0 0 0.2 0.2 3 0.2 7.2 0 11.2 0 23.8 0 0 0.2 0 0 6 0 0 0 0 0 0
0 0 0 0 6.4 0 0 0 0 0 0 0 43.8 0 9 8.6 0 0 0.6 0 0 0 0 0 0 0 0 0 0 0 0 0 4.6 0 0 0 0 0 0 0
0 0 0.4 0 0 0 0 0 0 24.2 0 0 0 0 0 0 0 0 0 0 4 0 0 0 0 0 0 0 0.6 0 0 0 4 0 0 33.8 0 0 0 0
2 11.6 0.2 37.4 0 0 2 27.8 10.6 5.8 0 3.8 0.2 24 0 0 29.2 0 5.2 11.2 32.8 17.2 21.2 1.4 6.4 6.6 24.4 13.2 0 35.4 6.6 0.6 18.2 0 37.2 0 34.6 3.4 16 35.8
0 19.6 14.4 3.2 0 49.2 0 0 16.4 0 0 6.6 10.6 1 0.2 19.8 0.4 5.8 12.6 29 8.2 0 0 0 28 4.8 9.8 6.4 14.6 18.4 4.8 35 1.8 24.4 8.2 0 0.4 43.6 0 9.8
0 17.8 3.8 0 0 0 0.8 1.2 7.8 13.6 0.4 0 9.8 19 12.2 7.8 8.2 0 3.8 0.2 16.4 1.4 0 4.6 7.6 0 4.6 0.2 41.4 23 0 22.6 25.6 0.2 8.2 3.6 0.4 0.6 12.2 0
0 0 0 0 0 0 0 0 0 22 0 0 0 0 0 0 0 0 0 0 0 0 0 0 0 0 0 0 0 0 0 0 0 0 0 13.8 0 0 0 0.2
4.2 0 0 0 0 0 0 0 10 2.2 8.4 8.4 0 0.2 0 0 0 0 0 15.6 0 20.8 0 4.4 13.4 13 20.2 0 1.4 0 6.6 42.2 0 3.4 0 6.8 4.2 36.4 0 15.2
0 0 0 0 0 0 0 0 0 29 0 0 0 0 0 0 0 0 0 0 0 0 0 0.2 0 0 0 0 0.2 0 0 0 0 0 0 4.6 0 0 0 0
0 8.2 1.2 0 0 0 6.2 4.8 0 0 0 0 0 0 0.8 0.2 4 0 0 0 12.6 0 0 0 0 0 3.6 21 0 0 0.2 0 21.6 0 0.2 0 0 0 0 1.4
0 0 1.2 0 0 0 0 0 0 0 19 3.8 0 0 0.2 0 0 0 0 0 0 0 0 0 0 4.4 0.2 0 0.4 0 4.2 0 16.4 12.4 0 0 0 0 6.8 4
0 0 0 0 2.2 0 0 0 0 7.8 0 15.4 0 0 8.6 0 0 0 0 0 0 0 0.2 0 0 0 0.2 0 0 0 0 0 0 11.8 0 12.8 0 0 0 0
7 0 0 0 0.2 0 0 0 0 22.4 0 0 0 0 0 0 0 0 0.2 0 0 0 0 0 0 0 0 0.2 0 0 0 0 0 0 0 0 0 0 0 0
0 0 0 0 0 0 0 0 0 8.2 14 0 0 0 0 0 0.2 0 0 0 0 0.2 0 0 0 0 0 0 0 0 0 12.8 0 0 0 6.6 0 0 0 0
18.6 60.8 16.2 31.6 0.6 44 0 42 0 44.2 2 16.6 32.2 16.2 16 17.2 12.6 41 30.2 9.6 35.4 22.2 28.6 46.8 0 0.4 28.2 0.8 20.4 30.8 12 0 0 2 52.8 45.6 34.6 0.2 14.6 0
0.4 38.6 0.2 27.2 11.2 9.4 7 24.6 8.8 0.4 8.6 0.2 0 50.8 29.4 0 21.2 3.2 15.8 14.6 20.2 6 9.8 0 0.6 0.2 5.4 8 12.2 24.8 11 7.4 33.6 18.4 44 20 0 8.8 0 14
0 0 0 0 0 0 0 0 0 11.4 0 0 0 0 0.8 0 0 0 0 0 0 0 0 0 0 0 0 0 0 0 0 0 0 0 0 10.8 0 0 0 0
0.2 0 0 0 0 0 0 0 16.6 0 0 0 0 0 7.6 0 0 0 0 0 0 0 0 5 5.8 12.6 0.4 0 0 0 0 0 0 0 0 0 0 3.8 0 0
5 0 0 0 3 0 0 0 8.6 0 0.2 0 0 0 0 0 0 0.2 0 0 0 0 0 22 0 0 0 0 0 0 2.2 0 0 4 0 0.8 0 0 0 0
0 0 23 0 0 0 0 0 13.6 0 36 0 1 0.6 0.6 0 0 0 0 1 0 0 0 6.6 0.2 0 0 0 0 18.6 0 4.8 0 0 0 4.8 0 4 0.2 0
5.2 0 0 0 0.2 0 3.2 0 0 0 0.4 0.8 7.6 0 21.8 9.4 0 0 0 0 0 0 0 16.2 0 0 0 0 0.2 35.4 1 0 0 19.8 0.6 17.2 0 0 0 0
0 0 0.2 0 0.2 0 0 0 0 28.4 0 0 20.4 0 0 0 0 4.4 0 0 0 0 0 0.8 0 0 0 0 0 0 4.4 0 0 0 0 15.2 0 0 0 0
0 0 0 0 0.2 0 0 0 0 2.2 0 4.4 0 0 0 0 0 0 0 0 0 0 0.4 10 0 1 0 6.4 0 0 0 0 0 0 0.2 25 0 0 0 0.2
17.4 0 1 0 0 0 0 0 1.4 20.2 0 0.2 0 31.6 9.4 2.2 20.2 13.6 0 0 0 24.8 0.4 2 0 0 0 23 0 29.4 0 0 28.4 0 0.4 16.6 0 10.2 2.4 0.2
0 0 6.6 0 0 5 0 0 14.8 1 0 0.4 0 0 0 0 0 0 0 0 7.2 0 0 0 21 0 0 8.8 5 0 0 55 0 0 0 4 0 2.6 11.4 24.2
10 0 0 0 0 0 0 0 0 18.8 0 0 0 0 0 0 0 0.2 0 0 0 0 0 0.2 0 0 0 0 0 0 13.2 0 0 0 0 14.6 0 0 0 0
6 0 0 0 0 0 0 0 0 49.6 0 0 0 0 0 0 0 0 0 0 0 0 0 0 0 0 0 0 0 0 0 0 0 0 0 34.4 0 0 0 0
0 33.4 21.6 8.4 17.2 34 0.2 5.4 10.4 0 28.8 14 4.8 11.8 1.2 16.2 8.8 21 1.6 0 1.6 31 1.4 19.2 9 34.8 2 0.2 0.6 16.4 0 31 30 16.8 45.4 0.2 26 11.6 13.4 0.6
6.8 0 0.4 0.6 0 0 0 0 0 0 19.6 0 18.2 0 0 0 0 0 0 0 0 0 0 30.4 0 3.6 0 0 0.4 16.4 11 0 0 0 0 0 0 5.6 0 0
0 0 0 0 0 0 0 0 0 3.2 0 0 0 0 0 0 0 0 0 0 0 0 0 0 0 0 0 0 0 0 0 0 0 0 0 30.8 0 0 0 0
0 0 0 0 15 0 0 1 0 6 1.2 0 7.6 0 23.8 1.8 0 12.2 0 0 0 0 0 0 0 0 0 0 0 0 3.6 0 0 6 0 3.8 0 0 0 0
0 0 0 0.2 0 1.6 0 0 5.6 10.6 2.6 0 0 0 0 0 0 0 0 0 0 0 0.8 0 0 10 1.2 12 0.8 0 1.4 9.4 0 1.4 0 13.8 0.6 0 0 6
0 0 0 0 33.4 0 0 0 0 1 0 0 13 0 0 0 0 18.4 0 0 0 0 0 0 0 0 0 0 0 0.2 0 0 0 0 0 0 0 0 0 0
6.8 29.2 20 17.6 0 46 17.2 12.2 0 10.4 20 0.2 11.2 23.6 21.8 17.6 24.2 19.4 15.4 14.4 30.4 0.6 25.8 0 5 0 10 0 0 18.2 0 0.4 37.2 0 29.4 8.8 0 22 0 0
3.8 7.8 20.8 0 0 0.2 0 23.2 0 4.2 9.6 0 0 6.6 0.2 1.8 8.6 12.6 8.2 0.2 15.4 8.6 0.6 7.4 0 0.2 0 0 0.2 17 0 0 3.6 0 21.4 0 14.8 0 0 0
0 19.8 0.2 6.6 0 0 3.2 0 28.4 0 14.4 0.2 0 0 0.8 9.2 11.8 0 10.2 21.2 25.8 16.8 18.4 28.4 17.4 28.2 17.2 0 31 13.2 4.2 20.8 0 2.4 12.2 0.2 18 5 22.4 5.4
1.2 0 0 0 19.8 0 0 0 0 0 0 13.4 17.4 0 2.2 0 0 0.8 0 0 0 0 0 4.4 0 0.2 0 0 0 0 0 0 0 0 0 3.6 0 0 0 0
0 0 0.2 0 23.2 0 0 0 0 0 0.2 0 0 0 0 0 0 8 0 0 0 0 0 12.2 0 0 0 0 0 0 2 0 0 6.8 0 4.4 0 0 0 0
5 0 0 0 0 0 4 0 5.4 0 0 0 0 0 0 0 0 0 0 8.8 0 0 0 11.8 0 11.6 0 0 0 0 0 0 0 0 0 20.6 0 0 0 5.8
0 0 0 0 13.8 0 0 0 0 6.4 0.4 0.4 7.6 0 0 1.4 0 0 0 0 0 0 0 0 0 0 0 0 0 0 0 0 0 0 1 2 0 0 0 0
2 6.2 8.8 7.4 0 0.2 3.6 0 1 0.4 45.8 0 8.8 9.6 0 0 1.4 17.6 0 1.4 0 0 0 0 0 0 0 3.4 0 6 0 2.2 31.8 0 8.6 3.2 2.4 1 0.2 0
0 0 0 0 0 0 0 0 0 4.4 0 0 0 0 0 0 0 0 0 0 0 3.2 0 1.2 0 0 0 0 0 0 0 0 0 0 0 16.2 0 0 0 0
5.2 0 0 0 0 0 0.4 0 0 8.6 0.2 2.4 0 0 6.4 0 0 0 0 0 0 0 0 8.4 0 0 0 1.4 0 0 0 0 0 0 0 8 0 0 0 0
10 0 19.6 0 0.2 6.4 0 0 0 3.4 21.2 0 7.6 0 0.6 3 0 11.6 0 0 0 0 6.6 2.4 0 0.2 0.2 0 0 0.2 3.6 2 0 5 0 3.2 0 0 0 0
5.2 0 0 0 0 0 0 0 0 38.8 0 0 0 0 0 0 0 0 0 0 0 0 0 0 0 0 0 0 0 0 0 0 0 0 0 18 0 0 0 0
0 0 5.6 12.4 19.6 0 1 0.4 0.2 0 28 0 7.8 6.4 0.4 24.2 0 8.4 7.4 0 0 0.2 0 0 0 0 0 0.2 21.4 0 10.6 3.4 0 0.2 0 0 14.2 24 0 0
15.2 0 0 0 0 0 0 0 0 46.4 0 0 0 0 0 0 0 0 0 0 0 0 0 0 0 0 0 0 0 0 0 0 0 0 0 2.4 0 0 0 0
0 0 0 0.2 9.6 0 0.6 1.6 7.4 3.6 0 6 9.2 0 0 0.8 0 0.8 0 23.2 0 0 0 40.2 0 20.4 0 0 0 0 0 0 0 0 0 0.4 0 0 4 6
0 39.2 10.4 32.2 33.8 41.4 8 23 63.4 51.2 0.8 4.8 12.4 20.2 0 17.8 19.6 0.4 0 0 66.4 7.2 0 0 46 25.8 9.6 0 0.2 12.4 12.2 97.6 20.6 0 17.8 22.4 13.6 36.2 34.8 38.6
19 0.2 0 0 0 0 0 0 0 24.2 0 0 0 0 0 0 0 0.2 0 0 0 0 0 0 0 0 0 0 0 0 4.6 0 0 0 0 52.8 0 0 0 0
1.8 1 0.2 0 0 13 0.6 4.8 28 0.2 1.4 0.8 6.8 11.2 0 8.6 0 2.2 0 12 0 13.2 38 10.8 20.2 4 14.4 0 5.2 0.2 2.6 36 11.4 0 0 6 0 0 14 9.4
0 0 45.4 23 0 1 0 0 0 0 17.4 0 0 0 6.8 0 11.2 11.2 0 0 0 11.8 4.2 0.4 0.4 7.8 4 22.2 1 0 1 0 22.6 8.2 11.4 0 0 10 0 0
3.8 0 0 0 0 20.6 0 0 0.8 19.6 0 4.8 0 0 24.2 0 6 1.4 0 0.2 15.8 0 42.4 0 21.6 0 2.6 4.2 37.4 0 0 41 14.2 0 0.4 14.8 30.4 0 8.4 25.4
3 9.6 15.2 0.2 0.4 0 9.8 0 6.8 15.4 0 0 21.2 0 10.8 11 2.2 0.2 4.4 0.2 16.6 2.6 15.6 0 0 21.2 0.2 0.8 27.4 0 4.6 0 3.2 15.8 0 12 21 0 8.2 44.4
7.2 10.8 49 17.4 0 47.6 0.6 0 10.6 0 17.4 3.6 4.4 0 0 0.2 24.4 7.8 5.2 23.8 0.4 0.6 22.8 14.8 0 15.2 22 0.4 1.4 21.6 0 18 11.8 15 0 0 1 0 6 0
0 12.8 64.6 8.2 6.8 0 31.4 10.4 21.2 0.2 7.8 0 28.8 0 2.8 17 14.8 7.6 0.4 9.8 39 5 1.8 4.2 0.2 20 2.4 1.8 33.8 15.8 8 0 2.2 0.2 21.2 0 44.4 33.8 5.4 1.2
0.2 0 12.2 0 10.6 0 0 0 18.2 0 20.4 0 7.8 0 0 0.8 0 0 0 0.4 0 33.2 0 20.6 0 8.2 25.2 0 0.6 0 10 5.4 0 37.2 0 18 0 25.4 0 22.6
2 0 0.2 0 36.8 5.8 3 3.4 0 0 0 0 23.4 0 10.6 32 0 31 0 0 0 0 0 3.4 0 0 7.8 15.4 0 0 0 0 0 0 0 16.8 0 0 0 0.4
0 0 0 0 8.6 0 0 0 0 9.2 0 5.4 1.6 0 4 0 0 0 0 0.2 0 0.2 0 26.6 0 3.8 0 0 0 0 19.8 0 0 9.2 0 11.4 0 0 0 0
0.2 0 0 0 0.4 0 0.2 0 0 14.4 0 0 0 0 7 0.2 0 0.6 0 0 0 0 0 0 0 0.4 0 0 0 0 0 0 0 0 0 3.8 0 0 0 4.8
0 0 0.2 0 0 0 0 0 0 18.2 0 0 0 0 0 0 0 0 0 0 0 0 0 0 0 0 0 0 0 0 0 0 0 0 0 24.6 0 0 0 0
7.8 0 0 0.4 23.8 0 0.2 0 0.2 9 0 2.2 2 0 31.8 17.6 0 3.8 0.2 0 0 0 0 31.6 0 0 0 0 0 0.2 14.8 0 0 7.2 0 0.2 0 0 0 0
5.2 0 0 0 0 0.4 0 0 7.8 1 0 0 0 0 12.2 0 0 0 0 0.2 0 0 0.2 11.8 0 0 0 0 1.2 0 0 10 0 3.6 0 39.8 0 0 0 0.6
0 0 0 0 7.2 0.2 0 0 8 0 23.2 6 0 1 1.2 0 0 0 10.8 19 0 2.6 11.6 0.2 12.4 1.8 0.4 15.2 20.6 0 0.2 0 0 0 0 0 0 1 0 0.4
18.8 0 11.8 0 0 0 0 0 0 22.2 0 0 0.6 7.4 12.6 0.6 0.8 3.6 0 0 0 0 0.2 0 0 0 0 3.2 0 0 0 0 40.8 0 0 23.4 0 0 0 0
0.2 0 0 0.2 0.6 0 0 0 0 0 0.8 0 0 0 28.6 0 0 13 0.2 0 0 0 0 0.8 0 0 0 0 0 0 2.4 0 0 33.4 0 5.8 0 0 0 0
4.8 3.8 0.4 4 3 0.4 0 0.2 0 0 12.2 0 0 0.4 18.2 8.8 0 9.4 1 11.8 0 17.8 6.8 31.4 0 0.2 13 0.4 36.4 0 0 13.8 0 13.6 0 0 0.4 21.8 0 0
0 0 0 0.2 0 0 0 0 6.6 0 0 5.2 0 0 0 0 0 0 0 9.2 0 0 0 0 0 0.8 0 0 0 0 4.2 59 0 0 0 0 0 9.2 0 6.6
0 0 0.2 0 8.2 0 0 0 0.2 0 0 0 13.8 0 7.2 0 0.2 0.4 4 0 0 0 0.2 19.8 0 0 0 0 0 0 21.6 0 0 22 0 0.2 0 0 0 0
0 0 0 6.4 4.6 0 0 11.2 0 0 0 0 0 0 0.4 0.6 0 0 3 0 0 0 6.8 0 0 0 3.8 0 0 0 0 0 0 0 0 0 0 0 10.2 0
0 1.4 2.2 39.4 13 7 37.8 38.4 0 17.4 1.4 0 2.2 28.2 17.4 37.2 17 20 13 0 17.6 12.8 33.2 0.4 0 0 2.8 0 0 11.4 0 0 15.4 0 61.8 9.4 0 0 16.2 0
1.2 0 0 0 0 0 0 0 0 0 1.6 0.2 0 0 6.6 0 0 0.2 0 0 0 0 0 15.6 0 4 0 0 0 0 7.4 0 0 26.2 0 2 0 0 0 0
5 14 30.4 0 5.4 0 10.6 3.4 32.6 5 23.4 11.4 12.6 0 15.6 0 0 8.8 0 21.4 3.4 42 7 20.4 32 1 45.8 0 0 0 5.8 102.8 3 0 0 0 33.2 18.4 8.6 36.8
0 4 0 0 0 0 0 0 0 21.8 0 0.2 0.2 0 0 0 0 0 0 0 0 0 0 4.4 0 0 0 0 0.2 0.2 0 0 0 0 0 0 0 0 0 0
0 21.4 0 25.2 0.2 30.4 0 0 0 4 0.2 0 0 0 0 0 10.2 0 0 0 9.2 1 0 0 0 0 0 0 0.2 0 0 0 0 0 10.6 8.8 0 0 0.6 0
0 0 0 6.8 20.6 0 0 0.4 0 0 0 8.2 0 0 0 0 0 0 0 5 0 0 0 0 0 0 0 0 0 0 0 0 0 0 0 0 0 0 0 0
1 10 0.2 8.8 26.8 7 0 1 0 3.4 15.8 0.8 0 0 0 0 1.8 1.8 5.4 0 4.8 11.8 6.8 0 0 0.4 0 35.8 2 7.2 0 0 4.6 8 9 0 1.8 0 0 0
8.4 30.4 0.2 0 6 12.4 0.4 4.4 0.4 5.8 0 0.2 8.4 1.8 36.2 0.8 0 4.4 12.8 0 0 0.2 22.8 0 5.8 0.6 1 16.8 0 9 0 34.8 43.4 0 2.8 11.4 8.4 2.8 0 11.2
0 0.6 0 0 1.2 5 0 0 5.4 5.6 23.8 0.2 0 0 2 0 0 0 0 0 0 0 1.4 0 0 7.2 0.6 0.2 0 0 0 8.4 0.2 0 0 0 0 27.4 0 0.8
0 1.6 0 1.4 0 0.2 3.6 5.6 0 0 0 13.4 0 0 0.4 0 0 0 0.4 0.2 1.6 0 11 0 12.8 0.2 0 0 0 0 0 14.8 0 0 0 0.2 0 37.2 0 1.4
4 0 0 0 0 0 0 0 0.8 4.2 0 0 0 0 15.2 0.2 0 0 0 0 0 0 0 0 0 0 0 0 0 0 0 0 0 0 0 11.6 0 0 0 0
0 0 0 0 4 0 11.2 0 3.2 5.4 0 0.2 0 0 20 0.4 0 0 4.2 0 0 0 0 6.8 0 0 0 1 2.4 0 3.8 9.4 1.6 0 4.2 4 0.8 0 5.4 0
0 0.2 2.2 0 10.4 1 20.6 8 0 0 0.2 0.4 9.8 0 18 19 0 0.2 0 0 7.2 0 41.6 4.2 0 3 9.8 4.2 6.8 1.6 0 0 43 1.6 15.6 5 0 0 1 0.4
0 0 0 0 0.4 0 0 0 0 8.4 0 0 0 0 1 0 0 0 0 0 0 0 0 0 0 0 4 0 0 0 0 0 0 0 0 17.2 0 0 0 0
29.2 3.8 0 0 12.4 0 0 0 0 9.2 0 0 39.2 0 19.8 16 0 18 0 0 0 0 0 19 0 0 0 0 0 0 19 0 0 16 0 13.4 0 0 0 0
0.4 0 14 0 28.8 21.2 0.4 12 12.4 0 0.4 0 0 1.2 9.6 15.6 9.4 18.6 1.4 1.2 10.6 1.2 16.8 0 0 0 12.4 0 1.6 0 0 0 54.4 0 41.2 0 50.2 4.8 9.2 0
0.2 7 0 0 0.6 61.2 0 0.4 0 7 0 2.6 5.8 0 0 0 0.6 0 0.2 0 0 17 9.6 0 3.4 0 20.2 1.8 10.6 0 0 20.2 5.6 0 0.2 19.2 9.2 4.2 0 2.2
22.8 0 0 0 0 0 0 0 0 73.8 0 0 0 0 0 0 0 0 0 0 0 0 0 0 0 0 0 0 0 0 0 0 0 0 0 69.4 0 0 0 0
0 4.4 0 0.2 0 0 0 0 0 0 0.2 0.4 9 0 10.6 0 0 0 1.6 0 0 0 0 14.4 0 0 0 0 0 0 0 0 0 2.4 0 3.8 0 0 0 0
0 0 0 0 0 0 1.4 0 9.8 9.4 1.4 0 1 0 0 0 0 0 0 0.2 0 0 0 12.2 5 0 0 0 0 0 3.4 0 0 7 0 0.6 0 0.6 0 0
0 0.6 0 0 0 0 0 0 11.6 0 0 0 0 0 0.2 0 0 0 0 0 0 0 0 0.2 3.2 0 10.8 25.8 2.6 1 0 5.6 0.2 0 0 0 0 0.2 0 0
9.2 0 26.2 0 0 0 0 0 1 3.6 28.2 0 0.2 2.4 35.2 8.4 0 11.6 1 5 0 0 18.2 0 0 5.8 0 18.2 11.4 0 0 0 24.4 0 0 12 0 0 4 5
0 0 0.2 0 11.4 0.4 0 0 0 0 0 0 15 0 0 0 0 0 0 1.4 0 0 0 0 0 0 0 10.6 33.4 0 0 3.2 0.4 0 0 2.6 0 0 0 0.4
0 0.2 14.8 0 0 37.8 2.8 16 0 0 1.6 0 9 18.4 1.4 0 11.8 0 13 0 13.2 0 0.8 0 5.2 0 0.4 1.4 0 32.6 0 16 29.8 0 36.6 0 10.8 29 23 0.4
0 0 0 9.2 5.4 0 5.8 0 0.2 0 13 0.2 0 10.8 0.4 0.2 16.8 0 0 0 17 7 20.4 0 3.4 0 5 6 13.2 0 4.2 8.6 0 0 0 0 0 0.2 26.2 0.8
0 20.6 19.2 52.2 2.4 0 10.4 9.4 0 0 3.8 4.8 0 36.8 22.2 11.4 29.6 0 22.2 0 0 11.4 5.6 6.8 0 0 0 11.4 0.6 2.4 6.2 0.2 44.8 9.2 32.6 0 6.2 13 18.6 0
3.4 6.4 0 0 0 0 1.2 0 12.6 0.6 18 0.2 0 0 7.4 0 6.8 0 0 35.8 0 0 0 6.8 0.2 5.2 0 22.6 16.6 0.2 0 21 4.6 15.8 0 0 0 6.8 3.8 0
0 0 13.6 0 0 22.4 0 0 26 10 0 0 0 0.4 0.4 0 0 0 0 0 0 0 0.8 5 0 0.4 10.6 18.2 0 0 0 0 0.4 0 0 10 0.2 0 0 20.6
4 26 19.2 5.2 22 7.4 0 1.2 0 4 0 1.8 0.2 5.4 11.4 25.4 0.2 14 2.2 16.6 7.4 13.2 0 14.8 10.8 24.8 1.2 0 0.4 0.4 0 0.4 6.6 26.4 0 0 11.8 8.6 0.2 27.8
5.4 0 0 0 1 0 0.2 0 0 0.4 0 0 14.8 0 23.8 5.4 0 8.8 2.8 0 0 0 0 0.6 0 0 0 0 0 0 0.2 0 0 21.2 0 7.4 0 0 0 0
0 0 0 0 0 0 0 0 0 12.6 0 0 0 0 0 0 0 0 0 0 0 0 0 0 0 0 0 0 0 0 0 0 0 0 0 21.4 0 0 0 0
0 14.8 0.4 0 0 30.2 0 0 15.2 10.6 2 0.4 4 12.6 4 0 0 0 0 7.2 0 3 16.8 0 9.2 7 0.4 11.4 0.2 0 23 16.8 13.6 0 0 0 0 9 0.2 0
0.2 14.8 0.2 17.4 0 0 11.4 42.6 0 0 0 0 0.2 0 22 0.2 33.4 0 0 0 26.6 7 30.2 0 7.4 0 7 0.8 53.4 26.4 0 2.6 26.2 0 17 0.2 0.2 11.2 8.2 17.2
0.2 0 1.4 0.2 0 9.2 0 15.8 0 0 0 6.4 9.2 0.2 0 0.4 0 0.6 0 0 16 0.2 2.2 0 0.4 0 0 0 0.2 0 0 17.6 18.4 0 0 13.4 15.8 0 5.2 0
0 20.6 0 0 7.6 11.4 6 15.4 9.6 7 20.6 3.6 0 1.8 16 1.4 33.8 3.4 0 0.4 0.2 0.2 25.4 0 1.4 0 0 0 0 0 0 40.8 40.6 0 0 0.2 15 0 10.6 25
0 0 0 0 0 0 0 0 0 23.6 0 0 0.2 0 0 24.2 0 9.6 0.2 0 0 0 0 0 0 0 0 0 0 0 0 0 0 0 0 45.2 0 0 0 0
0 4.2 6.2 0 0 24.2 0 0 0 0 7.6 0 0 0 0 0 0 0.6 3.6 0 0 15.6 0.4 1.6 0.2 0.2 0 12.8 30.2 5.6 0 4.6 10.4 0 0 0 0 0.2 12.6 0.2
1.6 0 0 0 0 0.2 0 0 0.2 6.4 0 0.2 0 0 5 0 0 0.4 0 0 0 0 0 1.4 0 0 0 0.4 0 0 0 0 0 0 0 13.6 0 4.6 0 0
6 0 0 0 0 0 0 0 0 12.4 0 0 0 0 0.4 0.2 0 0 0 0 0 0 0 0 0 0 0 0 0 0 0 0 0 0 0 11 0 0 0 0
12.4 0 0 0 0 0 0 0 0 14 0 0 0 0.2 0 0 0 0 0 0.2 0 0 0 0 0 0 0 0 0 0 0 0 0 0 0 29.2 0 0 0 0
0 0 0.2 0 0 0 0 0 0 6.6 0 0.4 0 0 4 0 0 0 0 0 5 20.4 0 0 0 0 13.8 0 1.4 0 0 0.2 0 0 0 0 0 0 0 0
0 0 0.6 0 0 0 0 0 0 0 0 0 0.4 0 7.4 4.6 0.4 2.8 0 0 0 0.2 0 0 0 0 0 0 0 0 0 0 6.6 0 0 0 0 0 0 0
0 18 10.6 0 5.8 0 11.8 0 7.6 11.4 12.8 0 0 0.6 4.2 0 0 0 15 13 4 0 39.2 0.8 4.2 0 0 16.6 0.8 0 5.8 0 0 0 14.8 15 13 0 0 0
0 0 0 0 0 0 0 0 0 27.6 0 0 0 0 0 0 0 0 0 0 0 0 0 0 0 0 0 0 0 0 0 0 0 0 0 15.4 0 0 0 0
5 0 0 0.2 0 0.2 0 0 0 4 0 7.4 0 0 0 0 0 4 0 0 0 0 0 0 0 0 0 10.8 0.2 0 0 0.2 0 0 0 0 0 0 0 0
0 0 0 0 2.8 0 0 0 0 2.2 0 16.8 0.2 0 0 1.4 0 9.4 0 0 0 0 0 0.2 0 0 0 0 0 0 0 0 0 0 0 6.8 0.2 0 0 0
0 0 0 0 2.6 0 0 0 0 0 0 0 73.2 0 4.2 17.8 0 0 0 0 0 0 0 9.8 0 0 0 0 0 0 0 0 0 15.4 0 0 0 0 0 0
25.2 0 0 0 0 0 0 0 0 17.4 0 0 0 0 0.2 0 0 0 0 0 0 0 0 0 0 0 0 0 0 0 0 0 0 0 0 34.2 0 0 0 0
0 0 0 0 11.2 0 0 0 0 16.4 0 8.4 0 0 0 0.2 0 0 0 0 0 0 0 1 0 0 0 0 0 0 0 0 0 0.4 0 1.4 0 0 0 0
5.2 0 17.6 7 6 1.2 7.6 0.2 0 0 1.8 0 0 10.6 12.4 4.2 1.6 0.6 0 0 0 12.8 0.2 0 4 0 0.2 7.6 4.8 0 0 0 7 0 13 0 0 11.4 3 0
0 0 0 0 0 0.8 0 0 0 0 0 0 0.2 0 1.2 0 2 0 0 0 0 0 0.6 0.6 0.2 0 0.4 14.4 5.2 0.4 0 0 2.4 0.6 0 0 0 2 0 0
4 17.6 0 0 0 1 0 0 0 0.2 0 0 0 0 6.6 0 0 4 4.8 0.2 22 0.6 0 22 0.2 0 1.6 0.2 0 0 0 0 0 11.6 5.4 0 0 33 10.2 17.8
3.4 0 0 1.2 9.6 0.4 0 0 2.4 6 16.8 5.4 16.4 3.2 0 0.6 0 4.4 6.8 16 13.2 34.4 0 9.6 15 10 8.6 0.6 0 0 0 42.4 15 0 0 0 14 13.8 7.4 23.4
0 0 0 0.6 25.6 0 0 0 0 0 0 0.2 19.8 0 0.4 4 0 10.4 0 0 0 0 0 0 0 0 0 0 0.2 0 0 0 0 0 0 4.8 0 0 0 0
13.4 0 0 0 4.8 0 0.2 0 0 11.2 0 0 0 0 7.4 0 0 0.8 0 0 0 0 0 10 0 0 5.8 0 0 0 8.4 0 0 0.8 0 1.2 0 0 0 0
0.2 0 0 0 0 1.2 0 0 14.2 0 0 0 0 0 0 0 0 0 4.8 15.8 0 20.6 0 10.2 0 9.6 23.8 16.8 0 0 0 16.2 0 0 0 0 0 22.2 11.4 17
0 0 0.4 0 0.4 18.8 0 0 0 4.6 0 0 0 0 1 0 0 0 0 0 0 0 16 0.2 0 0 0.6 11.4 0 0 0 0 0.2 0 0 5.2 8 0 0 0.2
0 0 0 0 0 0 0 0 0 11.8 0 0 0.2 0 0 0 0 0 0 0 0 0 0 0 0 0 0 0.2 0 0 0 0 0 0 0 26.8 0 0 0 0
0 0 6 0 0 0 0 0 0 2.2 0.2 1.8 0.2 0 0 0.6 0 5 0 0.2 0.2 7.6 0 0.6 9.2 0 0 3 20.6 0 0 0 0.2 0 0 8 0.4 0 0 0
0.2 0 0 0 0 0 0 0 0 10 0 0 0 0 0 0 0 0 0 0 0 0 0 0 0 0 0 0 0 0 0 0 0 0 0 17.8 0 0 0 0
12.6 20.2 33 2 0 23.8 0 6.6 0 31 0 0 28.4 15 3.8 18.2 8 9.2 0 0 10.6 0 15.6 8.8 0.2 0 1 1 0 0 0 22.6 18 0 21.2 44.2 40.6 7.4 8 0
0.2 17.2 4.8 0 1.6 47 7 2.4 0 5.8 0 29.6 21.2 0 9 40.6 0.4 0 0 0 0 19.2 5.8 16.2 15.4 0.2 0 13.4 5 0 13.8 0 29.6 0 0 15.4 0 20.8 1.2 0.2
7 0 0 0 15.6 0 0 0 0 0 0 0 0.2 0 11.2 35.4 0.2 32.2 2.8 0 0 0 0 0 0 0 0 0 0 0 0 0 0 13.2 0 4.2 0 0 0 0
0 0 1.6 0 0.2 0.4 0 0 32 0 0 2.6 0 0 10 0 0 0 0.6 17.2 0 23.6 0 8.2 27 27.4 0 0 19.4 0 4.2 26.6 0 20.4 0 0 23.4 41.2 13.2 0.8
0 14 0 0 0.4 38.8 12.6 9.8 0 0 0 11.4 0 11.6 0.2 0 0 0 6.4 0 4.2 0.2 0 0 20.2 0 0 17.2 0.6 2.8 0 0 25 0 13.6 0 0.2 4.8 4 0
8.4 5.8 12.6 4.4 0 0.2 0 0 12.8 6.4 0 15.2 12 14.4 0 0 9.6 0 0 31.6 7.8 36.4 2.4 30 23.6 20.4 1.4 0 1 1.6 0 50.2 10.4 13.8 5.4 14.2 0 0 1.6 23.4
0 0.2 10.6 0 0 15.6 0 0 0 0 0.4 0 0 0 7.6 0 0 0 0 0 0 1 0.2 0.2 0 0 13.4 0.4 42.2 0 0 0 0 0 0 0 0 0 4 6.2
0 0 0.2 6.2 0 0 0 0.2 0 0 0 0 0 0 0.2 0 0 0 0 0 4 3.4 0.2 12 15 1.8 0.2 0 0 0 0.2 14 0 0 0 0 0 0.8 0.4 10.2
0 0 0 0 0.2 0 0 0 0 0 0 0 15.4 0 16.4 0 0 12 0 0 0 0 0 0 0 0 0 0 0.2 0 0 0 0 4.4 0 0.2 0 0.2 0 0
0 0 0 0 30.8 0 0 19.6 0 0 0 0.4 0 6.4 1 0 0 0 0 0 14.4 2.8 43.8 0 0 0 0 0 1.2 3 0 0.4 0 0 3.2 0 0 0 0 0
8.8 0.8 24 9.8 0 0 2.8 0 0 0 18.8 0.2 0 4.2 0 0 0 9.2 0 15.8 0 21.6 13.4 0 4.4 0 8 0.2 0.4 5 0.4 0.4 2 1.2 6.8 0 8.6 1 0.2 0
0 12.2 0 4.6 0 2 0 0 7.2 0 0 0 6.4 14.2 0 1.2 14.6 3.4 0.2 16.6 12 14.8 19 0 0 9.4 0 0.6 22.2 0 0 0 0.4 5.6 0.2 2.6 3.4 7.4 0 6.8
0 0 0 0 0 0 0.2 0 0 0 0 0 0 0 0 0 0 0 0 0 0 0 0 0 0 0 0 0 0 0 0 0 0 0 0 20.8 0 0 0 0
0 0 0.4 3.2 0 6.6 4.2 0 0 2.6 0 0 0 17.8 0 13.8 0.2 0 0 0 0 0.2 11.8 0 3 0 2 0 13.6 6.2 0 3.6 41.2 0 18 3.4 0 8.6 5.6 0
3.6 0 0.8 0 0 0 0 0.4 0 0 0.2 0 2.4 0 0 13 6.6 3.8 0 0 0 0 0 0 0 0 0 0 0 29.8 0 0 0 0 0 7.2 0 0.2 0 0
0 0 0 0 0 0 0 0 0 20 0 0 0 0 0 0 0 0 0 0 0 0 0 0 0 0 0 0 0 0 0 0 0 0 0 10 0 0 0 0
0 0 0.4 0 23.8 0 0.2 0 0 15.4 16.6 0 23.2 4.6 19.8 0 0.2 0 0 0 0 0 0 0 0 0 0.6 0 0 0 0.8 12.8 0 3.2 0 25.4 0 0 0 5
0 0 0 0 9.2 0 0 0.2 0 0 0 0.2 1.8 0 6.2 0.4 0 3.4 0.4 0 0 0 0 0 0 0 0.2 0 0 0 0 0 0 0 0 0 0 0 0 0
0 0 0.2 0 3.8 0 0 0 0 16.4 0 0 0 0 0 17 0 2.2 0.2 0 0 0 0 0 0 0 0 0.2 0 0 0 0 0 0 0 0 0 0 0 0
0.2 4.2 35.6 23.6 0 0 0 0 0 41.2 3.6 0 38.4 35.4 0 11.8 0 14.4 2 9.6 0 0 0 0 0 0.2 13.8 1.6 40.2 0 0 3.4 21.6 2.6 17.4 10.4 52.8 0 0 0
3 0 0 0 17 0.2 0 0 0 0 0 0 19.2 0 13 10.6 0 5.4 0 0 0 0 0 14.4 0 0 0 0 0 0 0 0 0 0 0 4 0.2 0 0 0
0 0.2 0 0 2.2 8.8 0 0 0.6 0.2 0.2 3 0 0 1.2 0 0 0 0 0 0 0 0.2 0 25.2 1.4 0 6.8 6.4 0 0 60.4 12.2 0 0 3.8 0 0 5.4 6.8
0 0 0.2 5.2 0 0.4 11 0 0 0 0.6 10.6 12.2 0 0 10.2 0 0 0.6 0 0 0 32 0.2 0.2 0 5.4 0.4 13 0 0 0 0 0 5.8 0 0 0 0 0
0 0 3.8 0 5.2 0 0 0 0 0 4.6 0 0 0 5.2 0 0 9.2 0 0 0 0 0.2 11.4 0 0 0 0 0 0 0 7.4 0 5 0 7 0 2 0 0
1.6 0 0.4 0 0 0 0 0 0 0.2 13.4 0 0 0 0 0 0 0 0 0 0 0 0 0 0 0 0 0 11.8 0.6 0 22.8 0 0.6 0 7.6 0 0 0 0
7.8 0 0 0 0 0 0 0 0 0 0 0 0 0.2 11.4 4.2 0 0 0 0 0 0 0 0.2 0 4 5 0.4 0 0 0 0 0 6 0 3.8 0 0 0 0
0 0 0 0 0 0 0 0 0 0 0 0 0 0 0 0 0 0.2 0 0 0 0 0 17.4 0 0 0 0 0 0 9 0 0 5.4 0 0 0 0 0 0
7 0 0 0 0 2.6 0 0 0 5.2 0 0.2 0 0 0.6 0 0 0 0 0 0 0 0.2 0 0 0 0 10.4 0.2 0 0 6.2 7.2 0 0.8 0 4.2 18.4 0 13.8
0 3.4 0 0 0 0 0 0 0 3.8 0 0 22.2 0 15 0 0 6 3 0 0 0 0 2.2 4.2 0 4.4 0 0.2 0 0 2.6 0 15.4 0 0 6.6 0 0 0
9 13.2 0.8 15.2 0 3.2 10 0.2 9.2 8.4 0.6 0.2 8.8 8.8 17.2 0 0 0 0 23.8 4.4 30.2 0.2 11 14.4 15 1.2 0 3.4 14.2 0.6 12.2 0 16.6 0.4 0 11.4 1.6 5.6 14
0 0 0 0 0 0.2 0 0 7 0 0.4 0.2 0 1.8 0 0 0 0 0 0 7.4 0 0 0 0 0 0 0 8.2 0 0 1.4 0 0 4 0 0 0.4 18 1
0.2 7.4 0.4 6.4 0 0 0 0 0 0 0 0 0 0 0.6 5.4 0.2 0 0 0 0 0 2.4 0 0 0 0 0 0 0 0 0 6 0 0 0 0 0 0 0
0 0 0 0 0 0 0 0 0 3 0 0 0 0 0 6.6 0 0.6 0 0 0 0 0 0 0 0 0 0 0 0 0 0 0 1.8 0 3 0 0 0 0
0 4.4 0 0 0 0 0 0 0.2 0 0 0 0 0 0 0 0 0 0 18.8 0 0 0 0 0 15 0 0 0 0 0 0 0 0 0 0 0 0 0 0.6
0 0.2 0 0 1.6 13.4 0 0 7.2 0 1.2 0 15.2 4.6 0 0 0.4 0 0 24 9.2 7.6 16 0.2 0.2 0 10.4 0 5.4 0 4.8 12.2 0 0 1 0 0 0 0 12.2
0 4 0 0 0 0 0 0 39.6 1.4 12.4 0 0 4.8 20.8 0 0 0 1 0 0 0.2 0 0 17.4 0 0.2 0 4.4 0 7.6 20 0.2 0 0 0 0 0 0 0
3 0 0 0 0 0 0 0 7.6 1.4 0 0.4 0 0 0 0.2 0 0 0 0 0 0 0 9.8 8.4 4.8 0 0 0 0 0 24.8 0 0 0 0.2 0 0.4 0 0
0 0 0 0.8 3 0 0 0 0 0 0 6.4 11.2 0 13 4.8 0 0.2 0 0 0 0 0 12.6 0 0 0 0 0 0 0.4 0 0 17.6 0 0 0 0 0 0
0 0 0 0 0 0 0 0 0 0 0 0 0 0 0 0 0 0 0 0 0 0 0 0.2 0 0 0 0 0 0 8 0 0 0 0 2.8 0 0 0 0
0 0 0 0 0 0 0 0 0 0 0 0 0 0 0 0 0 0 0 0 0 0 0 0 0 0 3 0 0 0 0 0 0 0 0 0 0 0 0 0
3 0 0 0 0 0 0 0 0 0 0 0 0 0 0 0 0 0 0 0 0 0 0 0 0 2 0 0 0 0 0 0 0 3 0 4 0 0 0 0
0 0 0 0 0 22 0 0.2 0 0 0 0 0 0 2.8 0 0 0 0 0 0 0 0 0 8.4 0 0 0.6 0.8 0 0 22.8 0 0.2 0 0 0 0 0 0.2
0 0 0 0 0 0 1 0 0 12.4 0 0 0 0 0 0 0 0 0 0 0 0 0 0 0 0 0 0 0 0 0 0 0 0 0 12.6 0 0 0 0
0 0 0 0 0 7.2 0 0 0 0 0 0 0 0 0 0 0 0 0 0 0 0 0 0 0.2 0 9 0 0 0 0 3.6 0 0 0 2.6 1.4 0 0 0
0 3.6 0 0 1.2 0 0 0 0 0 1.4 15.4 0 0.2 0 6 0 0 0 0 0 0 0 0.6 0.2 5.4 0 0 0.2 0 0 0 0.2 0 0 0 0 5.6 0 0
0 0 0.2 0 0.6 0.2 12.2 26.2 0 0 0.4 0 21.2 0 0 0 9.4 0 4.6 0 14.8 0 17.4 0 0 0 0 0 0 0.8 0 0 17 0 10.8 0 7 3.4 0.8 0
0 0 0 0 1.2 0 2.8 0 0 0 0 0 0 0 1.8 0 0 0 0 0 0 0 0 0 0 0 0 0 0 0 0 0 0 0 0.2 0 0 0 0 0
0 3.8 0 5.6 14.2 0.4 0 0 0 0 0 7.6 0 0 0 0.4 0 0 3.2 0 0 8.4 0 0.2 0 0 5.2 3.2 0 0 0 0.2 0 0 0 0 0 9.8 0 2.8
0 0 0 0 0 0 0 0.2 0 3.6 0 0 15.6 0 5.4 0 0 0 0 0 0 0 0 0 0 0 0 0 0 0 0 0 0 0 0 9.2 0 0 0 0
0 0 0 0 0 0 0 0 0 0 0 0 0 0 0 0.4 0 0 0 4.6 0 0 0.2 1 0 0 0 3 0 0 2.8 0 0 0 0 0 0 0 0 0
0 0 0 0 0 0 0 0 0 8.2 0 0 0 0 5.4 6.4 0 5.8 0 0 0 0 0 0.2 0 0 0 0 0 0 0 0 0 0 0 1 0 0 0 0
0 0.2 3 0.2 0 0 0 0 0 0 5.8 0 0 0 0 0 0 0 0 11 0.4 0 0 0 0 0 6.4 0 0 0 4.8 0.2 0 0 0 0 0 0 0 0
0 0 0 0 0 0 0.6 0 0 0 0 0 0 0 0.6 0 0 0 0 0 0 0 0 0 0 0 0 0 0 0 0 0 0 0 0 2.8 0 0 4 0
5.8 0 0 0 0 0 4 0 21.6 0 0 5 0 0 0 0 0 0 0 19.6 0 0 0 2.6 0 19.6 0 0 0 0 3 0 0 0 0 0 0 0 0 5.8
0 0 0 0 0 0 0.4 0.6 0 0 0.2 0 11 4 0 6.4 10 1.6 0 0 0 0 0.2 0.2 0 0 0 16.2 0 9.2 0 0.2 16 0 0.2 0 10.4 0.2 0 0
9.4 0 0 0 0 0 0 0 0 23 0 0 0 0 0 0 0 0 0 0 0 0 0 0 0 0 0 0 0 0 0 0 0 0 0 15.6 0 0 0 0
0 0 15.6 0 9.8 3.4 7.6 5 0 12.8 0 11.4 0 0.4 0 0 0 0.4 12.6 0 14.8 1.2 0.8 0 0 0.8 10.8 0 0 0 0 0 0 0 11.8 6.4 0 1.2 10.2 0
2 0 0.2 0 0 0 0 0 0 15.2 0 0 0 0 0 0 0 0 0 0 0 0 0 0 0 0 0 0 0 0 0 0 0 0 0 19.6 0 0 0 0
0 0 0 0 0 0 0 0 0 3 0 0 1.6 0 0 0 0 0 0 0 0 0 0 26 0 0 0 0 0 0 4 0 0 4.4 0 0 0 0 0 0
0 3.8 0 0.4 2.6 0 0 0.4 0.4 0 4.4 15.8 0 0 0 1.4 0 0 0.2 3.8 12.6 0 5.2 0 0 0 0 0 0.6 0 0 0 0 3 0 1.8 1.2 0.4 0 0
14.8 0 22.6 0 4.2 0 0 0 0 24.6 8 0 10.2 0 0 3.6 0 12 15.2 16.6 0 27 10.2 1.6 0 14.6 0.2 14.8 25.4 0 33.8 0 0 24.6 0 27.4 0 1 9.6 0
0 14 0 0 0 17.4 0 0 0 0 2.6 3.4 8.6 0 0 0 1.6 4.2 0 0 7.2 0 20 0 0.8 0 0 0.2 0 0.4 0 0 0 0 9.4 0 0 0 2.2 0
0 0 0 0 0 0 0 0 0 0 0 0 5 0 0.2 3 0 0 0 0 0 0 0 8.4 0 0.4 0 0 0 0 0 0 0 0 0 0 0 0 0 0
4.4 0 0 0 16.4 0 0 0 0 0 0 0 0 0 2.6 0 0 12.6 0.8 0 0 0 0 0 0 0 0 0 0 0 5.8 0 0 7.2 0 0.2 0 0 0 2
0 0 0 0 0 0 0 0.4 0 0 0.2 0 3.2 0 4.4 0 0 0 0 0 0 0 0 0 0 0 0 0 0 0 0 0 0 0 0 7.8 0 0 0 0
0 0 0 0 6.2 0 0 0 0 0 0 0 0 0 5 0.2 0 0 3 0 0 0 0 0 0 0 0 0 0 0 7 0 0 0 0 7.6 0 0 0 0
0 0 0 0 0 0 0 0 0 4 0 0 0 0 0 0.6 0 0 0 0 0 0 0 0 0 0 0 0 0 0 0 0 0 0 0 3.4 0 0 0 0
0 0 0.2 0 15 0 0 0 0 0 0 0 0 0 0 4.4 0 8.6 0 0 0 0 0 0 0 0 0 0 0 0 0 0 0 0 0 11.8 0 0 0 0
0 0 0.2 0 0 15.4 0 0.6 0 0 1.6 0 0 15 0.4 0 9.2 0 0 0 0 0 0 1.4 0 0 0 0 0 0 0 0.2 29.2 0 0 0 1.8 0 0 0
3.4 0 10.4 0 0 0 0 6 0 0 7.2 6.4 0 0 15.8 9.4 1.2 0 0 0 0 0 25.8 0.6 0 0.4 8 0 0.8 0 0 0.8 0.2 0.2 0 0 0 0.2 0 0.2
0 0 0 0 0.2 0 0 0.6 0 7.2 0 0 2.2 0 0 0 0 1.4 0 0 0 0 0 0 0 0 0.2 0 0.2 0 0 0 0 0 0 0 0 0 0 0
0 0 0.6 0.2 1.6 0 7.6 0 0 0 0 0 0.2 0 7.2 0 0 0 3.4 0 0 0 3.6 0.2 0 0 0 1 0.2 0 0 0 0 0 0 2.8 5.6 15.8 0 0
0 0 0 0 0 0 0 0 0 0 0 0 0 0 0 0 0 0 0 0 0 0 0 0 0 0 0 0 0 15 0 0 0 0 0 0 0 0 0 0
0 0 0 0 7 0 0 0 0 3 0.6 0 0 0 0 0 0 0 0 0 0 0 0.2 0.2 0 10.2 0 11.2 0 0 0 11.6 0 0 0 0 0 0 0 0
0 0 20.4 0.2 17.2 7.2 6.8 2.6 0 0 0 5.6 3.4 19.2 0 12 4.4 0 6.6 0 0 0 0.6 0 0 0.2 1.2 0 2.2 0 0 3.8 0 7.8 0.2 0 0 0.2 3.8 0.4
0 0 0 0 0 0 0 0 0 0 0 0 0 0 0 0 0 0 4 0 0 0 0 0 0 5.8 0 0 0 0 4 0 0 0 0 0 0 0.2 0 10
3.8 0.2 12.2 0 0 0 0.2 0 5 0 11.4 0 0.8 0 0 0 0 0 0 0 0 0 5.6 0.6 18.4 4 3.2 0 0 0 0 18.2 0 0 0 4 0.6 0 3.6 10.2
0 0 0 0 0 0 1 1 0 1 0 0 0 0 0 0 0 0 0 0 0 0 0 2.4 0 0 0 0 0 0 0 0 0 2.6 0 0 0 0 0 0
0 0.8 0 0 0 0 0 0.2 0 8 0 3 0 0.2 0 0 0 0 0 0 7.4 16.2 0.8 0 0 0 0 0 0 0 0 0.2 0.2 0 0 0 0 0 0 0
4 0 0 0 0.4 0 0 0 0 0.2 0 0 0 0 0 0.2 0 0 0 0 0 0 0 0 0 0 0 0 0 0 2.8 0 0 0 0 4.2 0 0 0 0.2
0 0 0 0 0 0 0 0.2 0 0 0 0.4 7.8 0 0 1.6 0 0 0 0 0 0 0 0 0 0 5.2 0 0 0 0 0 0 0 0 4.8 0 0 0 0
0 0.2 0 0 0 0 4.2 0 0 0 0 0 0 0 0 0 0 0 0 0 0 0 0 0 0 0 0 0 0 0 4.6 0 0 0 0 0 0 0 0 0
0 0 0 0 0 0 0 0 0 0 0 0 13.4 0 0.2 1 0 2.4 0 0 0 0 0 9 0 0 0 0 0 0 0 0 0 0 0 0 0 0 0 0
0.4 0 0.2 0 0.2 0 0 0 1.4 0 0 0 0 0 0.2 0 0 0 0 5.8 0 8.4 0 0.2 4.8 4.8 0 0 0 0 0 0 0 0 0 6 7.2 0 0 12.4
2.4 0 0 0 0 0 0 0 0 13.8 0 0 0 0 0 0 0 0 0 0 0 0 0 0 0 0 0 0 0 0 0 0 0 0 0 4.8 0 0 0 0
0 0 0 0 0.2 0 0.8 0 5.4 0.6 7.4 0 0.2 0 0 0 0 0 0 0 0 0 0 0.8 0 0 0 0 0 15 1.8 6.4 0.2 0 0.2 0 0 0 0 0
0.2 4.6 6.4 5.8 3 24.6 0 0 0 0 17 11.2 0 0.8 2.6 0 7.2 0 0 1 1.2 0 8.2 0.4 0 0 0 0 3.4 0 0 0 3.8 3.2 6 0 0.4 0 0 0
0 0 0 0 3 0 0 0 0 0 0 0 0.2 14 1.4 0.4 0 0 0 0 0 0 0 0 0 0 0 0 0 0 0 0 0.2 0 0 4.8 0 0 0 0
0 0 0 7.8 0.2 0 0 22 0 0 0 0 12.2 0 0 3.4 0 0 0 0 0 0 0 0 0 0 0.2 0 0 16.6 0 0 0 0 5 4.6 0 0 0 0
2 6.4 0.8 20.2 9.2 0 0 0 0 0 0 0 0.2 0.6 21.6 0 0 9.2 0 0 0 14.2 0 0 0 0 0 0 0 4 0 0 0 0.4 11.4 8.4 6.6 0 4.8 0
0 0 26 4.2 0 0 0 0 6.8 0 0 6 6 0.4 0 0.2 0 0.2 12 12.8 3.8 0 0 0 0 0 0 0 0.6 0 0 0.2 0 0 11.2 0 0 0 0 4.6
0 0 0 0 3 0.4 0 0 0 0 0.2 6.8 0 0 0.4 0 0 0 0 0 0 0 0 0 0 0 0 5.6 0 0 0 0 0 0 0 0 7.2 0.4 0 0
15.8 0 0 0 8.4 0 0 0 0 0 0 12.8 0.6 0 0 4.6 0 0 0 0 0 0 0.2 0 0 0 0 0 0 0 0 0 0 7 0 3.6 0 0 0 0
0 0 0 0 0 0 0.2 0 0 0 2.6 0 0 0 7.8 0 0 0 0 1 4 0 9.8 0 0 3 0 0 0 0 0 1.2 1.2 0 0.8 0.4 0 7 0 0
3.2 0 0 0 0.2 0 0 0 0 0 0.2 0 0 0 0 0 0 0 0 0 0 0 0 0 0 0 0 0 0 0 0 0 0 0 0 3.4 0 0 0 0
0 3 0 0 0 0 0.2 0 0.2 0 0 5.2 0.2 0 0 0 0 0 0 6.4 0.4 0 0 0 0 5.4 0 0 0.6 0 4 5.4 10.8 0 3.8 4 11.2 0 4 0.2
0 0 0 0 0 0.2 0.2 0 0 0 0 0 0 0 0 0 0 0 0.2 0 0 0 0 0 0 0 0 0.2 0 0 0 0 0 0 0 14.6 0 3 0.6 0
0 3.8 0.4 0 3.8 0 0 0 0 0 0 0 0 0 0 0 4.2 0 0 0 0 0 0 3.8 0 0 0 7.8 0 0 0 1.4 0 0 0 0 0 0 0.8 0
0 0 0 0 9.4 0 0 0 0 0 4.4 6.6 16.8 0 6 1.8 0 0 0 0 0 0 0 0 0 0 0 0 0 0 0 0 0 0 0 0 0 0 0 0
4 0 0 0 0 0 0 0 0 7 0 0 0 0 0 0 0 0 0 0 0 0 0 0 0 0 0 0 0 0 0 0 0 0 0 0 0 0 0 0
0 0 0.2 0 5.4 0 0 4.4 0 0 0 0 1.4 0 0 0 0 0 0 0 0 0 18.8 0 0 0 0 0 0 0 0 0.4 10.4 0 0 0 4 0 0 0
0 1.2 0 0 1.2 8.2 0 0 0 0 0 0 0 0.2 0 0 0 0.2 8.2 0 0.2 0 0 0 0 0.6 0 0.2 0.2 0 0 0 0 0 0 0.6 0 0 0 0
0 0 0 0 0 0 0 0 0 0.2 0 4.6 19.6 0 0 0 0 5.6 0 0 0 0 0 15.6 0 0 0 0 0 0 2.6 0 0 6.8 0 0 0 0 0 0
0 0 0 0 0 0 0 0 0 0.6 0 0 0 0 0 0 0 0 0 0 0 0 0 0 0 0 0 0 0 0 0 0 0 0 0 8.4 0 0 0 0
0 0 0 0 0 0 0 0 0 0 0 0 0 0 5 0 0 0 5 0 0 0 0 0 0 0 0 0 0 0 0 0 0 0 0 0 0 0 0 0
0 0 0 0 0 0 0.6 0.2 0 4.4 0 2.2 5.6 0 0 0 0 6 0 0 0 0 0 0 0 0 0 0 0 0 0 0 0 0 0 0 0 0 0 0
0 0 0 0.4 0.2 0 0 0 0.2 0 0.4 0 0 0 0 4.6 0 0 0 0 0 0 0.8 0 0 0 0 3.8 0 0 0 0 10 3.8 0 0 0 0 0 2.8
1.2 0 0 0 0 0 0 0 20 0.2 0 0.6 0 0 0 0 0 0 0 0 3.2 0 0.2 0 0 3.4 0 0.4 0 0 9.4 0 0 0 0.6 0 3.2 0 0 16.6
0 0 16.2 0.2 0 0.2 0 0 0 0 0 0 0 0 0 0 2 0 0 0 0 0 0.6 0 0 0 0 0 0 2 0 0 0 0 5 0 14.4 0.4 0 0
2.6 0 0 0 0 0 16.8 14.2 1.4 0 0 9.6 0 1.6 0 4 0 0 5.8 0 4.8 0 7.2 0 0.4 0.4 0 1.4 15.6 0 0 0 0 0 14.4 0 4.2 0.2 2.4 0
0 0 0 0 0 0 6.4 0 0 0 0 0 0 0 0 1.8 0 1.2 4.8 0 0 0 8 0 1 0.2 0 0 0.8 0 0 0 0 0 0 0 0 10 0 2.8
0 0 0 0 0 0 0 0 0 0 0 0 0.2 0 12.4 7 0 0 0 0 0 0 0 0.6 0 0 0 0 0 0 0 0 0 0 0 9.8 0 0 0 0
0 0 0 0 0.4 0 0 0 0 0 0 0 0 0 0.6 0 0 0 0 0 0 4.6 0.2 0 0 0 0 0 1.6 4.2 0 0 0 0 0 0 2.4 0 0 0
0 0 0 0 0 0 0 0 0 0 0 0 0 0 0 0 1.8 0 0 0 0 0 0 0 0 0 0 0 0 0 0 0 2.2 0 0 7 0 0 0 0
0 0.6 0 0 0.4 4 0 0 0 5.4 0.2 0 0 0 0.8 3.4 0 2.4 3 0 0 0.2 0 0 0 0 0 0 1.4 4.4 0 0 12.8 0 0 0.2 0 4.4 0 0.4
0 0 0 0 4.8 0 0 0 0 0 0.2 0 0 0 0 0 0 0 0 0 0 0 0 0 0 0 0 0 0 0 0 0 0 0 0 0 0 0 0 0
0 9.4 0 4 0 0 0 0 6 3 0 0 0 0 0 0 0 0 0 0 7.4 0 0 0 0 0 0 0 0 0 0 0.2 0 0 0 0 0 0 0 0
0.8 0 0 0 0 0 0 0 0 6.2 0 0 0 0 0 0 0 0 0 0 0 0 0 0 0 0 0 0 0 0 0 0 0 0 0 0 0 0 0 0
0 0 0 0 0 0 0 0 0 0 0.2 7 0 0 2 0 0.2 0 0 0 2 0 0 0 0 0 0 0 0 2 0 0 0.2 0 0 0 7.2 0 0.2 0
0 0.8 0 0 0 0 0 0 0 0 0 0 0 0 2 0 0 0 0 2.2 0 0 0 0 0 0 0 11.2 0 0.8 0 0 0 0 0 0 4 0 0 0
0 2 0 0 0 1 0 0 0 4.8 0 3.8 1.4 0 0 0 7.2 0 0 0 0 0 0.4 4.8 0 12.2 0 0.8 0 0 0 0 0 0 0 0 0 2.4 4.2 0
0 0 0 0 0 0 0 0 0 0 0 0 0 0 0 0 0 0 0 0 0 0 0 3.8 0 0 0 0 0 0 0 0 0 0.2 0 0 0 0 0 0
