0 0 0 1 5.8 10.2 0 0 0 6.8 0 0 0.2 0 0 7.4 0.2 0.2 0 0 0 0 0 0 0 0 0 0 0 9.6 0 0 0.6 10.2 0 3.2 0 0 0 23.6
0 3.4 0 0.2 0 0 0 0 7.8 0 0 0 0 0 0 0 0 0 0 0 0 3 0 0 3.6 0 0 0 0 0 0 0 0 0 0 0 0 0 0 0
0 0 0 1 0 0 0 0 5 0 0 0 0 0 0 0 0 0 0 0 0 0 0 0 0 0 0 0 0 0 0 0 0 0 0 0 0 0 0 0
0 3.6 0 6.4 0 0 0 0 0 0 0 0 0 0 0 0 0 0 0 0 0 0 0 0 7 0 0 0 0 0 0 0 0 0 0 0 0 0 0 0
0 0 0.2 0 1.4 8 0 0 0 2.6 0 0.6 5.6 0 14.4 0 0.2 0 0.8 0.2 3 0 0 0 0 0.6 0 0 0 0 0 0.4 0 0 1 0 0 0 0 0
0 0 0.2 0 0 0 0 4 4.8 0 0 0 0 0 0 0 0.2 2 5 0 0 0 0 0 0.2 0 0 0 0 0.8 0 0 0 5 0 0 12.6 0 0.2 0
0 0 6.8 2.8 0 0 19 0 0 0 0 0 2.2 0 0 0 0 0 0 0 0 0.2 0 4.4 0 6 32.8 0 0 0 9.4 0 0 19.6 0 20.2 18.2 13.6 0 0.8
0 0 0 3 0 0 0 0 0 0 0 0 0 0 6.8 3.4 0 0 0 0 0 0 0 3.8 0 0 0 0 0 0 0 0.2 0 0.4 0 0 0 0 0 4.4
0.2 0 0 0 0 0 0 0 0 0 0.2 0 0 0 0.2 4.8 0 0 0 0.6 0 0 3.4 0 0 0.6 0 0 0 0 0 0 0 0 0 0 0 0 0 0
0 0 0 0 6.4 0 4 0 0 0 0 0 0 0 4.4 0 0 3 0 0 3.6 0 0 7.6 0 0 0.2 3.8 9.8 0 0.4 9.6 0 0 0 0 13.6 0.6 0 0
0 0 0 3 0 0.2 0.2 0 1 0 0 0 4 0 11.6 0 0 0 0 7.2 0.2 0 0 0 0 0 0 0.2 0 0.2 18.6 0 0 24.4 4.2 0 0 0 0 0
0 2.2 0 1.8 0 0 0 0 0 0 0 0 0 0 0 0 0 0 0 0 0 0 0 0 0 0 9.6 0 0 0 0 0 0 0 0.2 0 0.2 0 0 0
0 8 0.2 11 3.8 9.4 1 8.6 23.8 3.4 7.2 0 15.6 0 0 0 0 0 3.8 0 2.2 12.2 0.2 13.4 6.8 0.8 10.2 0 5.4 0 0.4 0 0 0.2 13 15.6 28.8 0.2 18.4 17.4
0 0 0.8 0 0 0 4.6 0 0 10 0 0 0 0 0.6 0 0 0 0 0 0 0 0 0 0 0.2 0 5.6 0 0 0 5.6 0 0.2 0 0 12.4 0 0 0
0 0 0 0 0 0 0 0 0.2 0 0 0.6 0 0.2 0 0 0 2.8 0 6.8 0 7.6 12 0.2 0 0 0 0.6 0 0 0 0 0 0 0 0 0 0 0 0
0 0 0 0 0 0 0 0.2 0 0 0 0 0 1.4 0 0 5.8 0 0 0 0 0 0.2 5 0 3.8 0.2 0 0 3.4 0 0 0 0 10 0 0 0 0 0
0 0 0 0 0 0 0 0 0 0.2 0 1 0 0.6 0 0 0 0 0 0 0 0 0 0 0 0 0 0 0.6 5.6 0 0 0 0 0 0 0 0 0 0
1.6 0 10.6 0 0 0 0.2 9.4 0 0 0 0 11.2 0 0 0 0 4.2 0.2 0 0 0 0 6.4 5 0 0.2 0 0.2 1.2 35.6 0 0 10.4 10.8 0 0 13.6 0 0.2
0.8 0 0 0 0 0.2 0 0 0 0 0 0 0 0 0 0 0 0 0 0 0 0 0 0 0 0 0 0 0 0 2.4 0 0 1.2 0 0 0 0 0.4 0
0 0 0 0 0 0 0 0 0 0 0 0 0 0 0 0 0 0 0 0 0 0 0 0 0 0 0 0 0 0 0 3.8 0 0 0 0 0 0.2 0 0
0 0 0 2 0 0 0 0 0 1.4 4 1 0 0 0 2.6 3.6 2 0 0 0 0 1 0 0.2 0 0 0 0 0 0 0 0 0 0.2 0 0 0 0 0
0 0 0 0 0 0 0 0 0 0 0 0.8 1.4 0 0 0 0.2 7.2 0 10.2 0 0 0 0 0 0.4 0.2 0 5.4 0 0 0 0 0 0.2 4 0 0 0 0
1.6 0 0 0 0 0 7.8 1.2 0 0 0 0 0 0 0 0 0 0 0 0 0 0 0 0 0 0.4 1 0 0 5 0 0.4 6.6 0 0 0 0 0 0.6 17.4
0 0 0.2 0 0 0 0 0 0 0 0 0 0.2 0 0 0 0 0 3.2 0 0 0 0 0 0 0 0.8 0 0 0 0 0 0 0.2 0 0 0 0 0 0.4
11.6 0 7 0 0 0 0 0 0 0 0 0 0 0 4 0 0 0 0 1.4 0 1 0 2.6 0 0 0 0 0 0 0 0 0 0 8.6 0 0 1.4 0.4 0
0 0 0 0 0 0 0 0 0 0 0 2 0 7 0 0 5.8 0 0 8.2 0 2.8 0 0 0 0 0 0 0 0 0 0 0 0.2 0 0 0 0 0 0
0 0 0 0.2 0 0 0 0 0 0 0 2 0 0 0 0 0 0 0 0 0 0 0 0 2.8 0 0 0 0 0 0 0 0 0 0 0 0 0 0 0
0 0 0 0 0 0 9.8 0 0 0 16 0 0 0 5.2 0 0 0 3 0 0 0 0 0 0 0 0 0 0 0 0 0 0 0 0 0 0 0 0 0
0 0 0 0 0 0 0 2.6 8 0 0 0 0 0 0 0 0 0 0 0 0 0 0 0 1.4 0 0 0 2.8 0 0 0 0 0 0 0 4 0 0 5.2
0 0 0 0 0 0 0 0 2.6 0 3.8 0 0 0 0 0.2 0 0 0 0.2 0 0 0 0 0 0 0.2 0 0 0 0 0 0 0 2 0 0 0 0 0
0 5 3.6 0 0 0 0 0.4 0 0 0 0 0 0 0 0 0 0 0 0 0 0 0 0 2.6 3.6 0 0 0 0 0 0.4 0 0 0 0 0 0 0 1.4
0 0 0 0 0 0 0 0 0 1.8 0 0.2 0 3.4 0 0 0 0 0 0 0 0 0 0 0 0 0 0 0 0 0 0 0 0.6 0 0 0 0 0 0
0 0 0 0 0 0 0 0 7 0 0 0 0 0 0 0 0 0 0 0 0 0 0 0 0 0 0 0 0 0 0 0 0 0 0 0 0 0 0 0
0 0 0 9.8 0 0 0 0 0 0 0 0 0 0 0 0 0 0 0 0 0 0 0 0 0 0 0 0 0 0 0 0 0 0 0 0 0 0 0.2 0
0 0 0 0 0 0 0 0 0 0 0 3.8 0 0 0 0 0 0 0 1.2 0 0 0 0 0 0 0 0 0 0 0 0 0 0 0 0 0 0 0 0
0 0 0 0 0 0 0 0 0 3.4 0 0 0 0 7.4 0 1.2 0 0 0 0 0 0 0 0 0 0 0 0 0 0 0 0 0 1.2 3.6 0 0 0 0.2
0 0 0 13.4 0 4.8 0 0 0 4.4 2 7.4 0 0 0 0 0 0 0 5 0 0 0 0 0 0 0 0 0 0 0 0 0 0 0 1 0 0 0 0
0 0 0 5.8 0 0 0 0 0 0 0 0 0 0 0 0 0 0 0 0 0 0 0 0 0 0 0 0 0 0.2 0 0 0 0 0 0 0 0 0 0
0 0 0 0 0 0 0 1.6 0.4 0 0 0 0 0 0 0 0 0 0 0 0 0 0 0 0 0 0 0 0 0 0 0 0 0 0 0 0 0 0 0
0.2 0 0.6 0 0 0 4.4 0 0 0 0 0 0 0 0 0 0 0 0 0 0 0 0 0 0 0 0 0 10.4 0 2.8 0 0 0.2 0 0 1.4 0 0 0
1.6 0 4.2 0 0 0 0.2 1.2 0 1 0 0 10.4 0 0.4 0 0 0 0.2 2.2 0 0 0 0 0 0 2.6 0 0.6 0 0 0 0 0 0 0 0 30.4 0 0
15.4 0 0 0 0 10.6 3.4 0.2 0 0 0.4 0.2 4 0 0 0 14.8 12.6 0.6 0.6 0 0 0 0 0 0 0 0 0.2 4.8 0 0 0 0.2 0 0 0 0 0 0
7.8 0 2.2 4 0 0 0 0 0 0 0 0 0 0 0.6 0 0 0 0.2 1.2 0 3 0.2 0 0 0 0 0 14.2 0 0 0 0 9.2 0 0 0 9 4.2 0.2
0 0 0 0 0 0 0 0 0 0 0 0.2 0 0 0 0 0.2 0.4 0 0.2 0 15.2 9.4 0 0 0.4 0 0 0 0 0 0 0 0 0 0 0 0 0 0
0 0 0 12 0 0 0 0 0 0 0 0 0 4 0 0 0 0 0 0 0 0 0 0 0 0 0 0 0 0 0 0 0 0 0 0 0 0 0 0
0 3 0 2.8 0 0 0 0.4 11.2 0 0 0 0 0 0 0 0 0 0 0 0 0 0 0 0 0 0 0 0.2 0.4 0 0 0 0 0 0 0 0 0 0
0 0 0 3.4 0 0 0 0 0 0 0 2.6 0 0 0 0 0 0 0 0 0 0 0 0 0 0 0.2 0 0 0 0.2 0 0 0 3.4 0 0 3.2 0 0
0 0 0 3 0 0.4 1.6 0 0 0.2 0 2 0.2 0 3 0 0.4 0 0 0 0 1.6 0 0 0 0 0 0 0 0 0 0 5.4 0 4 0 0 3 0 6.2
0 0 0 0 0 0 0 3.4 0 0 1.2 0 0 0 0 0 0.2 0 0 0 0 0 0 0 0 0 0 0 0.2 1 0 0 0 0 0 0 0 0 0 0
0 0 0 0 0 0 0 0 0 0 0 0 0.2 0 0 0 0 0 0 9.8 0 0 0.2 0 0 0 2.8 0.4 0 0 0 0 0 0 0 0 0.4 0 0.2 0
0 0 0 3.4 0 0 0 0 0.4 0 0 0 0 0 0 0 3 0 0.8 0 0 0.2 0 0 0.2 0 0 0 0 0 0 0 4 0 0 0 0 0 0 0
0.2 0 0 0.2 0 0 0 0 0 4.4 0 0 0 0.8 0 0 1.2 0 0 9.6 0 1.8 0 0 0 0 0 0 0 0 0 0 0 0 0 0 0.8 0 0 0
4 0 0 0 4.8 0 4 0 0 0.2 8 0 3 0.2 0 0 15.6 0 0 1.8 0 8.2 0 0 0 0 0 0 0 0 0 0 0 0 0 0 0 0 0 0.2
0 0 5 0 0 0.2 0 0 0 0.2 0 9 0 0 0 0 0 0 0 9 0 0 13.4 0 0 0.2 0 0.2 0 0 0 0 0 0 0 0 0 0.6 3.2 0
0 0 0.2 0 3.8 0 0.2 0 0 0 0 0 0 0 0 0 2.6 0 0 0.2 0 3 7 0 0 5.4 0 0 0 3.6 0 0 0 0 0 0 3.8 0 0 5.2
0 0 12 0 0 0 0 3.8 0 1 8.2 0 18.4 0 6.6 8.2 0.2 4.4 0 0.2 0 9.6 1.6 5.8 0 3.8 0 0 10.2 4 7.8 2.6 0.2 0 0.8 0 0 9.6 18.8 0.2
0 0 0 0 5.2 0 0 0 0 0 0 0 0 0 0 0 2.8 0 0 0 0 0.4 0.4 2.6 0 0 1 0 0.2 0 5 0 0 0 0 0 11.4 7.8 0 0.2
0 0.4 0 1.8 0 0 0 0.4 5.6 0 0 0 0 0 0 0 0 0 0 0 0 0 0 0 0 0 0 0.6 0 0 0 0 0 0.2 0 0 0 0 0 0
0 0 0.2 0 0 0 0 1.6 0 1.2 0 4.8 11.4 0 0.2 0 1.8 6.2 0 0 2.8 2.2 0 6.8 1 3.2 0.2 0 0.6 0 0 0 0.2 0 0.4 0.8 2 5.2 10.6 4.6
0 3 0 0 0.8 0 0 0 6.2 2 0.2 0 0 0 0 0 0 0 0 4 2 0 3.4 0 0 0 0 0 0.4 1.6 0 0 5.4 0 0 0 0 0 0 0
5.2 0 0 3.6 0 0.2 0.2 0.2 0.2 0 0 0 0 0 0.4 0 0 11.8 0 0 0 0 0 0 0 0 3.4 0.4 3.8 0 0.4 0 0 22.6 0.8 0 0.2 1.2 10.6 1.8
0 0 0 0 0 4.6 0 0 0 0 0 0 0 0 0 0 0 0 0 0 0 7.8 0.2 0 0 0 0 0 1.2 0 0 0 0 2 0 0.2 0 0 0 0
0 0 0 0 0 0 0 0 0 0 0 0 0 0 0 0 0 0 0 0 0 10 0 0 0 0 0 0 0 0 0 0 0 0 0 0 0 0 0 0
0 0 0 0 0 0 0 0 0 0 0 3 0 0 0 0 0 0 0 0 0 0 0 0 0 0 0 0 0 0 0 0 0 0 0 0 0 0 0 0
0 0 0 0 0 0 0 0 0 0 0 0 0 0 0 0 0 0 0 0 0 0 20 0 0 0 0 0 0 0 0 0 0 0 0 0 0 0 0 0
0.2 0 2 6 0 0 3 0 0 0 0 0 0 0 0 0 0 0 0 0 0 0 0 0 2 0 0 2.6 0.4 0 0 0 0 0 0 0 0 0 0.8 0
0 0.4 0.2 0 0 0 5.2 0 0 3 2.6 1 0.6 0 6.6 0 12.4 0 2.2 0 0 0 0 0 0 1 1 0 0 0 0 0 0 0 8.8 0 0 0 0 0
0.2 0 4.2 0 1.8 0 0 5.6 0 0 0 0 0.6 0 6 0 0 0 0 0 0 0 0 0 5.2 0 0 0 0 0 0.2 0 0 0 0 0 0.2 0 0 0
0.4 0 0 0 0 0 0 0 0 0 0 0 0 0 0 0 0.2 6.4 7.2 1 0 6 0 15.6 0 1.4 1.2 0 0.2 0 6 0.2 0.2 0.2 0.2 0.2 6.4 0 0 1
0 0 0.8 0 0 0 0 0 1 0 0 0 0 0 0 0 0 0 0 0 0 0 0 0 0 0 0 0 0 0 0.2 0 0 0 0 0 3.8 0 0.2 0
0 0 0 0 0 0 0 0 6 0 0 0 0 5.8 0 0 0 0 0 0 0 0 0 0 0 0 0 0 0 0.2 0 0 0 0 0 0 0 0 0 0
0 0 0 0 0 0 0 0 0 0 0 13 0 0 0 0 4.8 1 0 0 0 0 0 0 0 6.4 0 0 0 0 0 0 2.8 0 0 0 0 0 0 0
0 0 0 0 0 0 0 0 0 0 0 0 0 0 0 0 0 0 0 0 0 0 0 0 0 0 0 0 6.6 0 0 0 4.4 0 0 0 0 0 0 12
3.4 0 10.2 0 0 0 0 0 0 0 0 0 0 0 0.2 0 1 0 0 0 1 0.6 0 0 0 0 0.2 2.8 3.4 0 0 0 0 2.8 0 0 0 0 1.6 5.8
0 0 0 0 0 0 0 0 0 0 0 0 0 0 0 0 0 0 0 0 0 3 0 0 0 0 0 0 0 0 0 0 0 0 0 0 0 0 0 0
0 0 0 0 0 0 0 0 4 0 0 0 0 0 0 0 0 0 0 0 0 0 19.4 0 0 0 0 0 0 5.6 0 0 0 0 0 0 0 0 0 0
0 0 0 0 0 0 0 0 0 0 0 0 0 0 0 0 0 0 0 0 0 0 0 0 0 1.2 0 0 3.2 0 0 0 0.2 0 0 0 1 3.4 0 0
0 0 0 0 0 0 0 0 0 7 0 1 0 0 0 0 0 0 0 0 0 0 0 0 0 0 0 0 0 5 0 0 0 0 0 0 0 0 0 0
0 1.2 0 0 4 0 0 0 0 0 0 0 0 0 0 0 0.2 0 5.2 0 0.8 0 11.6 0 1 3.2 0 0 0 0 3 0 0 2.6 0.2 0 0 0 0 0
0 0 1 0.4 0 4 0.4 0 2.6 0.2 0 0 0 5.6 0 0 0 0 0.4 0 0 9.6 0 0 0 2 0 0 5.2 0 0 0 0 0 0.2 0 0 0 0.4 0
0 0 1 0 0.8 0 0 0.4 0 1.4 0 0 0 0 0 0 0 0.4 0 0 0 6.6 0 0 0 0.6 1.2 0 0 0 0 0 0.2 4.2 0 0 0 0 0 12.2
0.2 0 0.2 0 7.8 0 0 0 4.6 0 0 0 0 0 0 0 0 2.2 0 9.6 0 0.2 0 9.4 0.4 0 0 0 0 0.4 5.2 9 2.4 7.2 0 0 0.4 0 8.2 2.6
0 0 0 0 0 9.4 0 0 0 0 0 0 12.8 0 13 0 2 0 0 0 0 5.6 0.2 0 0 0.6 0 0 0 0 0 0 0 0 9.2 0 0 0.2 0 0
0 0 0 0 0 0 0 5 0.2 0 0 0 0 0 0 0 0 0 0 0 0 0 9.6 0 0 0 0 0 0 0 0 0 0 0.2 0 0 0 0 0 0
0 0 14.4 0 0 0 0 0 13.6 5 0 0 0 0 0 0 0 0 0.4 0 3 4 1.2 0 7.2 0 10 0 20.8 0 0 15 0 0 0 0 0 0 0 13.4
5 0 4.6 4 0 0 0 0 0 0 0 0 0 0 0 0 0 0 0 0 0 0 0 5.4 0 0 6 0 0 0 0 0 0 0 0 0 0 0 0 0
5.2 6.4 0.2 3 2.8 4.4 16.6 0 0 2.8 5.4 1 5.4 4.8 2.2 2.6 0 0 0 4.2 8 4.8 0.2 2.2 0 0 11.2 0 0 0.2 0 0 0 0 4.4 0 0 1 0 0
0 0 0 0 0 0 0 0 0 0 0 0 0 0 0 0 0 0 0 0 0 0 0 0 0 0 0 0 0 0 0 0 0.6 1.4 0 0 0 0 0 0
10 0 0.4 0.2 0.4 7.2 14.4 0 0 0.2 3 0.8 10.2 0 1.2 0.2 0.6 8 2.4 0.2 10.2 0.2 0 0 0 0.8 12 0 0 3.8 7.2 0.2 0 0 0 8.8 0 9.6 0 4.8
11.2 0 0 0 0.6 0 7.8 0 0 0 0 4.8 12.6 0 3.8 4.4 0 0 0 0 0 0.2 0 0.2 0 0 0 0 0.4 0 12 4.4 0 0.2 0.4 14.2 0 0 6.8 0
0 0 0 0 0 0 0 0 0 0 5 0 0 0 0 0 0 0 0 0 0 0 0 0 0 4.6 0 0 0 0 0 0 0 0 0.4 0 0 0 0 0
0 0 0 0 0 0 0 0 0 0 0 0 0 0 0 0 0 0 0 0 0 0 0 0 0 0.2 0 0.6 0 0 0 3 0 0 14.8 0 0 0 0.4 0
0 0 0 0 0 0 0 0 0 0 0 1 0 0 0.2 0 0 0 0 0 0 0 0 0 0 0 0 0 0 0 0 4 0 0 2.6 0 0 1.2 0 0
2.6 0 0 7.6 0 0 0.2 0 0.2 0 0 4 0 0.6 1.2 0 0.2 0 0 0 0 0 0 0 0 0.8 0 0 0 2 0 0 0.6 0.8 0 0 0 0 0 0.2
0 0 0 2 0 0 0 0 3.8 0 0 0 0 0 0 0 0 0 0 0 0 0 0 0 0.2 0 0 0 0 0 0 0 0 0 0 0 0 0 0 0
0 0.2 0 0 0 0 0 0 0 0 0 1 0 0 0 0 0 0 0.8 0 0 10 0 0 0 0 0 0 0 0 0 0 0 0 0 0 0 0 0 0
0 0 1.4 0 0 4.2 0 0 2.8 0 0 0 0 0 10 0.4 3.4 0 5.6 0.4 0 0 0 0 0 14.8 0 0 1.6 0 0 0 0 0 0.4 0 0 0 1.8 5.2
0 0 0 0 0 0 0 0 0 0 0 0 0 0 0 0 0 0 0 3.8 0 0 0 0 0 0 0 0.2 0 0 0 0 0 0 0 0 0 0 0 0
0 0 0 0 0 0 0 0 0 0 0 0 0 6.2 3 0 0 0 0 0 0 0 0 0 3.8 0 0 0 0 0 0 0 0 0 0 0 0 0 0 0
0 0 0 5 0 0 0 0 0 0 0 0 0 0 0 0 0 0 0 0 0 0 0.2 0 0 0 0 0 0 0.8 0 0 0 0 0 0 0 0 0 0
0 0 0 0 0 0 0 0 0 0 0 0 0 1.6 0 0 0 0 0 0 0 0 0.8 0.6 0 0 4.4 0 0 0.2 0 0 0 0.4 0 0 0 0 0 0
0 0 0 4 0 0 0 0 0 0 0 0 0 0 0 1 0 0 0 0 0 0 0 0 2 0 0 0 0 0 0 0 0 0 0 0 0 0 0 0
0 0 0 0 0 0 0 0 0 0 0 0 0 0 0.2 0 6.6 0 0 0 0 5.4 0 0 0 0.6 0 0 0 0 0 0 0 0 0 0 0 0 0 0.2
0 0 0.4 0 0 3 17.6 0 0 0 0 3 0 0 0 0 0 0 10 7.6 0 2.6 11.8 0 0 0 0 0 0.2 0 0.4 0 0 0 0 1 0 0 0 2.4
0 0 0 0 0.6 14 0 0 1 0 0 0 0 0 4.2 0 0 0 0 0 0 0 0 0 0 0 0 0 0.2 0 0 0 0 0 0 6 0 0 0 0
0 0.4 0 3.8 0 0 0 0 8 0 0 0 0 0 0 0 0 0 0 0 0 0 0 0 0.2 0 0 0 0 0.6 0 0 0 0 0 0 0 0 0 0
0 0 0 8.6 0 0 0 0 16.2 0 0 0 0 0 0 0 0 0 0 0.2 0 0 0 0 0 0 0 0 0 0 0 0 0 0 0 0 0 0 0 0
0 0 0 0 0 0 0 0 7.6 0 0 0 0 0 0 0 12 0 0 0 0 0 0.2 0 9 0 0 0 0.2 0 0 0 0 0 0 0 0 0 0 0
0 0 0 0 0 0 0 0 0 0 0 0 0 0 1.2 0 0 0 0 0 0 0 0 0 0 0 0 0 0 0 0 0 0 0 1.8 0 0 0 0 0
0 0 0 0 0 0 5.4 0 0 0 0 0 0 0 0 0 0 0 0 0 5 0 0 0 0 0 0 0 0 0 0 0 0 0 0.6 0 0 0 0 0
0 0 3.2 6.4 0 0 0 0 4 0 3.4 0 0 11.8 0 0 0 0 2 3.8 0 0 0 0 0 0 0 0 1.2 0 2.6 0 0 0 0 0 0 0 0 2.6
1.8 0 0 0 0 0 0 0.2 0 0.2 0 0 0 4.4 0 2.2 0 0 7.6 0 0 0 0 0 0 0 0 0 0 0 0 0 0 0.4 0 0 1.2 0 0 2
0 0 0 0 0 0 0 0 0 0 0 0 0 4 0 0 0 0 0.2 0 0 0 0 0 0 9.6 0 0.2 0 0 4.2 0 0 0 0.8 0 0 0 0 0
0 0 0.8 0 0 0.8 6.4 3.2 11 3.6 0 0 0 18.4 5.2 0 13.4 0 0 0 0 6.6 0.8 0 0.6 1 0 0 0 0 0 0 0 15.2 0 0 0 0.2 0 1.8
0 0 0 0 0 0 0 0 0 0 0 0 0 0 0 0 2.8 0 0 0 0 0 0.2 0 0 0 0 0 1.6 5 0 0 0 0.4 0 0 0 0 0 0
2.2 0.2 0.2 0 0 0 0.4 0 0 0 0 0 0 0 0 0 0 0 0 0 4.6 0 14.8 0 0 0 0.4 2.8 0 0 4.4 0 0 0 0 0 0 0 0 0
0 1.8 0.6 0 4.4 0 0 0 0 0 0 0 4 0 0 0 0 0 0 0 0 0 0 0 0 0.4 0.2 0 6.4 0 0 0 0 0.2 0 0 4.8 0 0.2 0
0 0 0 0 5 0 0 0 0 0 0.2 0 0 0 0 0 0 0 0 0 0 0 0 0 3 0 0 0 7.8 0 0 0 0 0 0 0 0 0 0 0
0 0 8.6 1 1.4 0 0 0 0 0 0 1 12 0 0 0 0 1.4 0 0 0.4 0 0 0 0 0 0 2.6 0 0 0.4 3 0 0 4.2 0 0 0 0 0
0 0 0 16.4 0 0 0 0 4 0 0 0 0 0 0 0 0 0 0 0.6 0 0 0 0 0 0 0 0 0 0 0 0 0 0 0 0 0 0 0 0
0 0 0 0 0 0 0 0.4 0.6 0 0 0 0 0 8.6 0 0 0 0 3.8 0 0 0.2 0 0.2 0 0 0.2 0 0 0 0 0 0.2 0 0.2 0 0.2 0.2 0
5.6 0 0.2 0 6 0 0 6.2 0 0 0 0 0 1 5 0 0 0 0 0 0 0 0.8 0.2 3.6 0 19 0 0 0 1.2 6.4 0 0 0 0 0 15.8 0 0
0 0 0 5.4 0 0 0 0 4.6 0 0 0 0 0 0 0 0 0 0 0 0 0 0 0 0 0 0 0 0 0 0 0 0 0 0 0 0 0 0 0
0.6 0 0 8.2 0 6 0 0 7.6 13 3 7.4 0 0 8 0 11.2 0.4 15 0 0 0 6.8 0 4.6 11.4 0.2 0.8 0 0 0 0 0 0 0 0 0 16.8 0 0
0 0 0 0 0 0 0 0 0 0 0 0 0 2.6 0 0 0.4 4 0 0 0 0 0 0 0 0 0 0 0 8 0 0 0 0 0 0 0 0 0 0
0 0 0 0.6 0 0 0 2 0.6 0 0 0 0 0 0 0 0 0 0 0 0 0 0 0 3.8 0 0 0 0 0 0 0 0 0 0 0 0 0 0 0
0 0.8 0 10 0 0 0 0 0 0 0 0 0 2.6 0 0 0.4 0 0 0 0 0 0 0 0 0 0 0 0 0 0 0 0 0 0 0 0 0 0.2 0
0 0 0 0 0 0 0 0 0 0 0 0 0 0 0 0 0 0 4 0 0 0 0 0 0 0 0 0 0 0 0 0 0 0 0 3 0 0 0 0
0.4 0 0 1.2 0 0 0 0 1.2 0 0 0.4 0 0 0 0 0 0 0 0 0.2 9.6 0 0 0 0.2 0 0 0 0 0 0 0 0 0 0 0 0 4.8 0
1.2 0 7.6 0 0 0 0 0 0 0 0 0 0 0 2.6 0 0 0 0 0 0 0 1.4 0 0 0 0 0 0 2.8 0 0 0 0.4 0 0 0 0 0 0
0 0 0 0 0 0 0 0 0 0 0 0 0 0 0 0 0 0 0 0 0 2.4 0.6 0 0 0 0 0 0 0 0 0 0 0 0 0 0 0 0 0
0 0 0 1 0 0 0 0 0 0 0 15.8 0 0 0 0 0 0 0 0 0 8.2 0 0 0 0 0 0 0 0 0 0 0 0 0 0 0 0 0 0
0 0 0 0 0 0 0.6 0 0 0.4 0 0 0 0 0 1.6 0 0 0 0 0 0 0 0 0 0 0 0 0 0 0 0 2.4 0 0 0 0 0 0 0
0 0 0 14 0 0 0 0 0 0 0 0 0 0 0 0 0 0 0 0 0 0 0 0 4 0 0 0 0 0 0 0 0 0 0 0 0 0 0 0
0 0 0 0 0 0 0 0 0 0.4 0 2.8 0 9 0 0 0 0 0 0 0 5.4 2 0 0 6.8 0 0 0 0 0 0 0 25.6 0 0 0 0 0 1
0 0 0 0 0 14.4 14.4 0.2 5 5.6 9.6 0 0 0.2 0 2.2 18.4 0 0 0 0 8.6 0 0 7.2 1.6 0 0.2 0 0 0 0 0 0 0 0 0 0 0.4 0
0 0 0 0 0 0 0 0 6.8 0 0 0 0 0.2 0 0 0 0 0 0 0 0 0 0 0 0 0 0 0 0 0 0 0 0 0 0 0 0 0 0
9.2 0 0.2 0 3.4 0 0 0 0 0 0 0 0 0 0 0 0 0 0 0 0 0 0 0.2 0 0 1.6 0 0 0 0 0 0 0 0 0 0 0 8.4 0
0 0 0 0 0 0 0 0 22 0 0 0 0 0 0 0 2.8 0 0 0.8 0 0 0 0 0.4 0 0 0 0 0 0 0 0 0 0 0 0 0 0 0
0 0 0 0 0 0 0 0 0 0.2 0 0 0 8.8 0 0 0 0 0 0 0 0 0 0 0 0 0 0 0 0 0 0 0 0 0 0 0 0 0 0
2.6 0 0 0.2 0 0 0 0 0 0 0.4 0 0 0 0 0 0.2 15.4 0 0 0 6 0 0 1.6 17.8 8.4 3.8 0 0 0 10.8 0.2 0 0 0 11.6 0 0 0
2.4 0 0 0.8 0 3 0 0 0 0.4 0 1.6 11.4 0 0 0 0 0 0 0 0 0.2 0.2 0 0 5 6.8 5.6 0 0.6 0 0 0 0 0 0 0 0 0 0
0 0 0 0 0 0 3.8 0 0 0 0 0 0 0 0 0 0 0 0 0 0 0 0 0 0 0 0 0 0 0 0 0 0 0 0.2 0 0 0 0 0
0.4 0 1.2 0 0 0 0 0 0 0 7.8 0 0 0 0 0 0.2 0 0 1.8 0 0 0 0.2 0 0 0 0 6.8 0 0 0 0 0 0 0 0 1.6 0 0
0 0 0 1 0 0 0 0 0 0 0 0 0 0 0 0 0 0 0 0 0 0 0 0 6 0 0 0 0 0 0 0 0 0 0 0 0 0 0 0
0 0 0.2 0 0 0 0 0 0 0 0 0 4.2 0 0 0 0 0 0 0 0 0 0 0 0 0 0 0.4 4.4 0 0 0 0 0 0 0 0 0 2.8 0
0 0 10.6 0 0 0.2 0 0 0.4 0 0 3.6 0 0 0 0.2 0 3 0 0 0 0.6 0 0 3.6 37.6 0 0 0 0 0 0 0 0 0 5.2 0 0 0 0
0 0 0 2 0 0 0 0.8 9 0.2 0 0 0 0 0 0 10.6 0 0 0 6 12 0 0 0 0 0 0 0 0 0.2 0 0 0 0 0 0 0.2 0 0
0 0 0 0 0 0 0.2 0 0 0 0 0 1 5.2 0 3 0 0 1 0 0 0 0 0 0 0 0.4 0 3.6 0 3.8 0 7.6 0.6 0 0 0 0 0 3.6
0 0 1.8 0 2.2 0 0 0 0 0 0 0 0 0 0 0 0 0.4 0 0 0 0 0 0 0 0 0.6 0 0.2 0 0.2 0 0 0.8 0 0 1.2 0.6 0 0
0 0 0 0 0 0 0 0 0 0 0 0 0 3 0.2 0.6 0 0 0 3 0 0 0 0 0 0.2 0 0 0.4 0 0 0 0 0 0 0.2 0 0 0 9.4
0 0 0 0 0 0 0 0 5 0 0 0 0 0 0 0 0 0 0 0 0 0 0 0 0 0 0 0 0 0 0 0 0 0 0 0 0 0 0 0
0 0 0 0.2 0 0 0 0 3.6 0 0 4.8 0 0 0 0 9.4 0 0 4 0 0 0 0 0 0 0 0 0 0 0 0 0 0 0 0 0 0 0 0
0 0 0 7.8 0 0 0.2 0 0 0 0 0 0 0 0 0 0.6 0 0 0 0 0 0 0 0 0 0 0 10 0 0 0 0 0 0 0 0 0 0 3.4
0 0 0 3 0 0 0 0 3 0 0 0 0 0 0 0 0 0 0 0 0 0 0 0 0 0 0 1 0 0 0 0 0 0 0 0 0 0 0 0
0 0 0 0 0 0 0 0 0 0 0 0 0 0 0 0 0 0 0 0 0 0 0 7.8 0 0 4 0 0 0 0 0 0 0 0 1 0.2 0 0 0
0.2 0 0 0 0 0 0 0 0 2.2 0 0 0 0.2 0 0 10.4 0 0 0 0 11.6 0.4 0 0 0 0 0 0 0 0 0 0 0 0 0 0 0 0 0
0 0 0 0 0 0 0 0 0 0 4 0 0 0 0 0 0 0 0 4 0 0 0 11.6 0 0 0 0.2 0 0 0 0 0 0 0 0 0.2 0 0 0
0.2 4.6 0 2.2 0 0 0 0 0 0 0 0 0 0 0 0 0 0 0 0 0 0 0 0 0 0 0 0 0 0 0 0 0 0 0 0 0 0 0 0
0 0 0 0 0 0 0 0 0 0 0 0 0 0 0 0 0 0 0 0 0 0 0 0 6 0 0 0 0 0 0 0 0 0 0 0 0 0 0 0
0 0 0 0 0 0 0.2 0 0 0 0 0 0 0 0 0 0 0 0 0 0 0 0 0 0 0 0 0 3 0 7.8 0 0 0 0 0 0 0 0 0
0 0 0 11.2 0 0 0 0 9.6 0 0 0 0 0 0 0 0 0 0 0 0 0 0 0 0 0 0 0 0 0 0 0 0 0 0 0.2 0 0 0 0
1.8 0 5 0 0 0 0 0 0 0.6 0 2.4 8 0 3 0 0 1 5.6 0 0 0 0 0 0 0 19 0.2 0 0 4.2 0 0 0 0 0 0 3.2 0 0
0 0 0 0 0 0 0 0 0 0 0 0 0 0 0 0 0 0 0 0 0 0 0 0 0 0 0.4 0 0 0 0 0 0 0 3.6 0 0 0 0 0
0 0 0 3 0 0 0 0 0.4 0 0 0 0 13.6 0 2 0 0 0 0 0 0 0.2 0 4.8 0 0 0 0 5 0 0 0 0 0 0 0 0 0 0
0 0 0 12.8 0 0 0 0 0 0 0 0 0 0 4.4 0 0 0 0.2 0.4 0 0 0 0 4 15.8 0 0 2 0 0 0 0 0.2 0 0 0 0 0.2 0
0 0 0 3.8 0 5.8 16 0 0 0 0 0 0 8.6 5 0 17 0 0 0 0 0.4 0 0 0.2 0 0 0 0 5.4 0 0 0 15.4 0.2 10.6 0 0 1.6 0
0 0 0 6.8 0 0 0 0 8.2 0 0 0 0 0 0 0 0 0 0 0.8 0 0 0 0 0.2 0 0 0 0 0 0 0 0 0 0 0 0 0 0 0
0 0 0 0 0 0 0 0 0 0 5 0 0 0 0 0 0 0 0 0 0 0 0 0 0 0 0 0 0 0 0 0 0 4 0 0 0 0 0 0
0 5.8 0 0 1.4 1.2 0 1 0.4 7.6 0 12 0 5 0 0.2 4 2.4 0.2 0 0 0.8 4.2 0.6 6.6 0 0 1.8 0 0.6 0.2 0 0 0 0 0 0 0 1 0
0 0 0 0 0 0 0 0 0 0 0 0 0 0 0 0 1.6 0 0 0.2 0 0 2.2 0 0 0 0 0 0 0 0 0 0 0 0 0 0 0 0 0
0 0 0 0 0 0.8 4 0 0 0 0 0 0 0 1.4 0 0.2 1.4 0 0 0 5.4 0.6 0 0 0 0 0 0 0 0 3.2 0 0 0 0 0 0 0 0
0 0 0 0 0 0 0.2 0 11.6 0 0 0 0 0.2 0 0 0 0 0 0 8 0.2 0 0.4 0 0 17.6 5 6.6 0 14.6 4.8 0.4 13.2 0.6 6.2 0.2 0 0 0
0 0 0 0 1.8 0 0 0 0 0 0 0 0 0 0.2 0 0 7.8 2.4 7.6 0 0 0.2 0 0 0 0 0 0 0 0 0 0 3.8 0 0 0.2 0 0 0
0 0 0 8.4 0 0 0 0 0 0 3 0.4 0 0 0 0 0 0 10 0 0.6 0 0 0 1.8 0.8 0 0.4 0 0 0 0 0 0 0 0 0 0 0 3.6
0 0 0.2 0 0 0 0 0.4 0 0 0 0 0 0 0 0 0.2 0 0 0 4.8 0 0 0 0 2.4 0.8 16.2 0 2 7.2 4.8 0 0 0 0 0 0 0 0
0 0 3.8 0 0 0 5.4 0 0 0 0 0 0 0 0 0 0 0 0 0 0 0 0 2.4 0 22.2 0 0 2.2 0 0 0 0 0 0 0 0 0 0 0
9.8 0 19.4 0 0 0 0.2 0.4 0 0 0 0 0 0 0 0 3.4 0 0 0.2 0 2.6 0 0.2 0 0 0.2 0 4.6 1 12.4 0.4 7.8 0 0 0 0 0 30.4 0
0 0.4 0 6 0 0 0 0 0 0.2 0 0 0 8.6 0 0 0 0 0 0.6 0 0 0.2 0 0 0 0 0 0 0 0 0 0 0 0 0 0 0 0 0
0 0 0 0 0 0 0 0 5 0 0 0 0 0 0 0 0 0 0 0 0 0 0 0 0 0 0 0 0 0 0 0 0 0 0 0 0 0 0 0
0 2 0 0 0 0 0 3 0 0 0 0 0 0 0 0 0 0 0 0 0 0.2 4.8 0 0 0 0 0 0 9 0 0 0 0 0 0 0 0 0 0
0 0 0.4 0 0 0 0.2 0.2 1 0 0 0 0 0 0 0.2 0.2 0 3 5.8 0 0 0.6 0 0 0 0 0 9.6 0.8 0 0 0 0 0 3 0 0 0 0
0 3 15.8 0 0 0.4 5 0 0 0 0.2 0 6.6 0 0 0 0 0 0.2 0 0 0 0 0 0 10 0 7.4 0 0 10 14 1.4 0 0 0 0.2 0 11.4 0.4
0 0 0 0 0 0 0 0 0 0 0 0 0 0 3 0 0 0 0 2 0 0 4 0 0 0 0 0 0 0 0 0 0 0 0 0 0 0 0 0
0 4 0 0 0 0 0 0 2.6 0 0 0 0 0 0 0 0 3.8 0 0 0 0 0.4 0 0 0 0 0 0 0.2 0 0 0 0 0 0 0 0 0 0
0 0 0 3 0 0 3.2 0 11 0 0 0 0 0 0 0 0 0 0 0 0 0 0 0 0 0 0 0 0 0 0 0 0 0 0.4 0 0 0.4 0 2
0 0 0 4.8 0 5.6 0 3.2 0 0 0 0 0 6 6.8 0 3.2 0 0.2 0 0 0 0.2 0.8 0.6 6.2 0 0 0 0 0.2 0 1 0.2 0 0 0.6 10.2 0 11.2
0 0 0 0 0 0 0 0 7.2 0 0 1 0 0 0 0 0 0 0 0 0 0 3.8 0 0 0 0 0 0 0 0 0 0 0 0 0 0 0 0 0
0 0 2.2 0.2 0 6.6 10.6 0 0 0 0 0.6 0.2 0 22.6 3 12 0 3 0 0.2 0 0 0 0.4 10.8 4.2 0 0 0 0 0 0 0 7.8 0.2 0 5.4 0 0
0 0 0 0 0 0 3.2 0 0 0.2 6.2 0 0.2 4 0 0 2.2 6.6 8.4 0 7.6 0 0.2 1.2 4 10.8 6 0 22 7.2 6.4 12.8 6.8 1.8 0 5.2 0 0 0 0
0 0 0 5.6 0 0 0 0 0 0.2 0 0 0 0 0 0.4 0 0 0 0 0 0 6.8 0 0 0 0 0 0 0 0 0 0 0 0 0 0 0 0 0
0 0 0 0 0 0 0 0 2 0 0 0 0 0 0 0 0 0 0 0 0 0 0 0 0 0 0 0 0 0 0 0 0 0 0 0 0 0 0 0
0 0 0 3.6 0 0 0 0 0 0 0 0 0 0 0 0 0 0 0 0.4 0 0 0 0 0 0 0 0 0 0 0 0 0 0 0 0 0 0 0 0
0 0 0 6 0 0 0 0 0 0 0 0 0 0 0 0 0 0 0 0 0 0 0 0 5 0 0 0 0 0 0 0 0 0 0 0 0 0 0 0
0 0 0 0 2.8 0 2.6 0 7 0 0 13.2 11.8 0.8 0.2 0 0.2 0.4 0 0 0 0 0 0 0 1.6 0 0 0.8 0 4.8 10.4 0 6.4 3 0 0 0 6.6 1.4
0 0 0 0 0 0 0 0 0 0 0 4.6 0 0 0 0 0 0 0 0 0.6 0 0 0 0 0 0 0 0 3.8 0 0 0 0 0 0 0 0 0 0
0 0 0.6 0.2 3 0 0 0 0.2 0 0 5.8 11.4 0 7.2 0 0.4 0 0 0.2 0 0.4 2.6 0 0.8 0 0.2 0 8.6 0 0 0 0 0 0 4 0 14.4 0 13
0 3 0 0 0 0 0 0 0 3 1 0 0 0 0 0 0 0 0 0 0 0 0 0.2 0 0 0 0 3.8 0 0 0 0 0 0 0 0 0 0 0
0 0 0 0 0 0 0 0 0 0 0 0 0 0 0 0 0 0 7.6 0 0 0 0 0 0 0 0 0 0 0 2.4 1.2 0 0 0 0 0 0 0.8 0
0 0 0 0 0 4.8 0.4 0 0 3.4 0 0 0 0.4 0 0 0 0 0 2.8 0 0 0 0 0 0 0 0 0 0 0 0 0 10 0 0 0 0 0 14.2
4.4 0 0 0.4 0 0 0 0 0 0 0 0 0 0.2 0 0 3.8 0 0 0 0 0 0 1.2 0 0 0 3.4 1.8 0 0.8 0 4.2 0 0 0 0 0.2 0 11.6
8.8 0 1.6 0 0 0 13 0 3 0 0 0 0 0 0 0 0 0 8 0 0 0 0 0 0 0 0 0 0 0 0.4 0 0 1 0 0 0 5.8 0.4 0
2.2 0 0 0 0 0 0 0 5 0 0 0 0 4.2 4 0 6.6 0 0 0 0 0 0 0 0 0 0 0 0 0 2.6 0 0.2 0 4.8 4.4 0 10.6 0 1.4
0 0 0 0 0 0 0 0 0 0 1.4 0 0 0 0 0 0 0 4 0 0 0 0 0 0 1.6 0 0 0 0 0 0 0 0 0 0 0 0 0 0
0 0 13.4 0 0 0 0 0 0 0 0 0 0.2 0 0 0 0 0 0 0 0 0 0 0 0 0 0 0 1.6 0 0 0 0 0 4.8 0 0.2 0 0 1.8
0 0 0 0 0 0 0 0 0 0 0 0 0 0 0 0 0 0 0 0 0 0 0 0 4 0 0 0 0 0 0 0 0 0 0 0 0 0 0 0
0 0 0.6 0 6.4 0 10.4 0 0 0 0 0 0 11.6 0 0 0 0 0 0 0.6 0 0 0 0 0.4 0 0 0 0 0 0 0 0.2 0 0 0 0 0 1.8
14 0 0 0 0.2 8 11.4 0 0 0 6 0 24 9.4 9 0.4 15.2 0 11 2.4 0 0 0 0.2 3 14.2 0 0 10.4 0 4 0 0 1.6 0 8.8 0.2 0 0 0.6
0 1.2 0 9.2 0 1 0 0 6.2 0 0 0 4.4 0 0 0 0.6 0 1 0 0 0 0 0 0 1.2 0 0 0 0 0.2 0 0 0 4.6 0 0 0.4 0 0
0 0 0 0.4 0 0 0 0 0.4 0 0 0 0 0 0 0 0.8 3.6 5 0.2 0 1 4.6 0 0 0 5.8 0 0 0 0 0 0 0.2 0 0 0 1 0 0
0 0 0 0 0 0 0 0 0 0 0 0 0 0 0 0 0 0 0 0 0 0 0 0 0 0 0 4.8 0 0 0 0 0 0 0 0 0 0 0.2 0
0 0 0 0 0 0 0 0 0.4 0 0 2.8 0.2 0 0 0 0 0 0 0 0 0 0 0 3 0 0 0 0 0 0 0 0 0 0 0 3.6 0 0 0
0 4 0.4 0 0 0 0 0 0 3 0 0 0 4.2 0 0 2 0 0 0 0 0.4 0 0 0 0 0 0 0 0 0 0 0 0 0 0 0 0 0 0
0 0 0 0 0 5 0 0.2 0.2 0 0 0 0 0 0 0 0 0 0 0 0 0 0 0 4.4 0 0 0 0 0.2 0 0 0 0 0 0 0 0 0 0
0 0 0 0 0 0 0 0.2 7.8 0 0 0 0 0 0 0 0 0 0 0 0 0 0 0 0 0 0 0 0 0 0 0 0 0 0 0 0 0 0 0
0 0 0 0 0 0 9.4 0 0 0 0 0 0 0 0.8 0 0 0 0 0 0 0 0 4 0 14 0 0 0 0 0 0 0 1.2 0 0 0 0.4 0 1.2
0 0.2 0 2 0 0 0 0 0.6 0 0 0 0 0 0 0 0 0 0 4.2 0 3 0 0 0 0 0 0 0 0 0 0 0 0 0 0 0 0 0 0
0 0 0 0.2 0 0 0 4 0 0 0 0 0 1 0 0 1.6 0.6 0 2.4 0 0 0 0 1.8 5.2 0 0 0 0 0 0 0 0 0 0 11.2 0 0 0
0.2 0 0 0 0 0.2 0 3.6 0 0 0 0 1.6 0 0 0 0 0 0 0 0 0 0 0 0 0 0.2 8.8 17.4 0 0 9 0 0 0 0 0 0 0 0
3.2 3 0 0.8 10.4 0 3.4 0 0 3.2 0 3.2 0 0 0 0 3.4 13.2 0 0 0.6 5.4 0 14.2 0 6 2.6 0 0 0 8.8 10.6 8.4 3.2 0 0 14.8 9.6 0 0
0 2 3.6 0 4 0 0 4 0 0 0 0 0 0 0 0 0 0 0 0 0 0 0 0 5 0 0 0 0 0 0 5.8 0 0 3.6 0 0 0 0 0
0.4 0 0 0 0 0.8 0 0 0 0 0 4.4 0 0.6 0 0 0.2 0 0 0 0 0 0 9.6 0 0.4 4.6 0.2 0 0 0 0 0 0 0.6 0 0 1 0 2.2
0 0 0 0 0 0 0 0 0 0 0 0 0 0 0 0 0 0 0 0 0 0 0 0 0 0.4 0 0 8.4 0 0 0 0 0 0.2 0 0 0 0 0
0 0 0 0 0 0 0 0 0 0 0 0 0 1 0 0 0 0 0 0 0 0 3.8 0 0 0 0 0 0 0 0 0 0 0 0.2 0 0 0 0 0
0 1 10 0 9.4 0 0 8 0 0 0 0 0 0.4 0.2 0 0 0 0 0 1 0 1.8 0 0 0 3.2 0.4 4.6 0 0.2 0.8 5.8 5.2 0 0 2 9.6 0 0.4
0 0 0 4.6 0 0 0 0 1.2 0 0 0 0 0 0 0 0.8 0 0 0.4 0 0 0 0 17 0 0 0 0 0 0 0 0 0 0 0 0 0 0 0
0 0 0 0 0 0 0 0 0 0 0 0.4 0 0 0 0 0 0 0 0.2 0 0 0 0 0 0 0 3.4 0 0 0 0 0 0 0 0 0 0 0 0
0 0 0 0 0.4 0.6 0 0 0 0 0 0 0.6 0 0 0 0.8 0.4 0.4 0 0 0.2 5.4 0 0 0 0 0 4.4 11.2 9.8 0 5.8 0 0 0 0 0 0 0
8.6 0 0 0 0.4 0 0 5 0 0 0 7 0 0 4.8 0 0.4 3 0 0 1.2 0 0.2 0.2 0 7.8 0 0 3.4 0 0 0 9 0 0 0 0 0 0 0
0 0 0 0 0 0 0 0 0 2.6 0 0 0 0 0 0 0 0 0 0.2 0 0 0 0 3.6 0 0 0.2 0 0 0.4 0 0 0 0 0 0 0 0 0
0 0 0 0 0 0 0 0 0 0 0 0.2 2.8 0 6.2 0 5.4 0 5.2 0.6 0 0 3.4 3 0 0 0 0 0 0 0 7.2 0 4 0 0 0 0 0 0
0.4 0 0 0 0.4 0 0 0 0 0 0 0 0 0 0.2 0 6.4 0 0 0 0 0 0.2 0 0.6 0 6.8 0 0 0 0 0 4.8 0 0 0 0 0 0 0.2
0.4 0 0 0 0 0 0.2 0 0 0 0 0 0 0 0 0 0 0 0 0 3 1.2 0 0 0 3.8 0 0 0 0 0 0 0 0 0 0 0 0 8.4 0
6 0 0 0 0.2 1 0 0 0 0 0 2 0 0 0 0 0 0 0 1 0 0 0 0 0.6 8.8 0 0 0.4 0.8 0 0 0 1.4 0 0 0 0.6 1.2 41
13.4 0 0 0 0 0 1 0 0 0 0.2 0 0 0 0.2 0 0.2 0 0 0 1.6 0 0.2 0 0 6.2 0 0 0.6 0 2.6 0.6 0 0 0 0 0 0 0.2 4
0 0.2 0.4 0 0 0 0 0 0 11.2 0 0 0 0 0 0 0 1.8 0 0 0 6.2 0 0 0 1.4 0 0 0 0 0 0 0 0 0 0 0 6.6 0.2 0
0 0 0 0 4 0 0 0 0 0 0 0 0 0 0 0 0 0 0 0 0 0 0 0 0 0 0 0 0 4 0 0 0 0 0 0 0 0 0 0
0 0 11.6 0 0 0 0.4 0 0 0 0 0 0.2 0 0 0 0 0 0 1.4 0.2 0.2 0 0.4 0 0 0.2 0.2 0 0 1 0 0 0.2 0 0 0 16.6 0.2 0.2
0 0 0.2 0.2 0 0.2 0 0 0.2 0 3 0 0.4 0 0.6 0 0 0 0 0 0 0 0 0.4 2 0 0.2 0.4 0 0 0 0 0 0 2.2 0 0 3.4 1.6 0
0 0 0 4 0 0 0 0 0 2.4 0 3.8 0 1.2 0.2 0 0 0 0 0 0 0 0 0 5 0.4 0 0 0 0 0 0 0 0 0 0 0 0 0 0
0 0.4 0 4 0 0 0.2 0 0 3.6 0 5 7.2 0 12.2 0 9.4 0 0 6 0 11.4 0 0 0 10.2 12.8 0 0 0 0.2 0 0 7.2 0.8 0.8 0 0 0 4.6
0 0 0 0 8.8 0 0 5 0 0 0 0 0 0 0 0 0 0 0 0 0 0 0 4.8 0 0 0 0 0 0.4 0 0 0 0 0 0 0 0 0 0
0 0 0 10 0 0 0 0 0 0 0 0 0 0 0 0 0 0 0 0 0 0 0 0 0 0 0 0 0 0 0 0 0 0 0 0 0 0 0 0
0.8 0.2 0 0 0 0 6.4 0 0 0 0 0.2 3 3 0 0.4 0 0 0 5.6 0 0 0.8 0 0 0.4 0 0 0 0 0 0 0 0 0 0 0 0 0 0.2
0 0 0 0 0 0 0 0 0 0 0 0 0 0 0 5 0 0 0 0 0 0 0 0 5 0 0 4 0 0 0 0 0 0 0 0 0 0 0 0
0 0 0 3.8 0 0 0 0 0 0 0 0 0 0 0 0 0 0 0 0.2 0 0 0 0 0 0 0 0 0 0 0 0 0 0 0 0 0 0 0 0
0 0.6 5.8 0 0 0 0 0.2 0 0 1 2 0 0 0 3 0 0 1.4 0 3.8 8.8 0 0 0 0 12.6 0 0 0 4.6 0 0 0.2 3.8 0 0 0 6.2 0
0.2 0 0 5.6 0 0.2 0.2 0 0 0 0 0 0 0 0.4 0 0.4 0 0 0 0 0 0 1.8 0 0 0 0 7.6 0 0 0.4 0 8.2 0 0 10.6 16 0 1.4
0 0 0 0 0 0 0 0 0 3.6 0 0 0 8 0.4 3.8 0 0 4.6 0 0 0.4 0 0 0 0 0 0 0 0 0 0 0 0 0 0 0.2 0 0 0
0 0 0 0 0 0 0 0 0 0 0 0 0 0.2 0 0 3.8 0 0 0.4 0 7 0 0 2.4 0 0 0 0.2 0.4 0 0 0 0 0 0 0 0.4 0 0.2
0.6 0 0 0 0 0 7.4 0 0 0 0.6 3 9 2.6 0 0 0.2 0 4.6 0 0 0 1.2 0 0 0 0 0 1 0 0.8 0 0 0 4.2 5.6 0 0 1 0.2
0.8 0 0 0 0 2.8 0.2 10.8 0 0 8.6 0 4.8 0 0 0 0 1.6 0 6.4 0 0 10.8 0 3.6 34.4 0 1 0 0 4.4 0 0 0 0 6.6 0 2.2 0 0
0 0 0 0 7.8 4 1.6 0 0 0 1 0 2.4 0 0 0.2 0 0 0 0 0.2 2.4 0 0 0 5.4 1.6 0 8.4 0 4.6 0 0 0 0 0.2 16.6 0 0 20.6
0 0 8 0 1.2 0 2 0 0 0 14.4 0 0 5 0 0 0 0 0 0 0 0 0 0 0 0 0 0 0 0 0 0 0 0 3 0 0.2 0 0.2 0
0.2 0 0.4 0.4 0 0 13.2 6.8 1 3 0.2 0.2 0 0.6 0.2 0 0.6 0 0 8.2 0.2 0.2 0 9 0 0 15.8 0 0 6 0 7.8 0 15.6 0.2 0 19.2 0 0 0
0 0 2.8 0 0 0 0 0 0 0 2 0 0 0 0 0 0 0 0 0 0 0 0 1 0 0 0 0.4 11.6 0 0 0.6 0.8 0 0 0 4.2 0 0.2 0.4
0 5.8 0 0 0 0 0 0 0 0 0 0 0 0 0 0 0 0 0 0.2 0 0 0 0 0 0 0 0 0 0 0 0 0 0 0 0 0 0 0 0
0 0 0 3 0 0 0 0 0 0 0 0.2 0 0 0 0 0 0 0 0 0 6.4 2 0 0 0 6.4 0 0 0 0 0 0 9.4 0 0 0 5.6 0 0
0 0 0.2 0 0 0 0 0 0 3 0.2 2 0 0 13.4 0 0 0 0 0.2 0 0 0 3.6 0 0.2 0 0 0 0 0 0 0 0 3 0 0 0.2 0 0
15.6 4 0 6.4 0 7 0.6 0.6 10 3.6 4.8 0.2 3.4 18.2 0.2 13.2 0.6 0 7.8 1 4.2 0 0 0 0 0 0 0 1 0 0.8 0 0 0 3.6 15 0 12.2 2 7
0 0 0 0 0 0 0 0 0 0 0 0 0 0.2 0 3 0 0 0 0 0 4.8 0 0 0 0.2 0 0 0 7.8 0 0 0 0 0 0 0 0 0 0
0 0 5.2 0 2.8 18.8 13.2 0.6 0 0 0 4.2 0 5.2 6.2 0 0.2 0 4 0 5.8 0 6.2 0.2 0 4.6 0 5.6 0.4 4.8 15 2 0 0 1 22.8 0 0 6.6 1.6
0 3.4 0 0 0 4 7.4 0 5 10.2 4.2 0 6.8 0 0.4 0.2 0 0 0 0 0 3.4 0 0 0 2 2.6 1.2 0 0 0 0 0 0 0.2 0 0 0 0 0
0 0 0 3 0 0 0 0 0 0 0 0 0 0 0 0 0 0 0 0 0 0 0 0 5 0 0 0 0 0 0 0 0 0 0 0 0 0 0 0
5 0 0 0 0 0 0 0 0 0 0 0 0 0 0 0 2.4 0 0 0 0 0 0 0 0 0 0 0 0 6.6 0 4 0 0 0 0 0 0 0 0
0 0 0 0 0 0 0 0 0 0 0 0 0 0 0 0 0 0 0 0 0 0 0 0 5.8 0 0 0 0 0.2 0 0 0 0 0 0 0 0 0 0
0 0 0.4 3 0 0 0 0 0 0 2.8 0 0 0 0 0 0 0 0 1 0 0 0 0 9 1 0 0 4.8 0 0 0 0 0.4 0 0 0 0.2 0 0.4
6 0 0 9.2 8 1.8 0 0 0 13 1.6 2.8 3 0 0 0.2 0.4 0 0 4 0 11.6 1.4 0 1.6 0 0 0 0 0 0.6 0 8.8 0 0 10.6 0 10 0 0.4
0 0 0 0 0 0 0 0 0 0 0 0 8.4 4.8 6 0 0 0 0 0 0 0 1.8 0 0 0 0 0 0.2 0 0 0 0 4.8 0 0 0 0 0 0
0 0 0 0 0 0 0 0 3 0 0.4 0 0 0 9.4 0 0 0 0 0 0 0 0 0.2 0 0 0 0 16.8 0 0 4.6 0 0 0 0 0 0 5.6 0
0 0 0 0 0 0 0 0 0 0 0 0.8 0 0 0 0 0 0 0 0.2 0 0 10.8 0 0 0.2 0 0 0 0 0 0 0 0 0 0 0 0 0 0
12.8 0 0.4 0 0 0 0 0 0 3 0.4 6.4 0.4 0 0.6 0 0.4 0 0 1.4 0 0 0 0 0 14.6 1 0 0 0 0 0 0 0.8 13.4 0 0.4 2.8 0.2 0
0 0 0 0 0 0.2 4.8 0 0 0.4 0 0 4.2 5.4 0 8.8 10.6 0 2.8 3.6 0 1.4 0 0 0 9.8 0 0 0 0 0 0 0 0 16.4 17.4 0.2 22.2 15.6 10.2
7.2 0 13 0 0 0 0 0 0 0 0 0 0 3.8 0 0 0.8 0 0 1.8 0 5.4 0 1.6 0 0 0 0.2 0 0 4 0 0 0 0 0 0 0.2 0 0
0 0 0.2 2 0 0.2 1.2 0 0 0.2 10.6 0 8.8 0 23.2 0 0 0 1.4 0.2 0 2.2 0 0 0 12.4 4 0 0 0 0 0 0.2 0.4 0 5.2 15.6 4 0 0
0 0 0 0.2 0 0 0 0 12.2 3.4 0 6.4 0 10.2 0 0 0 0 0 0.2 0 5 6.8 0 0 0 0 3.6 0 0 0 0 0 0 0 0 0 0 0 0
0 0 0.4 0 0 0 8.8 0 0 0 0 1 0.2 0.2 23.6 0 0 0 0 0 4 1.4 0.4 0.2 0 0 5.6 0 0.2 0 13 0 0 0 7 0 0 0 0 6
11.2 0 0 0 0 0 0 0 0 0 0 0 0 0.8 0 0 0 0 0 0 0 0 1 0 0 0 0 0.8 0 9.4 0 4 0 20.6 0 0 9 0 0.2 0
0 0 4.8 0 0 3.6 0 0 0 0 0 0 0 5 0.2 0 10 0 0 0.4 5.4 0 0.2 0 0 0.6 0.8 0 0 1.2 0 0 0 3.2 0 0 0.2 20.2 1.2 0
0 0 0 0 0 0 14.4 0 0.2 0.8 0 0 0 0 0.2 0 13.6 1.2 0 0 0 0 0 0 1.8 7.4 0.8 0 0 0 0 0 0 2 0 0 0 32 0 0.6
0 6 0 0 0 0.6 0 0 0 0 0 0.2 6.2 0 0 0 1 0 0 0 0.8 7.6 0 0.4 0 0.4 1.8 0 0 6.6 12 8.8 0 0 2 0 0 0 16 6.6
0 0 0 0 0 0 0 0 0 0 0 0 0 0 0 0 0 0 0 0 0 0 0 0 0 0 0 5 0 0 0 0 0 0 0 0 0 0 0 0
0 0 6.4 0.8 0 0.2 4.8 0 0 0 0 0.2 0 0 0 5 1.2 0 0 6 0 20.2 0 0 0 0 7.6 0 0 0 0.4 7.4 1 0 0 6.6 0 0.2 0 0
13.4 5.2 0 5.4 0 7 10.6 0 0 17.6 0.2 3.4 9.8 8.4 1.4 5.8 0 15.8 8.2 0 0 4.2 0.6 0 0 12.4 0 8 0 5.6 0.2 0 0.2 0 10 14.8 15 0 1.8 0
0 0 0 3 0 0 0 0 0 0 0 0 0 0 0 0 0 0 0 0 0 0 0 0 0 0 0 0 0 0 0 0 0 0 0 0 0 0 0 0
0 0 10 2 0 0 0 16.2 0 0 0 0 2.6 0 2.6 0 0 5.4 0 0 7.2 0 2.8 0 0 5.8 0 0.6 0 0 4.2 0 0 0 0 0.2 0 0.4 6 0
0 0 0 0.2 0 0 0 0 0.4 0 0 2 0 5 0.2 0 0 0 0 0 0 0 0 0 1.8 0 0 0 0 7.4 0 0 0 0 0 0 0 0 0 0
0 0 3.6 0 0 0.4 0 0 0 0 0 0 0 0 0 0 0 0 0 7 0 0 0 0 0 0.2 0 0 0 0 0 0 0 0 2.8 0 0 0 0.6 11.4
0.2 0 0 0 0 0 0 0 0 0.2 10.6 0 15.8 1.4 0 0 0.2 7.4 0 0.6 0 5 0 6.4 0 20.8 7.4 0 14 0 5 0.4 0 0 0 0 0.4 0 0 19.2
0 0 0 3.8 0 0 0 2.6 0 0 0 0 0 0 0 0 0 0 0 1 0 0 0.2 0 0.4 0 0 0 0 0 0 0 0 0 0 0 0 0 0 0
0 0 0 0 0 0 0 0 0 0 0 1 0 0 0 0 0 0 0 0 0 0 0 0 0 0 0 0 0 0 0 0 0 0 0 0 0 0 0 0
0 0 0 0 0 0 0 0 0 0 0 0 0 0 12.6 2.6 0 1.6 0 0 5.2 0 0.2 5.2 0 2.8 14.4 0.2 0 0 0 0 0 0 9.8 4.8 8.6 23.2 0 1.8
0 4 15.2 0 9.4 0 0 0 0 0 0 0 0 0.2 0 0 0 0 0 3.6 0 0 3.8 16.4 0 0 22 0 0 0 0.6 7.4 0 0.2 0 0 18.8 1.2 1.2 0
0 0 0 3.6 8.6 0 0 0 0 1.2 0 0 0 0 17.2 0 1 0 0 0.4 0 0 0 0 0 15.8 0 0 7.6 0 2 4.4 0.2 14.8 0 0 0 0 0.2 0
0.6 0 0 0 0 4.6 7.6 0 0 0.6 0 6 8.8 2.6 0 0.4 0.4 0 4 0 0 19 0 0 0 0 3.6 4.6 0 0.2 0 0 5.8 0 10.6 12.4 0 9.2 0 0
0 0 0 0 0 0 0 0 0 5 4 0 0 0 0 0 0 3.4 0 0 0 0 0 0 0 0.6 0 0 0 11 0 0 4 0 0 0 0 0 0 0
0 0 0 1 0 0 0 4.2 0 0 0 0 0 0.2 0 0 0.4 0 0 0 0 0 0 0 0 0 9.2 4.8 3.4 0.8 5.2 0 0 9.4 2.2 0 0 0 0.2 0
0 0.6 0 5.4 0 0 0 0 0 0 0 0 0 0 0 0 0 0 0 0 0 0 0 0 0 0 0 0 0 0 0 0 0 0 0 0 0 0 0 0
0 0 0 0 0 4 0 7.8 0 0 0 0 0 0 0 0 0 5 0 0.2 0 0 0 0 0 0 11.4 2.6 0 0 0 0 0 0.8 0 0 8.2 0 0 0
0 0 0 0 0 0 0 0 3.8 0 0 0 0 0 0 0 0 0 0 0 0 0 0.2 0 3 0 0 0 0 0 0 0 0 0 0 0 0 0 0 0
0 0 0 0 1.4 5.6 0 0 0 0 0 6.6 0 0 0.6 0 0 0 0 0 0 0.4 0 0 0 0 0.4 0 0 0 0 0 0 0 0 0 5.2 0 0 0.8
0 0 0 0 0 0 0 0 0 0 0 0 0 0 0 0 0 0 0 0 0 0 0 5.2 0 0 0 8.2 18.2 7 0 7.8 3 0 0 0 0 0 0.6 0
0 0 3.4 0 0.6 0 0 0 2.8 0 0 0 0 0 0 0.2 0 0 0 0 4 0 0 0 0 8 0 0.6 0 0 0 0 0.2 0 0 0 8 0.2 0 0
0 0 0 0 0.6 0 0 0 0 0 3.6 0 0 6.4 0 0 0 0 0 0 0 0 0 0 0 0 0.4 0 0 0 0 0 0 0 0 0 0 0 0 0
0 0 0 12.2 0 0 0 0 11.4 9.8 0 0 0 0.6 0 3.2 0 0 0 0.2 0 0.2 0 0 0.6 0 0 0 0 5.8 0 0 0 0 0 0 0 0 0 0
0 0 0 0 3 0 0 0 0 0 0 0 0 4 0 0 0 0.4 0 0 3.6 0 0 0.6 0 2.6 0 0 0 0 0.2 7.8 0 0 0 5.8 0.4 0 5.6 0
1.8 0 7.4 0 0 0 2.8 0 0 0 0 0 0.8 0 14.6 0 0 0 1 0 0 0 0 0.6 0 6.8 0 0 0 0.2 0 0 3.6 10.8 0.2 0.2 5.4 6.8 0 0
0.2 0 0.2 0 0 0 4.8 0 5 0 0 0 0 9 16.2 5.6 0.8 7.4 0.4 0 0 0 1.4 0 0.8 0 0 0.2 0.6 0 4 0 0.2 5.2 0 4.2 0 0.6 0.4 7.8
0 0 3 5.4 0 6.6 0 1 20.6 0 0 0 0.6 0 0 0 6.4 0 9 0.2 0 0 0.6 3 0 0.2 3.6 0 0 0 0 0 0 1.2 0 7.4 14 0.2 0 0
2.4 0 0 0 0 0.4 0 0 0.2 3 0 0 0 2.4 0 0 0 0 0 0.2 0 0 4 0 4.6 0 0 0 0 0 0 1.6 0 0.4 0 0 0 0 0.2 0.6
0 0 0 4.4 5.2 0 0 0 0 6.8 3.2 0 4 0 0 0.6 0.4 0.4 0 0 0 10.6 0 0 0 0.6 1.6 0.4 0 0 0 0 5 12.6 8.8 0.2 0 0 0.2 0
0 0 0 0 0 0 0.4 0 0 0 0 0 0 0 0 0 0 0 0 0 11.6 0 0 0 0 0.2 0 0 0 0 0 0 0 0.4 0 0 3 1.4 0 0
0 0 0 17 0 3.6 9.8 0 0 0.2 0 0 0 0 0.8 0 0 0.2 0 0 0 20.4 0 0 0 0 3.8 0 0 0 0 0.2 0.2 0 14.8 15 0 0 0 0
0 0 0 0 0 0 0 0 0 0 0 0 0 0 0 0 0 0 0 0 0 0 0 0 0 0 0 0 11.6 0 0 0 0 0 0 0 0 0 0.4 0
0 0.2 15.4 8.6 2.4 3.2 0 0 0 3.8 0 0 2.8 10.4 0.4 0 0 7.2 5.8 0 0 15.2 0 3 0.4 0 12.6 0.8 7.2 6.4 13.8 0 0 0 3.4 3.6 0 0 0.4 0
0 0.2 0 0 0 7.6 0 0 0 1.4 0 8 0 0 0 0 0.4 0 0.2 4.2 0 0.2 0.8 0 0 0 0 0 0 0 0 0 4.2 0 0 3.8 0 0 0 0
0 0 0 0 0 0 0.2 0 0 0 0 0 5 0 4.8 0 0 0 0 0 0 0 2.8 0 0 0 0.2 0 0 0 0 0 0 0 0 0 0 0 0 0
0 0 2.4 0 6.2 0 0 0 0 0 0 0 0 0 0 0 0 3 0 0 0 0 2.4 0 0 0 5.8 0 4 0 0 1.2 0 0 0 0 1.4 0.2 0.4 0
0 0 0 1.8 4.2 0 0 0 0 0 13.4 0 9.2 7.4 0 5 3 0 0 2 0 0 10.6 6.8 0 0 0 0 3.8 0 0 0.2 0 0 0 0 17.6 0 0 0
4.2 0 6.6 0 0 0.4 0 0 0 0 0 0 0 0 0 0 0 0 0 0 0 0 0 0 0 0 0 0 0.6 0 0 0 0 0 0 0 2.6 0.4 0.2 0
0 0 0 2.6 0 0 0 0 5.4 0 0 0 0 0 0 0 0 0 0 0 0 0 0 0 4 0 0 0 0 0 0 0 0 0 0 0 0 0 0 0
10.6 0 0 0 0.2 0 0 0 0.4 0 0 13 0.2 6.8 0 0 0.2 0 3.4 0 0 0 0 4.6 0 0 0.2 0 0.2 6 0 0 0.2 1.2 0.6 0 15.4 0 0 0.8
6.8 0 0 0 0 0 0 0 0 0.2 0 0 0.2 18.4 0 0 0 0 1 0 0 0 0 8.6 0 0 3.6 0 5.6 2.2 3.4 2.2 0.2 1 0 16.6 0 0 0 12
10.8 0 6 0 0 0.2 0 0 0 6.6 0 5.2 0 2.4 3.8 0 0 0 0 0.6 0 0 0 0 0 0 0 3.8 0 4 0 0.4 0 7.4 0 0 0 0 14 1.8
0.2 0 1.6 0 4 7 15.6 3.4 0 5.4 8.8 0 0 11.4 4.2 0 0 0.4 4 0 0 0 0 0 0 0 3 0 0 7.4 6.4 0 0 3.6 0 0.2 0 0 0 0.4
0 0 0 0 0 0 27.4 0 0 0 1.6 3 0 0 0.8 0 0 0 3.4 0 0 0 0 0 0 7 0 0 0 0 0 0 0 0 8.2 0 0 0.4 0 8.2
9 0 7.8 0 0 0 0 0 0 5.6 0 0.2 0 0 0 0 3 0 0 4.4 0 12.8 0 0 0 0.2 0 0 3.6 2 0 0 0 0.2 0 0 0 0.2 0 15
0 0 0 0 0 0 0 0 0 0 0 0.6 0 0 0 0 14.2 0 0 0 0 0 0.2 0 0 0 0 0 0 0 0 0 0 0 0 0 0 0 0 0
0 0 0 0 0 0 0 0 0 4 0 0 0 0 0 0 2.8 0 0 0 1.2 0 0 0 0 0 0 0 0 5 0 0 0 0 0 0 0 0 0 0
0 0 0 0 0 0 0 0 0 0 0 0 0 0 0 0 0 0 0 4 0 0 0 0 0 0 0 0 14 0 0 0 0 0 0 0 0 0 0 0
0 0 0 4 0 0 0 0 0 0 0 0 0 0 0 0 0 0 0 0 0 0 0 0 3 0 0 0 0 0 0 0 0 0 0 0 0 0 0 0
0 0 0 0 0 0 1.8 0 0 0 0 0 0 0 0.2 0 0 0 0 0 0 0 0 0 0 0 0 0 0 0 0 0 0 0 0 0 0 0 0 0
0 0 0 6 0 0 0 0 0 0 0 0 0 0 0 0 0 0 0 0 0 0 0 0 0 0 0 0 0 0 0 0 0 0 0 0 0 0 0 0
0 0 2.6 0 12.8 0 0 0 7.8 0 0.2 0 0 0 19.4 4 0 0.4 0 1.2 0 0 0.2 11 0 0 19.2 3.8 0 16.2 0 0 1.8 0 0 0.2 0 0 0.2 0
0 0 0 12.8 0 0 0 0 4.2 0 0 0 0 0 0 0 0 0 0 0 0 0 0 0 0 0 0 0 0 0 0 0 0 0 0 0 0 0 0 0
0 0 0 5.4 0 0 0 0 3.6 0 0 0 0 0 0 0 0 0 0 0.2 0 0 0 0 2.6 0 0 0.2 0 0 0 0 0 0 0 0 0 0 0 0
0 0 0 0 0 0 0 0 0 0 0 7.8 0 4.2 0 0.2 0 0 0 0 0 9 0.4 0 0 0 0 0 0 0 0 0 0.4 0 0 0 0 0 0 0
5 0 0 0 3 0 0 0 0 0 0 0 0 0 0 0 0 0 0 0 0 0 0 0 0 0 0 0 0 0 0 0 0 0 0 0 0 0 0 0
0 0 0 0 0 0 0 0 0 0 0 4 0 0 0 0 0 0 0 0 0 0 0 0 0 0 0 0 0 0 0 0 0 0 0 0 0 0 0 0
0 0 0 3.6 0 0 0.2 0 0 0 0 0 0 0 0 0 0 0.2 0 0.2 0.6 0 9 9.4 0 3.8 3.4 8.4 0 5 0 5 5 2.2 0.2 0 0 0.2 0.2 5.4
2.8 0 3.4 0 1.4 0 0 0 0 0 0.2 0 0 0 0 0 0 0 0 0 0 0 0 0 0 0.2 5.4 19.6 0 10.6 0 0 0 0 0 0.2 0 0.2 0 0
0 0.6 0 0 0 0 0 0 0 0 0 0 0 0 0 0 0.2 0 0 8.2 0 0 0 0 0 0 0 0 0 0 0 0 0 0 0 0 0 0 0 0
0 0 0.2 0 0 0 0 0 10.4 9 0 3.6 8.4 2.8 5.8 0 0 0 15 0 11.4 0 0.4 0 0.2 0 0 0 0 2.2 1 0 6.2 0.4 0 0 3.4 0.6 0 9
0 0 0 0 0 0 0 0 0 0 0 0 0 3 0 0 0 0 0 0 0 0 0 0 0 0 0 1 0 0 0 0 0 0 0 0 0 0 0 0
0 0 0 0 0 0 0 0 5 5 0 0 0 0 0 0 0 0 0 1 0 9.8 0.2 0 0 0 0 0 0 0 0 0 0 0 0 0 0 0 0 0
0 0 0 0 0 0 0 0 0 2.2 5.8 0 0 0 0 11.2 0.6 0 0 0 0 0 0 0 1.2 0 0 0 0 0 0 0 0 0 0 0 0 0 0 0
0 0 0 0 0 0 0 0 0.2 0 9 0 0 3.8 0 0 0 0 0 0 0 0 0 0 0 0 0 0 0 0 0 0 0 0 0 0 0 0 0 0
0 0 0 0 0 0 0 0 0 0 10.6 0 0 0.4 0 0 0 0 4.8 0 0 0 4 0 0 0 0 0 0 0 0 0 0 0 0 3.2 0 0 0 0
0 0 0 0 0 0 0 0 0 0 0 0 0 0 0 0 0 0 0 0 0 0 0 0 2 0 0 0 0.4 0 0 0 0 0 0 0 0 0 3.6 0
0 0 0.2 0 0 0 0 0 0 0 0 0 0 0.2 4.2 0 0 0 0.2 0 0 0 0 0 0 1 0 0.6 0.6 12.6 0 2.6 0 0 0 0 4.4 0.2 7 0.2
0 0 0 0 0 0 9.8 0 0 0 0 0 0 0 3 0 0 0 0 0 0 0 0 0 0 0 0.2 0 6.8 0 0 0 0 0 0.2 0 0 0 0 0
0 0 0 11.8 0 0 0 0 0 0 8.4 0 0 0 0 0 0 0 16.6 0 0 0 0 0 4.2 0 0 0 0 0 0 0 0 0 0 0 0 0 0 0
0 0 3.6 0 0 1 0 0 0 0 0 0 3 0 0 0 0 0 0 0 0 0 0.8 6.2 0 0 0 0 0 0 13.6 3.8 0 0 24.6 0 4.4 0 0 0
0 0.2 0 0 0 0 9.4 0 0 10.6 3.2 7.2 0 0.2 14 0 0 5 14 0 0 12.2 0 0 0 26.6 0 0 0 0 0 0 11.8 1.6 0 0 0.4 0 1.2 0.4
0 0 0 0 0 0 0 0 0 0 0 0 0 0 0 3 0 0 0 0 0 0 0 0 0 0 0 0 0 0 0 0 0 0 0 0 0 0 0 0
0 0 1 0 0 0 0 0 0 0 0 0 0 0 0 0 0 0 0 0 0 0 0 0 0 0 0 1 0.4 0 0 0 0 0 0 0 0 0 1.2 0.4
0 0 0 3.6 0 0 0 0 0 0 0 0 0 0 0 0.2 0 0 0 0 0 0 0 0 6.2 0 0 0 0 0 0 0 0 0 0 0 0 0 0 0
1.2 0 0 1.4 2 0 0 0.2 0 0.2 0.2 0 23.2 0 0.6 0.6 13.8 0 4.8 0 14.8 0 4.8 8.2 0 8.4 1 0 0 0 17 0 0 0 6.4 0 0.2 4.8 0 23.2
19.8 0 29.4 0.2 0 0.2 0 0 0.2 0 2.8 0 0 0 0 0.2 0.4 6 0 0 0.2 0 2 0.6 6.2 0 0.2 0 0 0 21 0.2 0 0 0 7 9.6 23.8 0 0
0 0 0 0 5.6 0 0.2 0 4 0.4 0.2 0 0 0 10.6 0 0 0 0 0 1.4 0 11.2 0 0 0 0 0 0.8 0 0 1.2 0 0 0 0 7.4 17 0.6 1.4
0 3.6 0 0 0 0 0 0 3.4 0 0 1 0.2 2.4 0 0 0 0 2.8 0 0 0 0 0 0 5 0 0 0 2.6 4 0 0 0 0 0 0 0 0 0
0 0 0 5 0 0 0 0 0 0 0 0 0 0 0 0 0 0 0 0 0 0 0 7.8 0 0 0 0 0 0 0 0 9 0 0 0 0 0.2 0 0
0 0 1.6 0 0 0 0 0 5 0 0 0 0 0 0 0 0 0 0.2 0 0 0 0 14.4 0 0 7.8 0.2 2 0 0 0.2 0 0.6 0 0 6.4 1.6 0 0
0 0 0 4 0 0 0 0 0 0 0 0 0 0 0 0 0 0 0 0 0 0 0 0 0 0 0 0 0 0 0 0 0 0 0 0 0 0 0 0
0 0 12.2 0 4.8 0.2 3.8 7.2 0 0 0.4 0 0 0 0 3.8 0 0 3.2 0 0 0 0 0 3 0 0 0 17.8 4.2 13 8.8 1.8 0 0 0 21.2 0.2 1.8 10.6
0 0 0 0 0 0 0 0 0 0 0 0.4 0 0 0 0 10 0 0 0 0 0.4 0.2 0 0 0 0 0 0 0 0 0 0 0 0 0 0 0 0 0
20.8 0 0.4 0 8.8 0 0.2 0.4 0 7 17.6 1 0 11.6 0 6 0 3.4 0 2 0 0 0 0 0 1 0 0 0 0 0.2 15 0 16.2 1 5.6 5.8 0 0 0
0 0 0 10 0 0 0 0 0.2 0 14 1.4 0 0 0 0 1.2 0 0 0.6 0 0 5.8 0 3.2 0 0 0 0 0 0 0 0.4 0.2 0 0 0 0 0 0
0.6 0 22.8 0 3.6 5.2 0 0 0 0 0 0.8 0 4.6 0 0 0 0 3.4 0.4 10.2 0 0 0 0 0 8.2 0 4 5 8.2 0 0 0.4 0 2 24.4 27.4 0 0.6
0 0 0 13.4 0 0 0 0 0 0 0 0 0 0.2 0 0 0.4 0 0 0 0.2 0 0.6 0 0 0 0 0 0 5.2 0 0 0 0 0 0 0 0 0 0
0 0.4 0.6 3 0 0 11.8 0 0 0 0 0 0 0 0 3 0 2 1.8 0 1.4 0 1.8 0 0 0 0 13.2 1 0 0.8 0.2 0 0 0 0 0 9.8 0 0.2
0 0 0.2 2.6 0 0 0 0 13.4 0 0 0 0 0 0 0 1.6 7.4 0 5.2 0 0 0 0 0.4 0 0 0.6 0 0 0 12 0 5.4 0 0 12.2 0 0 0
0 7.4 0 20.2 0 29 1.8 3.2 0 0.2 0 2.6 13.2 0 0.6 3.4 4.8 0 0.2 16.2 7.8 0.4 0 0 6.2 0 4 5.6 0.2 0 0.6 0 0.8 0.2 4.6 7.2 0.4 13.8 1.2 4.2
0 0 0 0 0 0 0 0 0 2.2 3.2 0 4.2 0 0.6 7.2 0.8 0 3.6 0 0 1 0 0 0 19.2 0 0 0 0 0 0 1 0 13.2 16 0 8.8 0 0
7.4 0 0 0 0 0 0 1 0 0 0 0 1 0 5.8 0 0 0 0 0 0 5.6 7.2 0 0 0 0.2 0.4 3.8 0 0 0 0 0.6 0 0 0 0 0 0
0 0 0 0 0 0 0 0 0 0 0 0.4 0 0 0 0 0 0 0 3 0 7.6 0 0 0 0 0 0 0 0 0 0 0 0 0 0 0 0 0 0
0.4 0 0 1 0 0 0 4.6 0 0 0 1 0 6.4 3.6 0 0.2 0 10.6 11.6 0 0 0 0 0 0 0 11.6 6.8 0.4 0 0 0 11.8 0 0 0 0 0 0
0 0 5.6 0 0 5.6 4 0 0 0 0 0 7.2 0 0 0 0 0 0 0 0 0 0 6.4 0 0 0 0 0 0.4 0 0 1.4 7.2 1.4 0 4.8 13.8 24.2 0
0.6 2.8 0 0 4 5.2 0.8 0 3.8 0 0 0 0 0 0 10.8 0 0.2 13.8 0 0 0 16.2 0 0.2 7.6 0.2 0 0 0 0 0 0 0.4 11 13.6 0 24.6 0 0.2
0 0 0 0 0 0 0 0 0 0 0 0 0 0 0 0 0 0 0 2 0 0 0 0 0 0 0 0 0 0 0 0 0 0 0 0 0 0 0 0
0.2 0.2 0 0.4 0 0 0 0 2.6 0 0 0 0 0 0 0 3.8 0 0 0 0.2 6.2 0 4.2 0 0 4.2 0 0 0.4 3.8 0 0 0.2 0 0 2.8 0 5.8 0
0.2 0 0.2 0.4 0 6.8 0.2 0 0 0 0 0 0.4 0 0 0 0 0 0 5.6 0 0 0.4 0 0 0 0 16.6 0 15.4 0 0.4 0 0.2 0 0 0.2 0 0 0
0 0 0 0 0 0 0 0 0 3 0 0 0 0 0 0 5.6 0 0 0 0 0 2.4 0 0 0 0 0 0 0 0 0 0 0 0 0 0 0 0 0
0 0 0 0 0 0 0 0 7 0 0 0 0 0 0 0 0 0 0 0 0 0 0 0 0 0 0 0 0 0 0 0 0 0 0 0 0 0 0 0
0 0 8 0 5.4 15.4 8.2 3.6 2 0 4.2 0 29.2 0.2 0.8 8 0 1.4 10.8 0 0.4 0 0 2.6 1 2 1.8 1 8.8 0 3.2 0.2 0.2 0 0 1.4 0 14.2 0 11
0.2 0 0 0 4.8 0 0 3.8 0 0 11.2 6.8 0 0.8 0 0 0 15.2 0 0 4 0 0 26 0 0 28.8 0 1.4 5 0.4 9.4 12 0 0.4 7.2 18 0.4 2.2 0
0 0 6 0 0.6 0.2 0 0 0 0 1 2 23.2 0.6 0 0 0 1.4 0 0 0 0 0 0 0 11.8 0.8 0 0 0 12.6 0 0 0 2 0 14.2 0 6.2 0.4
0 0 0 4.4 0 0 0 0 6.6 0 0 0 0 0 0 0 0 0 0 0 0 0 0 0 0 0 0 0 0 0 0 0 0 0 0 0 0 0 0 0
0 0 14.8 0.4 24.8 4 0 8 1.6 0 0 0 0 0.2 0 0 0 4.2 0 3 0 0 0 0 0.2 0 0 6.6 8 0 12.4 0.2 0 3.8 0 0 0 0 0 13.8
0 0 0 5 0 0 0 0 3 0 0 0 0 0 0 0 0 0 0 0 0 0 0 0 0 0 0 0 0 0 0 0 0 0 0 0 0 0 0 0
0.4 0 0 0 0 3 0 0 0 0 0 0 0 0 0.8 0 0 0 0 0 0 0 0.8 0 0 0 0 4 0 0 0 0 0 12 0 0 0 0 0 0
3.2 0 0 0 0 0 0.4 0 0 0 0 0 0 0 1.2 0.2 0 0 0 0 0 0 0 0 0 13.8 0 0 2 0 0 0 0 0 0 0 0 5 0 0.2
0 0 0 12.8 0 0 0 0 0 2.2 0 0 0 0 0 0 0.2 0 0 0 0 0 13.8 0 0 0 0 0 0 0 0 0 0 0 0 0 0 0 0 0
0 0 0 3 0 0 0 0.4 7.8 0 0 0 0 0 0 0 0 0 0 1 0 0 0 0 11.8 0 0 0 0 0 0 0 0 0 0 0 0 0 0 0
0 0 0 0.2 0 0 0 0 0.8 0 0 0 0 0 0 0 0 0 0 0 0 0 0 0 3 0 0 0 0 0 0 0 0 0 0 0 0 0 14 0
0 0 0 9.4 0 1.6 11.4 0 13.8 8.8 0 0 23.2 0.4 12.4 0 23.2 0 0.2 0 7.4 20.4 0.2 0 0 20.4 0 0 0 0 0 11.8 18.2 0 3.2 0 8 0 0 0
0.8 0 0.8 4.8 2.2 0 10.6 0.2 0 0.4 0 0 20.2 8.6 9.2 0 0.2 0.6 6 0 0 17.2 0 0 0 24.4 11.4 0 9 0 0 5 0 0.4 0 9.2 0 0 0.4 10.4
0 0 0 0 0 0 0 0 3 0 0 0 0 0 0 0 0.4 0 0 0.6 0 0 0 0 0 0 0 0.8 0 0 0 0 0 0 0 0 0 0 0.2 0
1.8 0 0 0 0 0 0.2 1 0 0 0 0 0 0 0.2 0 0 0 0 0 0 0 0 0 0 0 9.2 0.2 0.4 0.2 0 0 0 1.2 3 0 0 0 0 0.6
0.2 0 0 0 2.6 0 0 0 0 0 0 0 0 4.8 0.2 0.4 0 0 0 0 0 0 0 2.4 0 0 0 0 2 0 0 0 0 0 0 0 13.4 0 0 0
0 0 0 5.6 0 0 4.8 0 0 0 2.4 0 0 0 0 0.2 0 0 0 0 0 0 0 0 0.4 0.2 0 0 0 0 8 0.2 0 0 0 0 0 0 7.2 0
0 0 0 0.2 0 0 0 0 0 0 12.4 0 0 0 0 3 11.8 0 3.8 0 0 0 0 0 6.4 0 0 0 0 0.4 0 3 0 0 0 0 0 0 0 0
0 0 0 13.2 0 0 0 0 5.8 0 0 0 0 0 0 0 0 0 0 0 0 8 8 0 0 0 0 0 0 0 0 0 0 0 0 0 0 0 0 0
0 0 0 5.4 0 0 0 0 4 0 0 0 0 15.2 0 0 0 0 0 0.4 0 1 4.2 0 0 0 0 0 0 0.4 0 0 0 1.4 0 0 0 0 0 0
0 0 0 7.6 3 5.4 3.4 0 4.2 0 4.2 0 0 0 0.2 9 0 0 0 0 0 0.2 0 0 3.8 20.6 0 0 9.6 0 0 0 0 0 0 3 0 0 0.2 0.6
3 0 25.6 0 0 0.6 0 0 0 0 0.2 0 0 0 0 0 0 0 0 0 0 0 0 0 0 0 0.4 4.8 0 0 0 0 0 0 0 0 0.2 5.2 0 0
0 0 0 0 0 0 0 0 13.8 0 0 0 0 0 0 0 0 0 0 0 0 0 0 0 0 0 0 0 0 0.2 0 0 0 0 0 0 0 0 0 0
0 0 0 8 0 0 0 0 24.8 0 0 0 0 0 0 0 0 0 0 0 0 0 0 0 0 0 0 0 0 0 0 0 0 0.2 0 0 0 0 0 0
6 0 13.6 0 0 3.8 15.8 0 0.2 0 14.4 4.2 18.2 0 10.4 0.2 14.8 0 23.6 0 6.4 0.2 6 0.2 0.2 0 0 0 0 0 24.8 13.4 14 0 0.4 1.4 0.6 0 0.2 0
0 0 0 0 0 0 0 0 0 1.6 0 0 0 0.2 0 0 3.6 0 0 6.6 0 0 0 4 0 0 0 0 0 4 0 0 0 0 0 0 0 0 0 0
0 0 0 7.2 0 0 0 0 0 0 0 0 0 0 0 0 0 0 0 0 0 0 0.6 0 0 0 0 0 0 0 0 0 0 0 0 0 0 0 0.2 0
0 0 0 0 0 0 0 0 0 2 0 0 0 0.2 0.2 0 6.4 0 0 1.2 0 5 0 0 3 0 0 0 0 0 0 0 0 0 0 0.8 0 0 0 0.2
0 0 3 0.2 0 0 0 0 1 0 0 0 0 0 0 0 0 0 0 0 0 0 0 0 5 0 0 0 0 11.2 0.2 0 5 0 0 0 0 0 0.4 0
0 0 0 0 0 0 0 0 0 9.4 0 0 0 0 0 0 0 0 0 0 0 16 0 0 0.6 0 0 0 0 0 0 0 0 0 0 0 0 0 0 0
7.8 0 0 0 0 10.2 0.2 0 5.8 3.6 0 0.2 12.8 4.4 0 18 3 0 13.8 17.8 14 1.2 0.4 0 3.2 39.8 6.6 12 0 0 0 12.6 0 0 0.2 0 0 4.6 0.2 9.6
2.4 0 0 5.8 0 0 3.6 0 0 2.8 0 1.6 23.4 0 0 0 0.2 0 0 0 0 8.4 0.8 0.4 0 0 0 0 0.2 0 3.2 9.4 0 0.2 0 0.2 0 0 5.2 0.2
3 0 0 0 13.8 1.6 2.8 0 0 0 9.8 0 4.2 0.2 5 0 1 0 1.8 0 0.4 0 0 8.2 0 0 0 0 0 13.2 6.2 0 0 0 19.4 11.2 0.6 11.2 0 1.4
0 0 0 0 0 0 0 0 0 0 0 0 0 0.2 0 0 9 0 0 0 0.2 9.6 0 0 0 0 0 0 0 0 0 0 0 0 0 0 0 0 0 0
0 0 0 0 0 0 0 0 0 4 0 0 0 0.4 0 0 0.2 0 0 0 0 0 0 0 0 0 0 0 0 0 0 0 4.4 0 0 0 0 0 0 0
0 8.2 0 0 5 0 0 0 10.2 0 0 0 0 0 0 0 0 0 0 0 0 0 0 0 6.6 0 0 0 0 0 0 0 0 0 0 0 0 0 0 0
0 0 0 0 0 0 0 0 11 0 0 0 0 0 0 0 0 0 0 0 0 0 0 0 0 0 0 0 0 0 0 0 0 0 0 0 0 0 0 0
0 2.8 0 0 4.6 0 11 0 0 0.2 0 1 0 11.6 41.4 1.6 0 0 0.4 0 0 0 0 0 0 0 0 0 0 0 0 0 0.2 0 0 0.2 0 0 0 0
0 0 0 12.6 0 0 0 0 0.2 0 0 0 0 0 0 0 0 0 0 0.2 0 0 0 0 0 0 0 0 0 0 0.2 0 0 0 0 0 0 0 0 1.8
0 0 0 7.2 0 0 0 6 10.8 0 0 0 0 0 0 0 0 0 0 0 0 0 0 0 0 0 0 0 0 0 0 0 0 0 0 0 0 0 0 0
0 6 0 0 0 0.2 0 0 7 0 0 5.2 0 8.6 0 4.4 0 0 0 0.6 0 5 0 0 0 8.8 0 0.2 0 0.2 0 0 3.8 0 0 0 0 0 0 0
0 0 0 10.6 0 0 0 0 0 0 0 0 0 1.2 0 0 0 0 0 0.2 0 0 0 0 0 0 0 0 0 0 0 0 0 0 0 0 0 0 0 0
0 0 0.8 0 0 0 9.4 0 0 3.8 0 0.2 0 2.6 0.6 0 7.6 0 0 0 0 13.6 23.2 0 0 0 0.2 6.4 0 7.8 12.6 0 0 2 0 0 0 0 0 22.2
0 0 0 0 0 0 0 0 0 0 0 0 0 0 0 0 0 0 0 0 0 0 0 0 14 0 0 0 0 0 0 0 0 0 0 0 0 0 0 0
0 0 0 0 7.8 0 0 4.8 0 5.6 0 0 0 6 0 0 0.4 0 0 0 0 2 0.2 0 0.2 0 0 0 0 0 9 0 0 0 0 0 0 0 0 0
25 4.6 9 14.6 12.2 17 11.4 0 15 12.6 0 0 24.2 1.8 12 0.4 1.2 0 9.4 0 11.2 30.8 0 42.4 0 33.4 27.4 0 8.8 4.2 0 0 0 0 0.4 3.8 0 19.2 1 0
0 2.6 0 20.6 0 0 0 0 9.8 0 0 0 0 0 0 0 0 0 0 0 0 0 0 0 16 0 0 0 0 0 0 0 0 0 0 0 0 0 0 0
0 0 0.4 0 12 0.4 8.4 0 0 0 0 0 0 3.2 4.4 0 0 0 0 0.4 1 0.8 18.8 18.6 0 1.8 0 4.4 0 0 0 8.8 0 0 0 0 10.2 19.2 0.2 0
2.2 0 0 0 0 0 0 0 8 0 2.6 0.8 7.6 5.8 4.2 0 0 0 2 0 0 6 0 0.2 0 12.6 0 0 0 0 0 0 0 0 10.6 12 0 3.8 5.6 0
0 0 0 0.2 0 6 0 0 7.8 0 0 0 0.4 0 0 0 7.6 0 0 11.6 0 0 0 9.4 0 0 12.6 2.6 0 4.4 11 7.8 0 6 8.4 0 0.2 6.2 3.8 0
0.2 0 0 0.2 0 7.2 0.4 0 0 4 5 0 7.4 0 7 0 11 0 0 12.8 0 5.4 0 0.6 0 12.6 12.6 0 0 8.2 0 0 0 1.6 18 0 0 0 9.8 0
0 0 5.2 0 0 0 0 0 0 27.2 0.2 0 7 0 0.4 1.4 0 13.2 0 0 0 0 0 0 0 0.4 0 17 11.2 0 9 4.2 11.8 0 8.6 0.2 0 0 0 0
0.4 0 4.4 0 0 3.8 0.2 0 0 21 0 0 5.6 0 19 0 7.4 4.8 0 0 1.6 4.2 0 0 0 0 29.4 0 0.4 3.6 0.2 4.4 0.4 0.2 24.8 15.4 0 0 0 14.8
0 0 13.4 0 0 0 0.2 0.2 0 0.2 0 0.2 0 4.6 0 0 0 9.8 0.2 0 2.2 0 6.2 8.2 0.6 0 0 0 8 0 10.2 0 0 0 0.2 0 13.6 0 3.2 19.8
0 1.4 0 6.2 0 0 0.2 4 0 5.6 1.6 7.2 0 1.6 0 0 5.8 0 0 1 0.4 2.6 0.8 0 0 0 0 0 0 1.2 0 0 0 2.6 0 0.2 0 0 4.6 0
0 0.8 0.2 0 0 0 0 0 6 7.2 0 0 0 0 0 0 0.8 0 0 5 0 0 1.4 0 2.8 0 0 0 0 16.6 0.2 0 0 0 0 0 0 0 0 0
0 0 0 9.6 0 0 0 0 0 0 0 0 0 0 0 0 0.2 0 0 0 0 0 0 0 0 0 0 2.2 0 0 0 0 0 0 0 2 0 0 0 0
0 0 2.4 6.4 0 0 0 0 2 0 0 0 2.4 0 0 0 0 0 0.2 0.6 0 0 0 0 0 0 0 0 0 0 0 0 0 0 0 0 0 0 0 0
0 13.2 0 0 0 0 0 0 13.2 2.2 0 0.2 0 11.8 0 0 0 0 0 0 0 10 15.2 0 0 0 0 0 0 13.2 0 0 0 0 0 0 0 0 0 0
0 0 0 19.4 0 0 0 0 4.6 0 0 0 0 0 0 0 8.4 0 0 0 0 0 12 5 8.4 0 0 0 0 0 0 0 0 0 0 0 0 0 0.2 0
0 0 0 0 0 0 0.2 0 0 0 0 0 0 0 0 0 0 0 0 0 0 2 0 0 0 0 0 0 13 0 3.8 0 0 4.8 0 0 0 5 0 0.2
0.2 0 0 0 0 0 0 0 5.2 0 0 0 0 0 0 12.4 0 4.6 0 3.6 0 0 1.2 0 5.6 0.2 0 0 0 0 0 0 0 0 7.8 0 0 0.2 0 0
0 0 0 0.4 0 0 0 0 0 2 0 0 0 1.6 0 0 0 0.2 0 0 0 0 5.6 0 0 0 0 0 3.2 0 0 0 0 0 0 0 0 0 0 0
13.8 0 0 0 6.6 0 0.2 0 0 0 0 0 0 2 0 0 7.6 12.4 0 0 0 0 0.8 0.2 0 0 0.4 0 0 0 0 0 0 21.2 1.6 0 0 0.2 4.4 23.6
0 0 12.4 0 0 0.2 0.8 0 0 0 0 0 0 0 0 0 0 0 0 0 0 0 0 0 0 0 0 0 0 0 0 0 9.4 0 2.2 0 0 0 0 0
0 0 0 0 0 0 0 0 4 4 0 0 0 6.2 0.2 0 0 0 0 0 0 0 0 0 6.6 0 0 0 0 0 0 0 0 0 0 0 0 0 0 0
0 0 0 0 0 0 0 0 0 0 0 0 1.8 0 0 0 0 0 0 0 0 0 0 0 0 0 0 0 0 0 0 0 0 0 9.2 0 0 0 0 0
15 0 0.2 0 0 1.6 19.6 0 0 8 0.2 10.8 14.4 0.2 14.4 19.8 15.2 0 8.4 0 9.8 8.2 0.4 0 0.2 16.4 0.6 1.4 0 0 0 0 10.6 0 0.2 0 0 0 0 0.4
0 0 0 0 2.2 0 0 0 0 0 0 0 0 13 0 0 0 0 0 0 0 0 0.4 0 0.4 0 0 0 0 3 0 0 0 0 0 0 0 0 0 0
0 0 21.2 1.8 0 0 0 0 5.6 4.4 0.6 0 0 0 0.2 0 18.4 2.2 0.6 0 5.4 0 21.8 0 0 20.8 38.4 0.4 10.6 0.2 13.6 7.8 3.4 0 0 0.2 63.6 7.8 14.6 0.4
0 0 0 0.4 0 0 0 0 2.2 0 0 0 0 0 0 0 0.2 0 0 0.2 0 0 0 0 0 0 0 0 0 0 0 0 0 0 0 0 0 0 0 0
0 0 2.8 0 0 0 0 0 0.2 0 0 0 26.4 4 0 0 0.2 0 0.2 1.2 0 0 0 0 3.4 0 0 0 0 0 0 0 0 0 5.6 8 0 0 0 0
0 0.4 0 0 0 0 0 0 0 0 0 0 0 0 0 0 0 0 0 0.2 0 0 0 0 0 0 0 3.2 0 4 0 0 0 0.2 8 0 0 0 0 0
0 0 0 0.4 0 0 3.2 0 2.2 0 0 0 0.6 0 0 0 3 0 0 0 3.8 0 0.2 0 0 0.2 0 3.4 0 0.4 0 0 0 0 8.6 0 0 0 0 11
20.2 0 21.8 0.6 0 0.2 7.4 0 0 1.6 0.6 0 1.4 0.2 2.6 3.4 9 0 4 0 0 2 0.4 10.4 0 5.6 0.4 0 0.4 5.4 0 0 0 2.2 4.8 0 13.2 0.8 0 0.4
0 0 0 0 0 0 0.2 0 0 0 4 0 0 0 0.6 0 0 0 0 3.6 11.4 0 0 0 0 1 0 0.2 8 0 0 0 0 0 0.2 0 13.4 0 0.2 0.2
0.6 0 15.4 0 0.2 0 0 0 0 0 0 0 0 0 0 0 9.6 0.2 0 0 0 0 0 0.4 0 0 1.6 0.2 0.4 0.2 0 0 0 0 11.2 0 11.8 0 10.6 6.6
0 0 0 12.4 0 0 0 0 0.6 0 0 0 0 0 0 2.4 0 0 0 0 0 0 0 0 0.6 0 0 0 0 0 0 0 0 0 0 0 0 0 0 0
0 0 0 0 0 0 0 0 0 1 0 0 0 0 0 0 0 0 0 0 0 0 16.8 0 0 0 0 0.8 0 0 0 2.4 0 0 0 0 0 0 0 0
0 0 0 0 0 1.8 13.6 0 0 0 0 0 4.6 0 20.4 0 0 0 0 10.8 0 7 0 0 0 0 0 0 0 0 0 0.6 0 2.8 7 0 0 8 0 0.4
0 0 0 0 0 0 0 0.2 20.6 0 0 0 0 0 0 0 0 0 0 0 0 0 0 0 0 0 0 0 0 0 0 0 0 0 0 0 0 0 0.2 0
0 4.4 0 7.8 0.2 0 0 2.4 10.4 10.4 0 6.4 0 0.6 0 0 0.2 13.8 0 0 0 4.4 11.4 0 21 0 0 8 0 9.2 0 0 6.4 0 0 0 0 0 0 0
0 1.2 0 2.4 0 10.6 0 0 5.8 4 4.2 0 10.2 0.2 17.2 0.8 16 0 6.6 0 0 0 7.8 0 0 3 0 0 0 0 0 0 6.2 2.4 17.2 16.4 0 0 0.4 13.4
4.2 0 0 15.4 0 0 2.8 0 0 0 0 0 0 0 0 0.2 0.2 0 0 0 0 2.4 0 13.2 0 0 0 8.2 5.6 0 0 0 0 16.6 0 0.2 2.8 15.8 0 9.4
0 8.4 0 26.6 0 0 0.2 0 21.6 0 0 0.2 0 0 0 0 0 0 0 0 0 0 0 0 20.8 0 0 0 0 0 0 0 0 0 0 0.2 0 0 0 0
0 0 0 0 0 0 0 0 0 0 0.6 1 0 0 0 0 0 0 0 0 0 2 7.2 0 0 0 0 0 0.2 0 0 0 0 0 0 0 0 0 0 0
0 0.2 0 0 0 0 0 0 0 0 0 0 0 0 0 0 0 0 0 0 0 0 0 0 0.6 0 0 0.2 10.6 8.2 0 0 0.2 5.6 0 0 7.4 0 0 0
0 0 4 0 4.8 0 0 0 0 0 0 0 0 0 0 0 0 0 0 0 1.6 0 0 0.2 0 0.2 0 0 0.8 3 0 0 0 5 0 0 2.6 0 0 1.8
0 0 0.2 0 0 0 0 0 0 15.8 4.8 3.2 0.2 0 0 0.2 18.4 0 0 0 7 0 0.4 0 0.4 0.2 0 2 0.6 0 0.4 0 0 0 0 0 0 0 0 35.2
0 0 1.2 0 0.8 0 0.2 0.2 3.8 0 0 0 0 0 0 0 1.6 1.4 0 4.4 0.8 0 4 0 4.6 0 0 0 0 0 0 0 0 0 0 0 0.4 5.6 0 0
8.2 0 0 0 0.8 3.4 0 3.2 0 2 0.2 13.4 9 0 16 0.4 0 0 0 0 5.2 0.6 0 0 0 13 0 0.4 14.4 0 0 13.2 0.2 0 0 12.2 0 11.2 9.6 0.4
0 0 0 0 0 2.6 0 0.4 0 0.8 6.8 0 2.2 0 0 0 0 5.2 4.4 0 2.4 0 0 8.2 0 0.6 0 3 0 0 2 3 2.2 3 0 3 0 2.2 11 11
19 0 0 0.2 0 9.2 1.6 0 0 2.2 8 0 29.4 0 7 0 7.8 0.2 10.2 5 6 0 0.2 0.2 0 9 0.4 0 0 0 0 0 1 0 9.4 13.2 0.2 8.6 0 0
0 0 10.4 0 13.6 0 0 4.6 0 2.4 0 0 0 5.8 0 0 0.2 0 0 0 1 0 0 13.6 0 0.4 1.2 0.2 19.6 0 0 3.6 1.2 7 0 0 8.2 0 0 0
7.2 0 0 0 17.2 0 0 0 7.8 0 0 0 2 0 0 15.6 0 0 4.6 0 0 0 0 3 0 0 0 0.2 0 0 0 11.2 0.4 0 1.4 0 0 0 9.4 0
0 8.6 12.4 0.2 0 14.8 5.6 11.6 0 3.8 0.2 7.8 1 6.4 0 9.8 17.2 0 5.4 1 0 0 0.2 0 0 0 1.2 1.8 0 0.8 0.2 0 0 0 0.4 1.2 2.2 2.2 9 0
0 4 0 0 0 0.2 0 0 0 3 0 8.4 0 8.2 0.2 0 0 0.2 0 0.6 0 0 9.8 0 0 0 0 0.2 0 3.6 0 0 0 0 0 0.6 0 0 0 0
0 0 0 14.8 0 0 0 0 0.4 0 0 0 0 0 0 0 0 0 0 9.6 0 0 0 0 0.2 0 0 0 0 0 0 0 0 0 0 0 0 0 0 0
0 0.2 0 0 11.4 0 14.6 14.6 0 0 0 0 0 10.4 0 0 0 0.8 0 0 0 0 0 14.2 0 6.6 20.4 0 0.4 18.4 0.2 0 0 0.2 4 0 5.8 0 28.8 0
0 0 0 7.4 0.4 0 0 0 0 8.8 16 0 10.8 0 0.2 0 0 0 4.2 0 12.8 23 0 0 0.6 5.6 15.6 0.2 10.6 0 0 6.4 0 0.2 0 6.4 0.2 21.2 0 0.4
1 10.8 0 0 7 0 0.2 0 0 0.2 0 0 0.2 0 2.6 4.6 13.4 0 0 0 0.6 0 0 0.2 0 0.4 15.2 0 0 0 0 0 0 0 0.2 0 0 32.4 0 0
0 0 0 7 0 0 22.6 0 0 0.4 0 0 4.2 0 2.4 5 0 6.8 0 0 0 0 0 7.4 3.6 0 0 13.4 0.2 0 0 14.8 0.2 2.8 0 11.4 26.4 30 19.2 17.2
0 0 0 7.4 0 0 0 0 0 0 0 0 0 0 0 0.2 12.8 0 0 16.4 0 0 0 0 0 2.2 0 0 0 0 0 0 0 0 0 0 0 0 0 0
0.4 0 23.2 0 2.8 0 0 0 0 4 0 0 0 0 0 3.2 0 0 0 0 0 0 0 0 0 0.2 17.4 0 0 0 6.2 0.2 0 0 0.8 3 0 0.6 0 3
0 0.2 0 8.4 0 0 0 0 0.2 0 0 0 0 0 0 0 0 0 0 0 3 0 0 0 0 0 0 0 0 0 0 0 0 0 0 0 0 0 0.2 0
0 0 0 6.8 0 0 0 0 7.8 0 0 0.2 0 0 0 0 0.2 0 0 0 0 0 0 0 0 0 0 0 0 0 0 0 0 0 0 0 0 0 0 0
0 0 0 7.2 0 0 0 0 5.4 0 0 0 0 0 0 0.4 0 0 0 0 0 0 0 0 0 0 0 0 0 0 0 0 0 0 0 0 0 0 0 0
0 0 0.2 0 0 0 0 0 7 0 0.8 0 0 0.2 0 0 0 0 0 4.2 0 0 0 0 6.4 4.8 0 0 0.2 0 0 0 0 0 0 0 0 0 0.2 0
0 0 0 0 0 0 0 0 0 0 0 0 0 0 0 0 6.4 0 0 0 0 6.6 0 0 0 0 0 0 0 0 0 0 0 0 0 0 0 0 0 0
1.6 0 5.6 0 0 0 0.2 0.2 3.8 0 0 0 24.2 0 7.4 12 0 0 0 0 0 0 13.6 0 0 0 15.2 0 0 0 9.2 0 0 0.4 0 0 1.2 24.6 0 32.8
0 0 0 10.2 0 0 0 0 5.6 0 0 0 0 0 0 0 0.4 0 0 0 0 0 0 0 0 0 0 0.6 0 0 0 0 0 0 0 0 0 0 0.2 0
0 0 0 0 0 0 2.8 0 0 0 0 0 0.6 0 4.4 0 0 0 0 0 0 0 0 0 0 0 0 0 0 0 0 0 0 0 0 0 0 0 0.8 1.4
0 0 0 0 0 0 0 0 3 0.2 0 0 0 0 0 0 0 0 0 0 0 0.4 2.2 0 0 0 0.2 0 0 0 0 0 0 0 0 0 0 0 0 0
0.4 0 0 0 0 0 0 0 0.2 0 0 0 0 6.4 0 0 17.6 0 0.2 0 0 1.2 0 0 0 0 0 0 0 0 0 0 0 0 0 0 0 0 0 0
0 0 0 15 0 0 0 2.2 15.4 0 0 0 0 0 0 0 0 0 0 0 0 0 0 0 12.4 0 0 0 0 0 0 0 0 0 0 0 0 0 0 0
0 0 0 8.2 0 0 0 1 2.4 0 0 1.2 0 0 0 0 0 0 0 0.2 0 0 0 0 0 0 0 0 0 0 0 0 0 0 0 0 0 0 0 0
0 0 0 5.6 0 0 14.6 0 0 4.4 0 1 0 8.6 7.4 5.6 0 0 0 7.4 1.4 0 0 0.4 0 0.8 0.4 0 8.8 0 0 0 0.2 6.6 5.6 0 0.2 0 0 0
0 0 14.4 0 0 0 0 0 0 0 1.4 0 0 0 0 0 0 0 0 0 0 0 0 4.4 0 0 0 0 0 0 0.2 8.8 0 13 0 0 0 0.2 1 0.6
1.8 0 5 0 5.8 3.4 0 0 0 0 0 11 9.8 0 0 0 0.2 0 0 0 0 1.4 5.6 4 8.2 0 5 0 0.2 0.2 7.4 0 0 0 2 0 0 0.8 0.2 0
0 0 4 2.8 0.4 0.8 0 0 4 0 5 0 12.6 9.4 14.8 0 0 7.8 23.8 0 0 8.4 4 10.2 0 25.2 31.4 0 23.6 4.6 1.8 1.4 0 5.8 3.6 0 9.4 0.2 4 0
0.2 0 0 0 0.2 0 0 0 0 0 0 4.4 0 0 0 0.2 3.6 0 0 0 0 0 1.4 0 0 0 0 0 0 12 0 0 0 0 0 0 0 0 0 0
0 0 0 2 0 0 0 0 0.8 0 0 0 0 13.8 0 0 4.6 0.4 0 0.6 0 0 0.2 0 11.4 0 0 0 0 0 0 0 0 0 0.2 0 0 0 0 0
0 0 2.4 0 9.8 0 0 0 0 0 0 0 0.2 0.8 1.2 0 0 0 0 0 0 0 0 9.6 0 0.2 5.4 0 41.2 0 0 0 0.2 11.6 0 0.2 0 0 5.8 31.4
0 0 0 0 0 2.2 2.6 0 0 0 0 0 0 0 0 0 0.4 0 0 0 0 0 1.8 0 0 0 0 1.6 0 0 0 0 0 7.4 0 3 0 0 0 0
0 4 0 11.4 0 0 0 0 5.6 0 0 0 0 0 0 0 0 0 0 3 0 0 0 0 0 0 0 0 0 0 0 0 0 0 0 0 0 0 0 0
0 0 1.4 1.4 0 0 0 0 0 0 3 0 0 0 0 0 0 3.6 0 0.4 0 0.2 6.8 0 0.8 2 0 0 0 0 0 0 0 0 1.4 0 0 8.8 0 1.2
0 0 0 6 0 0 0 0 10 0 0 0 0 0 0 0 0 0 0 0 0 0 0 0 0 0 0 0 0 0 0 0 0 0 0 0 0 0 0 0
0 6.2 0 4.8 0 0 33 0 11 4.8 8.2 6 0 9 0.4 9 0 11.6 0 0 14.8 18.4 0 0 0 0.8 0 0 0 0 0 13.2 0 18.6 15.4 7.2 0 20 17.6 0
5.6 0 0 4.8 7.8 0 1.2 0.2 0 1 0 4.8 0 0 0 0 0 6 0.2 0 0 12 0.4 8.2 0 0 35.4 0 0 0 0 0 0 2.2 13.8 4.4 12.2 3.6 0 0.2
0 0 0 14.4 0 3 0 0 0 0 1.2 3.8 0 14.2 0 0 9.4 0.2 0 0 0.2 19.8 0.2 0 0.2 2.4 0 0 0 0 0 0 0 0 0 0 0 0 0 0
0 0 0 0 8.6 0 0 0 0.4 0 0 0 0.2 0 4.4 0 1 14.4 0 0 7.8 0 20.6 20.6 0 0 0 0 0.4 0 39.2 0 8.8 6 4.6 0 8.4 0 0.4 25.2
0 3 0 0 0.2 20 15.6 0 0 0 0 0 3 0 25.6 0 0.2 0 0 0 0.2 0.4 0 13.6 0 0 2.6 12.8 0 0 0.2 0 0 0.4 7 0 0 0.2 1 0
0 0.4 14 1.2 14.2 0 9.4 10.6 21.8 0 0 0 0 8.6 10.2 7 8.8 21.2 7.4 0 0 0.4 0 39.4 4.2 9.8 12.6 1.2 0 17.2 40.4 11 0 8.4 2.8 0 17.4 0 12.4 0
0 0 0 0 0 0 0.4 0 0 0 0 0 6.8 0 0 0 0 2.6 0 0 0 0 0.2 7.8 0 7.2 0.2 0 1 1.2 2 0 0 0 0 0 0 0 18 0.6
0 0 1.4 0 0 0 0 6.8 0 0 0 0 0 0 0 0 0 0 0 0 0 0 0.2 0.8 4 0 0 0 0 6.6 0 0 0 0 0 0 0.2 5.6 12.4 0
0 0 0.4 7 0 0 0 0.2 0 0 0 0 0 0 0 0 6.6 0 0 0.2 0 14.2 12.6 0 6.2 0.2 0 0 0 16 0 0 0.2 0 0 0 0 0 0.2 0
0.2 0 14.6 0 0 0 0.2 0 0 0.6 0 0.2 17 0 0 0.2 0 0 0 0 7.4 5.4 0 4.4 0 0 0 0 0.6 0 0 0 0 0.2 7.6 11.6 0 30 2.8 0
0 1.2 0 0 0 9.2 0 0 3 5.2 0 0 0 0 0 0 5.8 6.8 0 0.4 0.6 0.2 1 0 0 0.4 0.2 5 3 0 0 0 1.4 0 8.6 4.4 0 6.4 0 7.2
0.2 0 0 0 0.2 3.2 12.8 18.4 0 0 0 0.4 0.2 0 0.2 0.2 0.4 10 0 0 0 0 0 0.2 0 13.8 13.2 0 24.4 0 0 4.6 16.2 0.2 0 0.4 0 0 0 17.8
0 0 0 7.4 0 0 0 0 6.6 0 0 0 0 0 0 0 0 0 0 0 0 0 0 0 0.8 0 0 0.2 0 0 0 0 0 0 0 0 0 0 0 0
19.2 0.2 4.2 6 0 1 29.2 0 0 0 0.8 0 11 0 19.8 4.6 0 0 0 0 0 0 0 0.2 0 14.2 0 0.2 3.2 0 0 0 0 0 0 5.6 0 1.2 0 0.4
0 0 0 0 0 0 0 0 6.4 0 11.2 0 0 0 0 0 0 0 0 7.6 0 0 0 0 0.8 0 0 0 0 0 0 0 0 0 0 4.8 0 0 0.2 0
0 0 0 0 0 0 0 0 1.4 0 0 0 0 0 0 0 0 0 0 0 0 0 0 0 0 0 0 0 0 10.6 0 0 0 0 0 0 0 0 0 0
0 0 6.4 0 0 0 14.8 0 12.4 7 0 4.2 0 0 0.4 0 18.2 5 0 0 0 0.2 6.2 0 0 24.8 0 0 0 0 0 5 0 0 0.2 0 0.2 0 0 0
0 0 0 0 0 0 0 0 0 0 0 0 0 0 0.8 0 0 0 0 12.2 0 0 0 0 0 0 0 0 0 0 0 0 0 0 0 0 0 0 0 0
0.4 1.4 0 0 0 0 0 0 0 0 0 0 0 0 0 0 11.4 0 0 17.6 0 0 0 0 0 0.2 0 0 0 0 0 0 0 0 0 0 0 0 0 0
0 0.4 0.4 0.2 0 14.2 24 12.4 0 7.6 11.2 14.8 31.6 0.2 0.4 7 0.4 4 6.8 1.6 0 24.2 0 0 0 0.2 25.8 0 0 0 5.8 0 9 0 0 0.4 0 12 0 31.4
0 0 0.2 7 0 0 0 0 0 4.6 0.4 0.2 0 0 0 0 2.2 0 0 0 0 24.2 13.4 0 0 0 0 0 1.6 0 0 0 0 0 0 0 0 0 0 0.2
0.2 0 0 0 5.4 0 0 0 0 0 0 0 0 0 0.2 0 0 0 0 0 0 0 11.2 0.6 0 0 0 0 2.8 0 0 17 0 0 0 4 21.4 0.6 0 2.6
1 0 0 10 0 0 0 0 0 0 0 6.6 0.2 2 0 0 0.8 0.8 8 0 4.8 7.4 0.2 0 0 4 0 0 0 0 0 0 0 0 0.2 0.2 0 24.6 14 1.2
0 0 3.6 2.4 1.8 0 0 0 0 0 0 0 0 4.2 0 0 0 0.2 0 0 1.8 0 12.2 0 12.2 0 2 0 0 0 0 0 0 0.2 0 0.2 0 0 0 0.2
0.2 0 0 0.8 0 0 0 0 0.2 0 0 2.2 0 4.8 0.8 0 0 0 0 0 3.2 0 0 0 10.8 0 0 0 0 0 0 0 0 8.6 0 0 0.2 0 9.6 5.6
0 0 0 14.4 5 0 0 0 3 0 0 0 0 8.6 0 0 0 0 0 0 0 0 0 0 5 8.6 0 0 5 0 0 0 0 0 0 0 0 0 0 0.4
0 0 0 0 0 0 0 0 0 0 0 0 0 0 0 0 0 0 0 0 0 0 3.4 0 0 0 0 0 0 7.6 0 0 0 0 0 0 0 0 0 0
0 0 9.4 0 0 0 13.4 0.4 0 0 0 0 0 0 0 1.2 0 0 0.2 0 0 0 0 7 0 0 3.4 0 8.2 0 2.8 0 0 0.4 0 0 0 0.8 10.4 0.4
0 0 0 6.2 0 0 0 0 0 9.2 0 0 0 14 0 0 0 0 0 9.6 0 7.4 0.2 3.2 0 0 0 0.2 5.2 0 0 3.8 0 0 0 0 0 0 0 0
0 0 24 0 18.4 0 3.4 17 0 11.4 0.4 0 9.4 6.4 0.4 7.2 0 4.2 2.6 0 5.6 0.2 0.6 8.4 0 11 9.2 18 0 0 6.8 0 14 0.4 0 14.2 20.2 0.2 0 26.4
0 0 0 0 3.6 0 1.2 3 0 0 0 0 0 6 0 0 0 0.8 0 0 0 0 0 0.4 0 0 0.2 0 17.8 0 0.2 0 0 5.8 14.4 0 12.2 0 0 0.4
0 0.2 0 0 0 0 0 0 0 0 0 3.2 0 0.2 0 0.2 0 0 0 0 0 6.8 2.2 0 0 0 0 0 0 0 0 0 0 0 0.2 0 0 0 0 0
0 0 0 0 0 0 0 0 5.2 0 0 0.4 0 0 0 0 17.6 0 0 10.6 0 0 0 0 2.2 0 0 0 0 0 0 0 0 0 0 0 0 0 0 0
0 0 0 0 10.8 0 0 8 0 0 0 0 4 0 0 0 0 0 0 0 4.4 0 0 0.4 0 0 1.2 0 0 0.4 0 0 0 0 0 0 0 0 9.8 0
0 0.6 15.6 1 5.2 0 9.6 0 0 0 0 0.6 2 7 1.8 0.8 0.2 0 0.6 3 1.2 7.6 0 0 0 0 25 0 0 4 14.8 0 0.6 0 0 0.2 0 0 0 10.6
0 0 0.2 0 0 0 8.8 0 0 0 0 0 0 10.4 0.4 0.4 0 3.2 0 6.8 0 0 0 15.6 0 0 0.4 0 0 0 4.8 3.6 0 0 0 0 30.6 0 15 18.8
0 0 17.4 0.2 0 0 0 0 0 0 0 0 0 0 0 0 0 0 0 0 0 0 0 4 0 0 0 0.2 13.8 8.8 7.8 6.8 0 0.2 0 0 13.4 0 4.2 0.2
0 0 0 5 0.2 0 0 0 0 0 0 0 0 15.4 0 1.2 0 3 0 0 0 1.2 14.2 0 0 0 0 0 0 0.8 0 0 0 0 0 0 0 0 0 0
0 0 0 3.6 0 0 0 0.2 0 0 0 0 0 0 0 0 0 0 0 0 0 0 0 0 7 0 0 0.2 0 0 0 0 0 0 0 0 0 0 0 0
6.4 0 3.6 0 4 0 0 0 0 0 0 0 0 0 0.2 0 0 0.6 0 0 0 0 0 0 0 0 1.6 0 0.2 0 0 0 0 2 0 0 0.4 0 3.4 0.6
0 0 0 0 0 0 0 0 0 0 0 0 0 0 1 0 0 0 0 0.2 0 0 1 0 0 0 0 0 0 12.8 0 0 0 0 0 0 0 0 0 0
0 0 0 0 0 0 0 0 0 0 0 0 0 0 0 0 0.2 0 0 0 0 0 0 0 0 0 1.4 0.2 14.2 0.2 0 0 0.4 5.4 0 0 0 0 0 0
0 0 0.8 0 0 0 0 0 15.4 0 0.6 0 0 0 0 0.2 3 0 0 0 0 0 0 0 13.2 0 0 0 0 0 4 0 0 0.8 0 0 0 0 0 0
0 0 0.2 0 0 0 0 0 0 0 0 0 0 0 0 0 0.2 0.2 0 0 0 0.4 0.4 0 0 12.4 0 0 5 0 0 0 0 0 0.2 0 0 0 0 0
0 0 2.2 1.4 0 0.6 0 0 0 3.2 0 0 0 0.2 0 0 3.6 0 0 0 0 5.8 1 0 2 0.2 0 0.2 0 0 0 0.6 0.4 0 3.4 0 0 0 0 0.2
0 0 1.8 0 5 17.2 17 0 0 0.8 0 0.2 4.2 0.4 0 3.2 1.2 0 8.4 7.4 0 16.6 0 0 0 0.2 8.2 0 0 0 1.4 0 0.2 10.8 29 10.2 0 37.8 0 0.8
0 0 0 0.2 0 0 0 0 2 0.4 0 0 0 4.8 0 0 0 0 0 10 0 0 0 0 0.6 0 0 0 0 0 0 0 0 0 0 0 0 0 0 0
15.6 0 0 0 0 0 0 0 0 0 0.2 0 0.2 0.2 1.2 0 0 0 0 0 0 0 0 4 0 0 5 0 0 0 0 4.4 0.2 0 11.2 0 0 0 0.4 1.4
0.2 0 0 7.2 0 0 0 1 0.2 3.4 0 0 0 0 0 0 12.6 0 0 12.4 0 12.4 9.4 0 0 0.2 0 0 0 0 0 0 0 0 0 0 0 0 0 0
0 0 0 0 0 0 0 0 0 0 0 0 0 12.2 0 0 10.4 0 0 0.2 0 0 0 0.2 0 0 0 0 0 0 0 0 0 0 0 0 0 0 4 0
0 0 0 0.2 0 0 0 0 0.2 1.4 0.6 0 0.2 0 0.2 0 11.4 0 0 0 0 9.2 20.4 0 0 0 0 0 0 0 0 0 0 0 0 0 0 0 0.2 0
0 0 1 0 4.8 0 0 0 0 0 0 0 0 0 0 0 0 0.2 0 0 0 0 0 0 0 0 0 0 0 0 5 7.4 0 0 0 0 5.6 0 0 0
0 0 0 0 0 0 4.4 0 0 0 0 0.4 0 0 16 0 0 0 0 4.2 0 3 0 0 0 0 0 0 0 0 0 0 0 0 0 0 0 0 0 0
1 0 0 0 14.4 0 0 15.6 0 0 0 0 0 0 0 7 0 0 0 0 0 0 0 0 0 0 0 0.6 0 5.2 7.8 0 0 0 0 0 4.4 0 0 0
0 0 0 0 0 0 20.6 0 0 5.6 0 4 18.8 0 0.2 0 1 0 15.6 0 0 0 0 0 0 49.8 0 1 0 0 0 0 0 0 0 9.2 0 0 0.2 0
0 0 0 43.6 0 0 0 0 19.8 0 0 0 0 0 0 0 0.2 0 0 0 3.2 0.2 0 0 14 0 0 0 0 0 0 0 0 0 0 0 0 0 0 0
14.6 0 0 0 0 12.8 5.8 0 0 7.2 1.2 0 31.2 5 8.4 7.4 0.2 5 0 11 10.2 8.2 0.2 0 0 0.4 0 0 0 0 0 0 0 0 8.8 0 0 21.2 0.2 0
0 0 0 29.6 0 0 0 0 3.4 0 0 0 0 0 0 0 0 0 0 0 0 0 0 0 0 0 0 0 0 0 0 0 0 0 0 0 0 0 0 0
0 4 0 0 0 0 0 5 0 2 0 0 0 0.6 0 0 0 0 0 0 0 5.6 10.4 0 0 0 0 0 0 5.8 0 0 0 0.6 0 0 0 0 0 0
0 0 0 0 11 3.4 0.2 5.4 0 0 0 0 0.2 0 0.8 0 0 5.4 0 0 0 3.6 0 0 0 0.4 12.8 0 0 7.4 0 4 0.2 0.2 0 0 0 0.4 0 15.6
12.6 4.6 0 4.6 9.8 2.8 0.4 5.8 13 30.8 1.2 0 0 41.6 5.4 10.4 0 0 0 0 19.4 0 0.2 0 14.4 26.4 10.2 0 0 19.8 1.8 0 0 32.4 0 0.4 15.6 27.6 0.2 7.6
0 0 0 0 0 0.2 4.4 0 0 0 0 0 7.2 0 0 0 26.6 0 1.4 0 20.2 0 9.4 5.6 0 0 10.2 0 0 3.4 0 0 0 0 0 7.4 0 0 0 25
0 0 0 3 0.2 0 0 0 0 0 0 0 0 0 0 0 0 0 0 0 0 0 7.6 0 0.2 0 0.2 0 6 7 0 0 0 0 0 0 0 0 0.6 0.2
0 0 0 2.8 0 0 0 0 0 18.4 0 3.4 0 0 0 0 0 1.2 0 0 0 9.8 43.2 0 7.2 0 0 0 0 0 0 0 0 0 0 0 0 0 0 0
0 0 0 0 0 0 0 0 0.4 5.4 0 0 0 0 0 0 9.6 0 0 0.2 0 0 0 0 0.6 0 0 0 0 0 0 0 0.8 0 0 0 0 0 0 0
0 0 0 11.2 0 0 0 0 0 0.2 0 0 0 0 0 0 6 0 0 6.2 0 0.8 12.6 0 0 0 0 0 0 0 0 0 0 0 0 0 0 0 0 0
0 0 0 0.2 0 0 0 0 10.2 0 0 0 0 0 0 0 0 0 0 0 0 0 0 0 2.6 0 0 0 0 0 0 0 0 0 0 0 0 0 0 0
0 0 0 0 0 0 0 0 0 0.2 0 0 0 0.2 0 0 0 2 0 0 0 12 0 0 5.6 0 0 0 0 0 0 0 0 0 0 0 0 0 0 0
0 0 0 0 0 0 23.2 0 0 2 0 0 0 0 16.2 0 0 1.6 0 0 0 0 0 0 0 0.2 0 0 2.4 0 0 0 0 0 0.6 6 0 0 0 9.8
9 0 1.4 0 0 0 0 0 0 0.8 0.6 6.6 0.6 0.2 22.8 0 14.4 0 0 0.6 0 0.2 0 0 0.4 0.6 0 11 7.4 0 0 0 0 10.6 3.2 0 0 13.8 1.8 0
0.2 0 0 2.8 0 0 0 0 6 0 0 0 0 0 0 0 14.6 0 0 11.4 0 0 0 0 1.8 0 0 0 0 0 0 0 0 0.2 0 0 0 0 0 0
0 0 0 0.2 0 0.2 0 0 8.2 0 0 4 4 0 7.8 0 0 0 0 0.6 0.2 0 0 0.6 0 0 0 0 0 0 0 0 0 4.8 0.4 0 0 0.2 0.2 5.6
0 0 0 0 0 0 0 0 0 0 16.8 0 0 0 0 0 0 0 0 0 0 0 0 0 0 0 0 0 0 0 0 0 0 0 0 0 0 0 0 0.2
2.2 0 0.2 0 1.2 0 0 0 3.2 6.4 0 0 0 0 0 0 2.4 0 0 0 4 3 0 0 0.2 2 20 0 0 11.6 0 0 0 0.2 0.2 0 0 0 0 10.2
4.6 0 0 0 0 4.6 10.8 0 0 12 0 0.2 10.6 14 9.2 2.2 38.6 0 14.8 9.6 4.6 10.2 1 0 1 12 0 0.2 6.6 0 8.8 0 5.2 0 0 0 0 11 0 34.2
0 0 7.6 0 0 0 0 2.4 3 0 0 0 0 0 0 0 0 0 0 0 0.2 0 0 0 0 0 9.6 0 0 6.2 0.2 2.4 0 0.4 0 0 0 0 0 0
0 0 11.4 0.2 20.4 0 0 13 10.4 0 7.6 0 0 0 0 0 0 1.2 0 0 6.4 0.4 0.2 0 0 0.2 9.2 9 31.4 0 0.4 0 0.6 0.8 12.2 0 0 0 0 0
0.6 0 0 6 0 0 0 0 1 0 0 0 0 0 0 0 0 0 0 0 0 0 0 0 0 0 0 0 0 0 0 0 0 0 0 0 0 0.4 0 0
2.6 0 1.2 0 3.6 6.8 0 0 5 0.2 0 0 0 0.8 0 0 0.4 0 0 0 0 0.4 8.4 0 0 0 19.8 0 19.2 1.2 0 0 0 0 0 4 3.2 0 11.2 0
0 0 0 10.2 0 0 0 0 20 0 0 0 0 0 0 0 0 0 0 0 0 0 0 0 12.8 0 0 0 0 0 0 0 0 0 0 0 0 0 0 0
0 0 0 2.6 0 0 0 0 0 7.2 0 0 0 0 0 0 4.4 0 0 0.8 0 0 0 0 0 0 0 0 0 0 0 0 0 0 0 0 0 0 0 0
0 0 0 0 0 0 0.2 0 5.8 0 0 0 0 0 0.8 0 0 4.2 0 0 0 0 7.4 0 0 5.2 3.6 0 0 0 0 7 0 0.4 0 3 0.8 0.8 5.8 0
0 0 0 0 0 0 0 0 0 0 0 0 0 0 0 0 0 0 0 0 0 0 6 0 0 0 0 0 0 0.8 0 0 0 0.2 0 0 0 0 0 0
0 0 14.4 3.2 0.4 0 0 0 0 0 0 0 0 0 0.2 0 0 0 0 0 0 0 0 6.4 7 0 29.6 0 16 0 0 0 0.2 16.6 0 0 0 0 0 0
0 0 0 26.2 0 0 0 0 15.6 0 0 0 0 0 0 0 0 0 0 0 0 0 0 0 2.2 0 0 0 0 0 0 0 0 0 0 0 0 0 0 0
0 1 10.8 0.2 0 0.2 0 2 0 0 33.6 0 0 0 0 0 0 0 7 0 0 0 0.4 0.4 0 0.2 0 0 0 0.4 5.4 0.2 0 0 0 0 5.2 0 0 0
12.4 0 0 0 1 0 23 0 0 1.6 13.6 0.2 5.2 0 0 0 18.2 0.2 11.2 0 0 1.8 1.8 0 3.8 7.6 21.8 0.2 0.2 0 10.6 0 0.2 1.2 0 9.6 0.4 24.2 0 0
0 0 0.2 0 0 0 20.6 0 3 0 0 7.6 0 0.6 0 0 0 0 0 10.2 0 0 0 0 0 6.2 0 0 0 0 0 0 0 0 0 7.8 0 0 0.6 0.2
0 4.6 0 0 0 20.6 0 0 0 0 11.4 4 2.8 0.2 0 0 23.8 0 7 0.2 5 0 0 0 0 4.6 0 0.2 0 0 0 0 0 0 4.2 12 0 0 0.4 0
23.8 0 0 0 0 7.6 12.8 0 0 14.4 0.6 0 19.8 0 0.2 0 0.4 0 0 13.4 0 0.4 0.4 0 0 0 0 4.6 0 0 0 0 8.4 0.2 1.8 22.6 0 0 2.6 4
20.4 0 0 0.4 0 7.2 3.4 0 0 2.6 0 0 11.2 10.2 29.4 0 2.4 0 17 0 0 15 0.2 6 0 0 0 0 0 0 0 0 0 0 0.6 13.8 0 19.4 50.6 1.2
0.2 0 0 0 0 0 0 0 0 0 0 0 0 0 6.6 0 0 0 0 0 0 0 0 0 0.2 0 0 0 0 0.4 0 7.2 0 7.4 2.4 0 0 4.6 0 0
0 8 0 0 0.2 0 0 0 17 33.6 0 0 0 16.6 0 1 26 4.8 0 0 3 0 24.8 0 0 0 0 0 0 3.8 0 0 0 0.2 0 0 0 0 0 0
14.6 0 5.4 2.6 0 0 0 4 0 0 0.4 0 0 0.4 0 0 1.4 0 0 13.4 0 0 9.4 0 0 1.2 0 0 1.6 0 0 0 0 0 2.8 0 11.4 0.4 0 25
0 0 0 4.2 0 0 0 0 5.8 0 0 0 0 0 0 0 0 0 0 0 0 0 0 0 3 0 0 0 0 0 0 0 0 0 0 0 0 0 0 0
0 0 0.4 0.4 0 0 11.4 0 0 0 0 0 8.2 0 18 0 26.6 0.2 12.6 0 0 0 0 2.6 7.4 4.4 0.4 0.2 29.2 0 10.2 0 0 10.6 0.4 8.6 0 0 0 10.2
2 0 0 15.8 0 0 0 0 7.6 0 0 0 0 0 0 0 0 0 0 0.4 0 0 0 0 20.2 0 0 0 0 0 0 0 0 0 0 0 0 0 0 0
0.2 0 0 15.6 0 0 0.2 0 0 0 0 0 4.2 0 0 0 0 9.2 0.2 3.8 0 0 1 0.4 0 15.6 0 0 6 5.4 0 0 9.2 0.2 0 0 0.4 6.4 0 67
0 3.4 0 0 0 0 0 0 3 10.8 0 14.2 0.6 0 0 0 0.4 0 0 0 0.4 31.8 0 0 0.2 13.8 11.6 4.4 0 0 1.4 0 0 4 4.4 0 0.4 18.2 0 0
0 0 0 5.4 0 0 0 0 4.6 0 0 0 0 0 0 0 0 0 0 0 0 0 0 0 0 0 0 0 0 0 0 0 0 0 0 0 0 0 0 0
0 0 0 0 0 0 24.4 0 0 0 0 0 15.4 0.6 3.4 0.2 0.2 8 0 0 1.8 0 0 0.2 0 7.2 0.4 0 0 0 0 0 2.2 1.2 1 0 0 36.8 9 1
0 0 0 4 0 0 8.4 0 0 0 1.2 0 0 0 0 0 0 0 0 0 0 0 0 3 0 0 0 0 0 0 3 0 0 0 0.2 0 0 0 9.2 0
0 2.4 0 10.8 0 0 0 0.4 5.2 21.6 0 0 0 12.2 0.2 0 26.2 0.6 0 0 0 14.2 15.8 0 0.8 0 0 0 0 14.6 0 0 0 0 0 0 0 0 0 0
0 0 0 13 0 0 0 0 0 0 0 0 0 0 0 0 2.6 0 0 0 0 6.6 0 0 3.8 0 0 0 0 0 0 0 0 0 0 0 0 0 0 0
0 0 0 0 0 0 0 0 0 0 0.2 0 0 0 0 0 2.6 0 0 0 0 2.4 9 0 0 0 0 0 0 11.8 0 0 0 0 0 0 0 0 0 0
0 2.4 0 0 0 0 0 0.2 0.2 3.8 0 0 0 7.4 0 0 18 0 0 0 0 26.8 21.6 0 0 0 0 0.6 0 0 0 0 0 0 0 0 0 0 0 0
0 0 0 0 0 0 0.4 0 0 0 0 0 0 0 15.8 0 0 0 0 0 0 0 0 0 0 30.6 0 0 1.2 0 0 0 0 0 0 0 0 0 0 0
0 9.6 15 0 10.8 0 0 7.2 3.4 0 0 0 0 0 0 0 0 0 2.6 0 0 0 0 14 0 0 13.8 0.2 0 0 16.2 0 0 0.2 7.8 0 13.2 0.4 12.6 0
29.8 6 0 0 5.8 0 0.2 0 24.2 4 0 4.4 0 0 5.6 13.2 0 6 10.6 0 0 0 0 0 4 0.6 0 0 0 0 0.6 0 0 0 0.4 6.2 0 0 1 12.4
1.6 0 0 0 0 0 0 0 8 0 0 0 0 0 0 0 0 0 0 0 0 0 0 0.2 0 0 0 0 13.4 0 7 0 0.4 0 0 0 14.4 6.8 0 6.2
18 0 0 0 4.8 48.6 5.6 0 0 17.6 0.6 0 38.6 0 0.2 15.4 1.2 0 2 0 16.8 28.8 0.6 0.2 0 0 0 0.2 0 3.4 0 0 0 7.4 0.2 46.2 0.2 20 0.2 0.2
23 0 16.4 0 6.4 0 25.2 0 0 6.4 12.4 0.6 0.2 17 0 12 0 0 12.2 3 0 3.4 7.6 0.2 0 4.6 17 0 1 0 6.6 19.4 0 1.8 0 2 0 3.2 0 21.4
0 0 0 5.8 0 0.2 0 0 0 0 0 6.6 0 0 0 0 0.8 0 0 19.4 0 0 0.2 0 6.8 0 0 0 0 0 0 0 0 0 0 0.2 0 0 0 0
0 0 1.2 0.6 0 0 0 0.2 0 0 0 0.6 0.4 4.2 0 0 0 0 0 0 9 0 0 0 8.2 0 0 13 0 0 34.6 21.6 1.6 6.6 0 0 12.8 0.2 0 49.2
0 5.2 0 11.4 0 0 0 0 2.8 0 0 0 0 0 0 0 0 0 0 0 0 0 0 0 0 0 0 0.6 0 0 0 0 0 0 0 0 0 0 0 0
0.2 0 0 0 0.2 0 16.6 0 0 7.4 0 0 0.2 0 0 0 0 0 0 0 0 2.2 8 0 0 0 18.8 0 0 0 0 0 0.2 0 2.4 4 0 16.4 0 0.4
0 1.8 14.4 0 0.2 16.6 17.2 0 0 1.6 44 0 26 0 39 0.2 8.8 0 1.4 3.8 0 15.8 14.2 0 0 0 0 0 6 2.8 0 0 0 2.2 8.6 14.6 0 0 9.8 0
0 0 0 0 0 0 0 0 0 0 0 0 0 0.2 0 0 9.2 0 0 29.6 0 0 0 0 0 0 0 0 0 0 0 0 0 0 0 0 0 0 0 0
5.4 0 25.2 0 0 0 16.2 0 8.4 5 8 8.4 14 0 32.8 0 0 0 0 0 4 7.2 3 25.8 0 0.8 0 0 0 2.4 0 0.4 1.4 4.2 13.6 13.8 11.2 38.8 0 0
0 0.2 0 3.8 0 0 0 0 0 0 0 0 0 0 0 0 0 0 0 0 0 0 0 0 0 0 0 0 0 6 0 0 0 0 0 0 0 0 0 0
0 0 0 19.8 0 0 1.6 0 0 0 0 0 0 0 0 0 0 0 0 0.4 0 0.2 4.2 0 0 1.6 0 0 0 0 0 0 0 0 0 0 0.2 1 0 0
0 0.2 0 16.4 5.8 0 9.8 6.4 0 0.4 3.2 0 14.6 0.4 35.6 0 19.6 0 6.6 3.6 7.2 0 0 0 0 20.8 0 5 1.8 0 4.6 4 0 0 3.4 17.2 0 12 1.4 21
26.8 0 0.6 12.6 0 0 0 8.6 0 7.4 0 10.4 5.8 0 0.6 0 10.2 0 4.6 0.2 0 10 0.4 0 0 0 14.8 0 0 3.8 6.6 0 0 3.8 10 0.2 0.2 0 0.4 0
0 19 0 0 21.4 18.4 42.6 21.2 41.8 3.4 0.8 7.6 11 15.4 0.6 23.6 0 30.8 23 1 21.2 9.6 16.2 12.4 23.8 1.6 8.4 3.2 0 6.8 37.6 9 15.4 30.2 0 7.8 32.4 0.2 0 30.6
0 0 0 0 0 0 0 0 9 0 0 0 0 0 0 0 0 0 0 0.6 0 0 0 0 4.4 0 0 0 0 0 0 0 0 0 0 0 0 0 0 0
0 0 0 0 0 0 0 0 6.8 0.8 0 0 0 0 0 0 16.2 0 0 0 0 4 0 0 0 0 0 0 0 0 0 0 0 0 0 0 0 0 0 0.2
0 0 1 0 4.2 0 0 4.2 0 3 0 0 0 15 0 0 0 0 1.6 0 7.8 1.2 0 0 0 0 2 0 0 0 0 0 4 0.2 0 0 0 0 2.8 0
0 0 39.8 0 0 7.2 5.6 0 3 0 0 0 15.4 0 5.6 0 0.4 0 3 0 15.2 0 2.6 0 0.2 12.6 25.8 0.6 0 5.2 22 0 0 0.2 0 0.8 19.8 14.6 1.4 1
0 0 0 9.6 0 7.2 8.6 0 0 1.4 0 1.8 14.2 0 15.6 0 0 0 0 7 1 0 0 0 0 2.2 0 0 0 0 3.8 5.8 0 0.2 0.4 3.6 12 33.8 0.8 0
10.6 4 0 0 7.2 0 0.2 0 0.2 0 2 0 0 0 21 0.2 0 0.2 0 18.4 1.6 7.4 0 0 0 0 8 0 0.4 0 0 3.2 0.2 12.4 10 4.6 11.2 4.2 13.4 1.4
0 0 0 0 0.2 0 0 7.2 0 0 0 4.2 0 0 0 0 0.4 0 0 0 0 0 3.2 0 0 0 0 0 0 18.4 0 0 0.2 0.2 0 0 0 0 0 0
0 0 0.6 8.8 0 0 0.8 4 0 21.4 0 0.2 1 24 0 0 25 0 0.2 0 0 11.8 0.2 0 3.2 6.4 0 3 20 0 0 0 6.8 30.6 4.8 0 0 0 0.2 4
0.2 0 12 0 0 0.2 0 0.2 0 0.6 0 0 1.2 0 0 0 0.2 3.2 16.2 3 2.8 0 0 0.4 0 0 9 0.4 17.8 26.8 29.4 0 15 0 0.6 0 17.4 0 0.4 27
35.2 0 0 0 0 0.8 2.2 0.2 0 9 0.2 2.6 12.8 0 0 0 0 0 1.8 0 4.8 24.8 17.6 0 0 0 0.2 6.2 3.2 0 0 0 0 0 0 0 0.2 0.2 0 49
2.6 0 19.2 0 20.4 0 0 0 3 6.8 0.6 0 0 0 1.2 4.2 19.4 1 0 0 0 7.4 5.4 25.8 0 21.8 0 0 27.2 0.8 27 9.2 10.8 17 15.8 0 22.8 0 17.2 17.4
0 0 0 0 5.6 0 0 0 9.8 0 0 0 0 0 0 0 0 0 0 0 0.2 0 0 0 0 0 11.6 0 0 0 0 0 0.2 0 0 0 0 0.2 0.2 27.2
0 0 0 0.2 0 0 0 0 17.8 0.2 0 0 0 0 0.2 0 2.8 0 0 6.4 0 2 0 0 6.6 0.4 0 0 0 3.4 0 0.2 4.8 0 0 0 0 0 0 0
19.4 0 3 1.2 7.6 0 0 0 1.8 0.4 0 2.2 0 11.2 0 0 0.2 0 2.6 13.6 0 0 0 2 2 0 0 11.4 10.6 0 4.6 4.4 0 0.2 0.4 0 0 0 9.2 0
6.2 0 15.2 0 3 0 0 0 0 0 0 0 0.6 0 0 0 0 0 0 0 2.6 0 0 0 0 0 1.6 6.2 0 0.2 0 0 0 1.4 0 0 19.4 3.2 0.2 0.2
0 0 0 0 0 0 16 0 0 0 0.2 0.4 6 0 0 7.8 0.6 0 9.8 11 0 0 0 0 0 44.8 0 0 0 0 0.6 0 0 0 10.8 7.8 0 0 0 0.2
0.2 0 0 0 0 0 0 0 0 3.8 0 2 0 0 0 0 0 0 0 0 0 3.8 21.2 0 4 0 0 0 0 0 0 0 0 0 0 0 0 0 0 0
0 0 0 5.6 0 0 0 0 24 0 0 0 0 0 0 0 0 0 0 0.6 2.4 0 0 0 0 0 0 0 7.2 0.2 0 0 0 0 0 0 0 0 0 0
0 0 0 0.8 0 0 0 0 8.6 0 0 7.8 0 0 0 0 27.6 0 0 0.6 0 19.6 0 0 0 0 0 0 0 0 0 0 0 0 0 0 0 0 0 0
0 0 0 0 5 0 0 5 12.8 0 0 0 0 4.2 0 0 0 0 0 0 0.2 0 0 0 6 0 0 0 0 0 0.2 0 0 5.6 0 0 0 0 0 0
0 0 0.8 6.4 0 0 0 0 19.6 0 0 0 0.4 0 0 0 7.2 0 0 7.6 1 0.4 0 0.4 3 11.4 0 4.4 0 1.2 0 0 0 0 0.6 0.4 0 0 2.4 1.8
6.8 0 0 24.2 1 0 0 0 0 0.2 0 0 0 10.2 0 0 9 2.8 0 0 0 4 0 0 0 0 0 4.8 0 0 0 0 0 0 0 0 0 0 0 0
0 0 0 0 0 0 0 0 0 8.2 0 0 0 0.2 0 0 5.8 0 0 0.2 0 0.2 21.4 0 0 0 0 0 0 0 0 0 0 0 0 0 0 0 0 0
9.2 0 0.4 4.4 0 0.8 0 2.8 0.6 0 0 0.2 3.8 3.4 0 0 0 0 7.4 15.8 0 0 0 0 0 0 0.2 0 0 0 4.6 0 0 0 0 0.6 0 0 0 12.8
0 0 0 0.6 0 0 0 0 0 0 0 0 0 6.6 0 0 0 0 0 0 0 0 0 1.4 4 0.2 0 0 0 0 0 0 2.4 3.6 0 0 0 0 4.8 0.4
0 3.8 0 16 0 0 0 0 12.2 0 0 0 0 0 0 0 0 0 0 0 0 0 0 0 0 0 0 0 0 0 0 0 0 0 0 0 0 0 0 0
0.6 0 0 10.2 0.8 12.8 22.6 0 0 26.6 17.4 7.6 57.2 34.8 40.4 10 0.8 0 16.4 11.4 13.8 12.6 1.2 0 0.2 28.6 15.6 12.2 9.2 0 0 0 1.4 1.6 10.6 19.2 0 0.6 1.2 0.2
0 0 3 10.4 0 0 0 0 23.2 0 0 0 0 0 0 0 1 0 0.2 0 0.2 0 0 0 17.4 0.2 0.2 0 0 0 3.2 0 0 0.2 1.8 0 0 10 0 0
0 0 0 0 0 0 0.2 0 0 1.2 0 0 25.6 0 0 0 0 0 0 3.2 0 23.8 2.6 0.2 0 0.8 5.4 6.8 0.2 0.2 0 0 0.2 17.8 19.6 1 0.2 0 0 0
0 0 0 0 0 0 0 0 2 0 0 0 0 0 0 0 0 0 0 0 0 0 0 0 5 0 0 0 0 0 0 0 0 0 0 0 0 0 0 0
0 0 0 0 0 0 0 0 0 0 0 0 0 0 0.2 0 0 0 0 0 5.2 0 0 0 0 0.2 0 0 9.2 0 0 8.6 0 21.4 13.8 0 2 6.2 0 19.2
0 0.4 0 10.4 0 0 0 0 7 0 0 0.6 0 0 0 0.2 0 0 0 0.2 0 0 0 0 1.2 0 0 0 0 0 0 0 0 0 0 0 0 0 0 0
0 9 0 7 0 0 0 0 12.6 0 0 0 0 0 0 0 0 0 0 5.4 0 0 0 0 0 0 0 0 0 0 0 0 0 0 0 0 0 0 0 0
0 0.4 0 0.4 0 0 0 0 0 6.2 0 0 0 9 0.2 0 32.8 0 0 0.2 0 0 0 0 0 0 0 0 0 0 0 0 0.8 0 0 0 0 0 0 0
0 0 0 0 0 18 0.2 0 0 0 0 13 14.4 0 0 0 0 0.2 5 0 0.2 0.2 0 0 0 1.4 7.6 0 0.4 0 0 1.6 0 15 4.2 14.2 0 7.8 0.2 27.4
0 0 5 0 0 0 0 0 0 0 3.4 0 0 0 0 0 0 0 0 0 0 0 0 3 0 0 0 0 0 0 0 0 0 0.6 0 0 8.6 0.2 12.2 0
0.8 0 0.6 13.4 0 0 0 0 0 0.2 0 12.2 0 0 0.6 0 0 0.2 0 0 0 9 0 0 0 0 0 0 3.8 0 0 11.2 0 0 0 0 0 0 0 0
0 0 0.2 0 0 0 28 0.2 5.4 0 0 0 12 0 4.8 0 0 0 0 15.4 0 10 0 20.4 0 23.6 0 0 24 0 10 0 0 21.8 0 4.6 0.2 2.4 0 0
0 0 24 0 0.2 0 19.2 0 0 0 0 2.2 0.4 0 13 0 0 0 0.6 0 5.2 1.2 0.2 29 0 0.2 33 0 20.6 0 4.6 15.8 0 2.6 0 0 20.6 0 1.8 0.6
0 0 0 7.2 0 0 0 0.4 11.8 0 0 0 0 4.6 0 0 0 0 0 0 0 0 0 0 5 0 0 0 0 0 0 0 0 0 0 0 0 0 0 0
0 0 0 0 0 0 0 0 12.4 0 0 0 0 5.2 0 0 0 0 0 0.4 0 0 0 5.8 15.2 0 0 0 0 0 0 3 0 9 0 0 0 0 0 0
0 6.4 0 11 0 0 0 0.8 0 13.8 0 16.4 0 8.8 0 0 28.8 0 0.2 7.8 0 5 13.6 0 7.4 0 0 0 0 0 0 0 0 0 0 0 0 0 0 0
21.2 0 8.4 0 0 0 0 0 0 0 0 0.4 0 0 0 0.4 0 0.2 0 0 0 0 12.4 22 0 0 0 30.8 0 0 0 1 0 1.4 0.2 0 4.2 11.2 0.4 12.8
0 3.6 0 4 4.2 0 0 8.2 6.4 27.6 0 13.2 0.2 15.4 0 0 0.4 6 0 5 0.2 8 0 2.4 0.2 0 0.2 0 13.2 21 0 0 4.2 8.2 0 0 0 0 0.2 0
19.6 0 0 0 0 0 0 0 0 0 0 0 1.4 0 0 0 0 0 0 0.8 0 0 0 0 0 0 0.4 0 0.4 0 0 0 0 6 3.8 0 0 0 0.6 0
0 0 0 15 0 0 0 0.2 14 0 0 0 0 0 0 0 0 0 0 0.2 0 0 0 0 0 0 0 0 0 6.6 0 0 0 0 0 0 0 0 0 0
0.2 0 0 7 0 0 0 0 4.2 0 0 0 0 0 22.2 0 0 0 0 3.2 0 0 0.2 0 0.4 0 0 1.4 0 0 0 0 0 0 0 0 0 0.2 0 0
0 0 0 1.6 0 0 0 0 0 2 0 0.8 0 2.2 0 0 47.8 4.6 0 4.6 0 0.2 0 0 0 0 0 0 0 0 0 0.2 0 0 0 0 0 0 0 0
1.2 0 16 0 0 0.4 2.4 0 11.6 0 0 0 0 0 0.2 0 0 0 0 0 0 0 0 14.4 4 0 0 0 12.8 3.4 6.6 0 0 7.2 5.8 0 11.2 0 2.8 0
0 0 0 0 0 22 9.6 0 0 0 0 0.2 3.2 0 17.4 0 5 0 0 0.2 1 1 0 0.2 0 34.2 0 0 0 0 0 0 0 0.2 0 25 0 36.2 0.2 0.4
0 0 0 0.4 0 0 0 0 0 1 0 0.2 0 0.4 0 0 24.6 0 0 0 0 9.6 0 0 5.8 0 0 0 0 0 0 0 0 0 0 0 0 0 0 0
0 18.6 12.2 0.2 16.8 0 1.6 13 22.4 0 0 0 19.6 12.2 3.6 3.2 0 19.4 0 0 4.4 0 0 8.6 0 0 20.6 0 0 19.2 13.8 0 14 22.4 0.2 0 20 0 0 0
0 0 0 3.8 0 0 0 0 4.8 0 0 5.6 0 6.8 0 0 5.4 7 0 0 0 38.6 21.8 0 0 0 0 2.4 0 8.8 0 0 0 0 0 0 0 0 0 0
0 0 0.6 0 0 0 17.2 0 0 0 16.2 0.6 0 0.6 15.6 0 18.6 0 12.2 7.2 0 0 0 0 0 17.4 0 0 8.4 0 0 0 0 9.6 11.2 27.8 0 0.4 0 3.4
23.8 0 0.2 4.2 0 2.8 0.2 0 17.2 0 0 0 0 0 0 0 2 0 0 0 0 0 0 0 10 0.2 0 0.2 19.8 0 0 8.4 0 0 0 0 0.6 0 0 16.4
24.2 0 2.6 0 31.6 8 0 0 19.6 0 4.4 0 25.8 0.4 0 0 9.4 10.2 0 1.2 12 2 0 0 4.4 0 40.8 0.4 3 9.8 15.2 0 9.4 9.8 30 0 4.4 1 0 18.4
17.8 0 0 0 0 45.2 0 6 0 0 0.2 0 35.8 0 0 5.8 0 0 0 0 9 0 0 7.8 0 0 18.6 0.2 0 0 0 0 0.2 0 32 10.6 0 29.6 0 0.2
0 0 0 5 0 0 0 0 26.8 0 0 0 0 0.2 0 0 0 0 0 0 0 0 0 0 11 0 0 0 0 0 0 0 0 0 0 0 0 0 0 0
0 0 0 0 0 0 0 0 0 10.4 0 0 0 0 0 0 7.8 0 0 11.6 0.4 20.6 0.2 0 0 0 0 0 0 0 0 0 0 0 0 0 0 0 0 0
1 0 8.8 0 0 0 22.2 4 0 0 0 8.8 14.6 6.2 7.6 13 10.8 0.2 0 1 0 2.2 3 0 0 0 0 0 0.2 0 0 0 8 10 13.4 2.4 0 0 0 25.6
17.4 0 34.2 0 0 0 0 0 0 0 0.4 0 0 0 0 0 0.2 0.6 0 11.8 0 7.6 0 52.6 0 3.2 50.4 0 1 0 19.4 8.2 0 4.8 29.8 5.4 36.6 59 0 0.4
0 0 0 32.8 0 0 0 2 15.4 5 0 7.8 0 0 0 0 0 0 0 15.8 0 40.4 0 0 5.4 0 0 0 0 0 0.2 0 0 0 0 0 0 0.2 0 0
0 0 0 0 0 0 0 0 7.8 0.2 0 0 0 0 0 0 0 0 0 7.8 0 34 3.4 0 0 0 0 0 0 0.4 0 0 0 0.4 0 0 0 0 0 0
2 0 0 0 0 0 0 0 0 0 0 1 0 6 0.4 1 0 0 0 0 0 9 0 0 0 0.4 16.2 0 0 4 0 0 0 14.2 1.8 0 0 13.2 0.8 0
0 0 0 0 0 0 0 0 35.8 0 0 0 0 0.2 0 0 0 0 0 0 0 0 0 0 0 0 0 0 0 0 0 0 0 0 0 0 0 0 0 0
14.6 0 8.6 36.8 0 0.2 7 0 10.2 3.4 0 7.8 0.4 0 0.2 3.6 0.2 11.2 2.8 0 0.4 0 0 0 15.6 0.2 42.6 0 1.2 0 0 0 0 30.4 0.4 9 0 0.8 0.2 0.2
0.2 0 0 7.2 0 0 0 0 0 0 0 0.2 0 0.6 0 0 13.8 0 0 0 0.2 11.6 0 0 0.2 0 0 0 0 0 0 0 0 0 0 0 0 0 0 0
11.6 0.2 0 0.6 0 0 0 0 0 0 0 0 0 0 0.2 0 2.8 0 0 0 0 0 0 0 0 0 0 9.6 0 0 0 0 0 0 0 0 0 0 0 0
0 4.2 0 40 0 0 0 0 23.2 0 0 0.2 0 0 0 0 0 0 0 0.2 0 0.2 0 0 5 0 0 0 0 0 0 0 0 0 0 0 0 0 0 0
0 0.2 0 13.8 0 0 0 0 0.2 0 0 0 0 0.2 0 0 0.6 0 0 5.4 0 0 0.2 0 0.4 0.4 0 0 0 12.4 0 0 0 3.2 0 0 0 0 0 0
0 0 0 0.2 0 0 0 0.2 5 0.4 0 9.2 0 0 0 0 9.4 0 0 0 0 3.4 0 0 0 0 0 0 0 0 0 0 0 0 0.2 0 0 0 0 0
29.2 0 0 0 0 7.4 27 0 0 4.8 14.6 21.6 29.2 8.8 54.2 8 24.8 0 22.2 10.8 6.8 6.2 0.6 15.8 0 42 0 0 0.2 0 0 1 0 0.2 17 22.6 0.2 0 11.2 1.6
0 1.4 0 0 0 0 0 0 0 0 0 0 0 0 0 0 16.2 0 0 0 0 0 0 0 6.6 0 0 0 0 15.6 0 0 0 5 0 0 0 0.2 0 0
0 0 0 22 0 0 0 0 8 0 0 0.6 0 0 0 0 0 0 0 0 0 0 0 0 0.4 0 0 0 0 0 0 0 0 0 0 0 0 0 0 0
0 0.2 0 9.6 0 0 0 0 0 0 0 0 0 13.6 0 0 8.2 0 0 0 0 0 25 0 0 0 0 0 0 0 0 0 0 0 0 0 0 0 1.4 0
0 0 0.8 0 2.4 0 0 0 0 0 0 0 0 0 0 0 0 0 0 0 0 0 12.6 0.2 0 0 0 0 0 0 0 5 0 0.6 18.2 7.2 15.6 9.4 45 0
0 0 0 19.4 0 0 0 0 2.4 0 0 0 0 0 0 0 0.2 0 0 0 0 0 0 0 0 0 0 0 0 0 0 0 0 0 0 0 0 0 0 0
0 4.6 0 0 0 0 0 2 0 0 0 9.6 0 11.6 0 0 1 9.6 0 0 0 11.4 33.4 0 0 0 0 0 0 35.8 0 0 4.8 0.2 0 0 0 0 0 0
0.4 0 0.2 0 3 0 0 0 1.2 0 0 0 0 0 0 0 0 0 0 0 0 8.6 0.2 8.4 0 0 11.6 15.6 0 0 0.2 0 0 11.4 0 0 0.2 7.4 7.6 0
0 3.2 0 0 0 0 0 0.2 0 0 0 0 0 11.6 0 0 8 0.6 0.2 10.2 0 0 0 0 10.2 0 0 0 0 20.8 0 0 0 0 0 0 0 0 4 0
0 0 0 0 0 0 0 0 6.8 0 0 0 0 1 0 0 17.2 0 0 2 0 1 1 0 0 0 0 0 0 4.8 0 0 0 0 0 0.2 0 0 0 0
4.4 0 0.2 0 0 0 0.2 0 0 0 0 0 0 0 0.2 0 0 0 0 0 0 0 0 0 0 0 0 0 11 0 0 0 2.2 1 1.4 0 0 0 0 31.4
31 0 0 0 3.4 0 33.2 0 0 5.6 0.4 5.2 0.4 0 52.8 5.8 0 0 0 3.6 0.2 0.4 0 8.6 0 0 0.2 0 0 0 0 0 0 0 12.4 0 0 0 3.8 32
0.2 0 2 1 0 0 0.6 0 20.6 0 0.4 0 0 0 0 0 0 0 0 0 0 0 0 0 0 2.2 0 0 7 0 0 0 0 0 0 0 0 1.6 22.2 0.2
0 0 0 21.4 0 0 0 0.2 5.6 0 0 0 0 0 0 0 0 0 0 0.2 0 0 0 0 0 0 0 0 0 0 0 0 0 0 0 0 0 0 0.6 0
0 0 0 0 0 2 0.8 0.2 0 7 0.4 0 13.8 0.6 0 0.2 1 4 0 0 0 7.2 0 0 0.6 24.4 14.2 2.4 16.2 0 0 0.2 0 15.4 20 0 2.6 15 9.4 2.4
0 0 0 0 0 0 0 0 0 0 0.2 0 0 9 0 0 0.2 0.2 0 0 0 0 22.4 0 0 1 0 0 0 0 0 0 0 0 0 0 0 0 0 0
0 0 0 6.8 0 0 0 0 12.6 0 0 0 0 0 0 0 2.6 0 0 0.6 0 0 1.4 0 0 0 0 0.2 0 15.2 0 0 2.6 0 0 0 0 0 0 0
0 0 0 2.2 0 0 0.2 0 12.2 0 0 0 0 0 0.2 0 1 0 2 0 0 0 2.8 0 0.2 0.2 0 0 1 0 0 0 0.2 7.2 0 0 15.2 0 0 2.4
0 0 0 0 0 0 0 0 0 0 0 0 0 0 0 0 0 0 0 0 0 0 2.6 0 0.4 0 0 0 0 5 0 4.6 1.6 19.2 0 0 0 18.8 8.8 0
4.6 0 0 0 0 0 19.4 0 0 0 0 0 0 0 11 0 0 0 0 0 0 0 0 0 0 21 0 0 0 0 0 0 0 7.2 12.6 0.4 0 0 0 1.8
30.8 5 31.8 0 19.6 2.2 0 10 30.2 0.8 7.4 4 20 8.8 2.2 0 0 0.2 10.2 0 5.4 0 11.8 12 0.2 18.4 0 8.6 39.6 15.4 29.6 17.8 11.6 3.2 3.4 0 30.2 50.2 35.6 11.8
14.6 0 0 10.4 3.2 0 0 0 0 0 0 0 0 0 16 0 0 0 0 1.8 0 0 0 0 0 0 0.2 7 27.8 0 11.8 10.4 0 12.8 0.2 0.2 0 3.6 11.4 12.6
9 4.4 24.2 0.6 0 12.2 21.6 0 0 0 6 10.8 41.6 0 36.2 5.2 29.8 0 0 1 7.4 28 0.2 26.4 5.6 3.6 2.4 0 0 0 0 0 8.4 16.8 11.8 8.2 15.6 38 11 0
0 7.2 0 28.2 0 0 0 0 5.6 0 0 0 0 0 0 0 0 0 0 0 0 0 0 0 0 0 0 0 0 0 0 0 0 0 0 0 0 0 0 0
26.4 0 12.4 0 0 12.8 0.2 0 18.2 0 2.6 0 0 0 11.2 0 0 0 8.6 4 6.2 7.6 0.2 1.6 5.8 24.8 0 15.4 0 0.2 22.6 0 3 0 19 18 0.2 16.4 0 21.6
0 17.6 0 4.4 0 0 0 0 36.4 0 0 0 0 0.2 0 0 0 0 0 0.2 0 0 0 0 22.2 0 0 0 0 0 0 1 0 0 0 0 0 0 0 0
0 0 0 0 0 0 0 0 3.2 0 0 0.2 0 0 0.2 0 4.6 0.2 0 0.6 0 0 0 0 4.4 0 0 8 30.2 0 0 6.6 0 17.6 3.2 0 1.4 10.8 0.8 0
0 0 0 9.6 0 0 0 0 0.2 12 0 0 0 0 0 0 0 0 0 1.2 0 11.8 15.8 0 0 0 0 0 0 0 0 0 0 0.4 0 0 0 0 0 0
0 0 0 20.8 0 0 0 0 16 0 0 0 0 0 0 0 0 0 0 0.4 0 0 0 0 3.4 0 0 1.4 0 0 0 0 0 0 0 0 0 0 0 0
0.4 0 2.8 0.2 0 0 12.2 0 0 16 0 0 10 0 25.8 0 23 0 6 0.2 0 4.6 0 0 0 0 0 0 0 0 0 0 0 0.6 15 0 0 0 0 9.2
13 0 0 0 0 0 37.2 0 5.6 0.8 1.8 0.2 2 0 39.6 7.2 25.8 0 0 17.6 0 0.2 0 0 8.2 31.4 0 0.2 0 0 0 0 1 0.4 0 4.8 0 2 3.2 23.8
28.2 7 0.8 7.6 24.6 19 21.4 14.8 28.2 15.2 35.2 29.4 5.4 18.6 0 12.2 22 0 10.6 0.2 0 0 0.4 13.6 10.4 31 1 16.2 0.2 14.6 2 22.8 6.4 0 0 22 73.2 0.8 15.6 13.4
0 0.2 0 8.2 0 0 0 0 0.2 0 0 0 0 0 0.4 0 21 0 0 0 0 19.8 10.2 0 0 0 0 0 0 0 0 0 0 0 0 0 0 0 0 0
0 0 0 8.6 0 0.4 0 0 0 5.6 0 0.8 10.4 0 0 0 4 0 0 0 0 0 0 0 0.2 0.2 1.8 0 0 0 0.8 0 0 0 13.6 0.2 0 0 0.4 0
0 0 3.8 4.6 0 0 0 0 0 7.6 0 5 0 0 0 1.4 19 2 0 0 0 0 26.2 0 0.4 0 0 0 0.2 0 0 0 0 0 1.8 0 0 0 0 0
0 0 0 0 0 0 0 0 0 0 0 0 0 1 0 0 0 0.6 0 0 0 4.4 0 0 4 0 0.2 5.8 0 0 0 0 10 0 0 0 0 0 5 0
12.2 0 0 0 20.2 0 0 15 0 0 0.2 0 14.4 0 11.2 2.8 0 0 10.6 0.8 0 0 0 7.6 0 0 0.2 0.6 7 0 19 0 3.8 0.6 0 0 5.2 0 1.4 49.2
37.4 0 0.2 0.2 0 0 0 0 0 0.4 0 0 9.6 0 11.6 0 16.8 0.2 7 0 0 44.8 24.6 0 0 0 11.6 0 0.2 0.6 0 0 0 18.2 0 0 0 0.4 0 0.2
0 0 0 0 0 0 0 0 0 0 0 0 0 0.6 0 4.2 0 0 0 0.8 0 0 6.2 0.2 0 0 0 0 0 11.4 0 0 0 0 0 0 0 0 4.8 5.8
10.8 0 11.8 0 0 3.2 0 0.2 0 0 7.8 0 0 0 11.8 0 0 0 0 0 0 0 0 27 0 0 6.6 0 11.8 0 0 30.6 0 1.4 13.8 10.6 20.6 37.4 0.6 9
0 0 15.4 0.2 14.6 0 0 0 0 0 0 0 0 0 0 0 0 4 0 7.4 0 0 0 0 0 0 0 10.4 0 0 0 0 0 0 0 0 0 0 0 0
0 4.6 0 1 0.4 0 0 0 13 0 0 0 0 0 0 0 20.4 0 0 0 0 17 5.8 0 0 0 0.2 0 0 5.4 0 0 0 0 4 0 0 0.2 0 0
0 0 0 0 0 0 0 0 0 7 0 3.6 0 2 0 0 0.4 0 0 1.2 0 16.2 0.6 0 0 0 0 0 0 0 0 0 0 0 0 0 0 0 0 0
0 0 0 24.2 0 0 0 0 0.6 0 0 0 0 15.8 0 0 21.2 0 0 0.4 0 0 25.8 0 0 0 0 0 0 3.8 0 0 0 0.2 0 0 0 0 0 0
18.8 11.4 0 6.8 0 4.8 0.2 3 0 0 0 0 0.4 0 0 0 0 0 0 8 0 6.8 1.8 0 0 0 6.6 3 0 5.6 8.2 0 0 0 6 0 0 0 0.6 0
0 0 0 19.4 0 0 0 0 9.4 0 0 0 0 0 0 0 0 0 0 0 0.2 0 0 0 0 0 0 0 0 0 0 0 0 0 0 0 0 0 0 0
12 0 0 0 3.4 0 0.2 25.6 2.8 0.2 7.6 0 1.8 5.4 14.6 21.8 2.2 0 0 0.4 0 0 0 0 0 14.8 0 1.8 8.8 12 27.6 0 0 3.8 0 15.8 0 3.4 0.2 30.8
0 0 12.4 0.4 0 0 25.8 0 0 0.2 19.6 6.6 9.2 0 42.8 0 0.6 0 0.2 4.8 0 0.4 0.4 3 0 8.8 6 0 13.8 0 1.8 0.8 7.4 0.2 0.4 18.4 0 6.6 0.2 7.2
0 0 0 0 0 0 0 0 26.4 0 0 0 0 0 0 0 0 0 0 0 0 0 0 0 8.6 0 0 0 0 0 0 0 0 0 0 0 0 0 0 0
0 0 31.4 0 2.4 0 0.4 0 0 0 25.4 0 0 0 0 5.2 0 0 8.4 3.6 0 4.6 0 0.2 3 0.8 8.8 0 11.2 0 0 4.6 0 0 0 0 7 0 0.2 7.8
0.6 0 0 0 0 2 0 0 0 0 0 0 0 5 0 0 0 0 0 0.6 0.2 0 3.4 0 0 0 4.2 0 3.4 0 0 2.2 5 0 0 0 0.2 0.8 12.2 0.2
0.8 0 0 0 0 4.6 19.2 0 0 0 0 0 0.4 3.2 0 0 0 1.4 0 0 0 0.6 0 0 0 0 0.6 0 14.2 0 0 0 6.2 0.4 0 0 0 0 0.2 33.2
10 0 0 7.2 0 0 0 0 0 0 0 10.8 0 0 0 0 0.8 0 0 20.2 0 0.6 0 0 0 2.4 2.2 0 0 0 0 0 0 0 0.2 0 0 0.6 0 0
0 0 9.6 8.2 0 0 6.6 0 0 0 0 0 0 0 7.8 0 0 0 0 0 0 0 0 11.2 0 0 12.8 1.8 9.8 0.2 0 0 0 1.8 0 0 8 0.2 0 0
0 0 15.2 11.2 0 0 6 0 1 0 0 0 0 0 0.8 0 0 0 0 0 0 0 1 0 0.2 1.4 0.4 0 12.2 0 0 0 0 11.2 0.8 0 0 4 2.6 0
0.2 14.6 0 46.4 6.2 0 0 2 21.2 8.2 0 3.8 0 11 0 0 2 8.2 0 0 3.2 10.6 21.6 0 34.4 0.2 0 14.6 3 12.4 0 0 3.2 0 0 0 0 0 0 0
0 0 0 22.2 0 0 0 0 15.2 0 0 0 0 0 0 0 0.4 0 0 0.2 0 0 0 0 15.4 0 0 4.6 0 0 0 0 0 0 0 0 0 0 0 0
0 0 0 20 0 0 0 0 29 0 0 0 0 0 0 0 0 0 0 0 0 0 0 0 6 0 0 0 0 0 0 0 0 0 0 0 0 0 0 0
0.2 0 0 0 0 0 0 0 0 1 0 0 0 0 0.2 0 0 0 0 0 0.4 0 0 0 0 0 0 0 0 0 0.2 0 3.4 0 0 0 3.8 0 0 17.8
49.6 0 0.2 0 0 5.4 0 0 0 0 0 0 0 0 9.8 0 28.4 5.4 0 0.2 0 9.4 0 0 0 0.4 25.2 0 0.2 4.4 0.2 0 0 0.8 8.6 0 0.2 26.6 0 1
0 3.4 0 20.6 0 0 0 0 35.8 0 0 0 0 0 0 0 0 0 0.2 0 0 0 0 0 22 0 0 0 0 0 0 0 0 0 0 0 0 0 0 0
0 0 16.8 0.2 0 0.4 49.4 0 0 0.2 6.2 0.4 4 0 25.8 0 10.4 7.2 0 1.4 12.2 28.8 0.2 19.6 16.4 25.6 12.2 0 0 0 0.2 22.2 0 32.2 0 23.4 16.6 0 3 0
1 0 0 0 0 0 0 0 0 0 0 0 0 6.2 0 4 12 0 0 13.6 0 6.4 0 0 0 0 0 0 0 4.6 0.2 0 4 0 0 0 0 0 0 0
0 0 0 0 0 14.8 6.6 0 0 2.8 8 9 37.8 14.8 32.4 8.6 28 6 0 24 0 22.2 0 0 0.2 18.2 21.4 3.6 0 0 8.6 0 0.2 0 2.4 29.6 0 16 0 0.8
0.2 0 0 26.6 0 0 0 0 0.6 0 0 0 0 0 0 0 0 0 0 5.2 0 0 0.2 0 0.2 0 0 0 0 8.8 0 0 0 0 0 0 0 0.2 0 0
0 0 0 0 0 0 0 0 0 12.2 0 0 0 14.6 0 0 20 0.8 0 0.2 0 16 0 0 0 0.2 0 0 0 0.2 0 0 0 8.6 0 0 0 0.2 0 0
0 0 0 0 2.4 0 0 0.2 0 0.2 0 5.4 0 18 0 0 35.8 0 0.2 0 0 4.4 0.2 0 0 0 0 0 0 0 0 0 0 0 0 0 0 0 0 0.2
0 0 0 0 0 0 0 0 3.2 0 0 0 0 4.6 0 0 0.2 0 0 1 0 0 26.2 0 0 0.2 0 0 0 0 0 0 0 0 0 0 0 4.4 0.2 0
24 0 0 0 0 6 11.2 0 0 2 0 3.2 6.2 11.4 32.8 4.8 0 0 12 0 0 4.6 0 0 0.6 5.4 0 0 0 0 9.4 0 6 0.4 13.2 0 0.4 26 3.2 17.2
0.2 9.4 0.4 6.2 3.2 42.2 38.8 0 22.8 0 14 1.6 39.2 0 36.8 0 19.2 0 4.4 34.4 1.8 24.6 13.2 15.4 0 0.4 34.2 16.8 0 0 0 9.2 0 18.4 53.8 23.6 55.8 0 0.2 0.8
0 0 0 4.6 0 0 0 0 0 0.2 0 0 0 0 0 0 0 0 0 6.6 0 0 0 0.2 6.2 0 0 2.6 4.2 0 0 0 0 0 0 0 0 0 2.4 0
0 12.6 7.6 0.6 0.2 55 2.6 0 0 17 4.2 8.6 29.4 0 11.8 0 0 0 0 0 17.4 16 7.6 10.8 0 2.8 2.6 29.8 0.2 0 4.4 0 0 0 28.2 13.4 0.2 30 0 0
0 0 0 14.4 0.4 0 0 0 0 0 0 0 0 0 0 0.2 0 0 0 0 0 0 0 4 9.2 0 0 5.6 8.6 0 0 0 0 0 0.4 0 1.6 0 3.6 0
0 6.6 0 0.6 0 0 0 0 11.2 0 0 7.4 0 0 0 0 20.4 0 0 0 0 0.4 0 0 0 0 0 0 0 0 0 0 0 6.4 0 0 0 0 0 0
0 0 0 32.2 0 0 0 0 5 0 0 0 0 0 0 0 0.4 0 0 0 0 0 0 0 0.2 0 0 0.2 0 0 0 0 0 0 0 0 0 0 0 0
0.2 2.8 0 18 0 0 0.2 0 6.4 0 49.8 0 0 0 0 0 0 0 0 0 0 0 0 0 12.6 0 3 6.4 0 0 0 0 0 0 0 10 4.6 0 0 0
0 0 0 16.6 0 0 0 0 16 0 0 0 0 0 0 0 0 0 0 0 0 0 0.2 0 8.2 0 0 0 0 0 0 0 0 0 0 0 0 0 0 0
8 0 12.8 11 0 24 34 0.4 0 26.6 15 29.8 23.2 0 48.4 15.8 0 0 8.6 9.4 11.2 26.2 0 32.8 0 0 16.8 0.2 5.2 0 5.2 0.2 11.2 0.2 0 20.6 36.6 41.8 2 11.8
48.8 0 22 15.6 0 13.4 0.4 0.2 7.4 16 13.2 9.2 11.8 0 9.4 3.8 3.4 11.6 17.2 0 12.2 24.8 0 0.2 0 0.4 0 0 0 0 32.4 7 12.4 0.2 0 27.8 0 0 0 29.2
1 0 0.6 0 9 1.8 6.2 0.2 0 0 0 0 9.6 6 24 7.4 0 5.4 0 3.2 0.2 0 12.4 0.6 0 5.4 0 0.2 9.4 0.2 0 0.2 0 0.2 6.4 0 0 26.8 0 48.6
15.2 0.2 0 0 2.2 24.4 24.2 0 0 3.6 0 5.8 15.2 0 31.6 0.2 14 0 0 19.4 0 0 0 17.6 1.2 1 0.6 6.6 0.2 0 2.4 18.2 0 0 23.6 20.6 0.2 61.8 0 0
0 0 0 10.2 0 0 0 0 25.8 0 0 0 0 0 0 0 0 0 0 0 0 0 0 0 10 0 0 0 0 0 0 0 0 0 0 0 0 0 0 0
0 0.6 0 8.6 0 0 0 0 12.6 0 0 0 0 0 0 0 0 0 0 2 0 0 0 0 0.2 0 0 0 0 0 0 0 0 0 0 0 0 0 0 0
0 14.4 0 30 0 0 0 0 11.8 0 0 0 0 0 0 0 0.2 0 0 0 0 0 0 0 1.4 0 0 0 0 0 0 0 0 0 0 0 0 0 0.2 0
0 0 0 27.6 0 0 0 0 15 0 0 0 0 0 0 0 0 0 0 0 0 0 0 0 0.4 0 0 0 0 0 0 0 0 0 0 0 0 0 0 0
0 0.6 0 28.8 0 0 0 0 0.4 0 0 0.8 0 0 0 0 0 0 0 0 0 0 0 0 3.2 0 0 4.2 0 0 0 0 0 0 0 0 0 0 0 0
0 0 0 15.8 0 0 0 0 1.4 0 0 0 0 0 0 3 0 0 0 0 0 0 0 0 2.8 0 0 0 0 0 0 0 0 0 0 0 0 0 0 0
0 0 0.2 0 0 0 0 0 0 0 25.8 0 0 0 0 3.6 0 0 8.4 0 0 0 0 0 0 0 0 0 0 0 0 0 0 0 0 0 0 0 0 0
46 0 21.8 0 0 0 0 0 0 0.2 0.2 0 9 0 28.8 0 7.6 0 1.8 1.2 0.2 0 8.8 0 0 0 36.8 0 0 0 0 11 0 0.2 0.4 0 19.4 62.6 13.6 14.4
0 0 0 22.4 0 0 0 0 0.6 0 0 0 0 0 0 0 0 0 0 0.2 0 0 0 0 11.6 0 0 2 0 0 0 0 0 0.2 0 0 0 0 0 0
0 0.2 0 9 0 0 0 0 0 7.6 0 6.6 0 9 0 0 6.6 1.4 0.2 5.8 0 0 0 0 0.2 0.2 0 0 0 0 0 0 0 0.2 0 0 0 0 0 0
0 0 0 4 0 0 0 0 13.8 0 0 0 0 0 0 0.2 0 0 0 6.6 0 0 0 0 0.2 0 0 0 0 0 0 0 0.2 0 0 0 0 0 0 0
0 0 0 0.6 8.4 0 2 0 33.2 0 0 0 0 7.2 0 0 0 6.2 0 0 0 0 0 0 2.2 0 0.2 0 1.8 4 0 0 0 0 0 0 0 0 0 0.2
0 0.2 0 10.8 0 0 0 0 11.6 0.8 0 0 0 0 0 0 0 0 0 0 0 0 0 0 4.6 0 0 0 0 0 0 0 0 0 0 0 0 0 0 0
9.4 0 0.4 0 0 2.8 0 0 0 4 1.4 0 0 0 0 0 0 0 0 0 0 34.2 0 0 0 0 12.6 0 1.6 0.2 0 0.8 0 26 5.4 0 0 25 7 0.2
14.2 0 0 0 0 0 0 0.2 6.2 5.6 0 0 0 0 0 8.4 0 0 0.2 0 0 7 0 0 4 0 0.2 0 0 0 0 0 0 0 0 0 0 0 0 0
44.6 0 0 0 0 0 13.6 0 0 0 2.6 0 48.4 11.2 4.2 0 0 11.6 13 0 0 7.6 20.6 7.8 0.2 0 16.6 0 0 0 0.4 0.6 0 22.4 1 8.8 14.4 0.2 0 79.2
0 1.6 0 27.2 0 0 0 0 0 0 0 0 0 0.2 0 0.2 0 0 0 0 0 0 0 0 5.6 0 0 2.2 0 0 0 0 0 0 0 0 0 0 0 0
0 3.4 0 7 0 0 3.2 5 0.4 24.4 0 39 0 0 0 0 34.8 3.6 0 0.4 0 7.8 29.4 0 0 13.8 0 6.2 3.2 0 0 0 0 0 0.2 4.6 0 0 10.4 1.2
26 0 0 16.8 0 9.2 45 0 0 0 0 0 8.4 0 26.4 3.2 0.2 0 0.2 9.2 0 0 0 0 0.2 50.4 0 0 0 0 0 0 0 0.2 0 9.8 0 0.6 0 0.2
0 0 0 11 0 0 0 0 12.8 0 0 0 0 0 0 0 0 0 0 0 0 0 0 0 0.2 0 0 0 0 0 0 0 0 0 0 0 0 0 0 0
0 6.8 0 5.4 23.6 0 0 21 7.4 0 0 0 0.2 2 0 2.6 0.2 3.2 0 0 0 0 0 5.8 13.6 0 0 0 0.2 21.8 20.6 0 9.6 0 0 0 0 0 0 0
0 4 0 0 13 0 0 0.6 0 0 0 0 0 0 0 0 0 0 0 3.8 0 0.2 10.6 0 0 0.4 0.6 0 0 27.4 14.4 0 2 0 0 0 0.2 0 0.8 0
22.2 0 19.6 0 0 5.2 23.6 0 8.4 0 0.4 0.2 1.2 0 5.4 0 0.2 0 0 0.4 0 11.6 1.8 0 0 17 0 0.2 0 0 0 9 0 0 0 0 14.2 30.6 19.8 0
0 1.8 0 13.2 0 0.2 0 0 14.2 1.4 0 0 0 5.6 0 0 3.6 0 0 27.4 0 0 9.2 0 6.4 0 0.2 7.2 20.2 0 0 0 0 14.4 0 0 0 0 0 0
0 0 0 24.4 0 0 0 0 0 0.2 0 0 0 0 0 0 0 0 0 0 0 0 1.4 0 4.4 0 0.6 0 0 0 0 0 0 0 0 0 0 0 0 0
1.2 0 2.4 1.4 22 7 46.8 0 0 0.6 25 5.8 1.4 31.2 7.2 22.8 0.6 0 14.8 1.6 0 6 0 0 0 17.6 0.2 0.2 17.2 0 13.2 7.2 1.2 0 0 13.4 53.2 0 4.2 40.6
0 0 0 0.2 0 0 0 0 17.8 0.4 0 0 0 20.2 0.2 0 35.8 0 0 1.6 0 0 0 0 0.2 0 0 0 0.6 0 0 0 0 0 0 0 0 0 0 0
0.2 0 0.6 0 0 0 0.2 0 9.8 0 0 0 0.4 0 0 1.4 0 0 0 8.6 0 0.4 0.6 10.6 1 0 53 0.2 19.8 0 5.2 0.2 6.4 2.4 0 0.2 0 22.6 15.4 5.8
0 0 22 4.6 1.4 0 0 0 4.2 0 0 0 0 0 0.2 0 0 0 2 0 0 0 0 0 0.4 0 0 0 0 0 0 0 0 8.6 0 0 35.4 0.6 0 6.6
0 0 0 0 0 0 0 0.4 0.2 3.8 0 0 0 0 0 0 18.8 0 0 2.2 0 2 3 0 0.2 0 0.2 0 0 23 0 0 0.2 0 0 0 0 0 0 0
40 0 0 0 0 0 0 5 0.6 0 0 0 0.2 0.2 0.2 0.6 0 0 0.4 11.2 0 4.6 20.2 0 3.6 20.8 0 3 13 0.2 0 0 0 11.6 0 0 0 0 0 8.6
0 0 0 6.6 0 0 0 0 0 0 0 0 0 16.6 0.2 0 0 6.6 0 0 0 13.2 10.8 0 0 1.4 0 0 0 13.8 0 0 5.8 0 0 0 0 0 0 0
11.2 0 35.8 0 15.6 0.2 11.4 8.6 16 0 0 0 2.8 0.2 0 0 14.6 0 0 1.4 0 0.4 0 37.8 0 0 33.2 15 1.2 6.6 25.8 8.4 0 1 9.6 0 62.4 0.2 9 11.6
0 0 0 28.6 0 0 0 0 6.2 0 0 0 0 0 0 0 0.2 0 0 0 0 0 0 0 11 0 0 0 0 0 0 0 0 0 0 0 0 0 0 0
0 2.2 0 1.2 0 0 0 0 21.6 0 0 0 0 0 0 0 0 0 0 0 0 0 0 0 6 0 0 0 0 0 0 0 0 0 0 0 0 0 0 0
16 0 25 0 0 7 16.2 0 0 0 25.2 0 6.4 0 25.4 0.2 10 0 16.2 11.2 0 0 0 0.2 5.8 1.2 8.2 0.4 0 0.6 3.4 0 0 0 0 19 15.6 26.4 5.4 0
0.4 0 0 5 2.6 0 0 0 0 0.4 0.2 0.6 0.4 0 27.2 1.6 0.2 0 0 23 0 0 10.4 0 0 7.4 21.8 0 0 0 0 0.4 7.6 1 0 0 0 0 0 17.8
0 2 0 0 0 0 0 0 45.6 0 0 0 0 0 0 0 0 0 0 0 0 0 0 0 4.8 0 0 2.6 0 0 0 0 0 0 0 0 0 0 0 0
0 0 38.2 0 16.6 23.6 43.2 3.2 6.2 2.6 10 0 46.6 0 34.8 31.8 0 16 23.4 4.6 24.6 0 0 52.8 0 0 33 17.2 0 0 20 10.4 10 1.4 14.8 66.8 75 59 22.8 0.4
0 0 0 0 0 0 9.8 0 0 0.4 12.2 11.2 0 10.4 15.6 0.2 1.2 4 0 0.4 0 7 3.2 4.2 0.2 0 0 12.2 0.2 7.4 18.2 5.6 5.8 0 13.6 0 0 33.2 0 36.8
0 0 20.6 0 9.2 6.6 0 0 3 0 0 0 0.4 0 20 0 0 7.2 0 0 0 1.2 0 23.2 0 0.2 22 0 0 0 26 6.6 5.8 0 16.6 0.4 0 57 25.8 0.2
0 0 0 0 0 0 0 0 0 0 0 0 0 0.2 0 0 0.2 0 0 12.6 0 0.4 0 0 4.8 0 0 0 0 0 0 1.2 0 5.6 10.8 6 0 6.2 0 0
37.8 0 22 0.4 0 0.2 0 0 0 0 0 0 0 0 0.8 0 4 0 0 18.2 0.2 1 0 0 0 0 0.4 0.8 0.2 0 0 0 0 0 13 0 0 22.2 1.8 0
9.4 1.6 0 21.8 0 5.4 16.8 1.2 22 39.8 0 19.8 0 7.4 0.6 0 21.2 0 7 38 5.2 23.8 0 0 12.8 0 0 0 14.8 0 0 0 0 0 5.4 0 0.2 3 0 1.8
0 0.2 0 0.2 0 0 0.2 0 0.6 8 0 12.4 0 0 0.8 0 20.4 0 0 0 0 1.6 14.6 0 3.8 7 0 0 0 0.4 0 0 0 0 0 0.2 0 5.4 0 0.2
0 0 0 55 0 0 0 0 8.2 0 0 0 0 0.4 0 0 0 0 0 0 0 0 0 0 7.4 0 0 0 0 0 0 0 0 0 0 0 0 0 0 0
0.6 0 1.8 0.6 8.4 0 0.4 0 0 23.4 0 0 0 30.4 0 0 22.8 0 0 0 0 28.8 13.4 0 9.6 0 0.2 15.4 0 17.6 18.2 4.2 0.2 29.8 2.6 0 16.6 0 24.8 56.2
0 0 0 0 11.2 0 0 5.8 0 0 0 0 0 0 0 0 0 0 0 0 0 0 0 5.8 0 0 0 0 0 0 6 0 0 0 0 0 0 0 0 0.2
0 4 0 12.6 0 0 0 0 18.4 0 0 0 0 0 0 0 0 0 0 0 0 0 0 0 0 0 0 0 0 0 0 0 0 0 0 0 0 0 0 0
0 0 0 13 0 0 0 3.4 4.4 2.2 0 0 0 0 0 0 0 0 0 0 0 0 1.6 0 1.2 0 0 1.4 0 26.8 0 0 0 0 0 0 0 0 0 0
0 0 0 17.6 0 0 0 0 0 0 0 0 0 0.4 0 0 0 0 0 1.8 0 0 0 0 0 0 0 0 0 4.2 0 0 0 0.2 0 0 0 0 0 0.8
0 0.6 0 0 2.4 0 0 0 0 21.6 0 0 0 0 0 0 0 0.2 0 8.4 0 18.2 12.2 0 0 0 0 0.2 0 0 0 0 12.2 0 0 0 0 0 0 0
0.2 0 0 8.4 8.8 0 0 0.2 33.6 3 0 0.2 7.6 0 0 1.2 0 0.8 4.8 0 0 4 0 0 10.4 0 0.2 0 0.2 6.6 0 0.2 0 0 10 0 0 0 0 6.6
0.2 0 0 4.4 0.6 0 0 11.8 0 0 0 0 0 0 0 0 0 4 3 0 0 0 0.8 0.4 0 0 18.2 0 0 9.8 17.8 0 0 0 0 0 0 0 0 0
1.6 0 0.4 0 0 0 0 16.2 0 33.6 10 8.8 0 0.2 49.8 3 0 0 0 19 0 14.8 1.2 10.2 0 0 1 21 15.2 0 5.6 0.6 0 9.4 0 0 0.4 19.2 16 51.8
0 18.2 0 55 0 0 0 2 53.2 0 0 0 0 0 0 0 0 0.2 0 0 0 0 0 0 49.2 0 0 0 0 0 0 0 0 0 0 0 0 0 0 0.2
37.2 1.2 0.4 3 4.4 24.8 49.4 0 0 6.8 6.2 0 28 13.2 12.4 0 1.2 12 14.8 17.4 1.4 7 0 0.2 6.2 0 0 0.2 25.4 2.4 5 0.2 0 45.8 25.2 43.2 0 38.2 0 45.2
13.8 0 0 0 0 0.2 0 0 0.4 6.2 0 1.6 0 5.8 0.8 7.6 23.6 0 0 0 0 0 0 0 6.4 0 0 0 0 0.2 0.2 0 0 0 0 0.2 0 0 0 0
0 0.4 0 2 0 0 0 0.6 6.8 0 0 0 0 0 0 0 0 0 0 0 0 0 2 0 6.2 0 0 0 0 0 0 0 0 0 0 0 0 0 0 0
0 0 9 0 0 0 8.8 0 0 0 0 0 0 13.2 33.4 0 12.8 0 0 5.6 7.4 0 0 0 3.4 7.8 0 16.6 0 0 0 0 0.2 32.6 4.8 0 0 0 33 1.4
24.2 0 1.6 0 0 0.2 0.8 1.6 0 17 11.8 8.6 8.6 9 44.4 13.2 1.4 0 10.6 0 0 0 0 0 0.2 34.2 0 0 7.8 0 0 4.4 9.4 2.2 0 0 12 22.6 9.2 51
0.2 0 0 0 0 0.2 0 0 9.2 2.4 0 12.8 0 0.2 0 0 0 0 0 6.4 0 10.4 10.8 0 0 0 0 0 0 0 0 0 0.2 0 0 0.2 0 0 0 0
0 0 27.4 11.8 10.6 2.2 46 12 7.4 0 11 0 34.6 0.2 6.4 0.2 0 8.4 17.4 0.2 0.6 0 7.2 20.8 0 9 0 6.6 59 0 15.4 0 5.4 21.6 14.6 17.8 0 0 0 13.2
0 9.4 0 8.4 0 4.8 0 0 43.4 0.2 0 0 6.8 0 0 0 0 3.4 0 1.2 0 0.2 15.4 0 17.4 45.4 15.2 7.2 0.4 0 0 0 0 7.2 0 8 0 0 0 4
0 0 0 15.6 0 0 0 0 0.2 8.8 0 15 0 0 0 0.2 0 0 0 0 0 49.2 0 0 9 0 0 0 0 0 0 0 0 0 0 0 0 0 0 0
0 0.4 0 12.6 0 0 0 0 6 0 0 0 0 0 0 0 0 0 0 0 0 0 0 0 0 0 0 0 0 0 0 0 0 0 0 0 0 0 0 0
0.2 0 6.8 4.4 0 0 0 0 0.2 0 0 0 0 3.4 0 0 0 0 0 0 0 0 0 0 8.8 0 0 0.8 0.4 16.6 0 0 5.2 0.2 0 0 0 0 0 0
2 0 0 23.6 10.6 0 0 12.6 0 0 0 0 0 0.2 0 0 0 4.4 0 2 0 0 0 0 0.2 17 0 0 19.4 0 0.4 0 2.6 0 0 0 2 7 41.4 32.4
0 0 0 0 0 0 0 0 0 0 0 0 0 0.2 0 0 0 0 0 0 0 0 0 0 0 0 0.2 0 6.8 5 4 0 0 12.8 0 0 0 0 0 1
0 0 0 3.8 11.8 0 8.8 11.2 0 0 0 0 0 0 0 0 0 0 0 12.6 0 3.4 16.6 0.2 12.4 12.8 20.6 1 0.4 0.4 4.4 0 9.4 0.2 17.2 0 0 0 0.8 0
3.2 0 19.6 0 4.8 0 0 13.8 0 0 0 0 0 0 0 0 0 0.6 0 0 0 8.6 0 0 0 0 32 0 0 14.8 11.8 13.4 0 0 20.4 0 0.8 22.2 19 0
0 0 0 1.2 0 0 0 0 0 6.2 0 0 0 0 0 0 6.2 0 3.2 4.8 0 20.4 0 0 0 0 0 0 4 0 0 0 0 0 0 0 0 0 0 0
9.2 0 0 16.4 0 36.6 28.2 3.6 33.2 33.6 9.8 36.6 55.2 9.6 0 15 56.6 0 30.6 6.4 10.2 19.4 0 0 4 43.2 0 0.8 0 0 0 0 0 0.6 7.8 41 0 0 0 44.4
0 6 12.8 0 0 12.2 29.6 0.8 0 0.2 1 0 29.6 0 48.8 0 34.8 15.6 16 0.2 0 24.6 0 0.2 0.6 23.2 0 0 29.6 0 7.6 25.4 0 0.4 4.6 16.4 21.8 54 0 0
0.8 0 0.4 0 0 2.6 12.4 0 0 0 0 15.4 4.4 1 32 0 0 0 0 0 0 34.6 2.8 9 0 5.2 18.4 12 0 0 0 0 0 8.4 1.8 0 0 59 11.8 0
0 9 0 23.8 9.8 11.8 37.8 7.4 17.6 0 2.2 0 15 0 17.6 11 0 26.8 22.8 0.4 9 0.2 5 0 15.2 22.2 0 17.2 6.4 21 66.6 16 0 0.4 0 6.2 7.6 0 0 35
0 0 0 7.2 21.2 0 0 1.6 0.2 0 0 0 0 0.4 0.4 0 0 0 0.4 0 0 0 1.2 0 0 0 1 1.2 0 29.4 12.6 0 0 0 0 0 0 0 0.2 0
74.4 0 0.4 0 0 4.6 6.6 0 0 0 0 0 17.2 0 0.2 0.8 0 0 0 0 0 13.4 0.4 0 0 0 20.6 0 0 0 0 0 0 2.6 14.4 4 0 0 0.4 0
0 5 0 0 9.2 3 39.6 0 0 13.6 1 0 46.4 27.2 17.4 14 3.2 3 18.2 0.2 1.2 0 0 0 0 33.8 3.2 0 6.4 2.4 0.2 0 4.4 0.2 5.6 4.8 13.6 15.8 0 46.4
44.4 0 0.2 0 0 12.8 15.8 0.8 0 20.6 0 29 5.6 0 0.2 15.2 0 5.2 0 9.6 0.4 32.2 0 0 0 0.2 19.6 0 0 5 0 0 0.6 19.2 0.4 0 0 46.6 0 1.4
0.4 0 4.2 0 0 0 0 0 0 3.8 0 0 4.8 0 0 0 0 0.2 0 0 0 4.2 0 4 0 0 0.8 0 0.4 13.8 2.4 2.8 0 0 2 0 0.2 1 0 0
0 10.6 12.2 0.2 11.8 20.2 14 13.6 0.2 18.6 6.8 1.8 25.8 39.6 0 2.2 0 14.8 0.4 12 0.6 12 0.4 0 0 34.6 0 1.4 32 2 30.6 11 6.6 10.2 20.8 38.6 22.6 0.8 16 100.8
0.8 0 40 0 0 4.4 0.4 0 0 0 6.6 0 7.6 0 40.8 0 0.6 0 1 0.4 0 0.8 0 0 12.6 0.4 0.6 0 0.2 0 4 0.8 0.6 5.6 0.4 6 28.6 10.8 14 0
0 0.6 0 0 0 0 0 5 0 0 0 0 0 0 0 0 0 0 0 9.6 0 58.8 7.4 0 0.2 0 0 0 0 10.4 0 0 0 0 0 0 0 0 0 0
32.4 1.8 30.4 0.6 0 14 46.4 0 0 0 3.4 1.4 0.4 0 4.8 5 0 0 3.8 0.4 20.8 0 17.2 0 0 32.6 13.4 1 0.6 0 0.2 9 0.2 11 20.4 0 29.8 20.8 0.2 0
0 0 0 6 0 0.2 20.2 0 0 0.6 0 12.2 0 6.2 0.2 4 8.4 3 0 0 0 17.8 0.4 0 0 0.2 0.4 0 0 0 0 0 0 3.4 0.2 8.6 0 0 0 0
0 9 0 41.6 25.6 0 0 31.8 40.6 0 3.6 0 0 30.4 0 4.8 0.4 16.2 0 13.6 0.4 15.8 44 0.2 30 0 0 11.6 0 13 6.4 0 10 0 0 0 0.2 0 19.6 16.2
0 0 0 0.4 0 0 0 0 0 0 0 1.6 0 0 0 0 0 0.2 0 0.4 0 0.6 19.8 0 0 1 0 0 0 0 0 0 0 0 0 0 0 0 0 0
0.4 0.4 1 0 5.8 16.8 48.4 0 13 4 10.6 1.4 24 1.2 38.4 5 25.6 0.2 18 1.6 5.2 10.8 0.2 14 5.4 26.6 2 0 17.2 1.4 12.4 14.2 0 41.2 2.4 23.6 21.6 3.4 4.6 51
0 0 26.4 0 0 0 34.8 0 0 21 0.2 13 0 0.2 38.6 0.2 0 0 0 0 0 8.8 0 0 0 25.8 11.8 0 8 0 0.6 0 0 0 22.8 0 0 83.8 15.6 0.4
0 0 0 12.4 0 0 0 0 0 0 0 0 0 0 0 0.4 0 0 0 0.2 0 0 0 0 22 0 0 0 0 0 0 0 0 0 0 0 0 0 0 0
9.4 0 0.6 0 3.2 0 14.2 0 0 0 0 0 19.8 0 8.8 2.8 0.4 0 4.2 10.4 0 14 8.8 0.4 0 19 0 30.6 0 0 12.6 0 0.4 13.4 5.6 3.4 0 10.4 0 23.6
0 0 0 0 0 0 0 1 0 0 3.6 2 0 2.8 4.4 0 10.8 0 0 0 0 4.6 0 6 0 0 0 1.6 1 6 0 0 0 5.8 0 0 13 0 0.2 0.2
0 0.8 0 0.2 0 11 34.4 0 0 4.4 0 17 4.8 0 21 0 0 0.4 0 3.4 0 12.4 0 0 0 0 12.4 0 7.8 5.2 0 0 0 0 0 0.2 0 53.6 0 1
0 4 0 3.2 0 0 0 0 1.2 0 0.8 0 0 0 0 0 4 0 0 16.6 0 0 0 0 9.2 1.8 0 3.8 0 0 0 0 0 0 0 0 4.6 0 18.8 0
0.4 0 0 0.4 3.8 0 17.2 0 0 0 1.8 8.6 0 0.8 8.4 6 19 0 0.4 4.2 0.8 14.2 0 0 0.4 14.6 0 0.2 38.8 0 7.6 2.4 0.2 27 0.2 0.2 0 0 5 0.4
0 0 0 8.6 0 0 0 0 0.4 2.8 0 0 6 0 0 0 0 0 0 0 0 5 0 0 0 0 12.4 0 0.2 8.4 0 0 5 0.6 8.4 0 0 0 0.2 0
0 0.6 0 23.6 0 0 0 0 1.8 7 0 0 0 12.8 0 0 9 0.2 0 0 0 1 0 0 0 0 0 0 0 0 0 0 0 0 0 0 0 0 0 0
0 7.4 0 0.2 0 0 0 0 0.2 14.2 0 0 0 1.4 0 0 33.2 0 0 0 0 4.6 0.8 0 0 0 0 0 0 5 0 0 0 0 0 0 0 0 0 0
0 6.2 7.2 0.8 0 11.8 0 0 0.2 15 0 0.2 0.2 0 0 0 28.6 0 0 0 0 51.8 18.8 0 6.6 0.2 19.4 0 8 0.8 0 0 4.2 12.4 5.4 0 0 0 0 6
0 0 11.6 0 4 0.2 0 0 0 0.2 0 0 0 0 7.8 0 10.2 0 1 0.2 0 2 0 0.8 0.2 0.2 0.4 0 0 0 0 0 0 0 0 0.4 29.8 0 12.6 27.4
0 0 0 11.8 12.8 0 0 11.2 0 0 0 0 0 0 0 0 0 0 0 0 6 0 0 0 0 0 0 0 0 22.6 3.6 0 0 0 0 0 0 0 0 0
0 0 0.2 4 0 0 0 0 0.2 0 0 0 0 0 0 4 28 0 0 0.2 0 0 22.4 0 0 0.2 0 0 1.6 0 0 0 0 0 0 0 10.2 0 0 0
33.8 0 18.6 0 7.8 0 0 3.8 5.6 0 0 0 0 0 0.8 0 0 0 0 0 0 0 0 5.2 0 0 0 0 0 0 0 0 0 0.2 0 11.4 22.8 30 0 0
0 0 0 0 0 6.6 0 0 0 0 0 0 0 0 0 0 0 0 0 0 0 0 0 7.2 0 0 0.2 16.4 0 5 0 0 0 0.2 0 0 25.6 20.2 0 15.6
14.6 0 0 0 0 0 0 0.2 12.4 4.4 0 0 0 0 0 4.8 0 0 0 0.4 0 0 8 0 0 13.8 0 0.2 24.4 0 0 10 0 13.4 9.8 0 0 3.8 6 59.8
0 0 0 0 0 0.6 0 0 0 0.2 1 0 4.2 0 0 0 0 0.2 0 0 0 0 0 4 0 0 18.4 0 2.4 0 3.2 0 0 0.4 0.4 0 0 0 0 0
0 4.2 0 21.6 0 0 0 2.4 3.8 0 0 0 0 0 0 0 0 0 0 0.2 0 0 0 0 3.8 0 0 0 0 0 0 0 0 0 0 0 0 0 0 0
0 3.8 0.6 0 18.2 0 23 4.8 0 4.6 0 3.6 26.8 8.2 12.2 7 0 9.2 36.8 14.6 19.6 6 0.2 0 0.4 7.2 3.2 0.4 2.4 14 31.4 7.4 0 25.4 0 12.6 1.4 0.4 0.4 30.2
0 5 0 0 0 0 0 0 0 0 0 0 0 8.2 0.2 0 7.8 0 0 0.4 0 5.6 0.2 0 0 0 0 0 0 0 0 0 0 0 0 0 0 0.2 0 0.2
0 5.8 0 0 25 1 0 0 0.2 0 0 0 0 0 0.4 0 0 0 0 0 0 0 0 13.2 0 0 12 5 0 0.8 51.2 2.2 7.4 6.6 0.6 0 5.2 9.4 0 0
4.8 12.6 0 25 0 0.8 2.8 5.2 10.2 10.2 1.2 12 0 28.4 0 12.4 1.8 7 15.2 0.4 3.2 24.2 11.6 0.4 13.6 0 0 2.4 0 24.8 10.6 0 8.6 12.6 11 8.8 0 0.4 0 5.8
0 0 0 11.2 0 0 0 0 17.8 0 0 0 0 0 0 0 0 0 0 0.2 0 0 0 0 7.8 0 0 0 0 0 0 0 0 0 0 0 0 0 0 0
0 4.8 0 0 0.4 13.2 11.2 0 0 0 0 3 9.6 0 0 6.2 6.4 0 0 13 0 32.8 0.6 2.6 0 9.4 6.4 0 0 0 0 0 0 6.4 0.2 4.8 0 8.4 0 0.6
15 0 0 0 0 0.2 0 0 0 5.4 0 9.2 25.2 0 30.8 0.4 3.2 0 0 0 0.4 1.2 0.2 0 0 15 19.6 0 0.2 0 5.6 0 0.6 0.4 42.6 0 0 0 0 1.8
0 0 0 14.4 0 0 0 0 5.4 27.4 0 11.2 0 0 0 0 30 0 0 0 0 9.2 0 0 1 12 0 0 0 0 0 0 0 0 0 0 0 0 0.4 0
18.6 0 0 0 5.2 0 0.2 4.6 0 4.4 0 0 0 0 12 0 12 4.6 0 1.6 0 0.4 0 7.2 0 1.6 0.2 13.6 0 10.2 0 0 0 0 0.2 3.8 16.2 0.2 10.2 3
0 0 0 15.6 0 0 0 0 0 0 13 0 0 0 0 0 0 0 4.2 0 0 0 0 0 4.4 0.2 0 0 0.4 0 0 0 0 0 0 0 0 0 0 0.2
0 0 0 4.8 0 0 0 0 13 0 0 0 0 0 0 0 0.2 0 0 0 0 0 0 0 4.8 0 0 0 0 0.2 0 0 0 0 0 0 0 0 0 0
0 0 0 2.2 0 4 0 0 0 18.8 0 3.2 17.8 0 20.6 0 2.2 0 10.4 24.4 0 3 0 0 0 0 0 0 0 0 0 0 0 0 0 11 0 9.4 0 0
0 0 0 11.2 0 0.4 0 0 0 0 0 0 0 5 0 0 0 0 0 0 0 0 0 0 6 0 0 0 6.2 0 0.6 0 0 0 0 0 0 6.6 7 0
0 0.2 0.6 0 0 0 0 0 0 0 0 0 0 0 2.6 0 0 0 0 0 0 0 0 0 1.8 0 0 0 23.8 0 0 5 0 0.2 0 0 16.6 6.4 0 9.8
0 0 0 0 0 0.4 0 0 0 7 0 0 0 0 0 0 13 0.4 0 0 0.4 0.2 1 0 0 0 0 0.4 0 5.6 0 0 0 3 0 0 0 0 3.6 0
0 1.2 0 13.8 0 0 0 0 16 0 0 0 0 0 0.4 0 0 4 0 5 0 5.8 27 0 0 0 0 0 0 3.8 0 0 0 0 0 0 0 0 1 0
9.8 0.2 28.4 0 0.2 0 37.8 0 0 0 0 2.2 0 0 28.6 0.4 0 0 0.2 0 7 3 0 20.6 0 8.2 0 0.2 0 8.6 30.2 19.8 0 0 0 3.6 51.2 0 21.4 13.4
1 0 0 0 2 3.4 13.8 0.6 0 0 3 0 15 0 0.6 0 0 0 0 0 1.4 5.6 0 0 0 15.2 0.2 0 17.6 0 5.4 0 9.6 3.6 0 5.4 0 0 0 38.6
0 0 23.8 0 0 0.2 0 0 5.2 0 2.8 0 20 0 33 0 0 19.6 0 0 0 0 10.4 8 0 0 0 0 0 0 15.6 10 0 0 13.8 19.6 19 2.2 0 19.8
0 0 0 0 0 0 0 0 0 2 0 6.2 0 0 0 0 29.4 0 0 3 0 19.4 0 0 0 0 0 0 0 0 0 0 0 0 0 0 0 0 0 0
0 5.4 0 3.6 0 0 0.2 0 5 5.8 0 0.8 0 42.2 0 0 11 0.2 0.4 21.4 0 0 26.6 0 9 0 0 0 0 22.4 0 0 0 0 0 0 0 0 0 0
0 0 0 3.2 0 0 0 0 0 0 0 0 0 0 0 0 0 4.2 0 1.6 0 0 23 0 0.2 0 0 0.2 0 10.6 0 0 0 0 0 0 0 0 0 0
0 0.2 0 9 0 0 0 0 0.4 10.2 0 23.8 0 0.2 0 0 0 0 0 15.2 0.4 21.6 7.4 0 0 0 0 0 0 0 0 0 0 0 0 1.4 0 0 0 0.2
0 0.8 0 13.8 0 0.2 0 0 0 0 0 9 0 3 0.6 0 12.6 0 0 0 0 22.8 0 0 0 0 0 0 0 0 0 0 0 0 0 0.2 0 0 0 0
5.8 0 20.6 14.2 6 1.8 0 0.2 13 0.8 0 0 0.4 0 0.6 0 10.8 0 0 0 0.4 0.2 0 0 1.4 15 4.2 0 0 0.6 0 0 0 14.8 15.8 0 12.6 0 0 0.8
0 0 0 0 0 0 0 0 0 0 0 0 0 0.2 0 0 25.8 0 0 0 0 0 0.2 0 0 0 0 0 0 4.8 0 0 0 0 0 0 0 0 0 0
0 4.8 0 12.4 0 0 0.2 0 16.2 0 0 0 0 0 0 0 0 0 0 3.8 0 1 0 25.2 0 0 0 14.2 0 0 0 0 0 9.2 0 0 16.6 29.8 0.6 0
0 0 0 0 0 8.2 30.8 0 0 6.6 3 0 7.4 0 0 6.8 0 0 7.2 0 0 13.4 1.2 0 0 39.8 0 0 0.4 3 0 0.2 0 21.2 0 20.4 0.2 0.2 0 0
