0.8 0 0 0.2 0 0 0 0.4 0 6.4 19.4 11.8 0.2 0 0 3 0 21.4 15.8 0 5.2 13 0 0.2 18 0 0 16.2 0 0 10.6 0 0 0 0 0 2 1 3.4 0
0 0 0 0 18.8 0 0 0 6.2 0 0 0 0 0 0 0 0 0 0 0 0 0 0 0 0 0 0 0 0 0 0 0 0 0 0 0 0 0 18 0
0 0 0 0 0 0 0 0 6.4 0 0 0 0 0 0 0 0 0 0 0 0 0 0 0 0 0 9.6 0 0 0 0 0 0 0 0 0 0 0 0 0
0 0 0 0 0 0 0 0 5 0 0 0 3.4 0 0 0 0 0 0 0 0 0.6 0 0 0 0 0 0 0 0 0 0 0 0 0 0 0 0 0 0
8 14.2 0 0 0 0 0 0 0 6.2 14.6 0 5.4 0 0 0.2 0 0 0 0 0.6 0 0 0 0 0 0 0 0 0 2.8 0 0.6 9 3.4 0 0 0 0 0
0 0 0 0 0 0 1.6 0 12.6 0 3.4 0 0 15.8 1.6 0.2 0 0 31.8 0.4 0 0 0 0.2 19 0 0.2 2.4 6.4 0.4 0 0.2 0.2 3.8 0 0 2 0 2.4 6.4
11.2 0 0 3.4 0 6.4 0 14.2 3.8 13.8 21 3.2 2 0 0 6 5.8 0 0 4.2 20.8 1 0.2 5.2 25 0 0 0.6 0 22.2 12.8 9.8 0 3.4 0 14.6 0 1.4 0.8 15.2
0 6.2 0 0 0 0 0 0 0 0 0 0 0 0.2 0 0 0 0 0 0 12.6 0.2 0 0 3.8 0 1 0 0 0 0 0 0 0 0 0 0 0 0 0
0 0 0 0 0 0 0 0 4 0 0 0 0 0 0 0 0 0 0 0 0 0 0 0 0 0 0 0 0 0 0 0 0 0 5 0 0 0 0 0
9 0 0 0.2 0.4 0 0 0 2.8 0 0 0 0 0 0 0 0 0 0 13.4 0 0 0 7.6 5.8 0.4 0 0 0 4.6 0 0 0 0 12 0 0 0 0 17.8
0 0 8.2 0 0 2.8 0.2 0.4 0 4.8 0 0 6 0 2.2 0 2.4 2 0 0 0 0 0.2 0.4 14 0 2 3 0 10.8 0 0 4.8 8.8 0 0 4.8 0 0.2 0
0 0 0 0.6 0 0 0 7.4 0 0 0 0 0 0 0 0 0 0.2 0 0 8.8 13.8 0 0 0 0 0 0 0 0 0 0 0 0 0 0.2 0 0 0 0
12.4 0 16.2 0 0.2 5.4 8.8 0.2 17.8 0 0.4 0 7.8 7.2 6.2 1.2 0.8 0 0 1 24 0 0 0 22.2 0.4 10.2 0 0 0 19.6 13.2 2 21 29.4 27.4 7.2 5.6 0.4 14.8
0 0 3 0 0 0 0 0 4 0 5 0 0.2 0 1 0 0 0 9.6 0 0 0 0 0 0 0 0 0 0 0 0 6 0 0 0 0 0 0 0 0.2
0 0.8 2.6 0 0 0 0.6 0 0 0 0 0 0.2 0 0 0.2 0 0 0 0 0 0 0 0 0 0 0 0 0 0 0 0 4.4 0 0 0 0 0 12.2 0
13.2 4.4 7.8 0 0 0 0.4 9.6 6.6 0.6 0 0 0 0 0 8.6 0 0 0 4.4 7 0.2 0 5.4 7.2 1.4 0 1 0 6 3.6 0 0 0.2 0 0 0.4 0 0 0
0 0 8.4 0 0.2 0 0.2 0 0 0 0 0 0 0 0 0 0 0 0.2 0 0 0 0.2 11.6 0 0 0 0 0 0 0 0 0.2 0 0 0 0 0 0 0
0 0 0.2 0.4 5 0 0 0 0.2 0 16.4 4.2 3.4 16.4 0 0 5.6 0 0 21.2 0 0 0 0 25.4 0 0 0 0 0.6 0 0.2 3 0 1.6 0 0 12.2 0 18
0 0 0 0.4 0 0 0 0 0 0.2 0 0 0 0 0 0 0 0 3.4 0 0 0 0 0 0 0 0 0 0 0 0 0 0 0 0 0 0 0 0 0
0 0.2 8.8 0 0 0 0 3.8 0 0 0 0 0.2 0 0 0 0 0 0 0 0 0 0 0 0 7 0 0 0 0 0 0 0 0 0 0 0 0 0 0
14 4.4 0 0 0 6.4 0 0 0 0 0 0 4 0 0 0 6 0 0 0 0 0 0 0 0 0 0.2 2 0.4 0 2.2 5.2 0 0 0 8 0.2 0 0 0
0 0 0 0 0.4 0 0 0 0 0.2 0 0 0 0 0 0 3 4.4 5.6 0 18.8 0 0 0 4 0.8 0.8 0 0.8 0 3 0.2 0 14.8 0 5.8 0 0 0.4 0
0 0 0 0 0 0.2 0 6.4 0 0 0 0 0 18.8 0 0.2 0 0 0.8 3.4 0 0 4 0 0.6 12 0 0 0 0 0 0 0 15.6 11.6 1.2 0 5.2 0 0
0 0 0 0 0 0 0 0 0 9 0 0.2 0 4.8 0 0 0 0 0 3 0.2 16.2 0 0 0 0 0 0 0 0 0 0 0 0 0 0.2 0.2 0 0.2 0
8.8 0 0 0 0 0 0 1 0 0.4 0 0 0 0 0 0 0 0 0 0 0 0 0 0 9.4 0 0 0 0 7 5 0 0 0 0.2 0 0 4.2 0 0
0 6.4 6.8 0 2 0 2.2 0 0 0 0 0 0 0 0 0 0 0 0 0 0 0 0 0.6 0 0 0.2 0 0 0 0 0 2.6 0 0 2.8 0 0 13.4 0
12.4 0 0 3.2 0 0.2 0 0.2 0 0 0 0 0 0 0 0 0 0 0 0 0 0.6 0 0 0 0 0 0 0 0 0 0 0 0 0 0 8.2 0 0.2 0
0 0 0 0 0 0 0 0 0 0 0 0.2 0 0 0 0 0 13.6 0 0 0 0.2 0 0 0 0 0 0 0 0 0 0 0 0 0 0 5 0 0 0
0 13.4 0 0 0 0 0.2 0 0.4 0 0 0 0 0 0 0 0 0 0 0 4.4 0 0 0.2 0 0 0 0 0 0 0 0 0.2 0 0 0 7.2 0 0 0
0 0.2 0 0 0 0 0 0 6.4 0 4.4 0 0.2 0 0.2 0 0 0 0 0 0 0.2 0 0 5 0 0 0 5 0 0 6.4 0 0 0 0 0 0 0 0
0 0 0 0 0 0 0 0 5 0 0 0 0 0 0 0 0 0 0 0 0 0 0 0 0 0 0 0 0 0 0 0 0 0 0 0 0 0 8 0
0 0 0 0 0 0 0.2 0 0 0 0 0 0 0 5 0 0 0 0 0 0 0 0 0 0 0 4.2 0 1.6 0 0 0 0 0 0 0 0 0 0 0
0 0 0 0 0 0 0 0 0 0 0 0 0 0 0 0 0 0 0 0 0 0 0 0 0 0 0 0 0 0 0 0 0 0 0 0 5 0 0 0
0 0 0 0 0 0 0 0 0 0 0 0 0 0 0.2 0 0 0 0 0 0 0 0 0.2 0 0 7.6 0 0 0 0 0 0 0 0 0 6 0 0 0
0.2 0 0 0 0.2 0 0.2 0 0 0 0.2 0.2 0 0.6 0 0 0 0 1.4 0 13 0 0 0 0 0 0 0 0 0 0.2 0.2 9.8 0 0 5.8 0 0 0 0
0 0.2 0 0 0 20 0 0 0 8.8 0 0 0 0.2 0 4.2 0 0.6 0 0 0 0 0 0 0 7.4 0 0 0 0 0 0 6.6 0 0 0 0 0 0 0
0 0 0 0 0 0 0 0 0 0 0 0 0 0 3 0 0 0 0 0 0 0 0 0 0 0 0.2 0 0 0 0 0 0 0 0 0 9.6 0 0.2 0
0 0 0 0 0.6 0 0 0 4.8 0 0 0 0 0 2 0 0 0 0 0 0 0 0 0 0 0 0 0 0 0 0 0 0 0 0 0 19.6 0 0 0
0 0 0 9.2 0 0 0 0 0 0 0 0.4 7.2 0 0 0 0 8 0 0 0 0 0 0 0 0 0 0 0 0 0.2 0 0 0 0 0 0 0 0 0
0 7.6 0 17.4 0.4 0 15 0 0 0 0 0.6 0 0 0 4 0.4 0 0.2 0 0 0 0 7.4 4.2 0 0 0 0 0.2 9.8 0 0 0 6.8 0 0 0 0 1
3.4 0 0 0 0 0 16.2 15.4 0 10.4 0 0 4 0.2 1.4 0 10.4 0.6 15.4 0.2 6 8 0 0.6 10.8 1.4 0 0 1.4 0 0 0 0 0 6 0 10 0 0 0.2
3.8 12 0 10.2 0 0.2 0 0 0 0 0 0 0 11.2 0 5.6 0 0 0 0 0.2 0 0 0 0.4 2.6 0 0 0.2 0 0 0 0 0.4 3.4 0 0 0 1.8 0
0 2 0 0 0 0 4.2 0 0 0.2 0 0 0 0 0 0 0 0 0 0 0 0 0.2 8 0 0 0 0 0 0 3 0 7.4 0 0 0 0 0 0 0
0 0 0 0 3.6 0 0 0 5 0 0 0 0 0.2 0 0 0 0 0 0 0 0 0 0 0.2 0 0 0 0 0 0 0 0 0 0 0 0 0 0 0
0 0 0 0 0.2 0 0 0 3.8 0 0 0 0 0 0 0 0 0 0 0 0 0 0 0 0 0 0 0 0 0 0 0 0 0 0 0 5 0 0 0
0 0 0 7.4 0.2 0 0 0 0.2 0 0 0 0 0.4 0 0 0 0 0 0 0 0 0 0 0 0 0 0 0 0 0 5.2 0 0 0 0 0.2 0 0 6.4
0.2 0.2 4.2 0 0 1.8 0 0 0 7.6 12.6 0 0.4 1.8 0 10 0 0.2 0 0.2 2 0 0 18.4 0 7.6 0 0 0 0 11 0 0 0 0 0.2 2.4 6.2 0 0
0 0 0 0 0.2 0 0 0 0.2 0 0 0 0 0 0 0 0 0 0 0 0 0 0.2 7.6 0 0 0 0 0 0 0 0 0.2 0 0 0 0 0 1.6 0
0 0 0 0 0 3 0 0.4 0 0 0 0 0 0.2 0 0 2.8 0 3.4 0 0 5.4 0 0 4 6.6 0 0 0 0 0 0 0 0.2 0 0 0 0 0 0
0 0 5.6 4.8 0 0 0.2 0 0 0 0 0 4.2 0 4 0 0 0.2 0 0 0 0 8.4 7.6 0 0 0 0 0 0 0 0 0 0 0 0 0 0 0 0
0 1.8 0 0 0 0 13.4 0 0 0.2 0 0 0 0 0 0 0.8 3.2 0 0 0 0 0 0 0 0 0 0 0 0 0 0 1.4 0 0 0 0 0 1.2 0
0 0 0 0 0.4 0 0 0 0 0 0 0.8 0 0 5.2 0 0 0 0 0 0.2 0 0.4 0 0 0 1.2 0 0.8 0 0 0 12 0 0 0 0 0 0 0
0 0.2 0.4 0 0.2 0 1.8 0 0 0 0 0 0 0 0 0 0 0 0 0 0 13 0 0 0 0.4 0 0 0 0 0 0 0 0 0 1 0 0 0 0
0.2 0 0 0 0 0 0 0 0 0 0.4 0 0 0 0 0 15.2 0 0 0 28.2 1 0 0 0 23.4 0 0 0 0 0.2 0 4 19.4 0 7.6 0 0 9.4 0
0 1.4 0.4 0.2 0 0 1.6 0 0.2 0 0 0 0 0 0 0 0 0 0 0 0 0 0 11.4 0 5 0 0 5.8 0 1.8 0 0 0 0 0 0.2 0 0 0
4.6 0.2 0 35.8 0 0 12.6 0 0 1.8 5.4 0 0.2 0 0 0 8.4 0 0.4 0 0 0.2 0 0 0 0.2 0 0.2 0 3.6 0 0 0 0 0.6 0 0 0.2 9.8 4.8
0.2 0 0 0.2 0 12.4 3.2 6 6.6 6 4 5 0 5 4.8 0 0 0 0 11.8 8.8 0 8.8 16.8 29.2 10.6 0 0 0 8.8 0 10.6 0 0 24.4 0 1.4 0 0 28.4
7.2 12.6 0 0 0 0 0 6.4 0 14 9.8 0 0 4.6 0 0 0 0 8.8 18 6.2 0 1 0 13.6 10.4 0 0 0 0 0 26 0 0 3.2 0 0 0 0.2 0
0 0 0 0 0 0 0 0 3 0 0 0 0 0 0 0 0 0 0 0 0 0 0 0 0 0 3.8 0 0 0 0 0 0 0 0 0 0 0 0 0.2
1.2 2.8 0 0 4.6 3.8 0 9 0 11.2 7.8 0 0 14.6 0 0 0 0 0.6 0 0.8 0.2 0.6 0 0 0 2 0.4 0 0.2 0.2 0 0.2 0 13.8 8.2 0 10.6 0 0.2
0 0.2 10.6 0 0 0 3.8 0 3.2 0.6 0.2 0.4 0 1.2 0 0 0 0 0 0.4 0 0 13.4 0.6 1.4 0 0 0 0 0 0 0 0 0 0 0 0 0 0 0
0 4 0 0 0 6.2 0 5.2 0 0 0.2 0.2 0 0 0 2 0 0 13.2 0 0 19.2 0 0 0.4 1.4 1 0 0 0 0.2 5.2 0 8.6 0 1.8 0 0.2 0 0
0 0 3.6 1 0 0 0 0.8 0 7.8 0 0 1.2 0 0 0.2 2.2 0 12.8 0 4.6 0 0 0 0.4 0.4 0 2.6 0 0 0 0.2 0 0 13.6 0 0 7.4 0 0.2
0 0 0 0 0.4 0 0 0 0 0 0.2 0 0 0 0.2 0 0 0 0 0 0 0 0.2 0 0 0 0 0 0 0 0 0 7 0 0 0 0 0 0 0
0 0 0 0 0 1.2 5 0 0 0 0 0 0 0 0 0 0 0 0 0 0 0 0 0 0 0 0 0 0 0 0 0 0.2 4.6 0 0 0 0 0 0
0 0 0 0 0 0 0 0 0 0 0 0 0 0 0 0 3 0 0 0 0 0 0 0 0 0 0 0 1 0 0 0 0 0 0 0 0 0 0 0
0 0 0 0 6.4 0.6 3.8 0 8.2 0 0 0 0 18.2 0 0 0 0 0 0 0 0 0 0.8 0 0 0 0 8.8 0 0 0 0 0 0 0 1.2 0 0 0
0 7.6 0 1.4 0 0 0 0 0 11.2 0 0 0 0 0 3.6 0 0 4 3.8 0 0.2 0 3 0 29.2 0 0 0 0 0 0 0.2 0 0 5.8 8 0 0 1
0 3.2 0 1.6 0.2 0 0 0 0 0 0 0 0 0 0 0 0 0 0 0.8 0.4 1.2 3.8 0 0.8 0 0 0 0 0 0 0 0 0 0 0 0 0 0 0
8 5.2 1.6 0 0 0 0 0 0 0.2 0 0 0 0 0 0 0 2.8 0.6 0.6 16.2 0.8 0 0 0.2 0 0 0 0 0 0 13.8 0 0 12 0 0 0 0.6 2.4
0 0 0 0 0 0 0 0 0 0 0 0 7.4 0 0 0 0 7.6 7.2 0 2 0.8 0 0 0 0 0.2 0 0 0 0 0 0 0 0 0 3.8 0 0 0
0 0 0 0 8.2 0 0 0 0.2 0 0 0 0 0 22.6 0 0 0 0 0 0 0 0 0 0 0 0 0 0 0 0 0 0 0 0 0 0 0 0 0
0 0 0 0 0 0 0 0 0 0 0 0 0 0 0 0 0 0.2 0 0 0 2.8 0 0 0 0 0 0 0 0 0 2 4 0 0 0 0 0 0 0
0 0 0 0 0 0 0 0 0 0 0.2 12 0 0.2 0 0 0 0 0 9.6 0 0 0 3.4 0 0 0 4.2 3 0 0 0 0 0 0 0 0 3.4 0 0
0 0.2 0 7.6 0 0 6.2 0 0 0 0 0 0 0 0 0 0 0 0 0.2 4.8 0 0 0 0 0 0 0 0 0 0 0 1.4 1.6 0 0 0 0 0 0
0 0 0 0 0 0 11.4 0 0 0 0 0 0 0 0 0 0 0 0 0 0 0 0.2 4.4 0 0 0 0 0 0 0 0 0 0 0 0 10.6 0.4 0 0
0 0 0 0 7.6 0 0 0 0 0 0 0 0 0 10.2 0 0 0 0 0 0 0 0 0 0 0 0 0 0 0 0 0 0 0 0 0 0.2 4 0 0
0 0.2 2.6 0 0 0 0 0 0 0 2 0 0 0 0 0 0 0 0 0.8 0 0 0 0 6.6 0 0 0 0 0.2 0 0 0 0 6 0 0 2.2 0.4 0
0 0 0 0 4.8 0.4 5.2 0 0 0 0.2 0.4 0 0 0 0 0 0.4 3.8 0 0 0 0 2.6 0.2 0 0 0 0 0 0 0.6 9.2 0.8 0 0 0 0 0.4 0
0 0 0 2.4 0 3.4 0 0 0 13 7 0 0 6.4 0 0 3.6 0 0 0 0 0.4 0.4 2.4 0.8 16.8 0 0 0 0.2 0 0 3.6 0 2.6 0.2 10.4 0 0.4 0
0.4 0 0 0 0 0 6.8 0 1 0.2 0 0 0 0 0 5 0 0.6 0 0 14.2 0 0 0 0 0 0 0 7 0 7.6 0 11.4 0.2 0 0 5.6 0 0 0
0.2 0.2 0 0 0 0 0 0 0 0 1.2 0 0 0 2.2 0 0 0 0 3.4 0 0 8.6 6.8 1.2 0 0 0 0 0 0.4 9.4 2.2 0 0 0 3.2 0 0 0
0 0 0 0.2 0 0 8.8 0 0 0 0 0 5.6 0.6 0 0.4 0 0.6 0 22.6 1.2 0.2 8.6 0 13.2 23 0.2 0 0 16 0 20 0 4.6 8.4 0.2 2.8 6.4 0 14.4
0 0 0 0 0 0 0 0 10.8 0 0 0 0 0 0 0 0 0 0 0 0 0 0 0 0 0 1 0 0 0 0 0.2 0 0 0 0 0 0 0 0
0.6 0.2 1.8 0 0 18.6 10.4 0.2 0 0 8.8 0 0 0 0 7.6 3.4 0 0.2 0 14.6 0 0 4.4 0 12.2 0 0 0 0 0 9 0 0 0.2 7.6 0 0 5.2 0
0 0 0 0 0 0 0 0 0 0 0 0 0 0 12.6 0 0 0 0 0 0 0 0 0 0 0 0 0 0 0 0 0 0 0 0 0 4.4 0 0 0
0 0 0 0 0 0 21.4 0 0 0 0 2.2 1.4 0 0 6.6 2.2 0 0 0 0 0.2 9.4 1.4 0 0 0 0 0 0 0 0.2 0 0 8.8 0 0 0.2 0 0
16 0 0 11.6 5 0.8 0 7.6 0 0 0.2 2 5.2 0 3 0 0 0 0 28.2 0 0 1.8 0 19.8 1.2 5.2 0 0 17.6 0 0 0 9 34.6 0 0 2.6 0 23.6
0 0 0 3.2 0 0 0 0 0 0 0 0 0.6 0 5 0 0 0 0 12.6 0 9.4 0 0 4.6 4.2 0 0 0.2 1 0 0 0 0 2.4 0 3.8 0 0 0
0 9.8 0.8 12 3.8 6.4 0 0 0 11.4 7.6 0.6 7 0 0.4 10.6 0 4.8 17.2 0 15.6 0 0 0.4 0 0.2 11 0 0 0 14 15 7.2 0 0 14.8 0.2 0 8.2 0
0 2.2 0 0 0 0 0 0 0 0 0 0 0 0 0 0 0 0 0 0 0 0 0 0 0 0 0 0 0 0 0 0 0 0 0 0 0 0 0.8 0
0 6.8 0 0 1.4 24.4 1.6 12.6 0.6 0.8 1 0 4.4 0.2 0 3.4 0 8.2 0 0 1.4 0 6 11.4 0 9.2 0.2 18.2 0.8 13.8 2.6 4.6 0 8.2 42 10 0 1.2 4 0
0 9.2 0 7.4 0 2 0 8.8 0 12.2 3.8 0 5 0 0 6 0 0 0.4 13 0.2 0.6 0 0 0 12.8 0 0 0 0 0 0.2 0 0 16 4.6 0 1.8 0 0
0 0 0 0.4 0.6 0 0 0 0 0 0 0 0 8.8 0 0 3 0 0 0 0 1.4 1.6 0 0 0.2 0 0 0 0 0 0 0 5 0 0 0 0 0 0
0.4 0 0 0 0 0 0 0 0 0 6.2 0 0 0 0 0 0 1.8 8.6 1 0 0.2 0 0 5.8 0.6 0 0 0 7.4 0 0 0 0 0 0 0 0 0 0
0 0 0 0 0 0 0 0 0 0 0 0 0 0 0 0 0 0 0 0 0 0 0 0 0 0 0 0 0 10 0 0 0 0 0 0 0 0 0 0
0 4.2 0 0.2 0 0 0.4 0 0 0 0 0 0 0 3.2 8 2.6 0 8.6 0 0 0.2 1.2 2.4 0 0 0 0 0 0 0.8 0 8 10.8 0 0.2 0 0 5.2 0
0 0 0 0 0 0 0 0 10.2 0 0 0.8 0 0 11.4 0 0 0 0 0 0 0 0 0 0 0 1.4 0 0 0 0 0 0 0 0 0 9.2 0 0 0
0 0 6 0 0 0 9.2 0 0 0 0 2.4 0.2 0 0 0 0 0 0 0 0 0 0 0 0 0 0 0 0 0 0 0 16.2 0.2 0 0 3.6 0 0.2 0
0 0 5.8 0 0.2 8 0 0 0.2 5 0 0 0 0 0.2 3.8 3.8 0 0 4 11.2 0 0.8 0 0 0 0 0 0 0 1.8 3.2 8.8 0 0 5.2 7.6 4.4 0 0
0 0 0 0 0 0 5.6 0 0 0 0 0 0 0 0 0 0 0 0 4 0 0 0 0 3 0 0 0 1.2 0 0 0 0.2 0 0 0 0 0 0 0
0 0 0 0 6.6 0 8.6 0 0 0 0 0 0 0 14.2 0 0 0 0.2 0 0 0 0 0 0 0 0 0 6.8 0 0 0 6.2 0 0 0 2.4 0 4 0
0 0 0 0 2.4 0 0 10.4 0 0 0 0 2.8 0 0 0 0 0 1.6 0.4 0.2 0.2 4 0 0 0.2 0 0 0 0 0 0 0 0 4 0 0 0.2 0 4.6
0 0 0 0 0 0 0 0 0 0 0 0 0 0 0 0 0 0 0 0 0 0 0 0 0 0 4 0 0 0 0 0 0 0 0 0 5 0 0 0
0 4.8 0 0 6.8 0 0 0 0 0 0 0 0 0 0 0 0 0 0 0 0 0 0 0 0 0 0 0 0 0 0.2 0 0 0 0.2 0 0 0 0 0
0.4 0 3.4 0 0 14.6 0 0 0 17 0 0 0.2 6.4 0 0 1.8 0 28.2 0 35.6 0.2 1.2 5.4 0 0 0 2 0 0 0.2 0.2 0 6.6 0.4 7.8 3.2 0 1.2 0
0.4 0 0 0 0 0 0 5.6 0 0 0 0 0 0 4 12.8 0 0 0 0 21 0 0.2 0 0 0 7.8 0 0 0 0 0 0 3.4 0 4.8 0 0 0 0
0 0 0 0 0 0 0 0 3.2 0 0 0 0 0 12.8 0 0 0 0 0 0 0 0 0 0 0 0 0 0 0 0 0 0 0 0 0 0 0 0 0
0 0 0 0 0 0 0 0 3.4 0 0 0 0 0 10.2 0 0 0 0 0 0 0 0 0 0 0 0 0 0 0 0 0 0 0 0 0 5.4 0 0 0
0 0 5 0 0 0.2 0.2 0 0 0 0 0 0 0 1 0 0 0 0 0 0 0 1.6 0 0 0 0 0 0.2 0 0 0 0.4 0 0 0 7.4 0 10 0
0 0 0 2.6 0 0 0 0 0 0 0 0 0 1 0 0 0 0 0 0 0 2.8 0 0 0 0 0 0 0 4.4 0 3 0 0 0.2 0 0 0 0 0
0 4 3.4 0 10.4 0 0 0 0 0 0 0 0 0 0 0 0 0 0 0.4 0 3.8 0.2 9.6 0 0 0 6.4 0 7.2 7 0 0.2 0.2 5.8 0 0 0 0.4 0
0 0 0 0 5.8 0 0 0 4.6 0 3 4 8.4 0 18.4 0 0 0 0 3 0 1 0 0 0 0 0 4.8 16.8 0 0 0 0 0 0 0 0.4 5.6 0 0.2
0 0.4 0.2 0 0 0 0.8 0 0 0 0 0 0 0 0 0 6.2 1 0 0 8.2 0.6 0 5.2 0 0 0 0 0 0 0.4 0 0.2 0 0 0 0 0 1.8 0
0 4.4 0 0 0 9 0 0 0 0 0 0 0 0 0.2 0 0 0.2 0.2 0 0 0.2 0 0 0 0 0 9.6 0.4 0 0 4.8 0 0 0 0 0 0 0 0
0 0.4 0 0 0.4 0 0.4 5 0 0.4 0 9.2 0 0 7 0 0 0 4.6 0 0.2 0.2 12.6 0.4 0 0 0 0 11.8 0 0.6 0 12.2 0 0.2 0 4.4 0 0 0
0 0.2 0.2 0 0 0 0.4 0 0 0 0 4 0.2 2.8 0 0 0 4 0 3.6 0 0 3.8 0 0 0.6 0 0 0 0 0 6.4 8.6 0 0 3 0 0.2 10 4
0 0 0 0 0 0 0 0 0 0 10.4 0 9 0 0 0 0 0 6 0 0 0 0 0 0 0 0 0 0 0 0 0.2 0 0 7.4 4 0 0 0 5
0.4 0 0 0 0 0 0 0 0 3 0 0 0 0.4 0 0.2 0 6 1.8 0.2 0 0 0 0 0 0 0 0 0 0 0 0 0 0 0 0 0 0 0 0
0 0 0 0 0 0 0 0 0 0 0 0 0 0 0 0 0 0 0 0 0 7.4 5.6 0 0 0 0 0 0 0 0 0 0 0 0 0 0 0 0 0
0 0 0 0 0 0 0 0 1 0 1 1.4 0 0.2 0 19.8 1.2 15.2 0 0 0 0.4 0 2.6 6.4 0 0 0 0 0 0 0 9.8 13.2 1.8 0 0.2 0.2 2.6 0
0 0 0 0 0 0 0 0 4.6 0 0 0 0 0 0 0 0 0 0 0 0 0 0 0 0 0 2 0 5.2 0 0 0 0 0 0 0 0.2 0 0 0
0 4.8 0 0 0 0 0 0 0 0 0 0 0 0 0 0 0 0 0.2 0 0 0 0 0 0 0 0 0 0 0 0 0 0 0 0 0 5 0 0 0
0 0 0 0 0 0 0.6 0 0 24 10.4 0 0.2 0 0 2.2 3.6 0 2.4 5 29.6 0 0 0 0 0 0 0.4 0 0 0 0 0 1.4 0.8 0 0 4.8 3.6 0
0 0 0 0 0 0 1 0 7 0 0 6 0 0 0 0 0 0 0 0 0 0 0 0 0 0 0.2 0 0 0 0 0 0 0 0 0 1.8 0 0 0
0 0 0 0 0 0 0.6 0 0.2 0 0 7 8.6 7.2 0 9.8 0 8 0.4 0 6.2 0 9.6 0 0 0 13.8 0 10.8 0.2 17.4 0.4 5.4 21.6 0 10 9.6 0.2 0 0
0 0 0 0 8.8 0 0 0 0 0 0 0 0 0 0 0 0 0 0 0 0 0 5.2 0 0 0 0 0 0 0 0 0 0 0 0 0 0 0 0 0
0 0 0 0 8.6 0 0 0 0 0 0 4.4 0 7 0 0 0 0 0 0 0 0 0 0 0 0.4 0 0 0.2 0 0 0.4 0 0 0 0 0 0 0 0
0 0 0 0 0 0 0 0 0 0 0 0 0 0 17 0 0 0 0 0 0 0 0 0 0 0 0.2 0 0 0 0 0 0 0 0 0 5.8 0 0 0
0 0 0 0 0 0 5 0 0 0 0 0 0 0 6.4 0 0 0 0 0 0 0 0 0 0 0 0 0 0.6 0 0 0 0 0 0 0 0 0 0 0
0.6 0 0 0 0 0.4 0 4 10.4 0 0 0 0 0 0 0 0 0 0 0 0 0 0 0 0 0 0 0 0 0 3.4 0 0 0 0 8.2 0 0 0 0
0 0 0 0 18.8 0 0 0 0.2 0 0 0 0 0 0 0 0 0 0 0 0 0 0 0 0 0 0 0 0 0 0 0.2 0 0 0 0 0 0 4.8 0
0 0 0 0 0 0 0 0 0 0 0 0 0 0 0 0 0 0 0 0 0 0 0 0 0 0 0 0 0 0 0 0 13 0 0 0 0 0 0 0
0 0 0 0 0.2 0 0 0 0 0 0 0 0 0 0 0 0 0 0 0 0 0 0 0 0 0 0 0 0 0 0 0 0 0 0 0 0 0 0 17.8
0 0 0 0 13.8 0 0 0 0 0 0 5 0 0 0 0 0 0 0 0 0 0 0 0 0.2 0 0 0 0 0 0 0 0 0 0 0 5 0 0 0
0 0 0 0 0 0 0 0 0.4 0 0 0 0 0 0 0 0 0 0 0 0 0 0 0 0 0 0 0 0 0 0 0 0 0 0 0 8.6 0 0 0
0 0 0 0 4 0 11.4 0 0 0 0 1 0 0 0 0 0 0 0 0 0 0 6.6 0 0 0 0 0 0.2 0 0 0 33.6 0 0 0 0 0 10.2 0
0 0 0 0 0 0 0 0 0 0 4 0 0 0.2 3 0 0 2.8 1 0 0 0 0.2 3 0 0 0 0 0 0 0 0 0.6 0.2 0 0 6 0 0 0
0 0 0 0 0 0 0 0 0 0 0 0 0 0 6 0 0 0 0 0 0 0 0 0 0 0 0 0 0.6 0 0 0 0 0 0 0 8.4 0 0 0
0 0.2 0.2 0 12.8 0 0 2 0 0 0 0 0 23.8 4.6 0 0 0 0 12.6 2.6 3.8 0 15.8 0 0 0 0 1.6 0 0 0 0 0 0 0 0 0 0.2 2.8
5.6 0.2 6.8 0 0 9.4 2.6 0 0 1.8 0 0 0 1.8 8.4 0 2.6 0 2.8 0.2 0 14.6 5 0.4 0 3 20 5 7.2 0 10.8 0.2 6.4 0 8.6 11.6 0 0 0 0
0 0 0 0 0 0 0 0 4.6 0 0 0 0 0 22.6 0 0 0 0 0 0 0 0.2 0 0 0 0.4 5 0 0 0 0 0.2 0 0 0 0 0 0 0
0 0 0 0 0 0 0 0 6.8 0 0 0 0 0 13.2 0 0 0 0 0 0 0 0 0 0 0 0 0 0 0 0 0 0 0 0 0 0 0 0 0
0 7.2 0 2.6 0 0 0.6 0 0 0 5 0 0 15.4 0 0 2.6 0.4 0 3.8 0 8.4 0 0 0 6.8 0 0 0 0 0 0 0 0 0.2 0 0 0 0 0
0 0.4 0 0 0 0 0 0 13 0 0 3.4 0 0 1.2 0 0 0 0 0 0 0 0 0 0 0 0.8 0 0 0 0 0 0 0 0 0 5 0 0.2 0
0 0 0 0.4 0.2 0 0 0 0 0 0 0 0.2 0.2 0 0 0 0 0 0 0 0 1.2 1.2 0 0 0 0 0 0 0 0 1.6 0 0 0 0 0 0 0
0 0 0 13.2 0 0 13.8 0 3 0 0 1.4 0 1.4 0 0 0 16.6 17 40 0 0.2 0 5.6 9 2.6 0 0.4 0 0 0 0 0 0 9 0.6 0 4.8 0 12.4
0 0 13.4 0 0.2 0.8 4.8 0 0 22.6 0 0 8.6 0 0 4.4 0 0 0 0 0 0.4 0 0 0 13 0 0 4 0 0.2 0 4.4 0 16 0 0 0 0.2 0
0 0 0 7.2 0 0 0 0 1.4 0 0 0.6 0 0 0 0 0 7 0.2 0 0.2 2 0 0 0 0 0 0 0.4 0 0 0 0 0 0 0 0 0 0 0
0 0 0 0 0 0 0 0 1.2 0 0 0 0 13 0.8 0 0 0 0 0 0 0 0 0 0 0.4 0 0 6.8 0.8 0 0 0 0 0 0 0 0 0 0
0 0 0 0 0 0 0 0 0.8 0 0 0 0 0 0 0 0 0 0 0 0 0 0 0.2 0 0 4 0 0 0 0 0 0 0 0 0 0 0 0 0
0 0 0 0 0 0 0 0 0 0 0 0.2 0 0.2 0 0 0.8 1.8 0 0 0 0 0.2 0 0.8 0 0 0 0 0 1 0 0 0 0 0 0 0 0 9
0 0 3 0 3 0 4.2 0 0 0 0 0.4 0 0 0 0.2 0 0 0 0 0 0 0 0 0 0 0 0 0 0 0 0 2 0 0 0.2 0 0 0 0
0 0 0 0 0 0 0 0.4 0.2 0 0 0 0 0.2 0 0 4 0 12.4 0 15.6 0.2 0 14 4.8 0 0 4.8 0 0 3.6 0 3.2 20.4 0 5.8 0 0 13.2 0.2
0 0 0 0 0 0 10.2 0 0 0 0 0.8 3.4 0 0 2 0 0 0 0 0 0 1.2 16.4 0 0 0 0 0 0 0 0 22 0 0 0 8 0 0 0
0 0 0.4 0 15.4 0 0.2 0.4 0 0 10 3.4 0 0 0 0 0 0 0 0 0 0 0.6 6.6 4.2 0 0 0.2 0 12.4 0 0.6 0 0 0.6 2 0 0.2 0 3.8
0 0 0.2 2 0 0 4.4 0 0 0 4.8 0 0 0 15 0 0 0 1 3.4 0 3.2 0 0 0 0 0 0 0 0 0 0 0 0 0.6 0 0 0 4.2 1.2
0 0 1.4 1.8 0 0 6.4 0 0 0 0 0 0.6 0 0 0 0 0 0 0 4.4 0 0 0 0 0 0 0 0 0 0 0 0.2 0.2 0 0 0 0 0 0
0 0 0 6.8 0 0 0 0 2 0.2 0 0 0 0 0 0 0 0 0 0 0 0 0 0 0 0 0 0 0 0 0 0 0 0 0 0 0 0 0 0
0 0 0 0 0 0 16.4 0 0 0 0 0 0 0 2.2 0 0 0 0 0 0 0 0 0.2 0 0 6.8 0 0 0 0 0 11.2 0 0 0 0 0 0.2 0
0 0 0 0 0 0.2 0 0.2 0 0 4.8 0 0 0.2 0 0 0 6.8 0 0 0 0 0 0 0 0 0.8 0 0 0 0 0 0 0 0 0 0 0 0 0
0 0 0 0 0 0 0 0 0 0 0 0 0 0 1.4 0 0 0 0 0 0 0 0 0 0 0 8 0 0 0 0 0 0 0 0 0 0.2 0 0.4 0
4 0 0 0 0 2.8 0 7.4 0 0 12 0 0 0.2 0 0 4.2 0 0 0 0.2 0 0.2 0 0 0 0 0 0 0 0.2 9 0 0 13.6 5 0 0 0.2 0
0 0 0 0 0 0 0 0 0 0 0 0 0 0 0.4 0 0 0 0 0 0 0 5 2.4 0 0.2 0.2 0.2 0 0 0 0 12.2 0 0 0 0 0 13.4 0
0 2.2 0 0 0.6 0 0 0 0.2 0 0 0 0 0 0 0 0 0.4 0.2 7.8 0 5.2 0.2 0 0 0 0 0 0.6 0 0 0 0 0 0 0 4.6 0 0 0
0 0 0 0.2 0 0 0 0 0 0 0 2 0 0 0 0 0 0 0 0 0 0 0 0 0 0 0 0 0 0 0 0 0 0 0 0 7.8 0 0 0
0 0 0 0.4 0 0 0 0 11.8 0 0 0 0 0 17.6 0 0 0 0 0 0 0 0 0 0 0 0 0 0 0 0 0.2 0 0 0 0 0 0 0 0
0 0 0 0 3.6 0 0 0 0 0 1.4 0 0 0 0 0 0 0 0 0 0 0 0 0 0 0 0 0 0 0 0 0 0 0 0 0 0 4 0 0
0 0 0 0 0 0 0 0 23.4 0 0 0 0 0 0 0 0 0 0 0 0 0 0 0 0 0 11.6 0 0 0 0 0 0.2 0 0 0 1.8 0 0 0
0 0.2 13.2 0 0.2 1.2 5.2 0 0 3.8 0 9.8 11.2 0 4 1.4 4.4 2.4 0 0 0 0.4 11.6 0 4.6 0 0 0 0.8 0 0 0 0 0 0 3.6 0 0 0 0
0 0 0 0 0 0 0 0 0 0 0 0 0 0 0 0 0 0 12.6 0 0 10 0 0 0.2 0.2 0 0 0 0 0 0 0 0 0 0 0 0 0 0
0 0.6 0 0 0 0 0 0 11.8 0 0 0 0 0 0.2 0 0 0 0 0 0 0 0 35.8 0 0 3 0 0 0 0 0 0.6 0 0 0 0 0 0 0
3.6 0 0 0.2 0 0 0 0 0 0 0.2 0 0 0 10 0 0 0 0 0 0 0.2 0 7 0.4 0 0 0 0 0 0.4 0 0 0.6 6.6 0 2.8 0 0 4
0 0 1.8 0.8 0.6 0 0 0 0 0 0 4.4 0 0 0 0 0 0 9 4.2 28.8 11.4 0 13.8 0 0.2 0 2 0 9.8 0 0 11.2 0 24.6 4.6 10.8 0 0 0
0 0 0 0 0 0 0 0 5 0 0 0 0 0 5 0 0 0 0 0 0 0 0 0 0 0 0 0 0 0 0 0 0 0 0 0 8.8 0 0.2 0
4 5 0 1.4 0 0 0 3.2 0 3 0 0 6.2 0 0 0 0 0 0 0 0 0 0 0 0 0 0 2.2 0 0 0 0 0 0 14.2 0 0 0 0 5.8
0 0.4 14.4 0.2 2 1.4 7.8 0 6.8 0 0 4.2 0 0 1 0 1.2 0 0 0 0 0 8 8.6 0 0 3.4 3.4 5.8 0 0 0 3.4 0 0 0 9.4 0 2.6 0
0 0 0 0 0 0 9 0 0 0 0 0 0 0 0 0 0 0 0 0 0 0.6 1.2 2.2 7.4 0 0 0 0 0 0.6 0 0 0 0 0 0 0 0 0
0 9.6 0 0 0 0 0 0 0 0 0 0 0 0 0 0 0 0 5 0 13.2 0 0 0 0 0 0 0 0 0 0 0.2 0 0.4 0 0.6 0 0 0 0
0 0 2.6 0.6 0 0 0 5.8 0 0 0.2 0 12.4 0.8 0.2 2 0 0.2 9.6 22.2 0 0 18 0 0 0 0 5 0 1 3 0 0.2 0.2 11.4 0 0 0 6 24.6
0 0 0 0 10.2 0 0 0 2.2 0 0.2 0 0 1 0 0 0 0 0 0 0 0 0 0 0 0 0 0 0 3 0 0 0 0 0 0 0 0 0.4 0
0 0 0 0 0 0 0 0 4.2 5.2 0 0 1 0 0 0 0 0 0 0 11.6 0 0 0 0 0 0 1 3.8 0 0.8 0 8.2 0 0 0.2 0 0 0 0
0 0 0 0 0 0 0 0.2 0 0 0 0 0 0 0 0 0 4.8 19 0.2 0 0 0 0 0 0 0 0 0 0 0 0 0 0 0 0 0 0 0 5.8
0.4 0 0 0.2 0 5.4 11.2 10.4 0 0 0 0 0.2 0 0 2.6 0 0 0 0 0 0.2 0 0 15 11.2 0 0 3.6 0 0 0 1 0.4 1.4 0 0 0 6.6 0.2
5.2 9.2 0 0 0.2 0 0 1.2 5.6 3 12.6 0.6 0 7.4 0 0 0 0.2 0 0 0 0 6 0 9 0 0 0 0.4 0.2 0.2 8.6 3 0 0 0.8 3 0 0 15.6
0 0 6 0 0 0 0 0 0 0 0 0 0 0 0 0 0 0 0 0 0 0 3.2 0 0 0 0 0 4 0 0 0 8.8 0 0 0 0 0 0 0
0 0 0 0 0 0 0 0 4 0 0 0 0 0 8.6 0 0 0 0 0 0 0 0 0 0 0 4.2 0 0 0 0 0.2 0 0 0 0 0 0 0 0
0 0 0 0 0 0 6 0 0 0 0 0.8 0.2 0 0 0 0 0 0 0 0 0 14.2 0 0 0 0 0 0.8 0 0 0 0 0 0 0 0 0 0 0
0.4 0 0 5.6 0 1.4 0 0 0 5 4 0 3 0 0 0 0 0.6 0 0.2 8.8 0 0 0 0 0 0 0 0 0 0 0 0 0 0 0 0 0 0 0
4.6 0 0.2 0 0 7.8 2.8 0 0 10.8 0.2 0.4 0.6 21.4 0 7.8 0 0 0.2 16 0 0 0 0 0 11.6 0 0 0 0 1 0 0 0.4 10.2 0 0 0 5 0
8.8 0 0 0 3.8 0.6 0 0 0 0.2 0 0 0.6 0 0 0.2 0 0.2 0 1.8 0 0 0 0.2 0.2 0.4 0 0 0 0.4 1.6 0 0 0 4.6 0 1.8 0 0 4.6
0 0 5 0 0 0 0 0 0 0 0 0 0 0 0 0 0 0 0.4 0 0 0 4 0 0 6.6 0 0 3 0 0 0 4 0 0 0 0 0 0 0
0 0 0 0.2 0 0 0 0 0 0 0 0 0 0.6 0 0 0 0 0 0 20.6 0.4 0 0.8 0 0 9 0 0 0 0 0 0 5.8 0 7.4 0 0 0.2 0
3.6 4 0 0.6 0 2.2 0.8 0 0 0.6 0 0 5 0 0 2.4 0 2.6 13.8 4.2 0.6 11.6 0 9.4 11.8 0 0 0 0 0 0.2 8.4 0.6 0.4 0 0 0 4.2 0.2 2.8
0 0 0 0 13.6 0 0 0 0 0 0 0 0 0 5.4 0 0 0 0.2 0 0 0 0.2 0 0 0 2.4 0 0 0 0 0 0 0 0 0 0.2 0 0 0
0 0 0 17 0 0 24.2 2.8 0 20.8 0 0 0 0.4 0 0 0 0 0 12.6 0.4 0 0 0 0 0 0 0 0 0 0 0 0.8 17.6 0 0 0 0 0 8.4
16.8 0.4 0 0 0.2 4.8 0 0 0.8 0 0.4 0 0 34 14 0 4 13.2 5.6 5.4 17.6 0 0 8.6 0 0 0.8 11.2 0 15.4 12.4 8.2 0 0.2 1.4 0 3 1.6 0 21
0 0 0 0 0 0 0 0 4 0 4 0 0 0 0 0 0 0 5.8 0 0.2 0 0 0 0 0 0 0 0 0 0 0 0 0 0 0 0 0 0 0
0 0.2 0 0 0 0 10.6 0 0 0 0 0 0 0 0 0 0 0 0 0 0 0 0 0 0 0 0.2 0 0 0 0 0 0 0 0 0 0 0 0 0
0 0 0 0 0 0 0 0 7.2 0 0 0 0 0 6 0 0 0 0 0 0 0 0 0 0 0 0.6 0 0 0 0 0 0 0 0 0 6.2 0 0 0
0 0 0 0 0 0 0 0 4 0 0 0 0 0 0 0 0 0 0 0 0 0 0 0 0 0 0.2 0 0 0 0 0 0 0 0 0 2.8 0 0 0
0 0 0 0 0 0 0 0 2 0 0 0 0 0 18 0 0 0 0 0 0 0 0 0 0 0 0 0 0 0 0 0 0 0 0 0 0 0 0 0
0 0 0 23 0 0 0 12.8 6.6 0.2 0.6 5 5.4 34.8 0 0.2 3.4 0 0 0 7.6 1.4 0 12 0 2.6 0 0 0 0 0 2 3 0 0 5.4 0 4.6 9.4 0
0 0 0 0 0 0 0 0 0 0 0 0 0 0 0 0 0 0 0 0 0 0 0 0 0 0 0 0 0 0 0 0 0 0 5.8 0 0 0 0 0.2
0 0 0 0 0.2 0 0 0 0 0 4 0 0 0 0 0 0 0 0 0 0 0.2 9.8 0 0 0 1.4 0 0.4 0 0 0 0 0 0 0 0 0 0 0
7.4 0 0 0.2 0 0 0 0 0 0.2 0 0 0 0.4 5 3.2 2 0 0 0 9.8 0 0 0 0 0 0 0 0 0 0 0 0 0 9.8 0 0 0 0 0
0 0 0 0.4 1.8 0 0 0 0 0 0 0 0 2.2 0 0 0 0.6 0 0 0 0.2 0 0 8.6 0 3 0 0 5 0 0 0 0 0 0 0 0.2 0 0
0 0 0 5.2 0.2 0 0 0 1.4 0 0 0 0 0.4 0 0 0 0.8 0 0 0 0 7 0 0 0 0 0 0 0 0.4 0 0 0 0.8 0 0 0.4 0 14.4
10.2 0.4 0 1.6 0 0 0 0 0 0.8 0 0.2 0 0 0 0 0 1.6 0 0 0 0 0.6 11 0 0 0 0.4 0 0 0 0 10 0 0 0 0 0 0 12.2
0 0 0 4.4 0 0 0 0 0 0 0 0.6 0 0 0 0 0 0 11.4 0 0 0 0 13.6 0 0 0 0 0.8 0 0 0.2 0 0 0.6 0 0 0.2 0 0.2
0 0 0 0.8 0 0 0 0 0 0.2 7 0 4 0 0 0.2 0 0 4.8 0.4 0 19 0 0 0 7.8 0 0 0 0 0 0.2 0 0 2.6 0 0 0 0 0
4.4 0 0 0.8 0 1.4 0 0 1.2 0 6.2 0.6 7.2 0 2.6 8 8 0.8 0 0 0.2 20.4 0 0 0 0 0 0.4 0 0 8.4 4.4 0 0 3.6 3.4 0 0 0 0
0 0 0 0 0 0 3.8 0 0 0 0 0 0 0 0 0 0 0 0 0 14 0 0 0 0 0.2 0 0 0.2 0 0 0 0 1.4 0 9.4 0 0 0 0
1 0 0 0 0 0 0 3.4 0 0 0 0 0 0 0 0 0 7 0.2 0.8 0 4.8 0 0 0 0 0 0 0 2.8 0 6 0 0 0 0 0 0 3 0
0 0 0 0 0 0 0 0 0 0 4.8 0 0 4 0 0.2 0 6.4 0 0.2 0 0 4 0 0 0 0 2.2 0 0.2 1 0 0 0 0 0.4 0 0.6 0 0
0 0 0 0 0 0 0 0 0 0 0 0 0 0 11.6 0 0 0 0 0 0 0 0 0 0 0 0 0 0 0 0 0 0 0 0 0 3.4 0 0 0
0 4.6 3.4 0.6 0 0.2 0.2 0 0.2 0 0 0 0 0 0 12 3 6.6 0.2 2.2 0 8.2 0 5.4 0 0 0 0 0 0 0 0 0 11.6 0 14.6 7.6 0 1.4 0
8.8 0 0 0 0 14.8 2.8 0 0 21.4 0.2 0 12.2 0 0 7.8 0 5.8 0.4 0 6.6 10.6 0 0 0 0 0.8 0 7.8 0 7.2 0 12.4 0 10.6 4.4 1.4 0 6 0
2 0.2 0 0 0 0 11.4 0 0 0 0 0 0 0 4 0 0.2 0 0 0 0 0 0 0 0 0 6.8 0 9.8 0 0 0 8.4 0 0 0.2 0 0 3 0
0 4 0 6.6 0.2 0 0 0 0 0 0 4.4 15.4 5.8 0 0 0 0 0 0 0 0 0 0 0 0 0 3.4 0 0 0 0 0 0 0.4 0 7.8 0 0.6 0.4
0 0 0 8.6 0 0 0 0.4 0 0 0 0.8 0 0.2 0 0 0 0 0.2 7.4 0 0 0 0 3 0 0 0 0 9.6 0 0 0 0 0 0 3.4 0 0.4 0
0 0 0 0 3 0 0 3.2 0 0 0 0 0 2.2 0 0 0 0.2 1.8 0 0 1 2.8 0 0 0 0 0 0 0 0 1.6 0 0 0 0 0 0.2 0 4
0 0 0 0 9 0 0 0 0 0 0 0 0 0 0 0 0 0 0 0 0 0 0 17.6 0 0 0 0 0 0 0 0 0 0 0.2 0 0 4.2 4 0
0 0 0 0 0 0 0 0 6 0 0 0 0 0 2.8 0 0 0 0 0 0 0 0 0 0 0 0 0 0 0 0 0 0 0.2 0 0 0 0 0 0
0 8.8 0 0 0.6 0 2 3.4 0 0.2 0 0 0 0 2.8 0 0 0 18.6 3.8 0 0 0 0 9.8 0 0 0 0 15.8 0 0 0 0.2 13.4 0 4.6 1.8 0.2 0
0 0 0 0 1.2 0 0.2 0 0 0 0 0 0 0 0 0 0 0 0 0 0 2.6 0 0 0 0 0 0 0 0 0 0 0.6 0 0 2.4 0 0 0 0
0 0.2 0 0.2 4.4 0 0 1.8 0 0 0 0 0 0 0 0 0 0 1 0 0 0 0 0 0 0 0 0 3.8 0 0 9 0 0 8.2 0 0 0 0 15.4
0.4 0 0 0 0 0 0.2 0.2 0 0.6 0 0 0 0.2 0 0 0 9.8 0 0.2 0 0 0 5.6 15.6 19.4 0 0 0 17.6 0.2 0 0.6 0 15.4 0 0 0 0 0
3.8 1.2 20.6 22.2 8 13 0 14.4 0 11.6 0 0 7 0 0.2 0 3 6.2 0 25.2 13.6 7.2 0 3.2 19.4 0 2 0 0 18 0.2 20.2 2.6 4 15.8 0.2 6 2.2 0 12
0 0 0.2 0.2 0.2 0 0 0 0 0 0 5.8 0 0 0 0 0 0 17.8 0 0 0.6 0 0 4 0 0 0 0 9.6 0 3 0 0 0 0 0 0 0 9.6
0 8 0 21.8 0 0 0.6 0 0 0 0.6 0 0 0 5 0 0.6 0 9.2 6.8 0 0 0.8 0 0 0 0 0 0 0.2 0 0 7 0 0 0 0 0 9.2 3.2
0 0 0 0 0 0 0 0 0 0 0 0 0 0 0 0 0 6.6 0 0 0 3.2 0 0 0.8 0.4 0 0 0 13 0 4 0 0 0 0 0 0 0 0
0 0 0 0 0 0 4.6 0 0 0 0 0 0 0 0 0 0 0 0 0 0 0 0 0 0 0 0 0 0 0 0 0 0 0 0 0 6.4 0 0 0
0 0 0 0 0 0 0 12.8 5.4 0 7.6 1 0 0 0 0 0 18.4 0 0 0 0 0 0 10 0 0 4.4 0 0.4 0 0.2 0 0 0 0 0 10 0.2 25.6
0 0 0 0 0 0 0 0 1 0 0 0 0 0 6.8 0 0 0 0 0 0 0 0 0 0 0 1.2 0 0 0 0 0 0 0 0 0 0 0 0 0
0 0 0 0 0 0 0 0 0 0 0 0 0 0 11.6 0 0 0.2 0 0 0 0 1.2 0 0 0 7 0 0 0 0 0 0 0 0 0 0 0 0 0
0 0 5 0 4 0 0 0 2.4 0 0 0 0 0 0 0 0 0 0 0 0 0 3 0 0 0 0 0 0 0 0 0 0 0 0 0 0 2.6 0 0
3 0 1.2 0 1.2 0 12 0 0 0 3.6 0 5.6 0 0 0 0 0 3.6 0.8 0 0.4 0 0 0 0.2 0 0 0 0 0 0 0 0 0 0 0 0.4 0 0
0 0 6 0.2 8.2 3.8 8.8 0 0 10.8 0 0 25.6 0 0 9 0 11.2 5.2 0 0.2 0 0 0 0.2 0 0 0 0 0 0 0.2 0 0 21.2 0 0 0 0 0.4
0 0 0 0.2 0 0.2 1.8 0 0 4 0 0 0 0 1 0 0.6 0.6 0.2 0 0 0 0 0 0 0 0 0 0.4 0 0 0 3.4 0 0 0 3.6 0 0 0
3 0 0 0 0 7 0.2 0 0 5.2 0 0 8.8 0 0 2.2 2 0 23 0 5.2 0 0 0.2 0 0 0 0.2 3 0 0 0 1.6 0 0.4 0 1 4.8 0.2 0
0 0 0 1.2 0 0 0 0 0 0 0 4 0 3.8 4 0 0 0 0 0 0 0 0 0 0 0 0 0 0 0 0 0 0 0 0 0 0 0 0 0
0 6.8 1.4 0 0.2 0 0 0 0 0 0 0 0 0 0 0 0 1.4 0 0 0.2 11.8 0 0 0 0 0 0 0 0 0 0 0 0 0 0 0 0 0.2 0
0.2 0.8 0 0 7.4 0 0 0 9.6 0 0 2.2 3.4 15 0.4 0 0.2 12.2 0 0 1.8 8.4 0 0 0 0.8 0 0 0 0 0 0 8.8 6.8 0 0 0 0 0 0
0 0 0.6 0.2 4.6 0 0 0 0 0 0 3.2 0 0.2 0 0 0 11.2 14.8 0.4 0 0 0.8 0 0 12 6.2 8.8 2.4 0 0 0 5.6 0 0 0 0.2 5.8 0 0
0 6.4 0.2 0 0 0 0 0 0 0 0 0 0 0 0 0 0 1 0.2 0 0 0 0 0 0 0 0 0 0 0 0 0 0 0 0 0 0.2 0 6 4
0 0 0 0 0 0 0 0 0.2 0 0 0.6 0 0 0 0 0 0 0 0 0 0 12.2 0 0 0 0 0 0 0 0 0 0 0 0 0 0 0 0 0
0 1 0 0 1.2 0 1 0 0 0.4 0 0.4 7.8 1.4 0 0 0 0.2 1.4 0 0 0 0 0 0.2 0 3 0 0 7.6 0 6.4 0 0 0 0 0 0 0 0
0 0 3 0 0 0.2 7.2 9.6 0 9.4 0 0 0.4 0 0 5.2 0 0 0 0 0 0 0 0 0 15 0 0 0.8 0 0.6 0 0.2 13.2 0 5 0 0 0 0.2
2 1.4 0 0 0 0.4 0.6 0 0 0 0 0.2 0.4 0 0 0 0 3 0 0 0 0.8 0 8.6 0 0 7.8 0 0 0 0 0 6.4 0 0 0.8 3.4 0 0.2 0
0 0 14.2 0 0 0 6.8 0 1.6 0 0 0 0 0 0 0 0.2 0 0 0.2 21.8 0 0.6 4.4 0 0 0 8 0.2 0 0 0 7.6 4 10 6 14.4 0 0 0
0 0.4 0 0 0.2 0 0 0 0 0 0.2 2.6 0 0 0 0 0 0 0 0 0 0 0 0 0 0 0 0 0 0 0 0 0 0 0 0 0 0 15.8 9.8
0 0 0 0 4.4 0 0 0 0 0 0 0 0 0 0.2 0 0 0 0 0 0 0 0.4 0 0 0 0 0 0 0 0 0 0 0 0 0 0 0 0 0
0.6 0.2 0 0 0 0 0 0 0 0 0 0 3 0 0 0 0 0 0 0 0 0.2 0 0 0 0 0 0 7.6 3.4 0 0 0 0 0 0 0 0 0 0
0 1.8 0 0 0 0 0.2 0 0 0 0 0.4 0 0 0 0 0 0 0 0 0 0 0 0 0 0 5.8 7 0 0 0 0 0 0 0 0 0.8 0 0 0
0 0 0 0 0 0 0 0 0 0 0 0 0 0 0 0 0 0 0 0 0 0 0 0 0 0 3.2 0 0 0 0 0 0.8 0 0 0 0 0 0 0
6 0 3.6 3.2 0 0 0 0 0 10.4 0 0 0 0 0 0 13 0 0 0 0 0.2 0 0 0 7 0 0 0 0 0 0.8 0.4 0 0.4 3 0 4 0 0
1 1.4 0 0 0 0 1.4 0 0 0 0 0 0 0 0.2 0 0 0 0 0 0 8.2 0 0 8.2 29 0 0 0 0 0 0 0 0 0 0 0.4 0 0 1.2
10.4 0.2 0 0 7.6 0 0 0 0 0 0.2 0.2 0 0 0 0 3.4 20 0 0 0 0 0 17 0 0 0 0 0 0 0 2.6 0 0.2 0 0.2 0 0 0 0
0 0 1.4 0 1.4 0 0.4 0 0 0 0 0 0.6 0 0 0 0 0 0 0 0 0.2 0 0 0 0 0.2 0 0 0 0 0 20.8 0 0 0 4.6 0 1.4 0
0 0 0.6 0 0.8 0 0.2 0 4.8 0 0 0 0 0 0 0 0 0 0 0 0 0 0.2 0 0 0 0.2 0 0 0 0 0 0 0 0 0 0 0 2.2 0
0 2.2 0.2 0 0.2 10 0 1.2 0 0.2 10 0 0 34.8 0 0 0 8.2 0 9.6 11.8 0 0 0 0 19.2 0 0 0 1.2 0.8 0.2 7.2 0 0 0 0 0 0 0
15 14.2 0 0 0 7.8 1.2 3.4 0 0 0 0 0.2 0.4 0 0.2 5.6 13.2 14.6 0 1.2 0.2 0 0 7.2 15.4 0 0 0.2 0.2 6.6 0 0 8.8 0 18.6 0 10.8 0.2 7.8
1.4 0 0 0 0 0 0 0.2 0 6.2 8.8 0 0.4 0 0 0 0 0 2.4 0 0.2 0 5.8 2.2 7.8 10.6 0 2.4 0 0 0 0 0 5.6 0 5.2 0 10.2 2 13.6
4.8 0 4 0.4 1.4 7.4 0 0 4.2 0 0 6.4 0.4 0 0 0 4.4 13 0 0 1.4 0 0 8.8 0 0 0 0 0 0 0 0 0 0 5.8 0 0 13 6.6 0
0 0 0 3.8 7 0.8 0 0 0.2 17 7.8 6.8 6.2 0 0 0 2.6 8.4 2.2 28.4 0 0 0 0 7.6 0 0.2 0.2 0 15.2 0 0 10.4 0.2 0 0 0.2 0 0.8 6
0 0 0 0 0 0 0 0 0 0 2.8 0 0 16.4 0 0 0 0 7.2 0 0 0.6 0 0 0 0 0 0 0 0 0 0 0 0 0 0 0 0 0 0
0 0 0 0 0 0 0 0 0 0 0 3.8 0 0 0 0 0 0 0 0 0 0 0 0 0 0 0.2 0 0 0 0 0 0 0 0 0 0 0 0 0
5.8 0 0 0 0 0 0 0 0 0 0 0.2 0 0 0 0 0 0 0 0 0 0 0 0 0 0 0 0 4.6 0 0 0 5.4 0 0 0 0 0 4 0
0 5 0 0 0 2 0 0.6 0 5.6 3 0 0.8 0 0 0 0 0 0.4 0 0.2 0 0 0 10.4 0 0 0 0 0 0 0 0 0 0 10 0 0 0 0
20 1 0 0 0 20 9.2 20.6 0 15.6 0.4 0.2 0 1 6 12.8 4 17.6 9.8 0 12.4 0 0 7.2 0 16 17.8 0.2 2.2 0.8 9.4 0 20.2 22.8 14.6 5.8 0 0 0 0.4
0 0.6 5.4 0 0 0 4.6 0 0 0 0 0.2 0 0 0 0 0 0 0 0 0 0 0 0 0 0 0 0 0 0 0 0 0 0 0 0 0 0 0.2 0
0 2 0 0 0.2 0 0 0 0 0 0 0 0 0 0 0 0 0 0 0 0 0 0.2 0 0 0 0 0 2 0.6 0 5 0 0 0 0 0 0 0 0
0.4 0 0 0.2 0 1.2 21.6 3.6 0 10.2 10.8 6.2 0 0 0 13.4 0 11.6 0 0.6 14.4 4.4 0 0 2.6 0 7.8 0 8.8 7.2 8.2 5.2 18.6 3 0 19 0.2 1 0 13.8
0 0 3.6 10.4 0 10 14.8 15.8 0 20.2 0 0 0 0.8 0 16.6 0 0 11 0 18.8 0 0 0.2 0 4.2 0 0 0 0 8.8 7.4 0 0.2 0 0.2 0 0 0 0
0 0 0 0 0 0 0 0 7.2 0 0 0 0 0 1.4 0 0 0 0 0 0 0 0.2 0 0 0 2.4 0 0.8 0 0 0 0 0 0 0 0 0 0 0
0 0 0 0 0 0 0 0 7.8 0 0 0 0 0 0 0 0 0 0 0 0 0 0 0 0 0 0.6 2.4 0 0 0 0 0 0 0 0 0.2 0 0 0
0 0 0 0 0 4.8 0 0 0 0 1 0 2.6 0 0 0 0.2 0 0 0 0 0 0 0 0 0 0 0 0 0 0 0 3 0.4 0 0 0 0 0 0
0 0 0 0 0 0 0 0 14.8 0 0 0 0 0 1.8 0 0 0 0 0 0 0 0 0 0 0 0 0.8 0 0 0 0 0 0 0 0 13.6 0 0 0
0 4 0 8.8 0 0 0 0 0 0 0 0 0 0 0 0 0 0 0 0.2 0 0 0 0 0 0 0 0 0 0 0 0 0 0 0 0 0 0 0 0
0 0 8.4 0.8 0 12.4 11 0 0.2 0 0.2 0.4 25.4 8.6 18.2 8 0 0 0.6 0.2 0.6 0.6 0 0 0 0 5.2 1 0 0 10.4 0 0 0 14.4 0 0 7.6 0.6 18.2
0 0 4.2 0 0 0 0 0 0 0 0.4 0 0 0 0 0 3.4 4.2 0 0 0 0 0 10.4 0 0 0 0 4 0 0 0 0 0.4 0 0 0 0 0 0
0 0.2 0 0 0 0 0.8 1 0 0 0 0 0.2 3.4 0 3.2 0 0 7.2 0.2 0 0 0 0 3.6 0 0 0 0.4 5.6 0 0 0 0 0 0 0 0 0.6 5.6
0 0 0 0 0 0 3.8 0 0 0 0 0 0 0 0 0 0 0 0 0 0 0 0 0.2 0 0 0 0 0 0 0 0 0 0 0 0 0 0 0 0
0 0.2 0 0.4 0 0 17.4 0 0 10.2 0 0 3 0 0 3.4 0 0 17.4 0 0 13.2 0 0 0 0 0 0 0.6 11 0 0 4.6 0 0 0.4 0 0 0.2 0
22.4 0.2 0 15 0.2 21.4 0 0.6 4.4 7.2 0 0.4 1.2 0 0 19.6 0.4 0 0.2 0 0 0.2 4.4 28.4 0 0 0 0 0.2 0 5.8 0 36.8 0 0 14.6 0 0 0 4.4
0 0 0 0 0.4 3 0.6 0 0 0 0 0 0 10.8 0 10 0 0 0 7.4 0 0.8 0 4.4 13.2 0.2 0 0 0.2 0 0.4 0.4 0 0 0 0.2 0 5 1 0
0 5.4 0 0 0.8 7.4 0.4 0.6 0 0 17.4 2.8 6.4 16.8 3.8 10.4 0 9.4 0 0 2.2 12 0.4 5 18.2 0 0 0.6 0 0.4 5.4 29.2 0.2 0 17 0.2 0.6 0 2 0
0 3.4 0 0 0 0 13.6 0 0 0 0 0 0 0.2 0 0 0 0.2 0 0 0 0 0 23.8 0 0 3.8 0 6 0 2 0 8.4 0 0 0.6 0 0 17 0
0 12.8 0.6 20.6 5 0 0 0 0 0.8 0 7.8 0.4 0 0 5.8 5.6 0 1 0 6.4 0 0 0 0.2 8 0 0 0 6.6 6.2 13.8 0 0 15.2 0 0 0 0.2 0
0 0 1 0 12 0 0 0 0 0 0 0.2 0 0 10.8 0 0 0 0.4 0 0 0 23.8 0 8.4 0 1 0.6 4.6 0 0 0 0 0 0.2 0 1.2 6.8 0 0
0 0 0 4.2 0 0 0 0.8 0 0 0 0 0 16.8 9.2 0 8.2 7.8 0 0 0 0 0 0 0.4 6 0.8 0 0 0 0 0 0 0 0 0 0 0 7.6 5.2
0 0 0 15.8 0 0 0 0.4 0 0 0 0 0 0 0 0 0 0.2 27.4 0 0 0 0 0.4 5 17 0 0 0 15.4 0 0 8 0 0.4 0 0 0 0 0
0 0.2 0 9.6 0.4 0 0.4 0 0 12.6 26.2 5 9.2 3.6 0 0 0 0 0 0.8 0 0 0.2 0 0 0 1 0 0 18 2.2 0 0 0 8.8 4.2 0 11.4 7 26.2
0 0 0 0 0 0 0 0 0 0 0 0 0 0 0 0 0 0 0 0 0 0 0 0.6 0 0 5 0 0 0 0 0 13 0 0 0 0.4 0 0 0
0.6 0.6 0 14.4 0 19.2 5 2.6 0 16 0.4 1 0 0 3.6 0.4 0.4 0.4 0 0 24.6 0 0 2.2 5.4 0.4 5.6 0.8 14.2 0 0 0 0 0 6 25.4 0 0 0 0.8
0 0 0 0 0 0 0 0 0.2 0 0 0 0 0 0 0 0 0 0 0 0 0 0 0 0 0 0 0 0 0 0 0 0 0 0 0 7.6 0 0 0
14.4 0.2 11.6 0 2.6 7 0 0 2 15.6 0.8 7 0.8 0 0 15.8 0.2 16.4 0.4 0 33 0 16.8 19.4 9.2 9.2 0 0 10.8 2.6 18.2 0 0 8.6 0 2.2 0 4.2 0.2 4.8
0 0 0 0 0 0 0 0 0 0 0 0 0 0 0 0 4 0 0 0 0 0 0 0 0 0 0 0 0 0 0 0 0 0 0 0 0 0 0 0
0.2 0 8.4 0 0 0 0 8.4 0.8 0 1.2 0.4 0 12 0.4 0 0 0.6 13.8 9 9.6 0 0.2 0 0 0 4.6 0 0 0 0.2 34.6 4.8 7 0.4 0.2 0.2 0 0 12
0 0 0 0 0 0 0 0 0 0 0 4 0 0 0 0 0 0 0 0 0 0 0 0 0 0 0 0 0 0 0 0 0 0 0 0 0 2.8 0.2 0
0 0 0 6.2 0 9 0 4.6 0 1 5.4 0.2 0 2.6 0 0 0 0.6 0.4 0 0 0 0 0 3 16.2 0 0 0 0 0 0.4 0.2 0.2 10 3 0 0 0 2
8.2 0.2 0 12.8 9.2 10.4 0 21.4 0 31.6 0 0 0 0 0 0 0 2.6 0 6 13.6 0.2 0 0 9.8 0 0 0 0 42.2 0 0 0 0.2 6 0.4 0 0 0 28.2
0 0 0 0 0 0 0 0 0 0 0 0 0 0 4.8 0 0 0 0 0 0 0 0 0 0 0 0 0 0 0 0 0 0 0 0 0 6.2 0 0 0
0 0.2 0 0 1 0 0 0 0 0 0 0 0 0 0 0 0 0 0 0 0 0 0 0.2 0 3.6 0 0 0 0 0 0 0 0 0 0 0 0 0 0
0 0 0.4 0.4 0 0 0 6.6 0 17 0.4 0 7.4 0 0 6.6 0.6 18.2 0 16 0.2 0 0 0 3 0.2 0 5 0 0 9.2 0 4.6 0 18 0.2 0 0 0 0
0.4 0 0 0 0.2 0 0 0 0 0 0 0 0.2 0 0 0.6 4.8 0 0 31.6 0 0 0 0.2 16.2 0 0 0 0 23.6 0 0 0 0 0 0 0 0 0 18.2
0.2 0 0 0 0 3 0 14.2 0 27 3.2 0 0 0 0 5.6 0 0 0 10.4 1.2 0 3 0 27 14.6 0 0 6.4 5.2 0 0 2.8 3.4 12.8 8.6 11.2 0 0.2 0
5 0 0 14.8 0 0 15 0 0 10.6 0.4 0 10.6 0 0 13.8 7.4 0 0 0 0 0 0 0.4 0 0 0 0.2 0 0 0 0 13.6 0 0 0.8 5 0 1.4 0
9 1.6 0.4 6.8 1.4 0 0.2 6.4 4 0 0 0 0 0 1.6 0 0 0 0 0 0 0.4 0 0 0 0 0 0 0 0 0 0 0 0 0 0 0.2 0 0 0
0 0 0 0 8 0 0 0 0 0 0 0 2.4 0 0 0 0 0 0 0 0 0 0 0 6.8 0 0 0.2 0 0 0 5.2 0 0.2 0 0 0 2.2 0 0
0 0 0 0 0 0 0 0 0 0 0 0 0 0 4 0 0 0 0 0 0 0 0 0 0 0 0 0 0 0 0 0 0 0 0 0 0 0 0 0
0 0 0 0 11.6 0 0 0.2 0.6 0.2 0 0 15 1.4 1 0 0 0.4 4.2 7.6 17.8 3.6 0 0 0.8 8.2 1.2 0 0.6 3.4 0.2 1.8 4.2 0.6 9.2 0 0.2 0 0 0
0 0 0 0 0 0 0 0 0 0 0 1.4 0 0 1.6 0 0 0 0 0 0 0 0 0 0 0 0 0 0 0 0 0 0 0 0 0 10 0 0 0
0 0 0.4 0 0 9 0.2 0 0 1.8 0 0 0 0 3.6 6.6 0 0 0 0 6.8 23.4 0 4.2 0 0 0.4 0 0 0 3 0 15.2 0 0 0.2 0 0 0.2 0
0 0 0 0 0 0 0 0 0 0 0.4 0 0 0.4 1 0 0 9.6 0 0.2 0.4 0 0 0 11.2 0.2 0 0 0 0 0 0 0 0 0.8 0 2.6 12.6 0 7.6
0 0 0 0 5.2 0 0.4 0 3 0 0 0 0 1 1.4 0 0 0 0 0 0 0 0 0 0 0 0 0 0 4.4 0 0 0 0 0 0 0.6 0 0 0
0 0.4 0 0 0 0 1 0 0 0 0 0 0 0 0 0 0 4.2 0 0 0 0 0 25 0 0 0 0 12.2 0.4 0 4.8 0 0 0 0 0 0 0 0
0 0.8 0 0 1.8 0 0.2 0 1.4 0 0 0 0 0.4 0 0 0 0 0 0 0 0 1 23 0 0 0 0 0 0 0 0 0 0 0 0 28.4 0 0 0
0 0 0 10.8 0 0.4 0 0.4 0 0 0 0 0 12.6 0 3 0 0.2 0 0.4 0 0 0 0 12.4 0 0 0 0 17.4 0 10.4 0 0 0 0 0 0 0 0
0.2 1.8 0 0.2 0 2.4 0 4.8 0 0 0 0 1 0.6 0 0 2.6 0 0.2 0 5.6 0.6 0 0 8 18.8 0 0 0 16.4 0 0 0 9.6 0 5.2 0 0 0 0
4.8 0 3.8 5.4 0 0 0 0 10.8 11 13 0 0 5.4 0.4 0.8 2.6 0 0 10.6 0.8 0 0 9.4 0 0.2 2.4 0.8 0 0.2 0 8.8 0 0 16.4 0 6.4 0 0.6 0.4
3.8 18.4 0 22.2 0 4.2 0 6.2 0 0 0 0 15.8 12.6 0 0 6.6 0 0 10.8 0.2 0 4 0 1.6 2.8 7.8 0 4 0 9 0.2 9.8 0 0.2 0 0.2 0 0 4.6
0 0 0 0 0.2 0 0 0 0 0 0 0 0 0 0 0.6 0 0 0 0 0 6.2 0 0 0.4 0 4 0 4 3.6 0 0 0 2 0 0.2 5.8 0 0 0
2.8 0 9.8 0 0.2 3 0 8.2 0 7.6 0.2 0 0 3.8 0 0 0 0 12 0.6 0.2 0.2 0 0 3.2 5.6 0 0 0 0 0 0 0 0 1 0 0 1.2 0.4 0
0 0 0 0 0 0 0 1.2 25 0 8 0 0 0 0 0 0 0 0 0 0 0 0 3 3 0 0 0 0 0 0 0 0 0 0 0 0 0 0 0.8
0 0.2 0.8 0.2 0 6.8 27 0 0 0 0 0 0 0.2 5.4 0 0 0 0 0 40.8 13.6 0 13.2 0 0 5.6 0 0 0 3.6 0 18.6 0 0 0 0 0 0 0
0 0 0 0 3.8 0 0 0 1.2 0 0 0 0 0.8 0 0 0 0 0 0 0 5 0 0 0 0 0 0 0 0 0 0.2 0 0 0 0 0 0 0 0
0.2 0 0 0 22.6 4.8 0.2 10 17.4 0 23 0 1 0.2 0 0 5.8 28 9.8 9 0.2 4.8 11.6 0 0 0 1.8 7.8 0 1.6 3.8 10.8 0 0 12 0 0 7.2 11.2 2.2
0 0 0 0 0 0 0 0 0 0 0 0 0 0 0 0 0 0 0 0 0 0 0 0 0 0 2.2 0 0 0 0 0 0 0 0 0 1.8 0 0 0
0 0 2.8 0 0 0 0 0 0 1.6 6.2 0 2.8 0 0 0 0 13.4 0 0 0 0 3.2 0.8 0 0.4 0 0 0 0 0 0 4 6.8 2.2 0 0 0 0 0.8
0 10.6 0 0 1.4 0 0 0 0 0 0 0 0 0 0 0 0 0 0 0 0 0 0 0 0 0 3 0 0 0 0 0 0 0 0 0 0 0 0 0
0.2 0 0 7.2 4.2 0 0 0 0 0 3.8 0 0 0 3 0 0.6 0 0 4.2 0 0 0 0 3.8 0 0 0 0 8.2 0 0.4 0 0 0.4 0 0 0 0 0
3 6.6 0 0 0.2 0 0 0 4 0 11 1 0 0 0 0 9.2 0 14.4 15.8 7.4 0 0 0 11.2 9.6 0 0 0 10.6 3 0.8 0 0 0 8.2 0 0 0 0
0 0 0.2 0 0 0 0 0 0 9.2 1 0 0 0 0 0 0 0 0 0 0 0 0 0 0.2 0 0 0 0 2.4 0 3.4 0 0 0 0 0 0 7.6 0
0 0 0 0 0 0 0 0 4 0 0 0 0 0 0 0 0 0 0 0 0 0 0 0 0 0 6 0 5 0 0 0 0 0 0 0 0 0 0 0
0 0 4.8 0 0 0.4 0 9 11 0 9.4 18 0.2 0 0 1 0.4 10.6 3.8 12 0.4 0 0.2 0 0.4 0 0 8 0 0.2 0 10.4 0 0 0.4 0 0.6 0.2 5.2 6.4
25.4 5.4 3.4 23.4 11.8 0.2 0 0 0 0 6.8 0.2 19.4 24.4 0 3 0 1.6 2.4 8.2 1.8 12.4 16.8 0 1.6 0 0 0 0 0 1.4 0 0 5.8 0 0 0 0 0 5.6
0 0 1.6 0 8.2 0 0 0 0.2 7.4 9.8 0.4 0.2 8.2 10.4 0 0 0 0 10.6 0 12.6 8.8 0.8 0 0 0 1.8 0 0.2 0 0 24 0 22.4 2.6 0 3.8 0 0
0 0 20.2 0 10.8 0 0.8 1.4 15 12 24 0 6.2 0 0 0 0 2.4 0 15.6 2.2 0.2 1 0 0 0 0 0 7.6 0 0 0 0 0 3 0 0.6 0.2 21.2 4.6
9.6 0.2 0 8.4 0.4 0.8 0 7.4 0 0 0 7 4.4 23.4 0 7.2 0 0 0 0 2.4 0.2 0 1.2 0 0 0 0.2 0 0 7.6 0 0 11.4 3 2.2 0 0 0 0
0.6 0 0 0.4 0 0 10 4.8 0 0 0 0 0 0.6 0 0 0 27.4 5.4 0 18.6 0 0.2 11 0 0 6 0 0 0 0 0 13.8 2 0 0 0 0 0.2 0
0 0 0.4 0 0 0 7.2 0 0 0.2 0 0 0 0 0 0 0 0 0 0 0 0 0 0 0 0 0 0 0 0 0 0 6 0 0 0 0.2 0 0 0
0 0 4.6 0 8.8 0 2 0 0 0 0 0 0 0 0 0 0 0 0 0 0 0 0 0 0 0 0 0 0 0 0 0 3.2 0 0 0 0 0 0.4 0
0 2.4 0 0 0 0 0 0 0 0 0 0 0 0 0.2 0 0 0 26 0 0 0 0 0 0.2 0 0 0 0.2 24.4 0 0 0 0 0 0 0.6 0 0 0
0 0 0 0 0 0 0 0 0 0 0 0 0 0 0.4 0 0 0 0 0 0 0 0 0 0 0 11.6 0 0 0 0 0 0 0 0 0 12 0 0 0
0.2 0 0 0 0 0 0 0 0 0 0 0 0 0.4 0 0 0 16.4 0 0 0 18.2 0 0 0 0 0 0 0 0 0 0 0 0 0 3 0 0 0 4.8
0 0 0 0 0 0 0 0 0.2 0 0 0 0 0 19.2 0 0 0 0 0 0 0 0 0 0 0 8.6 0 0 0 0 0 0 0 0 0 1 0 0 0
0 0.4 0 0 0 0 0 0 15 0 16.4 0 0 0.2 14.8 0 0 7.2 0.2 22.4 0 0 0 3.6 7.4 3 0 1.2 5.6 9 0 0 0 0.6 7.4 0 0.2 10 0.6 23.8
0 0 0 0 0 0 0 0 7.6 0 0 0 0 0 0 0 0 0.2 0 0 0 0 0 0.6 0 0 5 0 0 0 0 0 0 0 0 0 10.6 0 0 0
0 0 0 0 0 0 0 0 0 0 0 0 0 0 0.4 0 0 0 0 0 0 0 0 0 0 0 1.4 0 2.2 0 0 0 0 0 0 0 0 0 0 0
0 0 8 0 0 1.2 0 0 0 0 0 0 0 0 0 3 0 0 0 0 0 0 0 0 0 0 0 0 0 0 0 0 19.6 0 0 0 9.2 0 0 0
0 0 0 0 0 0 0 0 0 0 0 0 0 0 0 0 0 0 0 0 0 0 0 0 0 5.2 0 10 0 6.2 0 20.6 0 0 0 0 0 0 0 0
0 0 0 0 0 0 10.2 0 4 0 0 0 0 0 0 0 0 0 0.6 0 0 0 0 0 0 0 0 0 0 0 0 0 0.2 0 0 0 0 0 0 0
0 0 0 0 2 0 0.6 0 0 0 0 6 5.2 0 0 0 0 0 0 0 0 16 9 0 0 0 0 0 0 22 0 0.8 0 0 0 0 0 6.4 0 0
3.2 0 0 0 0.4 0 0.4 0 0 0 0 0 4.2 1 0 6 0 0 0 0 0 0 0.6 0.2 4.4 8.8 0 0 0 0.2 7.8 1.6 1.2 3.8 0 0 0 3.4 0 3.8
0 0 0 0 0 0 0 0 0 0 0 0 0 0 0 0 0 0 0 0 0 0 0 0 0 0 10.4 0 0 0 0 0 0 0 0 0 0.6 0 0 0
2.6 15.2 0 0 0 15.2 2 0 0 0 5 3.8 18 0 2.8 0 0 0 34 0 13 8 0 13.2 0 1.2 0 0 0 0 7.2 0.2 0.6 0.2 4.6 0.2 0 0 9.2 0.8
0 0 0 0 0.2 0 0 0 0.2 0 0 7.4 0 0 3.2 0 0 0 0 0 0 0 0 0 0 0 0 0 0 0 0 0 0 0 0 0 6 0 0 0
0 0 10 0 13 0 0 0 1.2 0 0 0 0 0 0 0 0 0 0 0 0 0 5 0 0 0 0 0 0.2 0 0 0 0 0 0 0 1.4 0.2 0 0
7.2 0 0 0 0 2.2 0 0 0 0 0 0 0 0 0 0 0 0.2 0 0 0 0 0 0 0 0 0 0 0 0 0 0 0 0 0 5.4 0 0 0 0
16.8 1 0 0.6 0.6 13.6 0 0 0.6 0 0 0.4 4 0 3 0 0 0 0 0 0 2.8 0.6 6 0 0 0 0 0 0 0 0 0 0 0 0 0 0 0 0
11.8 0 0 0 4 0 0 0 0 0 0 0 0 0.2 0 0 0 0 0 0 0 0.8 0 0 3.2 0 0 0 0 0 0 0 0 0 0 0 0 0 0 0
0 0 0 0 0 0 0 0 4 0 0 0 0 0 12.6 0 0 0 0 0 0 0 0 0 0 0 0 0 0 0 0 0 0 0.2 0 0 3.2 0 0 0
4.8 0 0 17.2 0 0 0 0 6.6 0 0 0 0 0 0.4 0 0 0 2.2 1.4 0 0 0 0 8.2 0 0 0 0 20.2 0 0 0 0 0 0 0 0 0 0
14.4 0 0 0 0 0 0 0 0 0 0 0 1 0 0 0 0 0 18.2 0.2 0.6 0 0 0 0.2 0 0 0 0 6.4 0 0 0 0 0 0 0 0 0 0
34.8 0 7 0 0 5.2 0 0 3.8 0 0 0 3.2 0 0 0 0 0 0 0 0.2 0 0 0 0 0 5 0 0.2 0 0 0.6 0 0 0 0 0 0 0 0
0 0 1 0.2 0 0 0.6 0 0 18.8 13.4 0 24.4 0 0 4.4 12.2 0.2 19.6 0 0 3.2 0.2 0 0.2 19 0 0 0 9 1.8 0 2.4 0 0.4 15 5 10 0 0
9.2 3.8 0 0.6 0 7 14.4 0.6 0 0 3.8 0.2 2.2 0 0 0 0.4 14.2 0.2 0 14.2 1.6 0 11.4 0 0.6 0.4 0.2 2.2 0 18.4 0 33.2 9.2 0 0 0 0 0 0
9.6 0 0 0 0 0 0 0 0 0 0 0 0 0 0 0 0 0 0 0 0.4 0.2 0 0 0 0 0 0 0 0 0 0 0 0 0 9.8 0 0 0 0
0 0 0 0 0 0 0 0 4 0 0 0 0 0 0 0 0 8.4 0 0 0 0 0 0 0 0 0 0 0.2 0 0 0 0 0 0 0 7.4 0 0 0
9.4 0 0 0.2 0 0.8 0 0 0 0 0 0 0 0 5 0 0 0 14.4 0 0 0 0 0 0 0.2 0 0 0 0 0 0 0 0 0 0 3 0 0 0
13.8 0 2 23.4 8.4 1 1.4 7.6 0 27 11.6 0 11.4 0 0 12.4 0 8.2 0.2 0 2.4 0.2 0 0.4 2.2 0.6 0.2 10.2 0 0 14.2 0 10.4 2.4 12.2 0.8 0 0 19.2 27.2
0.2 0 0 0 5.2 5.8 0 7.2 3 0 6.8 0 0 0.2 7 10.8 0.2 24.6 0 14.4 6.2 8.4 0 0 8.6 0 0 0 0 12.4 0 0 0 25.4 0.4 2.2 0 0 0 0
8.8 6.8 0 15.2 3.8 0 0.4 0 0 0 0 0.8 7.8 0 0 0 0.2 0.2 10 0 0.4 5.4 2.6 0 0 11.4 0 3 4.4 0 1.6 0 0 0.4 0.2 0 0.2 0 0.2 9.2
0 0 0 0 3.6 0 13 0 6 4.4 0.4 0 0 0 0 0 0 0 0 20 0 0 0 0 10.8 0 0 0 0 0 0 0 0 0.2 0 0 0 0 0 23.6
0.6 0 0 0 0 0 0 0 0 0 0 0 0 0 0 0 0 8.4 0 1 0 0 0 3 0 0 0 0 0 0.4 0 4.6 0 0 0 0 0 0 0 0
0 0 0 2.8 0 0 0 0 2 0 2.8 3 0 7.8 0 0 0 0 0 16.6 0 0 0 0 0 0 0 0 0 11.8 0 0 0 0.2 0 0 0 0 0 0
0.2 0 0 0 0 0 0 0 5.4 0 0 0 0 0 1.8 0 0 0 0 0 0 0 0 0 0 0 4.6 0 0 0 0 0 0 0 0 0 0 0 0 0
3.2 0 0.4 13.6 0 0 0 0 0 4.2 0 25.2 0 0.2 0 1.6 0 0 5.2 0 1.6 0.2 0.6 8 0.2 0 0 14.6 0 11.8 0.2 0 0 18.4 0 0 0 7.6 0 18.2
0 0 0 0 0 0 5.4 0 0 0 0 0 0 0 0 0 0 0 0 0 0 0 0 2.8 0 0 0 0 0.2 0 0 0 3.2 0 0 11.4 0 0 0 0
12 0.2 0 0.6 5.8 0 0.2 4.2 0 3 0.2 1 9 21.6 0 0 0 0 0 0 0.2 0 0 20 37 0 0 0.2 10 0 0.8 13.6 0 0 0 26 3.4 0 3 0
4 0 0.2 0 0.2 9.4 3.4 0 0 0 0 0 0 1 13.2 0 0.2 0.2 0 0 0 0 0.2 7.2 0 0 8 0 0 0 0 0.2 0 0 0 0 0 0 11.6 0
11.8 0 0 0 0.8 0.2 4.6 17.2 0 27.4 16.4 2.4 0 0 2.2 0 0 5.8 0 18.2 0 0 0 0 28.6 0.2 0 0 0 0 0 21.8 3.4 0 13.2 3 0.4 0.4 15.6 7.2
0 0 3.8 0 0.2 0 0.2 0 4.6 0 0 0 0 0 0 0 0 0 0 0 0 0 0.6 0 0 0 3 0 0 0 0 0 0 0 0 0 0 0 0.6 0
0 2.2 14 0.2 0 0 0 0 0 0.4 0 0 0.4 8.8 0 0 0 8 0 19.8 0 11.4 4.8 0 16.8 0 0 0.6 0 0.8 0.2 0 0 0 0 0 0 0 0.4 4.2
0 0.2 0 0 0 0 0 0 11 0 10.8 0 0 0 10.2 0 0 4.2 0 7.4 0 0 6.2 0 9.6 7.8 0 0 16.4 0 0 0.2 0 0.4 0.6 0 0 0 0 0
5.4 0 3.2 15.2 0 17.4 21.2 0 0 20 0.2 0.2 20 0 7.6 13.8 5 17.2 4.6 0.2 13.8 0 0 6 0 0.4 0 0 0 0 18.6 0 40.6 12.8 0 33.8 0 0 1 6.8
0.2 0.2 0 3.2 0 0 0.2 0 0 0 0.2 0 0 3.6 0 0 0 0.2 36.4 0 0 0 0 0 0 0 0 0 7.4 0 0 0 4 0 3 12.4 0 0 0 0
0 6.2 2.6 0 0 0 11.8 0 0 10.6 0.2 0 0 9 0 0 0 4.8 0 0 0.2 0.4 1.2 0 0 0 0 0 0 0 0 0 0 0 0 0 0 0 0 0
0 0 0.8 0 0.2 0 8.6 0 0 0 0 0 0 0 0 0 0 0 0 0 0 0 0 0 0 0 0 0 0 0 0 0 11.6 0 0 4.4 0 0 8.4 0
0.2 0 0.2 0 2.2 0 0 0 0 0 0 0.2 0 9.6 9.6 0.2 3 2.4 13.6 0 0 0 0 0 8.2 0 2 0 0 18.6 1.4 0 0 0 0 4.4 1.2 0.2 0 2.8
0 0.4 4.2 0.8 0 0 0 2.4 0 17.6 0 0 0 0.6 0 0 0 0 27.2 0.2 1 0 0.4 0 37.6 0 0 0 0 27.2 0 0 9.6 15.4 0 0.2 0 0 0 0
17.4 8.8 0.4 0 0.4 10 0 8 0.2 0 0 0.4 0 0 0 15.4 0 10 0.2 0 31.8 0 8 4.6 3 0 0.4 0 0.6 0 0.8 4.4 5.2 0 9 38.6 8.2 0 0 5
0 0.2 0 0 0 0 0 0 0 0 0 0 0 0 15.4 0 0 0 0 0 0 0 0 0 0 0 0 0 0 0 0 0 0 0 0 0 2.4 0 0 0
0 0.2 0 1.2 3.6 0 13 8.6 1.4 0.4 0 6 0 0 4 0 0 0 0 0 11.4 5.8 5 0 0 0.2 2 0 0.2 6 1.4 0 0 0.2 3.6 0 0 0 0.2 9.6
0 0 12.6 0 13.6 0 1 0 0 0 0 0 0 0.2 0 0 0 0 0 0 0 6.2 0 0 0 4.2 0 0 0 0 0 3 0 0 0 0 0 0 0.2 0
0 0 0 0 10.2 0 17 0 0 0 0 0 0 0 0 0 0 0 0.6 0 0 0 0 4.8 0 0 0 0 0 0.2 0 0.2 22.8 0 0 0 0 0 0.2 0
0 0 0 0 0 0 0 0 0 0 0 0 0 0 10.2 0 0 0 0 0 0 0 0 0 0 0 8.4 0 0 0 3.8 0 0 0 0.2 0 6.4 0 0 0
22.8 0 2.2 0 0.2 21.6 0 13.6 3 26.4 20.2 0.4 0 0 0.4 24.4 2 15.6 0 0.6 12.8 0.2 0 1.4 5.4 0.2 0 8 0 0 16.2 10.2 0 7.6 31.4 13.4 0 4.2 0 8.6
21.8 5 8.8 0 0 3 0 0 0 9.4 0.2 0 15 0 0 6.6 0 0.2 5 25.8 0 0 1 0.2 10 22.2 0 0.4 0 15.4 0.2 27.6 5.8 0 8.4 0 1.2 0 3 14.8
16 11.4 0 31 0.2 0 0 2.8 0 0.2 0 0 0 16 5.4 12.4 0 9.8 0 0.4 17.6 0.4 4 0 0 19.6 0 1 5.4 0.2 0 14.2 7.6 0 0 0 0 0 9.4 0
0.4 0 0 0 0 0 0 0 2.2 0 0 0 0 0 8.6 0 0 0 0 0 0 0 0 0 0 0 0.2 0 14.8 0 0 0 0 0 0 0 1.8 0 0 0
1.6 0 0 0 0 0.8 0.2 0 6.8 0 18.8 0 0 4.2 0 0 0 0.2 1.4 34.2 0.2 0 0 0 16.2 0 0 0 0 12.2 2.2 20 0 0.2 16.4 0 8.8 5.4 0 4.2
0 0 0 0 0 0 0 0 0 0 0 0 0 0 14.8 0 0 0 0 0 0 0 0 0 0 0 0.2 0 0 0 0 0 0 0 0 0 4 0 0 0
0 17.4 0 9.6 0 0.2 0 0 0 0 0 0 0 0 0 0 0 8 6.8 0 0 0 0 0 0 0.2 0 0.2 0 0 0 5.6 0 0 0 0 0 4 0 0
0 0 0 0 0 0 0 0 0 0 0 0 0 5 0 0 0 15 0 0 0.2 0 4 0 1.4 0 0 0 0 1.2 0 0 0 0 0.2 0 0 0 0 0
0 1.2 0 0 1.2 0 0 0 8.4 0 0 0 0 0.2 0 0 0 0 0.2 0 0 0 9.8 0.8 0 0.4 0 0 3.4 0 0 0 0 0 0 0 5.8 0 5.6 0
0 0 0 0 0 0 0 0 6.6 0 0 1.2 0 0 0.2 0 0 0 0 0 0 0 0 0 0 0 0 0 1.4 0 0 0 0 0 0 0 0.6 0 0 0
3.2 0 0 0 0 0 0 0 0 0.2 0 0 0 0 0 0 0 0 4.6 0 0 0 0 0 0.2 0 0 0 0 0 0 0 0 0 0 0 9 4.8 0 0
17 0 20 2.2 10.2 5.6 0.2 30 0 25.8 7.2 0 9.4 0 3 52.8 0 13.8 7 0 9 13.2 15 0 0 0.2 0 0 0 0 6.6 0 20 0 58.2 10.8 16.2 15.6 0 0
13.4 0 8 0.2 0 32.6 4.4 0 0 6.4 0.2 0 12.2 16.6 0 27.2 6 0 0 0 0.2 2.2 0 5.4 0 21.2 0 0 10.6 0 0 1 0 18.4 0.6 25 0 0.6 0 11.6
0 0 0 0 0 0 0 0 0 0 0 0.6 0 0 3.8 0 0 0 0 0 0 0 0 0 0 0 10.6 0 0 0 0 0 0 0 0 0 0 0 0 0
0 6.8 0 0.2 1.4 0 1.4 0 0 0 0 0 0 0 0 0 0 0 0 0 0 0.2 0 0 16.6 0 0 0 0.4 0 0 0 0 0 0 0 0 0 0 0
0 0 0 0 5 0 0 0 0.2 0 0 0 0 0 9.6 0 0 0 0 0.2 0 0 0 0 0 0 0 0 0.2 16.8 0 0 0 0 5 0 0 0 0 0
8 0.4 0 0 0.2 1.6 0 0 0 0 0 0 0 0 0 0 0 6.2 0 0 0 11.6 0.2 6 0 6.8 0 0 0.4 0 0 0 0 0.4 0 0 0 0 0 0.2
7.4 0 3 0 13.2 14.6 0.2 0 0 0 0 0 0 0 0 0 0 0 0 0 0 0 0.8 11.6 0 0 4 0 0 0 4 0 0 0 0 0 4.8 0.4 0 0
0 0 0.4 0 0 0 2.2 0 4.6 0 0 0.2 0 0 4 0 0 0 0 0 0 0 0 0.4 0 0 14 0 2.8 0 0 0 0.2 0 0 0 0.4 0 15.8 0
0 0 0 0 7 0 0 0 0 0 0 0 0 0 0 0 0 0 0 0 0 0 0 0.2 0 3.6 0 0 0 3.2 0 0 0 0 0 0 12 0 0 0
14.8 0 0 0 5 0 5.4 0 0 0 0.6 1 0 0 15 0.2 0 9.4 1.2 0 21 0.6 0 0 5.8 0 0 0 4.8 0 0.4 0.2 0 7.4 0 9.8 4.2 0 0.2 0
0.4 0 0 0 0 0 0 0 0 0 0 0 0 10.4 0 3.4 0 8.8 0.2 12.6 0 0 0 0 17.8 12.8 0 0 0 15 0 0.6 0 0 0 0 0 0 0 0
0 0 0 0 0 0 0 0 0 0 0 0 0 0 0 0 0 0 0 0 0 0 0 0 0 0 0 0 0 0 0 0 0 0 0 0 22 0 0 0
0 0 0 0 0 0 0 0 6.2 0 0 0 0 0 0 0 0 0 0 0 0 0 0 0 0 0 5.8 4 0 0 0 0 0 0 0 0 15 0 0 0
0 0 0.8 15.8 0 12.4 19.2 10.2 0 24.6 0 0 0.2 12.6 1.8 9.4 6 2.8 34.4 26.4 25.8 0.4 6.4 0.2 13.2 0.4 3.4 5.6 8.6 0.4 9.2 18.6 0.2 0 0 19.6 0 0 0 22.4
4 0.2 0 0.8 14.6 0 0 0 0 0 0 0 0 0 0.2 0 3.4 7.4 0 0 0 0 0 0 0.2 0 0 0 2 2.6 0 0 0 1.6 0 0 5 0 0 3
0 0 0 0 0 0 0 0 5.8 0 0 0.2 0 0 0 0 0 0 0 0 0 0 0 0 0 0 0 0 0 0 0 0 0 0 0 0 0 0 0 0
0 0 0.8 0 0 0 16.6 0 0 0 0 0 0 0 0 0 0 0 0 0 0 0 0 14.2 0 0 0 0 0 0 0 0 18 0 0 0 0 0 10.4 0
0 0 0 0 0 0 0 0 0 0 0 0 0 0 0 0 0 0 0 0 0 0 0.2 14.4 0 0 3 0 0 0 0 0.4 0 0 0 0 0 0 0 0
0 0 19.4 0 0 0 16.2 0 0 0 0 0 0 0 0 0 0 0 0 0 0 0 0.2 0 0 0 0 0 0 0 0.8 0 7.4 0.2 0 0 0 0.2 1.6 0
17.2 0 4.2 0 5.6 12.4 14.6 0 0 30.6 5.4 6.8 0 2.8 0 18.8 0.6 1.4 10.6 0 31.8 13.8 0 1.4 0 0.8 0 0 0.2 0 9.6 0 8.6 8.6 13.4 40.6 18.2 0 0 0
0.4 0 0.6 0 0 11 0.4 7.2 0 10 0 2.2 15.4 0 13.8 8 20.8 17.6 0 0 0 0 0 0 0.2 0 0.6 0 0 0 3 0 6.8 0 0 0 2.4 0 2.6 0
0 0 0 0.4 1.4 22.2 0 15.2 0 10.6 11.4 7.8 1.8 0.2 0 0 0 9.6 0.4 29.2 12.4 0.2 0 0 12.6 27.2 0 0.2 0 6.2 0.2 10.2 0 6.2 23 0 0 8.6 6.2 2.6
0 0 1.4 0 0 0 0.2 0 0 0.6 0 0 0 0 0 0 0 0 0 0 0 0 0 0 0 0 0.2 0 0 0 0 0 11.8 0.6 0 0 0 0 0.2 0
0 0 0 0 0 0 0 0 0 0 0 0 0 0 0 0 0 0 0 0 0 0 0.4 13 0 0 3 4 0 0 0 0 0 0 0 0 0 0 8.6 0
0 0 0 0 0 0 0 0 10 0 0 0 0 0 22.8 0 0 0 0 0 0 0 0 0 0 0 13.4 2.6 3.4 0 0 4 0 0 8.6 0 3.8 2.2 0 3.2
0 8.6 0 0 0 0 0 0 0 0 0 0 0 0 0 0 0 0 0 0 0 0.2 0 0 0 0 4 0 0 0 0 0 0.2 0 0 1 1.8 0 0.2 0
0 0.2 0 0.2 0 18.2 0 0 0 0 0.2 0 0 0 0 5.6 4.4 0.6 0 0 0 24.6 0 8 0 0.4 0 0 0 0 0 0 0 20 0 2.4 0 0 0.2 0
0 0 0 0 0 0 0 0 0 0 0 0 0 0 8.6 0 0 4.2 0 0 0.8 0 0 0 0 0 0 0 7.8 0 0 0 0 0 0 0 11.6 0 0 0
0 0 0 0 3.6 0 0 0.2 0 0 0 0 0 0 0 0 0 0 0 0 0 0 1.8 0 0 0 0 0 0.2 0 0 0 0.2 0 0 0 6.8 0 0.2 0
0 0 0 0 1.4 1 1 0.6 0 0 0 0 0 0.6 2.4 0 0 2.6 2.2 0.6 0 2.4 11.8 12 0 1.4 5.6 0 4 0 0.2 0 2.2 0 0 0 0 0 0 3
0 0 0 0 0 0 0 0 3 0 0 0 0 0 0 0 0 0 0 0 0 0 0 0 0 0 0 0 0 0 0 0 0 0 0 0 0 0 0 0
0 3.2 0.6 0 0 8.8 0.4 0 0 0 0 0 0 3.6 0 0.6 1 6.2 0.2 0 0.8 18.8 0 0 0 13.4 0 8.6 2.4 0 0 0 4.6 3.4 0 0 0 0.4 14 0
0 0 0 0 0 0 0 0 13.8 0 0 0 0 0 0 0 0 0 0 0 0 0 0 0 0 0 0 0 6.2 0 0 0 0 0 0 0 0 0 0 0
0.2 0 3.6 0 5.6 0 0 0 3.8 0 0 0 0.2 0 0 0 1.2 0 0 0 0 0 5.6 5 0 0 0 0.6 0 0 0 0.2 3 0 0 0 0 7 0 0
29.8 1.2 29.6 24.4 0 8.4 4.6 22.2 8.2 29.2 13.4 0 20.4 0.2 4.4 35.8 13 0 26.2 16 23.2 0 12 3.8 34.8 0 0 0 0.4 26 7.4 0 10.8 13.8 19.4 13.6 14.8 7.6 14.4 5
0 0 0 0 0 0 0 0 6.8 0 0 4.8 0 0 1.8 0 0 0 0 0 0 0 0 0 0 0 22.6 0 0.6 0 0 0 0 0 0 0 22.4 0 0 0
0 0 0 30.2 0 0 0 7.4 0 0 21.8 0 0 0 0 2.2 0 7.2 0 7.4 0.4 0 0 0 22.6 32 0 0 0 0 0 22.2 0 6.4 14.2 0 0 0 0 19
10.4 1 0 0 1.4 6.8 8.2 0 0 8.4 0 0 1.4 0 0 10.4 0 8.8 13.8 0 6.4 9.8 0 12.6 0 0 0 5.6 6.4 0.2 0 0.8 0.2 0 1.2 0 0 0 0.2 0
0 0 5.6 0.6 2.8 0 2.2 9.8 0 3.6 7.4 0 2.2 0 0 0 0 0 5.6 3.8 13.2 8.8 0 0 7 0.6 1.6 3.6 0 26 0 0 0 0.2 11.2 0 13 0 17 5.2
6.8 0.2 0.2 7.4 13.8 4.6 0.8 1 0 10.2 0 0.4 7.4 5.6 0 0 0 4.8 1.6 0 0.2 2 11 0 0.4 0 0.4 0 16.2 0 0 4.6 10.6 0 15.2 2.4 1.8 0 9.4 0
0 0 0 20.4 0 0 0 12.4 0 0.2 0 6 0 28.6 0 2 0.4 13.2 0 0 1.4 0 5.8 2 5 0 0 3 0 9.2 10.8 0.6 15.4 0.8 0 11.8 0 0.2 5.8 0
0.4 0.4 0 3 0 15.8 17.4 0.6 0 24.8 7.2 0 22.2 0.2 0 11.8 0 0 17.6 0.4 34.4 22.2 9.4 3 0 0.2 0 0 1.8 0 8.6 0 3.6 2.8 59 13.4 0 0 0 30.8
0 0 3.8 1.6 10.6 0 0 1.6 7.4 0 0 0 0 4.8 5.8 0 2.4 11 17.6 14.6 0.2 8 2 19.8 7.4 0.2 0 9.6 1.4 12.8 0 1.6 13.6 0 0 0 0 6.4 9.4 16.4
0.4 0 3.8 5.6 0 0.2 20 0 0 0.2 0 0 0 0 0 0 0 0 11.8 0 0 1.2 7.8 2 0 5.2 2.6 0 0 0 0 0 0.4 0 0.4 0 30 0 5 3.4
0 0 7.2 0 32 0 0 0 0 0 0 0 0 0 0 0 0 0 0.2 0 0 0 0 0.2 0 0 1.8 4.6 4.6 0 0 0 0 0 0 0 0 4.4 0 0
0 0 0 0 11.6 0 0 0 7.4 0 0 0 0 0 0 2 0 0 0 0 0 0 0 0 0 0 0 0 0 0 0 0 0 0 0 0 0 0 0 0
0 0 0 0 0 0 1.8 0 0 0 0 0 9.2 0 6.2 0 0 0 0 0 0.2 0.4 0 0 6 0 0.2 0 0 0 0 0 7.4 0 0 0 14.6 0 5 0
0 0 7.2 0 6.4 0 15.2 0 0 0 0 0 0 0.2 9 0 0 0 0 0 0 0 17 12.6 0 0 0 0 7.8 0 0 0 0.2 0 0 0 2.2 20.2 0 0
8.6 0 0 0 0 0 2.4 0.2 7.8 0 1.6 0 0 0 0.2 0 0 0 0 0 0 0 0 0.6 0 0 2.6 0 0 0.6 0 0 0.4 0 0 0 0 0 9 0
0 10 0 0 0 0 0 0 0 0.2 5.2 0 0 0.2 0 0 0 0.8 0.6 0 0 14.8 0 0 7.6 22.6 0 0 0 0 0 4.8 0 0 0 0 0 0.2 0 0
0 0.4 0.2 0 0.2 0 0 3.4 9.4 0 0.6 9.8 0 1.6 4.8 0 0 0 0 0.6 18.8 37.6 0 0.2 0 0 13.4 0 0 0 0.4 0 0 0 0 2.4 6.2 0 0 0
0 0 0 0 6.2 0 0.2 0 0.2 0 0 0 0 0 0 0 0 0 0 0 0 0.2 7.8 34 0 0 0 0.2 0 0 0 0 0 0 0 0 0 0.2 0 0
0 0 8 0.2 0 0 7.4 0 0 3.8 0 0 0 20.4 0 0 1.8 12 4 0 0 16.4 3.2 13.2 4.8 1 0 0 0 0 0 0 0.2 0.4 28.4 3 0 0 0.2 8.6
0 0 0 3.6 0 0 0 0 8.2 0 0 0 0 7.2 0 0 0 0 0 5 0 0 0.8 0 12.6 0 0 0 0 2.4 0 0.2 0 0 2.8 0 0 0 0 4.2
0 0 0.6 0 0 0 9.8 0 0 0 0 0 0 0 3 0 0 0 0 0 0 0 11.2 21.4 0 0 0 0 0 0 0 0 0 0 0 0 0 0 14 0
0 0 0 0 0 0.8 0 0 0 24 0 0 0 0 0 0 0 0 2 0 0 0 0 0.6 0 0 0 0 0.2 0.2 0 0 4.2 0 0 0 0 0 0 0
0 0 0.2 23 0 29.6 0.6 15.4 0 43.6 0 0 0.2 0 0 11.8 0 1.2 13.2 0 0 23.4 0 0 0 0 23 0 0.2 0 19.6 0 12.8 46.4 0.8 54.6 0 0 1.4 0
0 0 0 0 16.8 0 0 0 8.6 0 0 0 0 0.2 0 0 0 0 0 0 0 0 0 3.2 0 0 0 0 0 0 0 0 0 0 0 0 0 4.8 0.4 0
2.6 3.8 0 9.4 16.2 0 0.2 18.6 3 0 22.6 2.6 15.6 0 0 0.2 0 31.2 7.2 33.8 24 0 0 7.2 46.2 0 3.2 0 0 32.8 0 0 18.4 0 31.4 1.4 0 0.2 4.2 35
0 0 0 0 0 0 0 0 0 0 0 0 0 0 5 0 0 0 0 0 0 8.6 0 0.4 0 0 0 0 0 0 0 0 0 0 4 0 0 0 0 0
0.2 0.2 0 0.2 0 0 0 0 0 5 0 0 1 0 0.6 22.2 3.2 1.2 12.4 0 0 5 0 0 0 0 0.2 0 0 0.6 0.4 0 0 0.6 16 4 6.6 0 0.4 0
0 0.4 7.4 0 0 8.4 9.4 0 0.4 0 0 0 0 0 0 17.6 6.4 0 0 0 0 0 0 0 0 0 0 0 0 0 8.4 0 5.8 0 0.6 0 4.2 0 1 0
4 0 0.2 0 0 0 10.4 8.6 0 3.8 4.4 0 14.6 2.8 7.6 0 8.6 0 0.8 1.6 5.6 0 0 0.6 0 0 0 3.4 0 0 0 0 0 0 15.6 4 0.4 0 0 0
0 7 0.2 14.2 0 0 0.6 0 0 0 0 0 4.6 6 14.8 0 0 0 1.2 0 19.4 18 6.8 8.6 21.4 6.2 1.2 14.6 0.4 0.6 0 0.2 1.2 0 0 1.2 0 11.8 12.8 0
0.2 8.6 0 0 0 0 0 0 0 0 0.2 0.2 0 10.8 5 0 0 0 0 0 0 0 10.6 0 0 0.2 0 0 0 18.8 0 8.8 0 0 0 0 0 6.8 0 1.8
0 0 0 0 3.6 0 0 0 0 0 0 0 0 0 0 0 0 0 0 0 0 0 0.2 3.6 0.2 0 0 0 0.4 0 0 0.2 0 4 0 0 0 5 0 8.8
0 0 0 0 0 0 7.8 0 0 0 0 0 0 0 6.8 0 0 0 0 0 0 0 0.2 0 0 0 3.2 0 0 0 0 0 0 0 0 0 0 0 0 0
0 7.2 8 2 3 0 0 0 0 0 0 0 0 0 0 0 0 0.6 0 0 2.2 2 0 0 5.2 0.4 0 0 0 0 0 0.2 0 3.2 0 0 0 0 0 2
0 19 0 22.8 1 0 0 6.8 0 0.2 0 0 4.2 0.2 4.6 13.6 6.8 0 12.6 0 24.4 2.6 0 9.2 3.8 0.4 0 0 0 0 0 0 0 0.2 0 3.6 0 0 13 0
0 0 0 0 0 0 0 0 7 0 0 0 0 0 0 0 0 0 0 0 0 0 0 0 0 0 0 0 0.4 0 0 0 0 0 0 0 6.6 0 0 0
0 0 3.8 0 21.6 0 0 0 0 0 0 0 0 0 0 0 6.8 0 0 0 0 0 22.2 45.2 0 0 8.8 2.8 0 0 0 0.2 16.6 0 0 0 5.2 0 11.8 0
0.4 0 0.2 0.2 0 5.4 21.2 27.6 0.2 14 0 1.2 13.4 13.8 9.2 35.2 0 17 1.6 0 29 1.6 0.2 17 0 15.8 3.6 0 11 0 8.2 0 0 0 2.2 15.2 0 11.8 1.6 0.2
0 0 0 0 0 0 0 0 3.4 0 0.2 0.2 0.6 0 0 10.6 0.4 0 31.2 19.6 0 0 0.6 0 10.4 3.6 1 0 0 7.4 0 0 0 0 10.6 0 12.2 0 0.2 17.8
0 0 0 0 0 0 0 0 17.8 0 0 0 0 0 17.6 0 0 0 0 0 0 0 0.2 0 0 0 25.6 0 0 0 0 0 0 0 0 0 41.8 0 0 0
0 1.2 0 0 9.8 0 7.8 0 0 0 0 8.6 0 0 0 0 0 0 0.2 0 0 0.2 5.8 31.6 0 0 0 0 0 0 0 0 0 3.6 0 0 0.2 2.8 0.2 0
0 0 0 0 5.6 0 0 0 0 0 0 0 0 0.6 0 0 0 0 0 0 0 0 0 13.6 0 0 0 0 0 0 0 0 0 0 0.2 0 0 0 0 0
0 0 0 0 18.4 0 0 0 0 0 0 0 0 18.8 0 0 0 5.4 0 9.4 0 0 0 0 2 0 0 0 0 6.6 0 1 4 0 0 0 0 6.4 0 0
4.2 0.2 0 0 0.2 0 7.2 0 0 12.8 8.6 0 9.2 17.2 0 1 0 22 0.4 1.2 17.2 0.4 0 3 0 0.4 14.2 4.6 0 0.2 0 6.4 1.2 0 0 4.8 4.6 1 0 4.8
0 6.8 0 1.2 0 0 0 0 0 0 0 0 5 2.6 0 0 0 0 0 2.4 0 4.4 0 0 0 0 0 0.2 0 4.4 0 1 0 0 0 0 1.2 0 0 2.8
0 12 0 35.6 0 21 0.8 0.8 0 24.6 0.6 0 19.8 0 0 11.4 1 0 0 5.4 71 1 0 4.6 0 4.4 0 0 0 0 7.4 0 0.2 0 0 21.2 0 0 0.2 0
11.8 0.2 0 0.4 0 0 0 0.6 0 1.4 0 0 8.4 0 0 6.2 0.2 13.8 20.2 10.4 0 0.6 0 0 0 2.2 0 8 0 0 0 2.4 0.8 0 0 10.4 0 0 0 0
0 1.8 0 15 0 15.8 0 0 0 17.2 0 0 8.6 0 0 2.4 9.6 0 27.8 0 15.6 0.2 0 15.2 0 0 0 0 0 0.2 0 0 3.2 14.4 0 26 0 0 0 0
22 10.2 0 0 0 0 0 0 5 0 17.6 3.2 0 5.8 0 0.8 3.8 21.8 16.6 5.2 0 3.6 0 5.4 3.8 0 1.2 0 0 0 3.6 0.4 0 1.2 0.4 0.2 0 5.8 0.8 8.6
0 0 0 14 4.4 0 1.6 0 7 0 2.8 5.8 0.2 39 23.2 0 0 3.2 5.8 0 0 0 0 0.8 5.4 0.6 0 0 11.6 12 0 0 1.4 0 0 0 0.2 0 0 0
2.6 0 18.2 20.6 1.2 19.2 5.8 0 0 0 18.2 0 3.8 2.4 0 0.6 0 0 0.2 1.4 0 0 2 0.4 12 4.4 0 0.2 23 2.2 0 2.8 12.6 0.2 0 0 0 17 4 17
0 0 10.6 0 0.4 0 11.2 0 0 0 4.2 2.8 0 0 0 0 0 0 0 0 0.2 0 9.8 29 0 0 5.4 0 1.2 0 0 0 11.2 0 0 5 0 0 0 0
0 0 0 0 0 0 0 0 0 0 0 0 0 0 0 0 0 0 0 0 0 0 0 0 0 0 13 0 0 0 0 0 0 0 0 0 21 0 0 0
0.6 0.2 2 0 35 0.6 4 0 0 0 2.8 1 1 0 0 0 0.4 5.6 4.6 27 0 0 14 0 9.8 4.6 0 0 0 0.2 0.2 13.8 0 0 41.6 1 0 3 4 0
28.4 0 0 0 0 0 0 20 0 17.6 0.4 0 11.2 19.4 4.4 16.6 4.6 0 0 14.2 0.2 0 0 5.2 0.8 12.6 0 0 4.6 0 21.2 0 12.8 0.2 15.8 0 0 0.2 0 9.6
0 1.4 0 26.2 0 0 9.4 3.4 0 0 0 0 0.2 0 0 0 0 0 30 0 18.2 0 0 0 9.6 0 0 0 5.4 0.2 0 0 0 0.2 1.6 0 0.2 0 0 0
0 0 0 0 0 0 0.4 23 0 35.6 6 0 0 1 0 7.2 12.6 1 2.6 0 34.6 17.2 0 0 5.8 2.6 6.2 5.2 0.2 12.8 0 0.2 0 24.4 2.8 23.2 10.8 1.2 0 5.4
0 14.6 0 0 0 0 1.2 0 0 0 0 0 0 0 35 0 0 0 0 0 0 0 4 0.2 0 0 14 0 7.6 0 0 0 0 0 0 0 1.2 0 0.2 0
16.4 2 0 23.6 0 0 0 0 3 0 0 0 0 18 0 0 0 0.2 16.4 0 0 0 0.4 0.2 0 0 0 0 0 0 0 0.2 0 11.6 0 0 0 1 0 0
0 0 0 0 0 0 0 0 7.6 0 0 0.4 0 0 0.2 0 0 0 0 0 0 0 0 0 0 0 0 0 0 0 0 0 0 0 0 0 6.8 0 0 0
0 0.2 0 0 0 0 0 0 0 0 0 0 0 0 3.4 0 0 0 0 0 0 0 0 0 0 0 6.2 0 0 0 0 0 0 0 0 0 17.2 0 0 0
0 0 0 0 0 0 0 0 0 0 0 0 0 0 0 0 0 0 0 0 0 0 0 0 0 0 0 0 0 0 0 0 0 0 0 0 7.8 0 0.2 0
0 0 0 0 0 0 0 0 0 0 0 0 0 0 0 0 0 0 0 0 0 8.6 0 1.4 0 0 0 0 0 0 0 0 0 0 0 0 0 0 0 0
0 1 0 0 3.8 0 23 0 0 0 0 0.2 0 0 0 0 0 0 0 0 0 0.2 0 0 0.2 0 0.4 0 0 0 0 0 0 0 0 0 0 0 0.2 0
0.2 0 0.2 62.2 17.8 0 0 0 0 0 11.6 0.2 5.4 0 0.2 0.4 0 0 33.2 0 0 17.4 0 0 17.6 0 2.6 0 9.2 0.2 0 0 4.4 17.6 0 0.6 11.8 5.8 10 26.4
0 0 0 0 0 0 0 0 16.8 0 0 0.2 0 0 3.2 0 0 0 0 0 0 0 0 0 0 0 7.8 0 0 0 0 0 0 0 0 0 10 0 0 0
0 0.4 0 0 2.4 0 0 0.2 0.6 0 6 0 0 0.4 0 0 0 0 0 0 0 0 0.2 0 0 0 0 0 3.8 0.8 0 0 0 0.2 7.4 0 0 0 0.6 4
0 8.2 0 0.2 0 0 0.2 0 0 0 0 0 5 0 0 0 0 0 0 0 0 0.6 0.2 0.2 0 0 4.2 0 0 0 2 0 9.8 0 0 0 9.4 0 0 0
0 0 21.6 0 12.6 0 0.2 0 0 0 0 0 0 0 0 0 0.2 0 0 0 0 0 0 19.8 0 0 0.2 0 0 0 0 0 18.4 0 0 0 3 0 0 0
0 0 0 0 0 0 0 0 1 0 0 0 0 0 11.6 0 0 0 0 0 0 0 0 0 0 0 0 15 2.4 0 0 0 0 0 0 0 10 0 0 0
0 0 0 0 4.4 0 0 0 0.8 0 0 0 0 0 14.2 0 0 0 0 0 0 0 0 0.6 0 0 0 0 0 0 0 0 1 0 0 0 0 0 0 0
0 0.2 0 21.6 0 0 12.2 7 0 0 0 0 0 0.2 0 0 9.4 16.2 31.4 0 30.6 0 0 10.2 0 0 0 0 4.6 0 0 0 11.6 0 0.2 3.6 0 0 0 0
0.6 0 0 0 0 0 0 0.2 0 0 0 0.2 0 0.4 0 0 0 13 0.2 14.2 0 0 0 0 8.4 0 0 0 0 0 0 5.8 0 0 0 0 0 0 0 0
0 0 0 16.6 0 0 15.6 0 9 0 17.6 0 3 0 0 10.6 0 0 0 0 4.4 0 0 8.6 0 0 0 0 0 0 0 0 12.2 0 0 0 0 0 0 17.4
18.8 0 18.4 0.2 1.8 0 0 18.8 7.6 7.6 30.8 0 11 0 0 2.4 8.4 0 0.6 41.8 19.2 0 0 0 21.8 0 0.8 0 0 49.8 11.4 23.4 1.6 0 0 29.6 19.6 0 0 9.6
0 0 1.2 0 0 0.6 27.2 0 0 0 0 0 0 0 0 0 0 0 0 0 0 0 0 15.8 0 0 0 0 0 0 0 0 10 0 0 0 5.2 0 0 0
0 0.8 0 0 0.2 0 0.2 0 0.2 0 0 0 0 0 6.8 0 0 0.2 0.4 0 0 0 0 32.6 0 0 20.6 0 1.8 0 0 0 0.2 0 0 0 3.8 0 0.2 0
6.8 0.2 0 0 0 0 0 0 0.8 0 9.4 0 0 64 0 0 1 0 0 0 5.4 5.6 0.2 0 7.6 0.2 0 0 0 17.8 0 3.4 0 0.2 5.4 0 0 7.6 0.2 22.2
0 0 0 0.4 0 0 0 0.2 0 8 0 0 4.2 0 0 0 0 1.2 21.2 13.4 0 3.8 0 0 5 0 0 0 5.8 0 0 6.8 0 0 0 0 0.6 0 1.4 0
0 0 0 0 0 0 0.2 0 9.2 0 0 0 0 0 0 0 0 0 0 0 0 0 0.2 0 0 0 0 0 0.2 0 0 0 0 0 0 0 44.2 0 0 0
0 0 4 3 0 0 0 0 0 0 0 0 0 0 0 0.2 0 0.4 4.8 0 0 16.4 0 0 0 0.2 0 0 0 0 0 0 0 0 8 0 0 0 0 12
0 0 0 0 0.2 0 0.2 0 0 0 0 0 0 0 20 0 0 0 0 0 0 0 0 0 0 0 9.8 0 0 0 0 0 0 0 0 0 6.8 0 0 0
0 29 0 0 5 30.2 0 6 6.2 0 0 5.6 20.6 0.2 29.2 10 0 0 0 3.8 5.8 0.2 11 0 6.2 22 0 9 18 0 0 0 28.8 16 32 13.2 0 0 6.4 9.6
0 0 15.6 5 0 0.2 14.8 16.8 0 13.6 1.2 0 17.4 0.2 0 0 0 0 0.4 0 22.4 9 15.6 10 9.2 0 0 0 16.8 14.8 0.2 3.6 16.4 0.8 37.4 0 4.6 0 0 0
0 0 13 0 0 0 14.4 0 0.2 0 0 0 0 0 0.4 0.2 3.6 0 0 0 0 0 5 0 0 0 0 0 0 0 4.4 0 42.8 0 0 0 0 0 0 0
16.4 0 0 11.6 0 0.2 0.6 0 1.6 0 7.2 0 0.8 21 0 2 0 9.8 6.2 20.4 0 0.2 7 0 26.4 0 0 0 0 8.6 0 14.8 0 0.2 25 0 0 12.8 0 45.2
0.6 0 0 32.4 0 0.4 10.6 7.2 0 0 0 0 0 0 0 0 5.6 1.4 11.4 9.4 1.6 0.4 5.8 0.4 20.4 41.2 0 0 0 5.6 0 0.2 0 17.4 17.6 0 0 0 0 20.4
20.8 1.4 0.4 0.2 0 0 0.8 0 10 6.4 38.4 17 5.6 21.4 0 2.2 8.4 0 0.2 11.4 0 0 8.2 16.2 48.2 8.4 13 20.4 0 30 0 51.2 0 0.8 18.6 0.2 13 31.8 0 31.4
0.4 0 0 0 8.2 0 0 0.6 0 0.6 0 2.2 0.2 0 0 0 0 5.4 0.2 0 4.8 45.4 0.2 0.2 0 22.2 0 0 0 0 0.4 0 0 0 4 0 1 0 0 1
0 0 0 7 14.6 0 0 4.8 6.6 0 3.2 1.6 3.2 0 0 0.2 0 0 0 6 0 0 0.8 0 4.6 1 0 0 0 0.2 0 0 0 0 9.4 0 0 2.2 0 14.6
0 0.6 1.2 0 0 0 21.2 0 0 0 0 0 0 0 4.8 0 0 0 0 0 0 0 14.6 5.8 0 0 0 0 7.8 0 0 0.4 6.8 0 0 0 0.2 0 4.6 0
0 0 0 9.4 0 3.8 0 11.8 0 48 0 0 1 0 0 20 0 0 3.4 0 0 0.2 1.4 0 0 19.6 0.8 2.8 0.4 0 5.4 0 4.8 11.6 0 0.6 1 0 0 0
0 0 1.6 19.2 0 0 0 0 0 24.2 12.8 0 4.2 0 4 11 0 20 12.2 0 0 0 0 18.6 0 7.4 0 1 0 0 6.6 0 5.2 0 0.4 0 0 0.6 0 0
0 5.8 0 0 0 0.4 16 0.2 3.6 0 18.8 0.2 0 15.8 9.4 6 4.6 0.6 0.2 0 29 21.4 5 0 0 0 0 7.6 0 18 0 23.4 0 28.4 12 12.2 0 7.4 0.6 12.2
0 0.2 0 0 0 0 0 0 0 0 0 0 0 0 5.8 0 0 0 0 0 0 0 0 0 0 0 10.6 0 2.4 0 0 0 0 0 0 0 0 0 0 0
0 27.6 0 1.4 0 15 1.2 3 0 35.2 0 0 0 0.2 0 11 7.6 0.2 0 0 26.8 0.2 0 0.8 13.6 8.8 0 0 0 0 11.6 0 0 14.6 1.4 19.6 0 0 0.2 0
13.2 17.2 0 0 0 13 0 0 0 0 0 0 0 0.2 0 0 0 0 0 0 0 0 0 0.2 0 0.2 16.2 0 0 0 6.4 0 9.6 0 0 0.2 1.2 0 0.4 0
0 0 0 0 0 0 0 0 7.8 0 0 0 0 0 12.8 0 0 0 0 0 0 0 0 0 0 0 8 0 0 0 0 0 0 0 0 0 1.4 0 0 0
26.8 7.2 19.4 0.2 0 0.4 0 0 1.2 0 0 0 0.2 0 15.6 0 6.4 4 0 7.6 0 0 0 0 0 0 25.4 6 15.4 0 0.2 7 28.4 0 0.2 0 10.8 1.6 0 0
0 0.8 0.2 0 8 0 9.2 0 0 0 0 0 0 0 0 0 0 0 0 0 0 0 3.2 0 0 0 0 0 6.4 0 0 0 10 0 0 0 0 0 0 0.2
0 0.6 0 0 0 0 15.2 0 0 0 0 0 0 0 0 0 0 0 0 0 0 0 0 0.2 0 0.2 9 0 0.4 0 0 0 0.6 0 0 0 5.2 0 13.6 0
30.4 0 1 0 0 14.2 0 9.8 2.8 9.2 1.6 0 33.6 21.2 23.2 2.4 10 19.6 0 5 50.8 19.2 0 23 2.4 1.4 19.8 3 0 0 27.6 0 51.6 0.8 20.4 0 0 0 0 0
0 0 0 0 0 2.6 49.6 0 0 0 0 0 0 0 0 0 0 0 0 0 0 0 0 0 0 0.2 0 0 0 0 0 0 20.4 0 0 0 0.2 0 10 0
6.4 0 0 0 0 0 0 5.8 0 0 0.2 4 0 12.6 0 0 0 0 0 10 0 10.6 0 0 21.4 1.6 0 0 0 27.4 0 17.8 0 0 0.2 0 0 3.2 0 0.8
8.4 4 7.8 20.2 8.4 0 17.8 7.8 0 22.2 11 0 0 0.4 0 8.4 0 0 0 0 9.2 7 0.2 0.6 0 0 0 0 0.6 0 0 0 10 0 0.4 0 0 0 2.6 0
0 0.6 0 1.8 0 0 15.8 0 0.2 0 0 0.2 0 3.6 2.8 0 0 0 0.2 0.2 0 4.2 0 14.4 0 0 0 0.2 0 0 0 0 0 7.8 0 0 0 0 3 0
0 0 0 0 0 0 0 0 0 0 0 0 0 0 0 0 0 0 0 8.2 0 15.8 0 0 0 0 0 0 0 17 0 0 0 0 0 0 0 0 0 0
0 0 0 0 0 0 0 0 8.8 0 0 0 0 8.6 5 0 0 6.8 0 0 0 5.8 0 6.8 4.4 0 13 0 18.2 0 0 0.2 0 0 0 0 0 4 0 2.4
0 0.2 2.6 0 0.6 0 0 0 4.6 0 0 0 0 0 0.8 0 0 0 0 0 0 0 0 0 0 0 0 0 0 0 0 0 0 0 0 0 0 10 0.2 0
0 0 0 18.2 0 0 0 0 0 2 0.2 0 0 18 0 0 0 6.4 0 0 16.4 0.2 2.8 0 0.4 0.4 0 2.2 2.6 10.2 0 0.2 0 8.8 0 0 4 0 0 0
0 0 12.4 4.8 16.6 0 0.6 0 0 0 0 2.6 0 0 0 0 1.6 12.6 0 0 0 8.6 1 12 4.6 0 0 0 12.4 24.2 0 0 0.2 0.2 0 0.6 0 3.6 0.4 0
24.8 4.6 0 2.8 15.6 3.8 0 4.4 6.4 16.8 26 0 0 0 4.2 5.4 8.8 0.6 8 28.2 34.2 14.4 0.6 0 18.8 0 0 10.4 0 10 1.2 42.4 0.6 13.4 25.4 6.8 0.4 22.4 0.2 16.4
15.2 4 0 0 0.2 0 8 11.4 0 0.2 0 0 0 0 0 0 0 0.8 0.4 0.2 24.8 0 0 0 0 7 0 0 0 0.8 1.2 0 0 0.2 3.8 0 0.4 0 6.2 2.2
0 7 3.2 0 0 0 8.6 0 0 0.8 0 0.2 7.4 0 0 0 0 0 0.4 0 0 0 0 0 0 0 0.2 0 0.2 0 0.6 0 0 0.2 8.8 0 0 0 0.4 0
0 0.2 0 0 0 0 3.8 0 12 0 0 0 0 0 0.2 0 0 0 0 0 0 0 0 0.2 0 0.2 0 0 17.4 0 0 0 0.2 0 0 12.4 5.4 0 0 0
0.2 0 0 0 0 0 0 0 0 0 2.8 6.4 0 0 0 0 0.2 0.2 0 0 0 0 0 0 0 0 0 0 0 0.2 0 12.2 0 0 0.2 0 0 8.4 0 37.2
10.2 0 0 27.2 0 0.2 0.4 0 1 3 9.6 7 0 21.4 0 10.4 0 0 0 0 23.4 0 0 9.6 0.8 0.6 0 4.2 0 0 0 0 4.4 0.2 0.2 0 0 0.4 0 10.8
0 0 0 0 0 0 0 0 3.6 0 9.8 8.4 0 25 0 0 0 22 8 43.6 0 0 0 9.6 15.8 0 4.8 0 0 37.6 0 23.6 0 0 0.2 0 0 0 0 29
0 0 0 0 0 0 0 0.2 7 0 0 0 0.2 0 0 0 0 1.6 0 28.4 0 0 0 0 0.2 0 0 0 0 7.2 0 17.2 0 0 2.2 0 0 0.6 0 9.2
0 0 0 0 15.2 0 22.4 0 2.6 0.2 0 0 0 0 0 0 0 0 0 0 0 0 21.2 0 0 0 0 0 2.2 0 0 0 28.6 0 0 0 0.2 0.4 0 0
0 0.4 0 0 0 0 0 0 12.8 0 0 0 0 0 0 0 0 0 0 0 0 0 0 0 0 0 0 0 0 0 0 0 0 0 0 0 8.8 0 0 0
0.2 0 0 0.2 2.4 0 0 0 0 0 4.6 0 0 0 0 1 0 0 0 0 0 4.4 0 0 0 0 0 0 0 11.6 0 0.8 0 0 0 0 0 0 0 7.8
0 0 10.2 0 8.4 0 0 0 0 0 0 0 0 0 0 0 0 0 0 0 0 0 0 0 0 0.2 0 0 0.2 0 0 0 0 0 0 0 0 0 0 0
0 0 0 0 10.8 0 0.8 0 0 0 0 5 0 0 0.4 0 0 0 0 23.4 11.6 6 3.6 0.4 8.2 0 0 0 0 0.2 0 0.2 0 0 0.2 0 0 4.2 0 0
0 0 0 0 0 0 0 0 35 0 0 0.6 0 0 11.4 0 0 0 0 0 0 0 0 0 0 0 1.8 1.6 0 0 0 0 0 0 0 0 10.6 0 0 0
0.2 0 0 6.2 0.2 0 0 0 2.8 0 0 0 0 0 0 0 0 0 0 0 0 4.2 0 0 0.4 0 0 0 1.4 0 0 0 0 0 0 0 2.4 0 0 0.2
0 0 4.8 0 15.6 0 0 0 0 0 0 0 0 0 0 0 0 0 0 0 0 0 0 0.4 0 0 3 0 0 0.6 0 5 0 0 0 0 0 0.4 4.2 0
6.6 1.2 1.2 27.6 0 17.4 0 0.4 0 21.2 1.4 0 8.8 8.8 0 21 7 0 15.6 0 46.2 0 0 1.6 0 0.4 8 0 0 0 13.2 0 18.2 0 7.4 0.4 0 6.4 0 0
0 0 0 0 3.2 0 0 0 0.4 0 0 0 0 0 0.2 0 0 2 0 0 0 0 0 0.6 0 0 4 0 7.2 0 0 0 0 0 0 0 0.4 0 0 0
2.2 0 0 15.4 4.8 0 0 0 5.6 0 20.8 0 6.6 0 0 0 0 0 3.6 0.2 0 0 0 0 0 1.8 4 0 0 0 0 2.4 0 3.4 18 0 15 0 0.2 0
0 1 0 0 0 0 18.8 0 0 0 0 0 0 0.4 0 0 0 0 0 0 0 0 0 0 0 0 0 0 18.6 0 0 0.2 15 0 0 0 0 0 0 0
0 0 0 0 25.2 0 0 0 0 0 0 0 0 0 0 0 0 0 0 0 0 0 9 5.6 0 0 0 0 0 0 0 0 0 0 0.2 0 0 7 0 0
0 0 0 0 0 0 21.6 0 0 0 0 0.2 0 0 0 0 0 0 0.2 0 0 0.2 0 37.4 0 0 0 0 0 0 0 0 16.2 0 0 0.2 0 0 0 0
0 2.4 0 0 0 0 0 0 0.2 0 4.2 2.4 0 12.4 0.2 0 0 0 0.2 0 0 0.8 3.6 0 0 0 0 0 0 0 0 0 0 0 0 0.4 0.2 0 0 0
0 6.8 0 0.8 0 0 0.2 2.6 0 5.2 0 0 0.8 0 3.2 0.2 0 0.2 8.2 0 0.2 0.4 0 0 0 0 0 0 0 0 0 0 0 0 0 0 0 0 0 1.2
0 0 0 0 6.6 0 0 0 0 0 9.6 15.6 0 0 0 0 0 0 0 0 0 0 6.2 0 0.4 0 0 5.2 0 14.4 0 0 0 3.6 0.6 0 0 3 0 45.8
0.6 0.4 0 20 0 14.8 0.4 0 0 0 0 0 23 8.4 0 9.6 0 20.2 2.8 0 29.4 2 0 24.2 0 3.6 0 6.8 1 0 0 0.2 16.4 16.4 4 24.8 0 0 0 0
0 0 0 0 0 0 0 0 12.2 0 0 0 0 0 51.8 0 4 0 0 0 0 0 0 0 0 0 27.4 2 1 0 0 0 0 0 0 0 26.6 0 0 0
0 0 0 13.8 0.4 12.4 11.4 34 0 42 0.2 0 20.8 0 16.4 17.4 18.2 9.4 0 20.4 13 0 0 0.4 0 4.4 0 9 0.2 0.2 5.8 4.2 20.2 29.8 0.2 18 6 10.2 0.2 7.4
0 0 0 0 0 0 0.2 0 0.4 0 0 0 0 0 7.2 0 0 0 0 0 0 0 0 0 0 0 5 0 3.6 0 0 0 0 0 0 0 26.6 0 0 0
0 0.2 11.8 0 25.8 0 0 0 0 0 0 0 0 0 0 0 0 0.2 0 0 0 0 0 9.6 0 0 0 0 1 0 0 0 0.2 0 0 0 0 0 0.2 0
0 0 0 13.4 0 0 0 0 0 11.4 29.8 8 0.2 0 0 0 0.2 0 0 6.2 0 0 0.8 0 2 0 0 0 0 0.4 0 16.2 4.8 0 26.2 0 1.4 0 0 0
27.6 0.2 16.8 16.6 5 0 0 0.2 28.8 0 9.6 5.8 0 45.4 16.6 0.2 18.4 0 0 0 0 22.8 14.6 48.2 0 17.2 13 11.8 16.4 7.4 0 11.8 26.6 0 0 7.4 10.2 30.4 0 0
0 0 6 7.6 0 0 4.6 16 0 5.6 1 0 32.4 0 0 7.6 0 0.2 0 0 16 26 0 0 0 15.4 0 0 0 7.4 0 0 28.2 0 36.6 0 0.2 0 14.2 0
0 0 0.4 0 9 0 4 0 0.2 0 0 0 0 0 0 0 0 0 0 0 0 0.2 0 0 0 0 0 0 0.2 0 0 0 0 0 0 0 0 0 0 0
0 0 10.8 0 7 0 14.4 0 5.2 0 0.8 7.6 0 0 0 0 0.2 0 0 0 0 0 21.8 0 0 0.2 0 8 16.6 0 0 0.6 11.2 0 0 8.2 0.2 0 15.2 0
0 0 2 0 0 0 5.2 0 0 0 0 0 0 0 0.6 0 0 0 0 0 0 0 0 0 0 0 11.2 0 0 0 0 0 0 0 0 0 0 0 0 0
0 0.2 0 0 0 0 0.4 0 0 0 0 0 0 0 0 0 0 0 0 0 0 0 0 14 0.6 0.2 1 0 13.6 0 0 0 15 0 0 0 0.8 0 14.2 0
0 0.6 0 0 0 0 0 0 3.4 0 0 0 0 0 18.2 0 0 0 0 0 0 0 0 0 0 0 5.8 0 0 0 0 0 0 0 0 0 10 0 0 0
0 0 23.2 0 0.2 0 15.6 0 0.2 0 0 0 0 0 0 0 8.8 0 0 0 0 0 10.4 0.2 0 0 11.2 0 0 0 0 0 0.2 0 0 0 0 0 15 0
0.2 0.6 0 0 0 4 0 0.4 0.2 0 0 0 0 0 0 0 0.2 0 0 0 62 32 2.6 0 6.4 0.2 0 0 0 0 0 0 0 14.2 0 16 0 0 0 0
18.6 12.4 1.8 23.6 4.4 14.4 0 0 1 7 1 0 0 0 0 0 5.8 21 2.6 19 0 10.6 0 1.2 0 0 0 0 0 0 0 0 4 7 8.6 6 0 0 0 0
0 0 0 0 12.4 0 26.4 0 0 0 0 0 0 0 0 0 0 0 0 0 0 0 0 0 0 0.2 0 0 0 0 0 0 0.6 0 0 0 9.4 0 0 0
0.4 0.2 0 0 0 0 0.2 0 0 2.6 0 0 0 0 0 0 5 0 0 0 12.6 6.6 0 0 0 0 0 0 3.2 0 0 0 0 10.2 0 0 0 0 0 4
22.2 0 0 0 0 8.2 0 0 0 0 0 0 0 0 0 0 0 0 0 0 0 0.2 0 0 6 0 0 0 0 0 0 5.4 0 0 0 0 0 0 0 0
0 0 6.2 20.2 8.8 0 0 0 0.2 0 0 6.6 0.2 25.4 1 0 0 1.4 0 0 0 1.6 25.6 0.8 0.2 21.8 8.2 0 0 0.2 0 0 16.6 0 0 0 0.6 0 20.8 1.6
0 0 0 27.8 0 5 11 17.2 0 25 12.4 0 11.6 28.6 0.4 0 0 3 31.4 15 15.6 22.4 0 36.6 7.6 15 12.2 0 10.4 0 10.8 0.2 27.6 2.8 20 15.6 0 5.6 13.2 0
0 4.2 0 0 0 0 0.8 0 4 0 0 0 0 0 0 0 0 0 0 0 0 0.2 0 0 0 0 0 0 0 20 0 14.2 0 0 0 0 0 0 0 11.6
19.8 0.2 0 13.8 0 0 4 13.4 10.2 0 15.2 9.4 13.6 0 0 0 0 0 0 31 0.6 0.4 3 0 4.6 23.8 0 0 0 0 0 23 1.4 0 44.4 0.4 10.2 0 0 28.6
0 0 0 0 1.2 0 7.6 0 0.8 0 0 0 0 0 0 0 0 0 0.2 0 0 0 0.4 8.2 0 0 2 0 2.4 0 0 0 0 0 0 0 6.2 0 0 0
0.8 0.4 0 12 6.6 0 4.4 0.2 0 0 0 0.2 0 0 8 0 0 0 0 0 0.4 20.6 0 6.6 6 21.6 4 0 0 0 0 0 0.4 0.4 4.8 0 0 0 0.6 0
0 0 0 0 0 0 0 0 23.4 0 0 0 0 0 19 0 0 0 0 0 0 0 0.6 0 0 0 11 0 0 0 0 0 0 0 0 0 5 0 0 0
0 0 0 0 0.4 0 10.2 0 0 0 0 0 0 0 0 0 0 0 0.2 0 0 0 0 0.2 4 0 0 0 0.2 0 0 0 0 0 0 0 0.2 0 11.6 0
0 0 9.8 17.8 2.8 0 0 0.2 0 0 0 0 0 0 0 0 0 0.2 0.6 8.8 0 0 0 0 0 0 0 0 0 0 0 0.2 0 0 0 0 0 0 0 0.6
0 0 14.4 0 0 0 18.6 0 0 0 0 3 0 0 0 0 0 0 0 0 0 0 0 4.6 0 0 0.2 0 5 0 0 0 9.6 0 0 0 0.2 0 4.4 0
0 0 0 0 0 0 0 0.6 13 0 22 0 0 2.2 0 0 0 0 3.8 1.6 0 0 0 0 29.4 0 0 0 0 19.2 0 0.2 0 0 32.8 0 1 0 0.4 23.8
0 0 0 0 0 0 0 0 4.4 0 0 0 0 0 14.6 0 0 0 0 0 0 0 0.2 0 0 0 31.6 0 0 0 0 0 0 0 0 0 9.2 0 0 0
18.4 0 0 0 0 9 0 0 0 0 4.6 0 0 2.4 0 0 0 0 2.6 6.8 1 0 0 3.8 10.8 0 0.2 0 0 13.8 0 0 0 0 0 10.4 0 0 1.2 7
5.8 0 5.6 27.4 1.4 6.8 8.2 34.2 0 42 0 0 36.2 0 0 6.2 2.2 12.8 6.6 7.2 5.8 10.8 0 0.2 0 10.6 0.2 6 0 3 3.2 0 11.2 0 26 0 0 0.8 0.2 4.4
0.2 0 0 0 0 6.6 0.4 0.2 0.2 0 0 0 0 0.2 10 0 0 0.8 0 0 52.8 30 0 0.4 0 0 20 0 19.2 0 4.2 0 15.6 0 0 0 4.2 0 0 0
6.8 0 0.2 0 0 23.6 16 5.4 0 27.2 0 0 0 0 8.6 4.4 0 0 0.2 0 0 0 3.6 7.2 0 9.8 0 0 0 0 0 0 6.4 0 0 0 6.6 0 0 0
0.6 16 0 0 0 8.8 5.6 2.2 0 35.8 0 0 0 0 2.8 0 2.6 0 0 0 11.2 11.2 0 21.2 5.4 0.4 4.8 2.2 18.6 0 18.6 0.2 12.2 12.6 0 34 0 0 0 0
0 25.4 0 0 0.2 10.4 0 0 0 18.2 3.8 0 0 0 0 7 19.2 2 23.4 0.2 34.8 0 2.6 0 0 12.4 0 5.4 0 0 5.6 9.6 0 18.2 10.4 23 0 2.4 6.6 22.2
0 14.2 0.2 18.4 0.2 0.2 0 0 0 0 0 0 0 0.2 0 0 0 0 0 0 0 0 0 0.2 0.8 0 0 0 0 24.6 0 0 5.6 0 18.8 0 0 0 3.6 0
0.2 0 5.2 0 12 0.2 2.2 0 12.4 0 0 0 0.2 0 5 0 4.2 0.2 0 0 0 0 24.8 51.2 0 0 18.8 0 20 0 0 0 14.8 0.6 0 0.8 17.6 0 0.4 0
0 18.8 0 0.8 0 0 0 0 0 0 0 0 0 21.4 0 3.8 0 5.4 37.2 20.6 0.2 0 0 0 0.6 0 0 0 0.6 7.6 0 0 0.2 12.6 0 0.2 0 0 6.2 16.8
0 0 0 0 0 0 0 0 4 0 0 0 0 0 0.2 0 0 0.2 0 0 0 0 0.2 1.2 0 0 0 0 0 0 0 5 0 0 0 0 29.2 0 0 0
0.2 0 0 1.4 0 0 0 0.4 0 8.6 1 0 7 0 0 4 0 31.6 0 0 33.4 15.4 0 9.4 13.6 0 0 0.4 0 0 0 0 0 13.8 30.8 50.8 0.2 0 0 8
0 0 5 0 0 0 0 0 10 0 0 0 0 0 12 0 0 0 1.2 0 0 1.4 0 0 0 0 0.2 0 0 0 0 0 0 0 0.4 0 22.8 0 0 0
0 0 0 19 0 0 11.8 0.2 13.6 0 1.6 7.4 6.6 17 1.8 0 0 0 0 0 10.8 39.2 5.6 0 0.2 0 14 5.4 0 0 0 0 0.2 0 40 0 17 0 0 10.6
0 0 15.6 5.8 0 0 17.6 0.6 0 0 0 0.6 0 0 6.6 0.2 0.2 0 5.2 0 0 0.4 0 0 0 8.2 0 0 21.8 0 10.8 0 30.6 0 0 0 11.4 0.2 0.2 0
0 0 0 0 0 0 0 0 0 0 0 0 0 0 9.6 0 0 0 0 0 0 0 0 0 0 0 1.8 0 0 0 0 0 0 0 0 0 0.6 0 6 0
0 0 0 14.4 0.8 1.4 0.2 0 0 0.6 5 0 0 0.2 0 0 8.2 0 0 7.6 6.8 19.2 0 0.4 5.6 47.6 0 0 0 0 0 0 6.2 1.6 13.6 17.6 0 0 0 0
6.8 0 0 0 0 3.2 0 0 0.2 3 0 0 0 14.2 0 0 0 0 0 0 26.2 0 1.6 0 0 0 0 0 0 0 5 0 12.6 1.6 0 2.2 6.4 0 0 0
0 0 25 0 18 0 31.6 0 0 0 0.4 0 0 0 11 0 0 0 0 0 0 0 17.4 23 0 0 0.2 0 6.2 0 0 0 33.4 0 0 2.4 0 0 10.4 0
0 0 0 0 7.4 0 1.8 0 23.2 0 0 0 0 0 0 0 0 0 0.8 0 0 0 0.4 0 0 0 2.2 0 4.4 0 0 0 0 0 0 0.4 0.4 0 0 0
0 16.2 0 0 8.8 0 0 0 0 0 0 0 0 0 0 0 0 0 0 0 0 0 0 0 0 0 0 0 0 0 0 0 0 0 0 0 0 0 0 0
0 0 6.8 0 11.4 0 13 0 0 0 0 5.6 0 0 0 0 0 0 0.2 0 0 0 27.8 14.2 0 0 9.8 0 0.6 0 0 0 11.4 0 0 0 2.2 0 18 0
0 28.2 0.2 0 0 0.4 0 0 0 0 1.2 0 0 0 0 0 0 2.2 12.6 4.4 36 3 0 0 14 0.2 0 0 0 0 0 0 0 0.2 0.2 6.2 0 0 0 0
0 0 0.2 12.6 1.8 0 0 0 1.6 0 4.6 0 2.8 0 3.6 0.6 0 0 0 0 0 6.4 1.4 0 9.8 0 0 0 0 16 0 24 0 0 39.6 0 0 0 8.2 33.8
0 0 0 6.4 7.2 0 13 0 0 5.6 5.6 11.2 0 4.6 11.4 7.8 0 31.4 0 0 35.2 16.8 0 0.2 0 0 6.4 0 0 0 1.6 15.6 3 1.8 0 24.6 0 0.2 0 0.4
0 0 0 0 9.6 0 0 0 16.2 0 0 0 0 1.6 0 0 0 0 0.6 6.6 0 0 0 0 6.6 0 0 0 0 9.6 0 1.6 0 0 0 0 0 0 0 8.6
5.8 0 8.2 0 0 45.4 18.6 24.4 0 100.4 0 0 24 0 3 67.8 21.6 0.2 1.2 6.8 23.6 0 0 1.2 0 6.6 0 0 0 0 8.8 0 13.8 50.6 0 45.4 11 2.8 0 6.8
6.8 0.2 0 0 0.4 0.2 0.2 0 5.2 39.6 24.2 0 0 33.4 0 9.4 5.6 4.4 23.6 1.2 27.8 0 0 32 20.4 10.6 0 0.4 0 13.8 0.6 0 15.2 0.2 8.6 15.8 0 0.8 7.4 0
0 0 0.2 0 0.6 0 0.2 0 0 0 0 0 0 0 0 0 0 0 0 0 0 0 3.8 0 0 0 17.6 0 0.2 0 0 0 14.6 0 0 0 22.4 0 14.4 0
6.8 0.6 0 0 0 2.4 0 18.2 0 2.6 33.8 0 7.8 42.4 0 0 0 0 2.8 0.2 1.2 0 0 0 19 0 0 1 0 17.4 0 0 0 2.4 1.6 0 0 0 0.2 13.6
0 0 0 0 0 0 0 0 4.4 0 0 0 0 0 16.4 0 0 0 0 0 0 0 0 0 0 0 7 0 2 0 0 0 0 0 0 0 12.2 0 0 0
0 2.8 0 3.2 0 4 4.6 0 0 0.8 0.2 0 9.2 0 0 0 0 0.2 0 5.2 0 0 0 0.6 0 6.6 0 0 14.2 9.2 0 0 6.2 0 0 0 0 0 0 7
0 18.8 2.6 25.8 0.4 32.6 11.8 0 0 45.4 0 1.4 13.4 0 0 21 0 0.2 37 25.2 26.8 0.2 0 1.8 45 0 6.6 0 0 16.4 11.6 0 35.2 50.4 0 41 0 0 1.4 0
0 0 0.2 0 0.2 0 14.6 0 0 0 0 0 0 0 0 0 0 0 0 0 0 0 0 0 0 0 0.2 0 0.4 0 0 0 11.2 0 0 0 0 0.2 0 0
52.2 25.6 0.6 3.4 0 13 0 15.6 0 31.6 24.6 0 11.4 28.2 7.6 0 0.2 0 1.6 25.8 26.8 0 0 0.2 20.2 33.2 0 0 0 60.8 10.6 1 0 24.6 17.4 10.2 0 0 0 14.6
0 0 0 0 0 0 0 0 15 0 0 0 0 0 0 0 0 0 0 0 0 0 0 0 0 0 0 0 0 0 0 0 0 0 0 0 0 0 0 0
0 0 0 0 0 0 0.4 5 0 0 0 0 0 0 0 0 0 0 0 0 0 0 0.2 0 0 0 3.2 0 0 0 0.2 0 4.2 2.8 0 0 10 0 0 0
12.4 18.6 7.2 36.2 0 3.8 0.6 17.2 0 0.2 0.2 0 0.6 23.8 2.6 17 12.6 0 8.2 0 31.6 2.8 0 0.8 18.8 4.4 0 0 0 0 4.4 0.2 36.8 10.6 1 23.4 8 0.6 4 7.4
0 14.2 11.6 0 1.2 0 15.2 0 0.8 19 22.2 1.4 0.6 8 0.2 0 2.6 0 30.6 0 27.4 31.2 0 3.2 0.2 0.4 0 0 5 0 1 0 4.4 0 30.6 9.6 0 0 32.4 0
2.6 0 26.8 0 34.6 5.4 0 20.6 39 0.4 34.2 35.6 24 4.4 25.4 15.4 8.6 26.2 0.2 37.2 32.2 18 54.6 45.8 17.6 0.2 0 25.4 14.4 33.4 27 61.6 18.4 13.6 61.2 0 13 54.6 4.4 54.8
0 0 0 0 0 0 0 0 15.4 0 0 3.2 0 0 14.4 0 0 0 0 0 0 0 0 0 0 0 8 0 0 0 0 0 0 0 0 0 0 0 0 0
0.2 0 0 0 0.4 0 0.8 0 0 0 6.6 8.8 0 1.4 6.4 0 0 0 0 0 0 0 6.4 4.4 0 0.4 0 0 0.2 0 0.2 0 0 0.6 0 0 0 0 0.2 0
0 24.4 0 0 0.4 0 1.2 0.4 0 0 18.6 7.2 0 30.6 0 0 0 19 1.2 0.8 0 9 0 8.4 14.8 0 0 7.6 0 12.2 0 0 0 0 4 0 0 0.2 0 0
8.4 2.2 2.6 3 0 0 0 9.2 0 0 0 0 15.6 7.4 20.4 2.8 0.6 11.4 17.6 35 20 0 0 0 32 23.4 0 0 0 35.4 3.2 0 0 0 28.8 9.4 0 0 0.4 10.2
0 6.2 0 37.2 0 2.8 13.6 0.8 0 26.2 7.4 0 7 1.4 17.2 10 0.8 3.2 52.6 0.2 0 0 0 0 0 0 9.8 0 0 0 8.2 0 6.8 30.8 0 43.4 0.4 0 0 4
4 0.4 0 42.8 2 0 6.8 2 0 0 20 0 0 0 14 0 0 0.2 30.8 15.4 1.2 0 0 0 11.6 19.2 0 3.6 0 0.2 0 14.8 1.2 0 21.6 0.4 0 3.8 0 7
0 0 0 0 8.2 0 0 0 0.4 0 0 10.8 0 0 0 0 0 0 0 0 0 0 5.8 0 0 0 0 0 0.8 0 0 0 2.4 0 0 0 0 0 3.6 0
0 0.4 25.4 1 0.2 0 0.4 0 0 9.4 0.2 0 0 0 11.2 0 0 20.2 0 0 5.4 12.6 18.8 25 0 0 0.6 2 0 7.4 3.6 6 29.8 0 0 15.6 29.4 1.4 0 0
8.2 11.6 0 25.6 0 0 0.2 0 0 5.4 40.2 0 0 40.4 0 0.2 0 15.8 0 1.4 22.2 13.4 6.8 0 0.2 0.6 2.4 6 0 34.4 0 29 3.2 0 1 1 1.6 0.6 0 14.6
0 0.2 35.2 50 9.2 0 12.2 0 0 0 0 0 0 0.2 7.4 3.6 0 6.2 31 0 1.4 0 6.8 21 0 0.2 0 0 7.4 0 1.6 0.2 27.8 0 0 0 12 0 1.4 0
0 0.2 0.2 25.2 0 0 5.2 29.2 0 0.6 0.6 0 0.2 1.4 15.2 0 0 20.4 35.2 18.8 0.2 12 0 22.6 61 0 7.6 10.8 0 20 0 42 7.8 5 22.8 9.4 3 0 23.4 12
0.6 0 0 9.2 11.2 0 0 0 0 0 7.4 0 0 0.4 7.4 0 0 1.8 0.6 18.8 0 0 0 0.2 5.2 0.2 0 0.2 0.2 0 0 0 0 4.2 0.4 0 3.4 7.6 0 0
0 1.8 0.2 5.6 5.2 0 0 0.2 2.6 0 0 0 0 0 22.6 0 0 0 0 0 0.2 0.2 0 0 0 3.4 8 0 0 0 0.8 0 0 11.4 0.2 0 8.4 0 8.2 0
0 0 0 4 0 0 0 0 0 0.4 1 9.2 0 1.8 19.4 0 0 0.4 0.2 22.6 0 16.8 0 0 3.8 1 6 0 5.8 0.2 0 13.8 0.6 2.6 0 0.4 0 0 0 0
0.4 0.4 0 0.4 0 0 4.2 0 0 0 0 0 3 0 0 1 0 0 7 6.8 0 7 0 0 11.4 1.6 0 0 0 14.4 0 0.4 0 0 0 0 0 0 0 0
2.2 0 0.2 0.2 0 1.4 12.2 3.6 0.4 0 0.2 0 0 0 0 0 0 7.8 0 0 65.6 0 0 3 0 6.2 0.2 0 7.4 0 12 0 12.8 10.8 0 40 0 0 2.8 0
0 0.8 6.2 0 11 0 0 0 0 0 0 0 0 0 0 0 0 0 0 0 0 0 0 0 0 0.2 0 0 0 0 0.6 0 27.2 0 0 0 0 0 0 0
0 0 0 0 0.4 0 0 0 19 0 0 0 0 0 14.6 0 0 0 0 0 0 0 0 0 0 0 0 0 0 0 0 0 0 0 0 0 15 0 0 0
0 0 0 0 0 0 36 0 0 0 0 0 0 0 5.8 0 0 0 0 0 0 0 0.6 0 0 0 0 0 0 0 0 0 25.2 0 0 0 1.4 0 0 0
0 0 0 0 1 0 0 0 25 0 3.6 4.6 0 0 0 0 0 0 0 0 0 0.2 0 0 0 0 0 0 0 3.8 0 1.2 0 0 0 0 0 5.2 0 5.4
0 22.8 0.6 20 0 0 2.2 0 6 0 6 0 0 0 21.4 0 0 0 28 0 0 0 1 0 3.4 0 18.8 0 1 0 0 0 0 0 0 0 11 0.2 0 5.6
0 0 2.4 0 0 0 28.6 0 0 0 0 4.4 0 0 3 0 0 0 0 0 0 0 3.8 0 0 0 2.2 0 0.6 0 0 0 0.2 5.6 0 0 0.2 0 0 0
0.2 7.2 4.8 0 0.2 0 0.2 0 0 0 0 0 0 0 0 0 0 0 0.8 0 0 0 0.4 2.6 0 0 0 0 0 0 0 0 5.4 0 0 0 0 0 0.2 0
0 0 0 25.8 0 6.8 0.4 9.2 4 0 0 0 0 0 0 0 0 7.6 0 0 0 2 0 0.2 0 13.4 0 0 0 2 0 0.2 4.6 4.4 7.4 0 0 0 0 0
0 0 15.6 0 29.2 0 0 0 0 0 4.8 0 0 0 0 0 0 0 0 0 0 9.2 0 0 0 0 0 0 2.4 0 0 0 14.4 0.2 0 0 0 4 0 0.2
0 0 0 0 0 0 0 0 0 0 0 0 0 0 7 0 0 0 0 0 0 0 0 0 0 0 0.2 0 0 0 0 0 0 0 0 0 12.8 0 0 0
31.6 10.6 0 1 0 22.6 8.8 28.8 0 31.6 0 0.2 32.2 29.8 8 19.4 14.4 32.6 4.4 0.2 19.6 25.4 0 33.2 0 0 6.8 10.2 1.6 1.2 23.6 0 44.8 14.2 25 40.2 10 2.8 9 0
0 0 0 0 0 0 0 0 27.6 0 0 0 0 0 10 0 9.6 0.2 0 0.4 0 14.8 0 0 0 8.6 12.8 2 0 0 0 0 0 3.8 0 0.2 13.6 0 0.4 0
0.2 0.6 0 8.6 0 1.6 24.2 0 0 2.8 0 0 1.8 0.2 0 17.8 0 1 13.2 0 0 0 0 0.2 0.2 0.2 0 0 0 0 13.8 0 11 10.6 23 0.2 0 0 5.8 0
0 0 0 0 0 0 0 0 11 0 0 0 0 0 4 0 0 0 0 0 0 0 0.6 0 0 0 0.2 0.2 0 0 0 0 0 0 0 0 4 0 0 0
0 0 0 0 0 0 0 0.4 5 9.6 10.8 0 1 46 0 0 0 0 0.2 32 0 51 0 0 4.4 0 0 0 0 0.2 0 0.4 0 0 0 0 0 0 0 0
0 0 0 0 0 0 0 0 0 0 0 0 0 0 0 0 0 0 0 0 0 0 8.4 0 0 0 9 0 0 0 0 0.2 0 0 0 0 13.4 0 0 0
0 0 0 0 0 0.2 0 0 0 0 0 0 0 0 10.6 0 0 0.2 0 0 0 0 0 0 0 0 27.6 0 0 0 0 0 0 0 0 0 18.4 0 0 0
0 2 0 0 0 0 36.4 0 0 0 0 0 0 0 0 0 0 0 0 0 0 0 0 11 0 0 0.6 0 0 0 0 0 0 0 0 0 0 0 11 0
0 0 0 34.8 0 0 7 0 0 2 7.2 0 1 0 0 28 2.2 0 0 0 36.6 5.2 0.2 0 0 0 0 4.4 0 1.8 2 0 0 0 15.4 0 0 0 0.2 0
0 0.6 0 0.2 0 0 8.2 0 0 0 0 0.2 0 0 0 0 0 0 0.2 8.6 0 13.8 0 0 0 0 0 0 0 0 0 0.4 0 0 0 0 0 0 0 4.8
0 0 21 0 1.6 0 0 0 0 0 3.4 0 0.2 0.6 0 0 0 0 1 0 0 6.8 7.4 0 0 5 0 0 0 0 0 0 0 0 0 0 0 0 0 0
24.8 0.4 0 32.2 0 0 0.4 15.8 0.2 9.6 0 0 0 0 0 4 0 0.2 0.6 40 8 2.2 12.2 6.4 0.2 0 0 0 0.4 14.4 5.6 0 0 0 0.4 6 0 0 0.8 1.2
13.6 12.2 0 18 0 0 0 32.2 0 19.2 0 0 0 8.8 0 0 0 0 0 29.6 29.2 0 0 0 45.4 28.6 0 4.2 1.8 36.4 0 0 0 0 7.8 0 0.6 0 10.4 0
0 0 0 0 0 0.2 0 0 15.8 0 0 0 0 0 18.6 0 0 0 0 0 0 0 0 0 0 0 14.4 5 0 0 0 0 0 0 0 0 0 0 0 0
0 0 0 6 0 3 0 0 17 0 0 1.4 0 0 15 0 0 0 0 0 0 0 0 0 0 0 0 0 0 0 0 0 0 0 0 0 0.6 0 0 0
0.2 0 0 0 17 0 28 0 0.4 0 0 3.2 0 0 0.2 0 0.2 0 0 0 0 0 27.4 24.6 0 0 9.6 0 4 0 0.8 0 14.2 0 0 0 28.8 0 0.4 0
0 0 0.2 0 0 0 0 0 0 0.6 0 0 0.2 0 4.2 0 0 0 23.4 13.4 0 0.2 0.2 0 15.2 8.4 0.4 0 7.8 26.8 0 3.8 0 0.2 0 0 0 0 13.6 14.4
0 1 4.4 0 16.2 5.2 16.2 0.2 15.2 0 0 0.2 0 0 0 0 0 0 0 0.4 0 0 8.6 22.6 0 0 0.2 0 33 10.6 4 0 44.6 0 0 0.2 16.2 9.6 0.4 0
0 0 0 0 0 0 0 0 0 0 0 0 0 0 0 0 0 0.4 6.2 0 0.8 10.2 0 0 0 9 0 0 0.2 0 0 0.2 0 0 0 0 0 0 0 0
0 0 0 0 12.6 0 0.8 0 0 0 0 0 0 0 20 0 0 0 0 0 0 0.2 6.6 0.2 0 0 0 0 10.8 0 0 0 0 0 0 0 1.4 0 0.4 0
0 5 0 0 0 0 0 0 0 0 0 0 0 0 4 0 0 0 0 0 0 0 0 0 0 0 0 0 0 0 0 0 0 0 0 0 12 0 0 0
0 10.6 0 0 1.6 0 26 0 0 0 0 0 0 0 0 0 0 0 0.2 0 0 0.4 0 20.2 0 0 0 0 0 0 0 0 2 0 0 0 0 0 0 0
0 4 0 0.8 0 0 0 0 0 0 11.4 6 0 0 10.4 0 0 0 0 22.2 0 0 0 0 39.8 0 0 0 10.8 21.4 0 0 0 0 8 0 0.2 0 0 1
0 0 0 5.8 0 0 16.6 5.8 0 15.2 0 0 0 0 0 8.6 0 0.4 0.2 0.2 38.6 8.8 0 0 0 7.2 0.4 0 0 0 0.6 0 0 6.8 0 13.2 0 0 37.6 0
0 4.8 0 0 0 0 6.6 0 0 0 0 0 0 0.2 0 0 0 0 0 0 0 0 5.8 0 0 0.2 6.4 0 0 0 0 0 8.8 0 0 0.2 0 0 0 0
7.6 0 8.4 0 21.4 0 0 15.4 24.2 0.2 36 9.8 6.6 0.2 6.2 3.8 0 0 0 17.8 0 0 0.2 0 0 26.8 0 0.2 2.2 3.4 0 0.4 2 4.2 37.8 0 0 31.2 0.2 59.8
0 0 1.4 0 7.6 0 36.8 0 0 0 0 0 0 0 6.4 0 0 0.4 0 0 0 0 0 0.2 0 0 5.4 0 0.4 0 0 0 26.2 0 0 0 28.8 0 22.4 0
16.6 4.8 0.2 9.8 0 16.4 0 0.4 0 1 0 0 6.6 6 0 12.2 0 0 0 0 46.4 38.2 0 8.8 0.2 0 0 0 0 0 10.4 0 0 0 0 0 0 0 0 0
9 0.6 0 0.2 7.6 0 0 6.8 0 8.4 5.8 0 1.4 14.4 13.4 0 0 6.6 0.8 14.8 0 13.4 0 0.2 0 0.8 1 0 0 0 0 0 0 0 0 0 3.6 0.2 0 0
3.2 12.4 7.4 0.2 0 1.4 5.8 0 4.8 41.2 5.8 0.4 43.2 12.8 11.6 8.2 11.4 0 2.2 16.8 17.6 0 24 1 0 0.6 0 0 11.2 0 8.6 0 0 0 51.2 0 0 9 0 19
0 5.6 0 0.2 0 12 0 19 0 73.2 0 0 25.2 0 0 63 1.4 0 0 0 21.6 0 0 0 0 0 0 0.2 0 0 10 0 0 0 20.8 0 0 2.8 0 5
0 0 0 0 0 0 0 0 6 0 0 0.8 0 0 17.6 0 0 0 0 0 0 0 0 0 0 0 0 0 0 0.2 0 1.8 0 0 0 0 10.2 0 0.4 0
0 1.6 0 0 0 0 18.4 0 0 0 0 0 0 0 0 0 0.2 0 0 0 0 0 0.2 0 0 0.4 0 0 0.6 0 0 0 18.6 0 0 0.2 0.8 0 18 0
0.4 13.2 1 16.8 0 4.2 0.4 0 0 13 0.6 1.4 12.4 0.2 0 24.6 9.8 15.2 23.4 0 16.6 0.4 0 31.8 0 0 0 0.2 0 0 2.2 0 2.2 9.6 9 1 0.6 4 10.6 0.2
5.6 0.2 3.6 15.6 6.2 0 9 20.6 0 3.2 17 0 5.6 37.8 3 7 0 0 0 47.4 0 0.8 0 0 50.4 48.4 0 0 0 46.4 0 0 18.4 0.2 5.2 1.2 0 0 8.6 24.6
0 0.4 8.2 0 0 0 18.4 0 0.2 0 0 0.2 0 0 13.6 0 0 0 0 0 0 0 15.8 28.8 0 0 13.2 4.4 0.2 0 0 0 13 0 0 0 0 0 13.6 0
0 0 0 0 0 0 11.6 0 0 0 0 0 0 0 0 0 0.2 0 0.4 0 0 0 0 0 0 0 5.4 0 0 0 0 0 18.4 0 0 9.4 0 0 26.6 0
6.2 0 3.4 0 0.2 0 0 0 0 0 4 0 0 10.6 0 7 0 0 0 0 0 0 0.2 0 0 0 0 0 6.6 0 0 0 19.8 0 10 0 0 0 0 0
0 0.2 0 0 0 0 0 0 24.4 0 0 0.8 0 0 18.4 0 0 0 0 0 0 0 0 0 0 0 5.2 0 0 0 0 0 0 0 0 0 0 0 0 0
0 0 0 19.6 0 0 0 8.4 17 15 0.6 0.2 0.4 18.6 0 0 0.2 0.2 3 0 6.2 0 0 0 0 0 29.2 6 6.2 0 0 8.8 0 0.4 13 0 39 0 0 0
0 0 6 0.2 0.4 0 0 0 0 0 0 0 0 0 0.2 0 0 0 0 0 0 0 0 21.8 0 0 2 0 7.8 0 0 0 13.4 0 0 0 0.2 0 0 0
0 0 0 0 3 0 0 0 0 0 0 0 0 0 0 0 0 0 0 0 0 7 0 0 0 0 0 0 0 0 0 0 0 0 0 0 0 0 0 0
0 0 0 0 0 0 0 0 10.6 0 0 0.8 0 0 5.6 0 0 0 0 0 0 0 0.2 0 0 0 12.6 0 0.2 0 0 0 0 0 0 0 24 0 0 0
0 0 0 0 3 0 0 0 0.2 0 0 0 0 0 0 0 0 0 0 0 0 0 0 0 0 0 0 0 0 0 0 0 5.2 0 0 0 15.2 0.4 0 0
0 0 0 0.4 0.6 0 2.6 0 0 5.8 0 0 0 0 0 0 0.2 0 0 0 0 0 0 0.2 0 0 3 0 0 0 0 0 2.2 0 0 0 0 0 2 0
0.2 11 0 0 2.8 24.8 3.6 0 0 20.6 0 0.2 22.6 0 0 21.4 21.8 31.4 6.4 12.4 29.4 4.8 0 0 0 0 9 3.2 7.8 0 5.6 0 22.8 11.6 0 31 10.2 0 0.4 0
0 0.2 0 0 0 0 5.4 0 0 0 0.2 0 0 0 0 0 0 0 0 0 0.2 0 8.2 0 0 0 1.6 0 0 0 0 0 0.2 0 0 0 6.2 0 3.8 0
0 0 0 0 0 0 0 0 0 0 0 0 0 0 6 0 0 0 0 0 0 0 0 0 0 0 13.4 0 0 0 0 0 0 0 0 0 3.4 0 0.2 0
0 0 0 0 0 0 18 0 0 0 0 0 0 0 0 0 0 0 0 0 0 0 0 0 0 0 0 0 9.4 0 0 0 0 0 0 0 5.6 0 0 0
0.2 0 0 22.2 0 0 0 2 0 0 0 0 0 3.4 0 0 0 0 0.4 23.4 0 0 1 0 4.8 14.6 0 0 0 0 0 0 0 0.4 0.2 0 0 0 0 7.4
0 0 0 0 0 0 0 0 5 0 0 0 0 0 0.2 0 0 0 0 0 0 0 0 0.2 0 0 8.8 0 0 0 0 0 0 0 0 0 12.8 0 0 0
0 0.2 11 0 30 0 0 0 3.8 0 6 0.2 0 0 0 0 0 0 0 0 0 0 0.4 20 0 0 0.6 0 3.6 0 0 0 7.4 0 0 0 0.8 19 4 0
0 0.4 0 0.8 0 0 0 18 0 4.4 0 0 0 0 4 0.2 3.2 0.2 0 6 0 19.6 0 0 6.6 0 0 0 0 0 0 0 0 0 0.6 0 0 5 6.4 1.6
0 0 0.2 0 19.2 0 3.2 0 2.2 0 0 0 0 0 0.2 0 0 0 0 0 0 0 24.4 0.2 0 0 6 0 0.2 0 0 0 0 0 0 0 2 0 0.2 0
0 0 0 0 0 0 0 0 0 0 0 0 0 0 0 0 0 0 0 0 0 0.2 0.4 8.8 0 0 0 0 20.4 0 0 0 0 0 0 0 0 0.2 0 0
0 0 0 0 0 0 0 0 0 0 8.6 0 0 0 0 0 0 0.8 10.4 0.6 0 10.6 0 0 4.2 0 0 0 0 0 0 3.6 0 1.2 0 0 0 0 0 0
0 11.2 0 0.2 0 0 0 0.2 0 0.2 0 0 6 0.8 1 6.6 3 20.4 33.4 0 30.8 27.8 0 0 29.2 9.2 0.4 3.8 4.2 7.6 0 0 0 3 0 0 0 0 0 0
0 0 0 22.4 0.2 0 0 0.8 0 0 0 0 0.4 11.2 0 0 0 0.2 0.2 0 0.2 0.2 0 0 0 1.2 5 0 0 0 0 0 0 0 0 0 7 0 0 0
0 0 0 0 0 0 0 0 8.2 0 0 0 0 0 0 0 0 0 0 0 0 0 0 0 0 0 0 0 0 0 0 0 0 0 0 0.2 13.6 0 0 0
4.6 0.2 5.2 5.2 0 8.4 0 0 0 15.8 0 0 0.4 0.2 0 4 0 0 0.2 0 11.4 8.6 0 0 0 0 0 0 0 0.2 0.4 0 0 0 25.8 0 0 0 1.4 0
0 8.6 0 0 1 0 3.8 0 0.2 0 0 0 0 0 0 0 0 0 0 0 0 0 5.2 6.2 0 0 0 0 2 0 0 0 0 0 0 0 0 0 0 0
0 0 0 0 0.8 0 0 0 8.4 0 0 0 0 0 0 0 0 0 0 0 0 0 11.8 7.6 0 0 0.4 0 0 0 0 0 0 0 0 0 0.8 5.6 14.6 0
1.4 0 0 0 0.4 0 0.2 9.2 0 0 8 1.2 0 0 0 0 0 0 0 0 0 0 7.8 8.8 4 0.2 0 0 0 4.8 0 0 0 0 0 0 0 0 0 0
0 0 0 5.6 4.6 0 0 0 0 0.2 4.6 0 0 12.2 0 0.2 0 0 1.2 5.4 0 22.8 0.8 0 25.2 0 0 0 0 0 0 0 0 0 0 0 0 0 0 0.2
0 2.2 0 2.8 0 0 0 0 0 0 0 0 0 0 0 0 0 0.2 0 0.2 39.6 12.6 0 0.8 0 0 0 0 0 0.2 0 0 0.2 0 0.2 23 0 0 0 0
13.8 0 0.4 0 0.2 0.4 0 4.6 7.2 21.4 19.8 6.6 0 0 9.6 5.8 0 7.8 14.2 17.8 0.2 0 0 19.6 25 22.4 0.2 14.8 0.2 61.8 0.2 30.6 0.6 0 0.6 0 0 0.2 0 29
0 4.4 0 0 0 0 0 0.6 3 0.2 3.8 0 0 25.8 0 0 0 0 19.6 0 0.4 19 0.2 0 0.8 11.6 0.2 0 6.8 0.4 0 1.4 0 7.4 0.8 0.2 6.2 0 0 4.2
0.2 0 0.4 17.6 0 15 28.6 12.6 0 4.8 0 0 0.2 0 0 22 0 1.4 20.6 0 35.4 24.8 0 1.4 7.8 9 10.2 0 1.4 37 6.6 0 12 35.6 13.6 22 0 0 9.6 0.2
0 0 0 0 0 0 0 0 10.8 0 0 0 0 0 0.2 0 0 0 0 0 0 0 0.6 0 0 0 5.2 0 2.6 0 0 0 0 0 0 0 23.6 0 0 0
0.2 12 0 0 1.6 3.2 0 0 3.8 7.4 0 2.2 0 0.4 12.2 12 1 12.2 5.6 18.2 0.2 0.2 7.2 13.6 0 14.4 0.6 0 0 8.2 0 3.8 0 0 13.2 13 1.2 1.2 1.2 0
0 0 0 0 0 0 0 0 7.8 0 0 0 0 0 29.2 0 0 0.4 0 0 0 0 0 0 0 0 0.8 0 1.4 0 0 0 0 0 0 0.2 16.2 0 0 0
0.4 0 0 2.8 0.2 0 0 0 0 0 0 0 0 0.2 4 0 0 0 0 14.2 0.4 0.4 0 0 4.8 3.4 4 0 4.6 0 0.4 0 0 0 0 0 0 0 0 7.2
0 0 0.4 0 8.4 0 0 0 4 0.2 0 0 0 0 0 0 0 0 0 0 0 0 0.8 0 0 0 0 0.2 0 0 0 0 16.2 0 0 0 0 0 3.8 0
0 0 0 0 0.2 0 0 0 17.2 0 0 0 0 0 3.2 0 0 0 0 0 0 0 0 0 0 0 0 0 0.4 0 0 0 0 0 0 0 13 0 0 0
8.6 0 0 0 0 0 0.6 1.2 0 16.6 0 10 7.6 13 0 4.6 6.4 0 0 0.2 0 0.2 0 0 4.4 0.2 0.2 0 0 1 0.4 0 4.6 6.8 0 12.4 0 0 0 0
6.6 0.4 0 20.4 0 6.6 0 0.4 0 8.4 0 0 0 25.2 0 0 3.6 0 5.4 0 41.4 0.8 0 17.6 0 0 7.4 0 0 0 0.2 0 0 17.2 0.2 4 0.2 0 0 0
5.8 2 13.2 15.2 5.6 9 0.4 0.4 16.2 1.2 16 14.8 1.8 25.2 28 14.6 0.2 12 9.4 17.6 7.8 9.8 0.4 21.8 0 1.4 0.4 9.8 4 8.6 0 9.4 26.4 31 0 19.4 0 25.4 0 20.8
0 0.2 0 0 0 0 0 0 0 0 0 0 0 0 0.4 0 0 0 0 0 0 0 0 0 0 0 0 0 15.2 0 0 0 0 0 0 0 8.2 0 0 0
0 5 5.8 4.2 0 0 0 4.8 0 0 0 0 1.8 0.8 0 0 0 0 0 2 0.2 3.4 0 0 0.6 0.4 0 0 0 4.8 0 0.2 1 0 0 0 0 0 0 0
0.6 0.8 0 0 0 0 25 0 0 0 0 0 0 0 0 0 0 0 2.6 0 0 0.2 0 0 0 0 0.4 0 0 0 0 0 9.2 0 0 0.2 10.4 0.2 9.4 0
0 0 0 0 3.6 0 0 0 3.2 0 0 0.2 0 0 0 0 0 0 0 0 0 0 0 7.2 0 0 0 0 0 0 0 0 0 0 0 0 0 0 0.8 0
0.8 0 0.2 0.6 0 0 8 0 0 14.6 11.4 0 0 10.6 0 0 0 0 0 4 0 28.8 0.4 0 0.2 5.4 0 0 0 0 0 0 0 0 45.6 0 5 8 5.2 0.2
0 0 3.8 3.4 2.2 0 0 16.2 0.6 0.8 0 0 11.8 0.2 0 0 0 0 0 0 0 0 0 0 0 15.4 3.6 0 0 0 0 0.2 23.2 0 4 0.6 0 1.4 0 0.6
0 0 1.2 0 19 0 7.4 0 0 0.2 0 0 0 0 0 0 0 0 0 0 0 0.4 0 0 0.2 0 0 0 0 0 0 0 0 0 0.2 0 0 0 0.4 0
13.8 0 0 24.8 0 5.6 0 11.2 0 0.2 0 0 0.2 0 4 3.8 0 1 27.6 30.4 12.2 0 0.2 0 25.8 0.6 0 0 0 12 0.2 0.2 0 9.2 0 0 0 0 0 0
0 0.2 0 0 4.8 0 0 11.8 4 0 0 0 0 0 0 0 0.2 0 0 11.8 0 18.2 0 0 0 0.2 0 0 0 2.8 0 0 0.2 0 0 0 0 0 0 5.8
0 5.8 9.6 0 6.6 0 0 0 0 0 0 7 7.6 0 0 0 1 0 0.8 0 0 0.6 0 1 0 0 0 0 5.4 0 0 0 12.8 0 0 0.2 7.6 0 0 0
0 0 0 0 0 0 4.2 0 5.4 0 0 0 0 0 0.6 0 0 0 0 0 0 0.2 0 0 0 0 0 0 0 0 0 0 7.2 0 0 2.2 0.2 0 1 0
0 0 0 0 0 0 14.6 0 1 0 0 0 0 0 0 0 0 0 0 0 0 0 12.2 19.4 0 0 0 0 17.8 0 0 0.2 0.6 0 0 0.2 0 0.2 16.8 0
0 2.4 4.2 0.2 0.8 0 0 2.6 11.6 8.6 0 0 0 0 0.4 0 0 2 0 0 0 0 0.4 0.6 0 0 0 0 7.2 0 0 0 0 0 29.8 4.6 3.6 0 0 0
0 0 0 0 0 0 0 0 6.8 0 0 0 0 0 6.8 0 0 0 0 0 0 0 0 0 0 0 10.2 0 0 0 0 0 0 0 0 0 17 0 0.2 0
2 4.2 0 0 0.2 13 0 0 0 0 19 0 0 13.4 0 7 0 8.8 0 0 2.4 0 0.2 4.6 0 0.8 0 4 0 0 0.8 21 0 1.4 0 1 0 2.4 0 20.8
0 1.6 0 8.4 0 9 1.6 7.4 0 0 0 0 9.6 0.6 0 5.6 0 0 8.6 4.8 2.4 8.6 0.2 1.4 13.6 0 0.2 0.8 0 0 3 5.8 0.2 2.4 0 0 0 0 1.6 8.6
0 0 0 0 0 0 0 0 0.2 0 0 0 0 0 18.4 0 0 0 0 0 0 0 0 0 0 0 5 0 0 0 0 0 0 0 0 0 20.4 0 0 0
1 0 0.2 9.6 5.6 20.4 0 0 0 2 0 0 0.2 0 0 0 0 0.2 1.4 1.2 0 0.4 0 0 17.8 0 0 0 0 6.6 0 0 0 6.4 0 0 0 0 0 0
0.4 0 0 0 0 0 7.2 0 3 0 0 0 0 17 2.4 0 0 10.8 0.2 0 0 0 1 0.2 0.2 0.2 0 0 0 0 0 0 0.4 0 0 0 0 0 0 0
0.4 11.4 0.2 0 0 4.8 0 0.2 4 3 7.8 0 0 0.4 0 5 0 0.2 2.2 0.2 1 3.2 0 0 8.8 0 0 3 0 0 0 0 0.6 0 0 0 0 0 0 0.6
0 7 0 0 0 0 0 0 0 0 0 0 0 0 0 0 0 0 0 0 0 0 0 0.6 0 0 0 0 0.4 0 0 0 3.6 0 0 0 0 0 6.4 0
0 0 0 28.8 0 0 0 0.2 4 0 0 0 0.4 0 0 0 0 0.6 13.6 0.2 0 0.2 3 0 14.4 0 0 0 0 0.6 0 0 0 0 4.6 0 0.4 0 0 0
0.2 0 0 0.2 0 0 0 0 0.4 0 0 0 0 19 0 0 0 0 0 0 0 0 0 7 0.2 0 0.8 0 0 0.6 0 0 2.4 0 0 0 1.2 0 0 0
0.2 0 6 0 7.8 0.2 0 0 1 0 0 5.4 0 0 26.6 0 2.4 0 0 0 0 0 8.2 10.8 0 0 16.8 3 22.2 0 0 0 0 0 0 0 35.6 6.4 0.4 2
0 0 0 0 0 0 0 0 4 0 0 0.4 0 0 5.4 0 0 0.2 0 0 0 0 0 0.2 0 0 18.6 0 0 0 0 0 0 0 0 0 5.2 0 0 0
0 0.2 0 0 0 0 0 0 9.8 0 0 0 0 0 0 0 0 0 0 0 0 0 0 0 0 0 2 0 0 0 0 0 0 0 0 0 21 0 0 0
0 0 0 0 0 0 0 3.2 3.6 0 2 0 0.2 1 0 0 0 0 0 0 0 6.6 0 0 3 0 0 0 0 0 0 0 0 0 0 0 0 0 0.4 0
0 1.2 0 19 0 0 0.6 0 0 11.8 0.2 2.8 2.8 0 0 0 0 0 6 1.2 20.4 0 0.2 0.4 30 0 0 0 0 0.2 0 0.2 0 0 16.4 0 0 0.2 8.2 0.2
0 0 0 0 0 0 0 0 0 0 0 0 0 0 15.2 0 3 0 0 0 0 0 0 0 0 0 12.4 0 0 0 0 0 0 0 0 0 13.4 0 0 0
34.6 0.4 0 9 10.4 2.8 0 23.8 5.2 0 0 0 8.4 8 0 0 0 0.4 0.6 0 18.6 0 0 0 19.8 2.2 0.2 0 0 0 6.2 0 10.4 0.2 21.6 0 5.2 0 0 0
0 0 0 0 0.2 0 0 0 0 0 0 1.4 0 0 0 0 2.8 0 0 0 0 0 0.2 16 0.6 0 0 0 0 0 0 0 0 0 0 0 0 0 0.6 0
0.4 7.4 0 0 0 11.4 3.4 3.8 0 0 0 0 5.8 0.8 0 15.6 2.4 6 11.4 0 11.2 6 0 0 8.6 0 0 0 0 0 10.6 0 6 15.4 9 4.2 0.2 0 2.8 4.6
0 0 0 0 0 0 0.4 0 10 0 0 0 0 0 0 0 0 0 0 0 0 0.2 0 0.4 0 0.2 6.2 0 5.6 0 0 0 0 0 0 0 0 0 0 0
0 0 9.2 0 0.2 0 0 0 0 0 0 0 0 0 0 0 0 0 0 0 0 0 0 15.6 0 0 0 0 0 0 0 0 6 0 0 0 0 0 5 0
0.2 2 1 0 0 0 0 0 0 0 0 0 0 0 0 0 0 0 0 0 0 0 0.4 18.4 0 0 0 8.4 10.4 0 0 0 0.8 0 0 0 0 0 0.4 0
0 0 0 0 0 0 3.6 0 9 0 6.6 0 0.2 0.2 0 0 0 0.6 0 0 0 0.2 0 9.4 0 0 0 0 0 0 0 8.4 0 0 0 0 0 6.8 0 4
0 0 0 0 0 16.2 0 0 0 0 6 1 1.4 0 0 8.8 0.4 0.2 4 0 0 0 0 2.8 2.2 0.6 0 0 0 0.2 3.2 0 13.6 15.2 1.6 15.2 0 0 0 0.4
0 0 11.2 40.2 0 15.8 2.6 5 0 18.2 0 0 15.4 0 2.4 23.6 12.2 1.2 0.4 17.8 19.6 11.2 0.2 1.8 5 2.6 0.8 0 0.6 0 6.6 7.8 21.2 0.8 0 22.8 11.2 0 0 2.8
0 0 0 0 0 0 0 0 0 0 0 0 0 0 0 5 0 0 0 0 0 0 0 0 0 0 3.2 0 5.8 0 0 0 0 0 0 0 0 0 0 0
0 0 0.2 0 3.6 18.6 26.2 0 6.8 34.4 0 0 4 4.8 0.4 7.2 3.2 0 0 0 0 0 0 0 1.6 0 0 0 10.8 0 1.4 0 10 12.6 0 6 1.2 0 0 3
0 0.4 0 0 0 0 0.2 0 0 0 0 4 0 0 0 0 0 0 0 0.2 0 0 0 0 0 8.2 0 0 0 0 0 0 0 0 0 0 0 0 0 0
0 0 0 0 0 0 0 0 0 0 0 0.4 0 0 0 0 0 0 0 0 0 0 0 0 0.8 0 0 0 0 0 0 0 14.4 0 0 0 1.4 0 0 0
0 0 0 0 0 0 0 0 0 0 0 0 0 0 0 0 0 0 0 0 0 0 0 0 0 0 10 0 0 0 0 0 0 0 0 0 4 0 0 0
6 0 0 0 0 9.4 0 0 0 0 0 0 0 0 0 0 0 0 0 0.4 0 0 0 0 0 0 10.8 0 0.2 0 0 5.6 0 0 0 4.8 7.8 0 0 0
0 0.2 0 0 0 0 0 0 11.2 0 0 0 0 0 1.6 0 0 0 0 0 0 0.2 0.6 0 0 0 0 0 0.4 0 0 0 0 0 0 0 3.8 0 0 0
14.2 26.6 0.4 11 0.2 0 0.2 0.2 0 30.4 22.2 0 0 24.6 0 13.8 0 6.2 14.4 1.8 20 0 0 0 6 14 0 0 3.2 0 0 4.2 0 7.4 0 41 0 0 0 0
25.2 0 8.8 0 0.2 4.6 0 0 5 12 0 0 11.4 27.2 0 0 3.4 36 19.6 0 0 0 0 6.8 0 0 0 4.8 0 0 0 3.6 1.6 5.8 7 21.8 0 0.6 0 0.6
0 5.2 0 0.4 0 0 0 0 0 0 0.2 0 0 32.2 0 0 2 0 0.2 0 7.2 0 0 10.2 0 22 0 0 5.6 0 0 0 0 0 0 0 0.4 3.4 0 0
0 30.4 0 12.6 7.6 14.2 0 14 0 13.8 0 0 0 0.2 0 0 4 0 0 9.2 15.4 0 0 0 0.4 26.8 0 0.8 0 13 0 0 0.2 0.2 3.2 0 0 0 0 0
0 0 0 0 0 0 0 0 0 0 0 0 0 0 0 0 0 0 0 0 0 0 0 0 0 0 1 0 0 0 0 0 0 0 0 0 8 0 0 0
0 0 0 0 0 0 0 0 0 0 0 0 0 0 5 0 0 0 0 0 0 0 0 0 0 0 0 0 0 0 0 0 0 0 0 0 7.4 0 0.6 0
0 0 0 0 0 0 0 0 0.2 0 0 0 0 0 0 0 0 0 0 0 0 0 0 0 0 0 1 0 1.6 0 0 0 0 0 0 0 12.2 0 0 0
0 0 0 0 0 0 0 0 0.4 0 0 0 0 0 0 0 0 0 0 0 0 0 0.6 0 0 0 0 0 0.2 0 0 0 0 0 0 0 18.8 0 0 0
0 0 0 0 0 0 0 0 0 0 0 0 0 0 0 0 0 0 0 0 0 0.2 0 0 0 0 6.6 0 0 0 0 0 0 0 0 0 0.2 0 0 0
0 0 0 0 0 0 0 0 0 0 0 0 0 0 0 0 0 0 0 0 0 0 0 0 0 0 2 0 0 0 0 0 0 0 0 0 8 0 0 0
9.6 0 0 0 0.6 2.6 0 0 0 0 0 0 0.2 3.4 0 0 0 0 0 0 0 0 0 0 0 0 0 0 0 0 0 3.4 0 0 0 0.2 0 0 0 0
1.4 0 0 0 0 0 0 0.6 0 17 0 0 0.2 24.8 0 2.8 0 0 0 5.6 10.2 0 0 0 0.2 15 0 0 0 1 2 0.2 0 0 0 0 0 0 0 4
0 0 0 0 0 0 0 0 0 0 0 0 0 0 0 0 0 0 0 0 0 0 0 0 0 0 0 0 12 0 0 0 0 0 0 0 0 0 0 0
0 0 0 0 5 0 14.8 0 0 0 0 0 0 0 0 0 0 0 0 0 0 0 0 0 0 0 0 0 0.4 0 0 0 0.2 0 0 0.2 4.4 0 0 0
0 0 0 0 0.2 0 0 0 3.4 0 0 0 0 0 13 0 0 0 0 0 0 0 0 0 0 0 0 0 0 0 0 0 0 0 0 0 4.4 0 0 0
0 0 0 0 0 0 0 0 0 1.2 0 0 0 0 0 0 0 0 0 0 0 0 0 0 0 0 0 5 0 0 0.8 0 0 0 0 0 0 0 0 0
0 0 0 0 0 0 0 0 0 0 0 0 0 0 0 0 0 0 0 0 0 0 0 0 0 0 0 0 0 0 0 0 0 0 0 0 5 0 0 0
0 0 0 5 0 0 13.6 0 0 0 0 0 0 0 0 0 0 0 0 0 0 11.8 0 0 0 0 0 0 0.2 0 0 0.2 0 0 0.2 0 0 0 0 0
0 0 0 0 0 0 0 0 0 0 0 0 1 0 0 0 0 0 0 0 0 0 0 0 0 0 0 0 0 0 0 0 0 0 0 0 0 0 0 0
0 6.6 0 0 0 0 0 7.4 0 13.6 7.8 0 1.6 0.4 0 0 0 2.8 10.2 0 27.4 0 5.8 0.2 0 0 0.2 0.2 0 9.8 0 8 0 0.2 2 5.8 0 0 0 0
0 0 0 0 0 0 0 0 0 0 0 0 0 0 0 0 0 0 0 0 0 0 0 0 0 0 0 0 0 0 0 0 0 0 0 0 5 0 0 0
0 0 0 0 0 0 28.6 0 0 0 0 0 0 0 0 0 2 0 0.2 0 0 0 4.8 15.8 0 6 0 0 0.8 0 11 0 4.6 0 0 0 0 0 7.2 0
0 0 0 0 0 3.8 0.2 0 0 0 0 0 0.6 6.6 8.4 0 0 0 5.4 0 23.8 2.6 0 0 0 0 0 0 0.2 0 4.8 0 0 0 0 0 0.6 0 0 0
0 0 0 0 0 0 0 0 0 0 0 3 0 0 2 0 0 0 0 0 0 0 0 0 0 0 10 0 0 0 0 0 0 0 0 0 0.8 0.2 0 0
0 0 0 0 5.8 0 0 2.4 17.6 0 0 4.4 0 0 0 0 0 0 0 0 0 0 0 0 0 0 0 4 0 0 0 1.8 0 0 2 0 0 7 0 3
0.2 0 0 0.2 0 0 0.2 0 0.2 0 7.4 1.8 0 0 2 0 0.6 12.6 0 0.4 0 0 0 7.4 0 0 0 0 0 0 0 0 0 0 0 0 0 0 1 0
0 0 1.6 14 0 2.4 0.4 0 0 4.2 0 0 0 1.4 0 0 0 0 0 0 22.4 5 0 0 12.8 2.6 0 0 0 0 0 0 3.6 0 0.2 0 0 0.4 0 0
0 0 0 0 0 0 7 0 0 0.4 0 0 0 4.2 10 0 0 0 0.2 0 0 0 0.2 8 3.8 0.2 6.8 0 0 0 0 0 0 0 0 0.4 0 0 0.8 0
0 0.2 0 0 0 0 0.2 0 0 0 0 0 0 0 0 0 0 0 0 0 0 0 0 0 0 0 5.4 0 1.2 0 0 0 0 0 0 0 0.2 0 5.8 0
8 0 0 0.4 0 5.6 0 0 0 0 0.2 0 0.2 9.6 5 0 2.6 11.4 2.4 6 0 1.6 0 4.2 12.6 0 0 0 0 0 0 0 0.8 8 0 4.2 0 5 0 5.2
0 2.4 0 0 18.6 0 0.2 0 0.2 0 0 0 0 0 0 0 0 0 0 0 0 0 0 0.2 0 0 0 0 0 0 0 0 0 0 0 0 0 0 9.4 0
0 3.6 0 0 0 0 0.8 0 4.2 9.8 0 0 0 13.6 0 0 0 0 0.4 8.6 0 0 0 0.6 10.4 0 0.2 0 0.2 1 0 0 0 0 11.6 0 0 4 0 0
0 0 0 0 0 0 0 0 6 0 0.2 0 0 0 0 0 0 0 0 0.4 0 9.8 0 0 0 0 0 0 0 0 0 0 0 0 0 0 4 0 0 7.6
0 0 5 0 4 0.4 4.6 0 0 0 0 0 0 0 0 0 0 0 0 0 0 0 0 0 0 0 0 0 0 0 0 0 6.6 0 0 0 0 0 8.4 0
0 0 0 9 0 0 8.4 1 3.8 0.4 10.4 0 0 0 0.2 0 0 0 0 0.4 0 7.2 0.2 0 0 0.2 0 3.4 5.4 7.6 0 0 0 0 0 0 0.4 0 0 0
0 0.2 0 0 0 0.2 0 0 0 0 0 0 0 0.2 0 0 1 0 0 0 0 0 5 13 0 0 1.8 0 0 0 0 0 8.4 0 0 0 0 0 0.2 0
0.6 0 5 0 0 0.6 0 0 0 0 17.4 0 0 0 0 0.4 0 0 0 0 0 4.6 0 0 0 28.4 0 0 0 0 0 11.4 4 0 0 0 0 0 0 15.6
0.2 0 0 0 0 0 2.6 0 0 0 0 0 0 0 0 0 0 0 0 0 0 0 0 0 0 0 8.8 0 6.8 0 0 0 0 0 0 0.2 0.4 0 0 0
0 0 0 0 0 0 0 0 0 0 0 0 0 0 3 0 0 0 0 0 0 0 0 0 0 0 0 0 0 0 0 0 0 0 0 0 0 0 0 0
5.8 9.4 0 0 0 7.8 0 1.4 0 0 0.2 0 4.4 0 0 0 0 0 0 0 4.6 7.2 0 0.2 7.8 0 0 0 2 0 0.2 1.4 0 7.8 0 6.8 0 0 0 0
0 0 0 0 0 0 0 1 0 5.4 0 0 0.2 0 0 0 3 0 6 0 0 5.4 0 0 0 0.4 0 0 0 0 0 0 0 3.6 0 0 0 0 0 0
0 0 0 0 0 0 0 0 7 0 0 0 0 0 5.4 0 0 0 0 0 0 0 0 0 0 0 0.6 0 0 0 0 0 0 0 0 0 0 0 0 0
10.4 0 0 0.2 0.2 6.2 0 0.2 0.2 4.4 0 0 0 0 0.2 5.8 0 0.4 0 0.2 1 0 0 0 23 0.2 0 0 2 18.4 13 3.4 0 13.4 0.8 2.4 0 0 0 12
2.8 0.6 0.2 0 0 3 0.8 0 0 0 1.8 0 0 0 0 1 0 0 0.2 0 0 0 0 2.6 0 0 0 0 0 0 0 0 0 9.4 0 0 0.4 0 0.2 0
1 0.2 0 0 0 2.4 0 0.2 0 0 1.6 0 0 0 0 0 0 0.4 2.4 6.8 0 0.2 0.2 0 0 0 0 0 0 9.6 0 10.2 0 0 0.4 0 4.6 0 0 12.8
0 0.4 0.2 0 0 4.8 0 3.8 0 0.2 0 0 0 0 0 0 0 0 0 0.6 0 5 0 0 0 0 0 0 0 0 0 0 0 0 0 0 0 0 0 0
0 0 0 8.8 0 0 0 0 0 0 0 0 0 0 0 0 0 0 2.2 8.8 5 0 0 0 0 0 0 0 0 0 0 0 0 0 0.2 0 0 0 0 0
6.8 0 0 0 1 3.2 0.8 0 0 0 0 6 0 3.2 7.6 6.2 0 0 3.8 0.2 0.4 7 0 8.4 0 0 0.4 0 2.4 0 0 0 3.8 0 0 0 0 0 0.8 0
0 0 0 0 0.2 0 12.8 0 0 0 0 0 0 0.2 0 0 0 0 4.6 0 0 0 0 0 0 0 0 0 0 0 0 0 4.2 0 0 0 0 0 0 0
0 0 0 0 0 0 0 0 0 0 0 0.4 0 0 0 0 0 0 0 0 0 0 0 0 0 0 16.6 0 0 0 0 0 0 0 0 0 0 0 0 0
0 0 7.8 4.4 0 0 0 0 0 0 0 1.8 0 0 0 0 7 9 0.2 4 0 0 0 8.4 0 0 0 0 0 0 0 0.2 10.2 0 0 0 0 0 1 0
0 0 0 0 0 0 0 0 0 0 0 0 0 0 0 0 0 0 0 0 0 0 0 0 0 0 0 0 0 0 0 0 0 0 0 0 0 3 0 0
0 0 0 0 0 0 0 0 0 0 0 0 0 0 0 0 0 0 0 0 0 0 0 0 0 0 1 0 0.6 0 0 0 0 0 0 0 8.4 0 0 0
0 0 0 0 0 0 0 0 1.6 0 0 0 0 0 0 0 0 0 0 0 0 0 0.2 0 0 0 0 0 0 0 0 0 0 0 0 0 5.2 0 0 0
0 0 0 0 0 0 0 0 0.2 0 0 0 0 0 1.6 0 0 0 0 0 0 0 0 0 0 0 0.2 0 0 0 0 0 0 0 0 0 4.6 0 0.4 0
0 0 7 0 0 0 0.6 0 0 0 0 0 0 0 0 0 0 0 0 0 0 0 0 0 0 0 0 0 0 0 0 0 0.4 0 0 0 0 0 0 0
0 0 0 0 0 0 0 0 0 0 0 0 0 3.8 0 0 0 0 0 0 0 0 0 0 0 0 0 0 0 0 0 0 0 0 0 0.2 0.2 0 6.8 0
0.2 0 0 0 0 0 0.2 0 0 0 0 0.2 0 0 0 0 0 0 0 0 0 0.2 0 0 0 0 0 0 0 0 0 0 0 0 0 0 2.2 0 0.2 4.8
0 0.2 0 8.4 0 0 0 0 0 0 0 0 0 0.2 0 0 0 0 0 4.4 0 8.2 0 11.2 0 0 0 0 0 0 0 0 0.4 0 0 0 0 0 0 0
0 0 0 0 0 0 0 0 0.2 0 0 0 0 0 0 0 0 0 0 0 0 0 0.4 0 0 0 0.2 0 0.8 0 0 0 0 0 0 0 12 0 0.4 0
0 0 0 0 0 0 0 10.8 0 0 0 0 0 0 0 0 0 0 14 0 0.2 0 0 7.2 0 0 0 0 0.2 0 5 0.4 0 5.2 0 0 0 0 0 0
0 0 0 0 0 0.4 0 0 0 0 0 0 0 0 0 0 0 0 0 0 0 0 0 0 0 0 0 0 0 0 0 0 1.6 0 0 0 0 0 0 0
0 0 0 0 0 0 0 0 2.8 0 0 0 0 0 0 0 0 0 0 0 0 0 1.2 0 0 0 0 0 0 0 0 0 0 0 0 0 0 0 0 0
5 0 0 0 0 0 0 0 0 0 0 0 0 7.2 0 0 0 0 0 0 0 0 0 0 0 0 0 0 0 0 0 0.2 0 0 7.6 0 0 0 0 0
0 0.8 0 0 0 0 0 0 0 3.6 0 0 0 0 0 0 0 0 0.2 0 0 0 0 0 0 0.4 0 4 0 0 1 0 0 1 0 3 0 0 0 0
0 0 0 0 0 0 0 0 0 0 0.2 1.6 0 1.4 0 0 0 0 0 1.4 0 0 0 0 0 0 0 0 0 4 0 0 0 0 0 0 0 0 0 0.4
0 2.8 0 0 0 0 0 0 0 0 0 0 0 0 0 0 0 0 0 0 0 0 0 0 0 0 2.8 0 1 0 0 0 0 0 0 0 0.2 0 0 0.2
0 0 0 0 0 0 0 0 0 0 0 0 0 0 0 0 0 0 0 0 0 0 0 0 0 0 0 0 0 0 0 0 0 0 0 0 3 0 0 0
0 0 0 0 0 0 0 0 0 0 0 0 0 1.6 0 0 0 5 0 0 0 0 0 0 0 0 0 0 0 0 0 0 0 3.4 0 0 0 0 0 0
0 0 0 0 0 0 0 0 0 0 0 0 0 0 0 0 0 0 0 0 0 0 0 0 0 0 0 0 0 0 0 0 0 0 0 0 4 0 0 0
0 0 0 0 0 0 0 0 0 0 0 0 0 0 0 0 0 0 0 0 0 0 0 0 0 0 0 0 0 0 0 2.8 0 0 0 0 0 0 0 0.2
