0.2 0 2.6 0 0 0 0 0.2 3.4 3.4 14 5 0 0 0 0 0 0 0.2 0.2 4.6 0 12.6 0 13 0 0.2 0 0 0 0 0 0 0 0 0.4 18.8 0 0.2 0
0 0 0 0 0 0 0 0 0 0 0 0 0 0 0 0 0 0 0 0 0 0 0 0 5 0 0 0 0 0.2 0 0 0 0 11.8 0 0 0 0 0
0 0 0 0 0 0 0.2 0 0 0 0 0 1 0 0 0 0 0 0 0 0 0 0 0 0 0 0 0 0 0 9.8 0 0 0 0 0 0 0 0 0
0 0 0 0 0 0 0 0 0 0 0 0 5 0 0 0 0 0 0 0 0 0 0 0 0 0 0 0 0 0 0 0 0 0 5 0 0 0 0 0
0 0 0 0 0.2 0 0 0 2.8 1.4 0 7.2 0 3 0 0 1 0 10.6 3.6 0 0 0 0 2.6 0 0 0 0.6 0 0 0 0 0 0 0 0 2 0 0
0.4 4 0 0 0 0 5.4 0 0 0 0 1.2 6 0 3.8 0 5.4 0 0 0 0 0 1.4 0 0.2 0 0 0 0 0 0 0.6 0 0 0 3.4 9.2 0 0 5
0 0 0 0 0 0 0 14 6.6 0 3 23.2 0 6.4 0.6 0 0 0 0 0 27.6 0 0 0 2.4 0 0 0 10.2 0 0 0 0 0 0 0 0 2 0 0
0 0 0 0 3 0 0 0 0 0 0 0 2 0 0 0 0 5 0 0 0 0 0 0 0 0 0 0 0 0 0 0 0 0 0 0 0 0 0 0
0 0 0 1 7 1 0 0 0 0 0 0 0 0 0 0 0 0 0 0 0 0 0 0 0 0 0 0 0 0 0 0 0 0 0 0 0 0 0 0
15 0 7.4 0 0 0 0 0.4 0 0 11.4 0 0 0 0 0 10 0 0 0 0 0 10 17.8 0 0.2 0 0 0 0 0 0 0 0 0 0 0 0 0 5.8
0 0 0 0 0 0 0 0 0 8 0 0 0 6.8 0 0 0 0 0 17 4.8 0 0 0 0 0 7.6 0.2 0 0 0 0.2 0 0 1 0 0.6 0 1.8 0
0 0 0 0 0 0 0 0.6 0 0 0 0 0 0 0.2 0 0.2 0 0 0.6 0 0 0 4.8 0 0 0 0 0 0 0 1.6 0 0 0 0 0 0 8 0
0 1.8 9 0 0.4 0 0 3.8 0.8 12 14.8 0.2 14.4 2.6 2.2 9.8 0 0 5 0 9.4 0 19.6 13.6 0 0 0 0.4 0 2.6 2.4 12 0.4 0 0 0 4.6 12 0 0.2
0 3.6 0 0 0 3.2 0 10 0 4 0.2 0 0 0 0 0 0 0 0 0 0 0 7.2 4.8 0 1.4 0 0 0 0 0 0 0.4 0.2 0 0 0 0 0 0
0 0 0 0 0 0 0 0 0 0.2 0 0 0 0 0 0 0 0 0 0 0 3 0 0 0.8 0 0 0 0 0 0 0 3.8 0 3 0.2 0 0 0 0
13.8 0 0 0 0 0 0 0 0 0 0 0 0 0 0.2 0 0 0 0.2 0.6 0 0 0 11 0 5.2 0 0 0 0 0 0.2 0 0 0 0 0 0 4.8 0
0 0 0 6.8 0 0 0 0 0 0 0 0 0 0 0 0 0 0 0 0 0 0 0 0 0 0 0 0 0 0 4 0 0.2 0 0 0 0 0 0 0
0.4 6.2 0 0 0.2 2.2 0 0 11.2 0 6 19.6 0 0 0.4 0 0.2 0 0 13.4 1 0 8 17.6 0 0.2 0 0 0 0 0 0.6 0.2 0 0 0 4.6 0 0 0
0 0 0 0 0 0.2 0 0 0 0 0 0 0.8 0 0 0 0 0 0.2 0 0 0.4 0 0 0 0 0 0 0 0 0 0 1.4 0 0 0 0 0 0 0
0 0 0 1.2 9.6 0 0.2 0 0 0 0 0 0 0 0 0 4.2 7.8 0 0.6 0 0.2 0 0 3 0.2 0 0 0 0 0 0 0 0 0 0 0 0 0 0
0 0 0 24.6 0 0 0 0 0 0 0 0 4.2 0 0 0 0 18.2 0 0 0 0 2 0 0 0 4.4 0 3.2 0 0.2 0 0 0 1 0 0 4.2 0 0
1.8 0 0 0 16 0 0 0 3 0 0 0 0 0 0 0 0 0 7 0 7.2 0 0 0 0 0 0 0 0 0 0 0 0 0 0 0 0 0 0 0
2.4 0 0 0 0 3.6 0 0 3 0.2 0 0 0 16 0 0 0 0 0 0 0 0 0 0.8 0 0 0 0 0 0 0 0 0 0 0 0 0 3.2 7.8 0
0 0.2 0 0 0 18 0 0 0 0 0 0 0 0 0 0.2 2.2 0 0 6.2 5.6 0 0 0 0 0 0 0 0 0 0 0.4 0.4 0 4.8 5 0 0 0 0
0 0 3.6 0.2 11 0.6 0 0 3.2 0 4.2 0 0 4.4 0 0 0 0 0.4 0 0 0 0 4.8 0 0 0 0 0.2 0.8 0 0 5.8 0 0 0 0.4 0 0.4 0
0 5.4 0 0 0 5 0 0 0.4 0 0 0 4.6 0 0 1 0 2.6 0 0 0 6.4 0 0 1.2 0 0 0 0.4 0 0 0 8.6 0 0 0.2 0 0 0.2 0
0.2 0 0 0 0 0 0 0 0 0 0 0 0 0 0 5 0 0 0 0 0 0 0 0 3.8 0 0 0 0 0 0 0 0 0 0 0 0 0 0 0
0 0 0 0 0 0 0 0 0 2.8 0.2 0 0 4 0.6 0 0 0 0 4 4.8 0 0 1.2 0 0 0 0 0 0 0 0 0 0 0 0 0 3.2 0 0.2
0.2 0 0 0 0 0 0 7.6 0 0 0 0 0 0 0 0 0.2 0 0 0.6 0 0 0 0 0 0 0 0 0 0 0 0.4 0 7.6 4 0 0.2 0 0.2 0
0 0 0 0 0 0 0 0 0 0 4 0 0 0 0 0 0 0 0 0 0 0 0 0 0 0 0 0 0 0 0 0.4 0 0 0 0 0 0 3.6 0
0 0 0 13.6 0 0 0 0 0 0 0 0 0 0 0 0 0 0 0 0 0 0 0 0 0 0 1.2 0 0 0 0 0 0 0 0 0.2 0 0 0 0
0 0 0 0 0 0 0 0 0 0 0 0 0 0 0 0 0 5.6 0 0 0 2.2 0 0 0 0 0 0 0 0 0 0 0 0 0.2 0 0 0 0 0
0 0 0 0 0 0 0 0 0 0 0 0 6.6 0 0 0 0 5.2 0 0 0 0 0 0 0 0 0 0 0 0 5 0 0 0 0.2 0 0 0 0 0
0 0 0 0 0 0 0 0 0 0 0 0 0 0 0 0 0 0 0 0 0 0 0 0 0 0 0 0 0 0 0 0 0 0 3 0 0 0 0 0
0 0 0 0 14.4 0 0 0 0 0 0 0.2 0 0 0 0 1 0 5.4 0 0 0 0 0 0 0 0 0 0 0 0 0 0 0 0 0 0 0 0 0
0.2 0 0.8 0 0 0 0 0 0 11.6 0 0 0 0 6.8 0 0 5 0 3.6 0 0 0 0 0 9.4 0.6 0 0 2.6 0 0 0 7 0 0 0 7 3.4 0
0 0 0 0 0 0 0.2 0 0 0 0 0 0.2 0 0 0 0 0 0 0 0 0 0 0 0 0 0 0 0 0 0 0 0.2 0 13.4 0 0 0 0 0
0 0 0 0 0 0 4.8 0 0 0 0 0 0 0 0 0 0 0 0 0 0 0 0 0 0 0 0 0 0 0 0 0 0 0 0.2 0 0 0 0 0
0 0 0 1 0 0.2 3.8 0 0 4 0 0 0 0 0 0 0 0 0 0 0.2 0 0 0.2 0 0 0 0 0 0 0 23.6 0 0 0 0 0 0 0 0
0.4 0 0 0 0 0 0 0 0.8 0 0 0.4 0 0 1.4 0 7 0 6.2 4 0 0 0 0 2.8 0.2 4.4 0 0.2 0 0 0 11.4 0.2 0 0 0 0 0 3.6
0 0 0 0 2.2 0 0 0 4 12.6 0 0 0 0 0 1 0 0 0 4 1 3 0 0 0 0 0 0 0 0 0 0 5 4 0 0 0 0 0.2 0
0.4 0 2.2 0 0.2 0 5.8 0 0 12.2 0 19.4 0 0 0.2 0 2.4 0 0 0 12.6 0.8 0 0 0 0 1 0 0.4 1.2 0 1.6 0 0 0 0 1.6 0 0 0
0 0 0 0 0 0.2 0 0 0 0 0 0 0 0 0 0.4 0 0 2.4 0 0 0 0 0 4 0 0 0 0 4 0 0 0 3 0 0 0 0 0 0
0 0 0 0 0 0 0 0 0 0 0 0 0.6 0 0 0 0 0 0 0 0 0 0 0 0 0 0 0 0 0 0 0 0 0 9.4 0 0 0 0 0
0 3 0 0 0 0 0 0 0 0 0 0 0 0 0 0 0 0 0 0 0 0 0 0 0 0 0 0 0 0 0 0 0 0 10 0 0 0 0 0
0 0 0 0 0 0 0 1.2 0 0 1.8 0 0 0 0 0 0 0 0 0 4.4 0 0 0.6 0 0 2 0 0 0 3 0 0 0 0 0 0 0 0 0
19.6 0.4 7.8 0 0 0.8 0 0 0 4.2 0 0 4.8 0 0 3.4 0.2 0.2 0 0 0.2 0 10.8 0 2.4 8 8.8 0 3 0 0.2 0 0 3.2 0 0 0 0 0 0
0 0 0 0 0 0 0 0 0 0 0 5.6 0 0 0 0 0 0 0 0 0 0 0 0 0 0 0 0 6.6 0 0 0 0.2 0 0.6 5 0 0 0 0
0 0 0 0 0 0 0 0 0 0 0 0 0 0 0 0 0 0 0 0 0 0 0 0 0 0 0 0 0 0 0 0 0 0 0 0 5 0 0 0
0 0 0 3 0 0 0 0 0 0 0 0 0 0 0 0 0 0 0 0 0 0 0 0 0 0 0 0 0 0 0 0 0 0 0 0 0 0 0 0
0 0 0 0 0.2 1.4 0 0 0 0 0 0.2 0 0 0 0 0 0 0 0 0 0 0.2 0 0 0 0 0 0 0 0 5 0 0 0 0 0 0 0 0
0 0 3 0 3 0.2 0 0 0 2 0 0 0.2 0 0 5.4 0 0.2 0 9.8 0 0 0 0 0 7.4 0 0 2.4 0 0 0 1.4 9 0 0 0 0 0 0
0 0 0 9 0 0.2 0 0 0 0 0 0 0 2.6 0 7.4 0 0 0 0 0 0 0 0 0 0 2.4 0 0 0 0 2 0 0 0 0 0.4 0 0 0
0 0 0 0 0.4 0 6 11.4 0 0 0 0 0 0 0 0 0 0 0 5.2 0 1 0 0 0 0 0 1.8 0 0 0 24 0 0 0 0.6 0 0 0.6 0
9.4 0 8.8 0 0 4.8 0 0 7.8 13.6 1 0 0 6.6 15.4 5.4 0.2 0.4 0.4 0 0 0 7 0 0 0 0 0 0 0 0 0.2 0 0 0 0 0 1 0 11
0 0 0 1 0 0 3.8 9.8 0 0.2 0.2 0 0 6.6 2 0 0 0 0 8 0 0 0 13 0.4 0 0 0 0 0 0 0 0 0 0 0 0 0 0 0
0 0 0 0 0 0 0 0 0 0 0 0 0 0 0 0 0 0 0 0 0 0 0 0 0 0 0 0 0 0 1 0 0 0 0 0 0 0 0 0
2 0 0 0.2 0 9.6 0 0.6 0 0 0 0.4 0 0 0 0 0 0 0 3.4 2.8 0 13.8 12.6 0 0 0 0 0 0.2 0 0 5.2 0 0 0 5.2 0 7 0
0 6.2 0 6.4 0 0 0 0 0 0 0 0 0 0 0 0.4 0 0 0.2 0 0 3.6 9.2 0 0 0 0 0 0 2 0 0 0 0 0 0 0 0 0 0
4 5 0 0 0.2 0 0 9.2 0 0 0 0 0 0 13.2 0 11.8 0 0 0 0 0 0 0 0 1.2 0 0 4 0 3 1 0 0.4 0 0 0 0 3.8 0.2
5.2 0 0 0 0 0 0 0.2 0 0 0 0 0 0 0 0 6.4 0 0 5.4 0 0 0.2 0 0 0.2 0 0 0 0 0 0 11.8 0 0 0 5.6 0 0 0
0 0 0 13 0 0.8 0 0 0 0 0 0 0 0 0 0 0 0.2 0 0 0 0 0 0 0 0 0 0 0 0 0 0 1 0 0 0 0 0 0 0
0 0 0 5.8 0.8 0 0 0 0 0 0 0 0 0 0 5 0 0 0.2 0 0 0 0 0 0 0 0 0 0 0 0 0 0 0 0 0 0 0 0.2 0
0 0 0 0 0 0 0 0 0 0 0 0 0 0 0 1 0 0 0 0 0 0 0 0 0 0 0 0 0 0 0 0 0 0 0 0 0 0 0 0
0 0 0 5.8 0 0 0 0 0 0 0 0 0 0 0 0 0 0 0 0 0 0 0 0 0 0 0 0 0.2 0 0 0 0 0 0 0 0 0 0 0
0 0 0 0.4 0 0.2 0.2 0 0 10.4 0 0 0 12.8 0 0 0 0 0 0 0 0 0 0 0 0 0 0 0.2 2.8 0 0 0 5.8 0 0 0.2 0 0 0
0 2.6 0 0 0 0 0 0 0 0 0.4 0 0 0 0 0 0 0 0 0 0 0 0 0.4 0 0 0 0 4.2 0 0 0.2 0 0 0 0 0 3.2 0 0
8 0 0 0.2 0 4.2 0 0 0 0 0 0 0.4 0 0 4 0 0.2 0 0 0 0 0 2.8 0.2 4.4 0 0 0.4 0 0 0.2 0.4 0 0 0 0 4 5.6 0
0 0.8 0 0 0 4 0 0 0 0 0 0 0 0 0 0 0 0 0.4 0 1 0 6.2 0.8 0 0 0 0 0 0 0 12.8 0 0 0 0 0 0 0 0
0 0 0 0.2 0 0 0 0 0 0 0 0 5.2 0 0 0 0 0 0.4 0 0 3 0 0 0 0 0 0 0 0 0 0 0 0 0.2 0 0 0 0 0
0 0 0 0.2 0 3 0 0 0 0 0 0 0 0.2 0 8.2 0 0 0 0 0 0 0 0 0 0 0 0 0 0 0 0 5.4 0 0 0 0 0 0 0
7.6 0.2 0 0 0.6 7 0 0 0 0 0 0 0 0 0 0 1.6 0 0.2 0 0 0 0.2 0 0 0 0 4 0 0 0 3.6 0 0 0 0 0 0 0 0
6.8 0 0 0 0 0 0 0 0 0 0.6 0 0 11 0 0 0 0 0 0 0 0 0 0.4 0 3.6 0 0 0 0 0 0 0 0 0 0 0 3.8 3.8 0
0 0 0 0 0 0 0 0 0 0 0 0 0 0 0 0.2 0 0 0 0 0 0 0 0 0 0 0 0 0 0 0 0 0 3.8 0 0 0 0 0 0
0 0 0 0 0 0.2 0 0 0 0 0 0 0 0 0 0 0 0 0 0 0 0 0 0 0 0 0 0 0 0 0 0 4.8 0 5 5 0 0 0 0
0 0 0 0 0 0 0 0 0 0 0 3.2 4 0 0 0 1.8 0 0 0 0 0 0 0 0 0 0 0 0 0 0 0 0 0 0 0 0 0 0 0
0 0 0 0 2.6 0 0 0 0 0 0 0.4 0 0 0 2 0.6 0 0 0 0 0 0 0 0 0 0 0 0 0 0 0 0 0 0 0 5.4 0 0 0
0 0 0 0 1.2 1 0 0 0 0 10.6 0 0 0 2 2.4 0 0 0 0 1 0 0 10.2 0 0 0 0 0 0 0 0.4 0 0 0 0 21.2 0 0 0
0 0 0 1.8 0 0.6 1 0 0 1 0 0 0 0 0 0 0 0 0 0 0 1.8 0 5.4 0 5.4 0 0 0 0 0 0 0 5.6 0 5.2 0 0 0 2.2
0 0 0 0 0 0 0 0 0 0 0 0 0 0 0 0 0 0 0 0 0 0 0 0 0 0 5 0 0 0 0 0 11 0 0 0 0 0 0 0
0 5.2 3 0 11 0 0.8 15.4 0 0 0 0 0 0.2 0 0 0 0 0 9.8 0.6 0 0 0 0 4 0 0 0.4 0 0 0 0 0 2.6 0 0 0 0 3
0 0 0 0 0 0 0 0 0 0 0 0 0 0 0 0 0 0.4 0 0 0 6.4 0 0 0 0 0 5 0 0.2 0 0 0 0 0 0 0 0 0 0
0 0 0.6 0 3.8 0 0 0.6 0 0 0 0 0 0 0.2 0 0 0 7.4 0 3.2 0 0 5.2 0 12.6 0 3 0 0.6 0 6.4 0 8 0 0 0.6 0 0 5.8
0 0 0 0 0 0 0 0 0 0 0 0 0 0 0 0 0 0 0 0 0 5 0 0 0 0 0 0 0 0 0 0 0 0 0 0 0 0 0 0
0 0 0 0 0 0 0 0 0 0.4 0 0.4 0 0 0 6.4 1 0 0 0.4 0.2 0 0 0 0 9 0 0 0 0 0 0.4 5.4 0 0 0 0 0 0 1.4
0 0 0 0 0 0 0 17.2 0 0 0 0 0 0 0 0 0 0 0 9 8.2 0 14.6 11.8 0 0 0 0.4 0 0 0 0 0.2 0 0 0 0 0 0.6 9
0 0 0 0 0.2 0 0 7.4 0 0 0 0.2 0.2 0.2 0 0 0 0 0.2 0 0 11.8 0 0 0 0 0 0 0 0 0 6.6 0 0 0 0 5.6 0.6 0 0
0 9 0 0 0 5.6 0 0 0.4 4.4 7.4 0 0.2 0 0 0.8 3.8 0.8 3.8 6.6 0.2 0 0 0.2 3 7.2 24.4 0 0 0 0 0 10.2 0 0 0 0.2 0 0 5.8
0 0 0 0 0 0 0 0 0 0 0 0 0 0 0 6 0 0 0 0 0 0 4 0 0 0 0 0 0 0 0 0 0 0 0 0 0 0 0 0
9.6 0 0 0 3 21.8 0 0 14.6 5.8 0 0 3.8 0 0 0 0 0 8.8 8.8 8.6 6.6 0 14 0 12.2 0 1 0 0.2 0 0.8 0 0.4 0 0 0 0 0 0
0.6 0 0 0 0 0 0 0 0 11.8 3.8 12.4 0 4.8 8.4 0 0 0 2.4 5.2 1.6 0 0 1.2 0 0.8 8 0 4 0 0 0 0 0.2 0 0 0 0 0 6.8
0 0 0 0 0 0 0 0.2 0 0.2 0 0 0 0 0 0 0 0 0 8.2 0.2 0 0 6.6 0 0 0 0 0 0 0 1 0 0 0 0 0.4 0 0 0.2
0 0 0 0 0 0 0 0.4 0 0 0 0 0 0 0 0 0 0 0 1.2 0 0 0 0.2 0 0 4.4 0 0 0 0 0 0 0 0 0 3.8 0 0 0
0 0 0 0 0 0 0 0 0 0 0 0 0 0 0 0 0 0 0 0 0 0 0 10 0 0 0 0 0 0 0 0 0 0 0 0 0 0 0 0
8 0 0 0 0 0 4 0 0 0 0 12.6 4.4 0 0.2 8.4 0 0.4 0 0 0 0 0 0 4 0 0 0 0 0 0 0 0 0 0 0 0 0 0 0
0 0 0 0 0 0 6 0 0 0 0 0 10 0 0 0 0 2.8 0 0 0 0 0 0 0 0 0 0 0 0 2 0 0 0.2 0 0 0 0 0 0
0 0 0 0 0 0 0 0 0 0 0 0 0 0 0 9.2 0 0 0 0 0 0 0 0 0 0 0 0 0 0 0 0 4.8 0 0 0 0 0 0 0
0 0 0 0 0 0 0 0 0 0 0 2.4 0 7 0 0 0 1.2 0.2 0 0 0.4 0 0 0 8 0 0 0 0 10.4 10.4 0 0 0 0 0 0 0 0
0 0 0 0 0 0 0 0 0 0 0 2.8 0 0 0.2 0 0 0 0.4 0 0 0 0 0 0 0 0.2 0 0 0 0 4.2 0 0 0 0 0.2 0 0 0
0 0 0 0 0 0 0 0 0 0 0 0 2 0 0 2.8 0 4.2 0 0 0 0.4 0.4 0 0 0 0 0 0 2 0 0 4.2 0 0 0 0 0 0 0
0 0 0 0 0 0 0 0 0 0 0 0 5 0 0 0 0 0 0 0 0 0 0 0 0 0 0 0.2 0 0 2.8 0 0 0 0 0 0 0 0 0
0 0 0 0 2.2 0 0 0 0 0 0 0 0 0 0 0 0 0 0 0.8 0.2 0 8 0 0 0 0 0 0 2.8 0 0 0 0 0 0 8 0 0 0
0 0 0 0 0 0 0 0 0 0 0 0 0 0 0 0 0 3 0 0 0 0 0 0 0 0 0 0 0 0 0 0 0 0 0 0 0 0 0 0
2.2 0 0 0 8 6.2 0.2 0 2.6 0 0 0 1.8 0 0 4.2 1.2 0 0 0 0 0 0 0 0 0 3.4 0 4.4 0 0 11.4 7.8 0 0.2 0 0.2 0 0.2 0
0 0 0 0 4.6 0 0 0 2 0 0 0 0 0 0 0 7 0 2.4 0 0 0 0 0 0 0 0 0 6.8 0 0 0 0 14.2 0 0 0 0 0 0
0 0 0 0 0 0 0 0 0 0 0 0 0.4 0 0 0 0 0 0 0 0 0 0 0 0 0 0 0 0 0 0 0 0 0 0 3.6 0 0 0 0
0 0 0 0 0 0 1.2 0 0 0 0 0 0.2 0 0 0 0 0 0 0 0 6 0 0 0 0 0 4 0 0 5.6 0 0 0 0 0 0 0 0 0
0 0 0 0 0 0 0 0 0 0 0 0 0 0 0 0 0 0 0 0 0 7 0 0 5 0 0 0 0 0 0 0 8 0 0 0 0 0 0 0
0 0 0 0 0.2 0 0 0 0 0 0 0 0 0.2 0.4 0 0 0 0 0 7.4 0 5.8 0 0 0 0 0 0 0 0 13 0 0 0 0 0 0 0 0
1 0 0 14 0 0 7.4 0.4 0 0 0 0 0 0 4.4 0 0 0 0 0 0 0 0 0 2.8 0.2 0 0 8 0 0 2 0 0 0 0 2 8.4 0.2 0.2
0 2.8 0 0.2 0 2.8 0 2 0 5 0 0 4.2 0 0 0 0 0.2 0 0 0 1.8 9.8 0 0 0 0 0.6 0 0 5.6 0 0 0 0 0 0 0 0 0
0 0 0 0.2 0 11.2 1.6 0 0 0 0 0.2 3.8 4.8 0 0 0 0.4 0 0 0 0 0 0 0 0 0 0 0 0 0 0 2.6 1.2 0 0 0 0 0 0
5 0 0 0 0 0.2 0 0 0 0 0 6.8 0 0 0 0 0 0 0 0 0 0 2 0.2 0 0 0 0 2.4 0 0 0 0 0 0 0 0 5 0.4 0
0 0 0 9.4 0 4.6 0.4 5.8 0 0 0 5.8 0 0 0 0 0 7 0 0 0 0 0 0 0 0 2 3 0 0 6.6 0 1.8 0 3 4 12.6 0 0 0
0 5.2 0 1.6 0 0 0.8 0 0 0 0 1.4 0 0 0 1.6 0 0 0 0 0 0 0 0 0 0 0 0 0 0 0 0 0.4 0 0 0 0 0 0 0
0.6 0 0 0.4 0 0.6 0 0.4 0 0 0 2.4 3.8 0 0 0 0 0 0 0 0 0 0 0 0 0 0.2 0 0 0 4 7.4 0 0 0.2 0 0 0 0 0
0 0 0 0 0 0 0 4.4 0 0 0 0 0 0 0 0 0 0 0 7.4 0 0 0 0.2 0 9.8 0 0 0 0 0 0.2 0 0 0 0 0 0 0 0
0 0 0 0 0.8 0 0 0 0 0 0 0 3.4 0 2.4 0 0 0 0 0 0 0 0 6.8 0.2 0 0 0 0 0 0 0 0 0 1.4 0 0 0 0 0
0 0 0 2.2 0 0 0 0 0 0 0 0.2 0 0 0 0 0 0 0 0 0 0 0 0 0 0 0 0 0 0 0 0.6 0 0 0 0 0 0 0 0
0 0 6.8 0.4 0 0 0 0 0 0 0 0 4.8 5 0 0 14 0 0.2 0 0 0.2 0 0 0 3.6 2 0 0 1.2 0 0 3 4.8 0 0 0 0 0 0
0 0 0 0 0 0 0 0 0 0 0 0 4.2 0 0 0 0 5 0 0 0 0.2 0 0 0 0 0 3 0 0 0 0 0 0 0 0 0.6 0 0 0
0.4 0 0 0 0 0 0 0 0 0 0.8 0 0 4 0.6 0 0.8 0 0.8 0 0 0 4.8 0 0 0 0 0 0 0 0 15 3.6 0 0 0 0.2 0 0 0
0 0 0 0 0 0 0 0 0 0 0 0 1.6 0 0 0 0 0 0 0 0 0 0 0 0 0 0 0 0 0 0.4 0 0 0 0 0 0 0 0 0
0 0 0 8.4 2 12.2 0 0 0 0 0 0 4 0.4 0 0 3.8 7.4 3.4 0 0 0 0 0 0 13.8 0 0 8.2 0 11 0 9.6 2.4 0 0 0 7.2 11.2 0
0 0 0 0 0 0 0 0 0 0 0 0 0 0 0 0 0 0 0 0 0 0 5 0 0 0 0 0 0 0 0 0 0 0 0 0 0 0 0 0
6 0 0 1.2 0 0 0 0 0 0 0 0 0 0 0 0 0 0 0 0 5 0 1.8 0.2 0 0 0 0 0 0 0 0.6 0 0 0 0 0.2 0 0 0
0 0 0 0 0 0 0 0 0 0 0 0 2.6 0 0 0 0 3.4 0 0 0 0 0 0 0 0 0 1 0 0 0 0 0 0 0 0 0 0 0 0
0 0 0 0 0 0 0 0 0 0 0 0 3.8 0 0 0 0 0 0 0 0 0.2 0 0 0 0 0 0 0 0 0 0 0 0 0 0 0 0 0 0
0 0 2.8 0 3 0 0 0 0 0 0 0 0 0 0 0 0 0 0.2 0 0 0 0 0 0 0 0 0 0 0 0 0 0 0 0 0 0 3 0 0
0 0 0 7.6 0 0 0 0 0 0 0 0 0 0.2 0 0 0 0 0 0 0 0.2 0 0 0 0 0 0 0 0 0 0 0 0 0 0 0 0 0 0
0 0 0 0 0 0 0 0 0 0 0 0.2 0 0 0 0 0 0 0.2 0 0 0 0 0 0 0 0 0 0 0 2 0 0 0 0 0 0 0 4.6 0
0 0 0 2.6 0 0 0 0 0 0 0 0 0 0 4.4 5.4 0 0 0 0 0 0 0 0 0 0 0 0 0 0 0 0 0 0 0 0 0 0 0 0.6
0 0 0 0 0 0.2 0 0 0 0 0 0 0 0 0 0 0 0 0 0 0 0 9.8 0 0 0 0 0 0 0 0 0 0 0 0 0 0 0 0 0
0 0 0 0 0 0 0 0 0 0 0 0 0 0 0 0 0 0.2 0 0 0 4.2 0 0 0.2 0 0 0 0 0 0 0 0 0 8.6 1.6 0 0.2 0 0
0 0 0 5.4 0 0 0 0 0 0 0 0.2 0 0 0 8.8 0 0 0 0 0 0 0 0 0 0 0 0 0 0 0 0 12.6 0 0 0 0 0 0 0
0 0 0 0 0 0 0 0 6.8 0 5.8 0 0 0 0 0 0 0.8 0 0 0 2.4 0 0 0 0 0 0 0 0 0 0.2 0 0 3 0 0 0 0 0
0 0 0 0 0 0 0 0 0 0 0 0 5.6 0 0 0 0 0.2 0 0 0 0 0 0 0 0 0 0 0 0 0.2 0 0 0 0 0 0 0 0 0
0 0 4 0 0.2 0 0 0 0 0 0 0.2 0 0 0.2 5.2 0 0 0 0 20.6 5.2 10.4 0 0 0 0 0 0.4 0 1.2 2.6 0.4 0.4 0 0 0 0 0 0
0.2 14.2 4 0 0 7.8 0 0.6 0 0 0 3.4 0 0 0 4.8 14.4 3.4 0 0 0 5.8 2.8 0 6.2 3.6 0 0 0 2 3.2 0 0 0.2 0 0 0 3.6 18.8 0
0 0 0 0 0 0 0 0 0 0 0 0.2 2 0 0 0 0 0 0 0 0 0.2 0.2 0 0 0 0 3.6 0 0 0.4 0 0 0 2.4 0 0 0 0 0
0 0 0 0 0 0 0.6 0 0 0 0 0 0 0 0 0 0 0 0 0 0 0 0 0.2 0 0 0 0 0 0 0 0 0 0 8.2 0 0 0 0 0
0 0 0 0 0.4 0 0 3.4 0 0 0 2.2 0 5 0.8 0 0 0 0 0 0 0 0 0 0 0 2.4 0 0 0 0 0.6 0 0 0 0 0 0 0.2 0
0 0 0 0 0 0 0 0 0 0 0 0 0 0 0 0 0 0.4 0 0 0 0 0 0 0 0 0 0 0 0 3.2 0 0 0 0.4 0 0 0 0 0
0 0 0 0 0 0 0 0 0 0 0 0 0 0 0 4 0 0 0 0 0 0 4 0 0 0 0 0 0 0 0 0 0 0 0 0 0 0 0 0
0.4 0.2 3 0 0 4 0 8.8 0.2 20 3.2 0 0.4 8 0 0 0 0 0 0 11.2 0 5.6 0 0 0.2 1.6 0 0 0 3.4 0.2 0 0 0 0 0 0 0 23.6
0 0 0.2 0 0 0 0 0 0.2 0 0 0 0 0 0 0 5 0 0 8.8 0 0 0 0 0 8.2 0 0 0 0 0 0 0 4.6 2 0 0 0 0 0
0 0 0 0 0 0 0 0 0 0 0 0 0 0 0 0 0 0.2 0 0 2 2.8 0 0 0 0 0 0 0 0 0 0 0 0 0 0 0 0 0 0
0 0 0.2 0 0 3.6 0 7 0 0 5 3.4 0 0 0 0 0 0 0 0 1.6 0 0.4 0 0 0 0.8 0 0 0 0 0 0 0 0 0 0 0 0 0
0 0 0 0 0 0 0 0 0 0 0 0 0 0 0 0 0 3.2 0 0 0 5.2 0 0 0 0 0 0 0 0 0 0 0 0 0.6 0 0 0 0 0
0 0 0 0 0 0 0 0 0.4 0 0 0 0 0 0 0 1.6 0 0 0 0 0 6.6 9.4 0 0 0 0 0 0 0 0 0 0 0 0 0 0 0 0
0 0.2 0 0 0 11.2 0 0 0 0 0 0 0 0.4 0 0 0 0 0.2 0 0 0 0 0 7.4 0 0 0 0 0 1.4 0 0.2 0 0 0 0 0 0 0
0 0.2 0 0 12.6 10.6 0 0.4 0 0.2 0 0.4 0 0.4 0 0 4 0 0 0 4.4 0 5.6 0 0 14.6 0 0 0 0 0 0 3.4 0 0 0 0 0 0 0.2
0 0 0 15.2 0 0 0 0 0 0 0 0 1.6 0 0 18.2 0 1 0 0 0 0 0 0 5.4 0 0 0 0 2.2 0 0 8.4 0.8 0 0 0 0 0.2 0
4 0 0 11 0 8 0 0 0 0 5 0 0 0 0 0.4 0 0 0 0 0.2 0 0 0 0 0 3 0 0.2 0 0 0 2.8 0 11 0.4 0 0 0 0
0 0 0 0 3.6 0 0 0 0 1 0 0 0 0 0 0.4 0 0 0 0 0 0 0 0 0 0 0 0 0 0 0 0 0 0 0 0 0 0 0 0
0 0 0 0 0 0 0 0 0 0 0 0.2 0 0 0 0 1.8 0 0 0 0 2.8 0 0 0 0 0 0 0 0 0 2.2 0 0 0 0 0 0 0 0
0 0 0 0 0 0 0 0 0 0.2 0 0 0 0 0 0 0 0.2 0 0 0 2.8 0 0 0 2.8 0 0 0 0 0 0 0 0 0 0 0 0 0 0
0 0 0 0 0 3.8 0 0 0 0 0 0 0 0 0 0 0 0.6 0 0 0 8.2 0 0 0.2 0 0 0 0 0 0.2 0 0 0 0 0 0 0 0 0
0 0 0 0 0 0 0 0 3 8.8 0 0 0 0 0 0 0 0 0 0 0 0 0 0 0 0 0.2 0 0 0 0 0.2 0 0 0 3.8 0 0 0 0
0 0 0 0 0 0 0 0 0 5 4 0 0 0 0 0 0.4 0 0 0 0 0 9 0 0 3.6 0 0 1 0 0 0 0 0 0 0 0 2 0 5
0 0 0 3.4 0 0 0.8 0 0 0 0 0 0 0 0 0 0 0 0 0 0 0 0 0 0 0 0 0 0 0.8 0 0 11 0 0 0 0 0 0 0
0 0 0 0 0 0 0 0 0 0 0 0 0 0 0 0 0 0 0 0 0 0 0 3 0 0 0 0 0 0 0 0 0 0 0 0 0 0 0 0
0 0 0 0 0 0 0 0 0 0 0 0 0 0 0 0 0 0 0 0 0 4.8 0 0 0 0 0 0 0 0 0.2 0 0 0 0 0 0 0 0 0
0 0 0 0 0 0 0 0 0 0 0 0 0 0 0 0 0 0 0 0 0 2 0 0 0 0 0 0 0 0 5 0 0 0 0 0 0 0 0 0
0 0 0 0 0 0 0 0 0 0 0 0 0 0 0 0 0 5 0 0 0 5.8 0 0 0 0 0 0 0 0 0.2 0 0 0 0 0 0 0 0 0
6.4 0 3 0 0 0 0 0 0 0 0.2 9.6 0 0 0.6 3.2 11.2 0 0 6.2 0 0 0.2 0.2 0 3.6 0 0 0 0 4 0 1.4 0 0 0 2 0 0.2 0
0 0 3 0.2 0.8 0 0 0 0 0 0 2.2 0 0 9.6 0 2.8 0 0 0 0 0 0 0 0 0 0 0 0 0 0 0.4 3.4 0 0 0 0.6 0 0 0
0 0 0 4 0 3.8 0 0 0 0 0 0 0 0 0 0 0 0 0.2 0 0 0 4 0 0 0 0 5 0 0 0 0 0 0 0 0 0 0 0 0
10.4 0 0 0 0 0 0.2 0 0 0 0 4 0 0 0 0 0 0 0 0 0 0 2.8 0 0 0.4 0.2 0 0 0 0 21.6 0 0 0 0.4 0 0 0 0
0.2 0 0 0 0 0 0 0 7.2 0 0 11 0 0 5 0 0 12.4 5.8 7.8 0 0 5 0 0 0.2 0.2 0.6 0 0 3.6 2.4 12 0 0.2 4.2 0 0 0.2 0
0 0 0 0 0 0 1.2 0 0 0 0 0 0 0 0 0 0 0.2 0 0 0 0 0 0 0 0 0 0 0 0 6.6 0 0 0 0 0 0 0 0 0
0 0 0.6 5.8 0 0 0 0 0 0 0 0 0 0 0 0 6.8 0 0 0 0 0 0 0 0.2 1 7.6 0 0 0 0 0 0 0 0 0 0 0 0 0
0 3.2 0 5.4 0 0 0 0 2 0 0 0 0 0 0 6 0 0 0.8 0 1.2 1 0 0.6 6.2 1 0 0.2 0.2 0 0 0 10 0 0.8 1.4 0 1 0 0
0 0 0 0.6 0 0 0 0 0 0 0 0 0 0 0 0 0 0 0 0.2 0 0 0 0 1.8 0 0 0 0 0 0 0 0.2 0 0 0 1.2 0 0 0
0 0 0 1.6 0 0.2 0 0 0 0 0 0 0.8 2.4 0.2 0 0 0 0.6 4 0 0.2 0 0 0 0 0 0 0 0 0 0 0 0 0 0 0 0 0 0
0 4 0 0 0 0 0 3 0 0 0 0 0 0 0.2 0 0.8 0 0 3 11.4 0 0 10 8 1.8 0.2 0 0 0 0 2.4 0 3.2 0 0 0 0 0 0
0 0 0 0 0 0 0.4 0 0 0 0 0 0 0 0.2 0 0 0 0 0 0 0 0 3.8 0 2 0.8 0 0 0 0.2 0.2 0 0 3.4 0 0 0 0 0
0 0.2 0 0 5.4 2.4 0 0 0 0 0 0 0 0 0.2 3.6 5.8 0.2 0 0 0 5 0 0 0 0 0 0 0 0 0.8 0 0.4 0 0 0 0 0 0 0
0 0 4 0 0 0 0 0 0 0 0 0 0 0 0 0 1.6 0 0 0 4 0 0 0 0 0 0 0 0 0 0 0 0 0 0 5 0.4 0 0 0
0 0 0 0 0 0.2 1.2 0 0 0 0.2 0 0.2 2.8 0 0 0 0 0.2 0 0 6.6 0 0 0 0 0 0 0 0 0 11.2 0 0 0 0 0.4 2 0 0
0.8 4 0 0 0 0 0 7.4 0 0 8.4 2.2 0 0 8.4 0.2 1.8 0 0 0.2 0 0 14.4 0 4 0 0 0 0 0 0 14.8 0 0 0 3.4 0 0 0 0
0 0.4 0 3.6 0 0 0 0 0 0 0 0.4 0 0 0 0 0 1.4 2.6 0 0 0 0.2 0 0 0 0 0 0 0 0 0 9.4 1 0 0 0 0 0 0
0 0 0 0 0 0 0 0 0 0 0 0 0 0 0 2.4 0 0 0 0 0 0 4.8 0 0 0 0 0 0 0 0 0 1 0 0 4.8 0 0 0 0
0 0 0 0 0.4 0 0 0 3.8 0 0 0 0 0.2 5 0 0 0 2 0 0 0 0 0 0 0 0 0.2 0 0 8.8 0 7.6 0 0 0 0 0 0 0
0 0 9 0 7.2 0 0 0 0 5 0 9.4 0 0 0 0 0 0 0 0 0 0 0 7.8 0 0 3 0 0 0 0 0 0 0 0 0 0 0 4.6 0
0.6 0 0 0 0 1 0 0 0 0 4 0 0 0 0 0.2 0 0 0 0 0 0 1.8 7 0 0 0 0 0 0 0 0.6 2 5.6 2.2 0 0 0 0 0
0 0 0 0 0 0 0 0 0 1 0 0 0 0 0 0 0 0 0 0 0 0 0 0 0 0 0 0 0 0 0 0 0 0 0 0 0 0 0 0
0 0 0 0 0 0.2 0 0 0 0 0 0 4.4 8 0 0 0 0 8 0 0 0 0 0 0 0 0 0 0 0 0 0 0 0 0 0 0.4 0 0 0
0.4 0.2 0 0 4.2 0 0 0 0 0 0 0 0 0 0 0 0 0 0 0 0 0 6.8 0 0 0.2 16 0 0 0 0 2 0 0 0 0 0 0 8 14.2
0 0 0 0 0 0 0 0 0 0 0 0 0 0 0 0 0 0.2 0 0 0 0 0 0 0.2 0 0 0 0 0.2 0.2 0 0 0 0 0 0 0.2 0 0
0 0 0 0 0.2 0 0 4 0 0 0 0 0 0 0 3.2 1.6 0 0 8.6 0 0 0 0.2 0 0.4 0 0 0 0 0 0 0 3.8 0 0 0 4 0 0
13.8 3 6 18.4 0 0 0 0 0 0 0 2.8 0 0 0 0 0 0 1.4 0 0 0 2 0.6 0 0 0.2 0 0 0 0 8.4 6.4 0 0 0 0 9 0 0
0 0 0 0 3.4 0 0 0 0 0 0 0 0 0 0 0 0 0 0 0 0 0 0 0 0 0 0 0 0 0 0 0 0 0 0 0 0 0 0 1.6
0 0 0 0 0 0 0 0 0 0 0 0 0 0 0 0.2 0 0 0 0 0 1.8 0 0 0 0 0 0 0 0 0 0 9 0 0 0 0 0 0 0
0 0 0 0 0 0 2.4 0 0 0 0 0 1 0 0 0 0 0 0 0 0.2 0.4 7.6 0 0 0 0 0 0 0 0 0 0 0 0.6 0 0 0 1.8 0
0 0 0 0 0 0.4 0 0 0 0 0 0 0 0 0 0 0 1.8 0.4 0 0 0.4 0 0 0 0 0 0 0 0 0 0 0 0 0 0 0 0 0 0
0 0 0 0 0 0 0 0 0 0 0 0 0 0 0 0.2 0 0.2 0 0 0 2.8 0 0 0 0 0 0.4 0 0 0 0 0 0 0.4 0 0 0 0 0
0 1 0 0 2.6 0.2 0 0 4.8 0 0.6 0.8 0 0 0.4 0 0.2 0 0 0 6 0 6.2 0 0.2 0 3 0 0 0 0 0 0 0 0 0 0 0 0 0
0 0 3 0 0 0 0 0 0 0 0 0 0 0 0 0 0 0 0 0 0 0 0 0 0 0 0 0 0 0 0 0 0 4 0 0 0 0 0 0
0 0 0 0 0 8 0 0 0 0 0 0 0 0 0 0 0 0 0 0 0 0 0 0 0 0 0 0 0 0 0 0 0 0 0 0 0 0 0 0
0 0 0 0 0 0 0 0 0 0.2 0 0.2 0 0 0.2 0 8.2 0 0 0 0 0 0 0 0 0 11.2 0 0 0 0 0 0 0 0 0 0 0 0 0
0 0 0 3.2 0 0.8 0 0 0 0 0 0 0 0 0.4 0 0 0 0 4.6 0 0.2 0 0 0 0 0 0 0 0 0 0 0 1.8 0 0 0 0 0 0
9.4 0 0 0 0 0 0 1 0.6 0 0.4 1.4 0 0 0 0 0 0.2 0 0 3.4 0 0 0 0 0 0 0 0.2 0 0 15.2 13.8 0 0 0 0.4 0 0 0
0 0 0 0.2 0 0 0.2 0 0 0 0 0 0 2.2 0 0 0 0 0 0 3 0 0 0 0 0 0 4 0 0 0 17.4 0 3 0 0 0 0 0 0
0.2 0 0 0 0 20.2 0 0 0 0 6.6 0 0 0 0 0.2 0 0 4.2 1.8 0 0 0 0.2 0 5 3.4 0 0 0 0 0 0 0 0 0.2 0 0 0.6 1.4
0 0 0 0 8 0.2 0 0 0 0 0 0.2 0 0 0 0 1.4 0 5 0 0 0 0 0 0 0 0 0 0 0 0 0 0 0 0 0 0 0 2.2 0
0 0 0 0 1 0.2 0 0 0 0 0 7.6 0 3.8 0 0 0 0 0 0 0 0 0 5 0 0 0 0 0 0 0 0 0.2 0 0.2 0 0 0 0 0
0 0 0 0 0 0 0 0 0 0 0 0 0 0 0 0 0 0 0 0 0 0 0 0 0 0 5 0 0 0 0 0 0 0 0 0 0 0 0 0
0 0 4.8 0 10.8 4.4 0 4.8 0 7 0 0 5.4 0 0 0 0.2 0 0 0 0 0 0 0 2.8 0.2 0 0 0 0 0 0.6 0.8 0 0.2 0 0 0 0 0
0 0 0 5 0.2 0 0 0 0 0.8 0 5.8 0 12.4 0 13.6 9 0 0 6 0 7.8 0 0.2 2.8 0 0 0 0 0 0 0 0.6 5.8 0 3.8 0 0 0.2 0
0 0 0 0 0 0 0 0 0 0 0 0 0 0.2 0 5 2.8 0 0 1.2 0 0 0 0 3.2 0 1.8 0 0 0 3 4.2 8.6 0 0 0 0 0 0 0
0 0 0 0 7.6 0 0 0 4 0 0 0 0 0 0.2 3.2 0 0 0 14.4 0 0 0 0.2 5.8 0.2 0 0 0 0 0 0 4.4 0 0 0 0 0 0 0
0 0 0 0 0 0 0 0 0 0 0 0.4 0 0 13.6 0 0 0 0 0 0 0 0 0 0 0 0 0 0 0 0 0 0 0 0 0 0 0 0 0
16.4 0 0.2 0 0 0 0 0 0 0.8 0 0 0 0 0 0 0 0 0 0 0 0 0 0 0 0 0 0 0 0 0 0.4 2.2 0 0 0 0 0 0 0
0 0 0 0 0 0 0 0 0 0 0 0 0 0 0 0 0 0 0 0 0 0 0 0 0.4 0 0 0 0 0 0 0 7 0 4 3.6 0 0 0 0
0 0 0 0 0 0 0 0 0 0 0 0.8 0 0.2 0 0 0 0 0.8 0 0 0 3 0 0 0 0 0 0 0 0 0 0 0 0 0 0 0 0.2 0
0 0 0 0 0 0 0 0 0 0 0 0 4 0 0 0 0 0 0 0 0 0 0 0 0 0 0 0 0 0 0 0 0 0 0 0 0 0 0 0
0 2.8 0 0 0.2 0 0 0 0 11.2 0.2 9 0 0 8.8 0 0.2 0 0 14.8 0 0 0 0 0 0 0 0 0 0 0 0 0 0 0 0 0 0 0.6 0.2
0 0 0 0 0 0 0 0 0 0 0 0 0 0 0 0 0 0 0 0.4 0 0 0 0 3.6 0 0 0 0 0 0 0 0 0 0 0 0 0 0 0
9.4 0 0 0 0 0.8 0.4 0 0 0 0 5.8 0 0 0 0 0 0 0 1.2 0 0 7.4 0 0 0 0 0 0 0 0 2.2 0 0 4.8 0 8 0 0 0
0 0 0 2.8 0 0 0 0.2 0 0 0 3.6 0.2 0 0 0 3.8 0 0 8.8 3.8 0 2 0 0 0 0 0 0 0 0 11.6 0.2 0 0 8.8 0 0 0 0
0 3.8 0 0 0.2 3.8 0 0 0.2 5.4 10 0 2.2 9.4 7.4 0.2 0 0 3.8 7.6 8.4 3.6 1 15.8 0 0.2 0 0 4.6 0 0 0 2.4 0 0 0 13.6 6 0 0.4
0 0 0 0 2 0 0 0 0 0 4 0 0 0 0 0 0 0 0 0 0 0 4.8 0 0 0 0 0 0 0 0 1 0 1 3.2 0 0 0 0 0
0 0 0 0 0 0 0 7 0 0 0 0 3 0 0 3.2 0 2.4 0 0 0 0 0 0 0 0 0 0 0 0 0.2 0 8.6 0 0 1.4 0 0 0.2 0
0 0 0 0 0 0 0 0 0 0 0 4.8 0 0 0 0 0.2 0 0 0 0 0 2.6 0 0 0 0 0 0 0 0 0 0 0 0.4 0 0 0 0 0
0 0 0 1.6 0 0 0 0 0 0 0 0 0 0 0 0 0 0 0 0 0 0 0 0 0 0 0 0 0 0 0 0 6 0 0 0 0.2 0 0.2 0
14.4 0.2 0 0 0 0 0 5.4 0 0 0 0 0 0 0 0 0 0 0 0 11.8 0 9.8 0 0 0 2.8 0 0.2 0 0 0 0 0 0 0 0 0 0 0.4
0 0 0 0 0 0 0 0 0 0 0 0 0 0 0 0 0 0 0 0 0 0.4 0 0 0 0 0 0 0 0 0 0 0 0 9.6 0 0 0 0 0
0 0 0 0 0 0 0 0 0 0 0 0 0.2 0 0 0 0 0 0 0 0 0 1.4 0 0 0 0 0 0 0 0 0 0 0 3.4 0 0 0 0 0
0 0 0 0 0 0 0 0 0 0 0 0 0 0 0.2 0 0 0 0 0 0 0 4.4 0 0 0 0 0 0 0 0 0 0 0 0 0 0.4 5 0 0
0 0.2 0 0 0 3.8 0 0 0 0.4 0.8 0 3.2 0 0 0 3 0 0 0 0 0 0 0 0 0 0 0 0 0 0 0 0 0 0 0 4.6 0 0 0
0 0.2 0 0 0 0 0 3 7 0 0 0 0 0 0 2.4 1.6 0 7.4 0 0 0 0 3 0 13.2 7.8 0 0 0.6 0 3 8.8 0 0 0 0 0 0 0
0 0 0 0 0 0 0 0 0 0 0 0 0 0 0 4 0 0 0 0 0 0 0 0 0 0 0 0 0 0 0 0 0 0 0 0 0 0 0 0
2 0 1.8 0 2.8 0 0 0 10.4 0 0 0 0 4.4 0 4.2 2.4 0 0 0 0 0 0 0 0 9.2 7.6 0 0 0 0 0 2.8 0 0 0.2 0 0 0 0.2
0 0.2 0 11.4 0 0 0 0 0 0 0 0 0 0 0 0 0 0.2 0 0 0 0 0 0 0 0 0 0 0 0 0.2 0 0 0 0 0 0 0 0 0
0 0 0 0 0.2 0 4 0 0 0 0 0 0 0 0.2 0 0 1 0 0 0 0 0 2.6 0 0 0 0 0 0 0 0 0 0 0 0 0 0 0 0
0 0 0 0 0 16.2 0 0 4 0 4 5 0 0 0 5.8 0 0 0 0 0 0 0 0 0 0 0 0 0 0 0 0 0 0 0 0 0 0 0 0
7.8 0 0 0 0 0 0 0.2 0 8.4 0 0 0 7.8 0 0.2 0.2 2.8 0 0 0.2 5 4 0 0 0.2 0 0 0 0 0 0.2 0 0 0 0 0 0 0.2 3.8
0 0 0 0 0 0 0 2 0 1 0 0 0 0 5.4 0 1.2 1 0.2 0 0 0 0 0 0 0.2 0 0 0 0 0 1.8 8.8 0 0 0 0 2.4 0 0
0 0 0 0 0 0 0 0 0 0 0 0 0 0 0 0 0 0 0 0 0 0 5 0 0 0 0 0 0 0 0 0 0 0 0 0 0 0 0 0
0 0 0 0 0 0 0 0.6 0 0 0 0 3 0 0 0 0.4 0 0 0 5 0 0 0 0 3.2 0 0 3.6 0 0 0.8 0 0 0 0 9.4 0 0 0
0 0 0 0 8 0 0 0 0 0 0 0 0 9.4 10 0.2 0.2 0 0 0.4 0 0 0 0 0 0 0 0 2.8 0 0 0 0 0 0 0 0 2 0 0
0 0 0 0 0 0 0 0 0 0 0 0 0 0 0 0 0 0 0 0 0 0 0 0 0 0 0 0 5 0 0 0 0.6 0.4 0 0 0 0 0 0
0 0 0 0 0.6 0 0 0 0 0 0 0 0 9.8 0 19.4 0 0 0 0 0 8 0 4.2 0 0 0 0 1.4 0 0 0.2 0 0 0 0 1.4 0 0 0
0 0 0 4.8 0 4 0 0 0.2 0 0.2 0 0 0 0 0 0 0 0 0 0 0 12.8 0 0 0 0 0 0 0 0 0 0 0 0 0 0 0 0 0
0 0 0 0 0 0 0 0 0 0 0 0 0 0 0 0 0 4.2 0 0 0 5.8 0 0 0 0 0 0 0 0 0 0 0 0 0 0 0 0 0 0
0 0 0 0 0 0 0 0 0 0 0 0.2 0 0 0 7.6 0 0.2 0 0 0 7.2 0 0 0 0 8.6 0 0 0 0 0.2 0 0 0 0 0 0 0 0
0 0 0 0 0 0 0 0 0 0 0 0 3 0 0 0 0 0 0 0 0 0 0 0 0 0 0 0 0 0 0 0 0 0 0 0 0 0 0 0
0 0 0 1.6 0 0 0 0 0 0 0 0.8 0 0 0 0 0 0 0 0 0 2.2 0 0 0 0 0 0 0 0 0.6 0 1.8 0 0 0 0 0 0 0
0 0 0 0 0.4 0 0 0 0 0.8 0 0 0 0 0 0 0.4 0 0 5.6 0 0 0 0 0 0 0 0 3.8 0 3 0 0 0 0 0 19.2 1.8 0 0
0 0 0 3.6 0.2 0 0 0 0 0 0 0.2 0 0.6 0 0 0 0 0 9.4 0 0 0 0 0 0 0 0 0 0 0 0 0 0 0 0 0 0 0 0
0 0 0 0 0 0 0 6.2 0 0 3.8 0.2 0 0 0 0 0 0 0 0 0.2 0 4.8 0 0 0 8.8 0 0 0 0 0 0 0 0 0 0.2 2.8 0 2
0 0 0 0 0 5 0 0 0 0 0 0 0 0 0 0 0 0 0 0 0 0 0 0 0 0 0 0 0 0 0 0 16 0 0 0 0 0 0 0
0 0 0 0.2 0 0 0 0 0 0 0 0 0 0 0 0 0 0 0 0 0 0.2 13 0 0 0 0 0 0 0 0 0 3 0 1.4 0 0 0 0.2 0
8.4 0 2.6 0.2 30 0 0 0 6 0 0 0 0 0 0 0 13.8 0 20.8 0 0 0 0 0 0 0 0 0 0 0 0 0.2 0 0 0 0 0 0 0 0
0 4 0 0 0 0 0 0.2 0 0 0 0 0 5.2 0.4 0 0 0 5 0 0 0 0 0 0 3.4 8 0 0 0 0 0 5.6 2.2 0 0 4.2 2.8 0 0
15.4 18.2 2.8 0 0 0 0 0 0 0 0 5.4 0 1 2 0 0 0 0.2 11 0 0 0 6.8 1.4 0 0 0 0 3.8 0 0.2 0.2 0.2 0.2 0 5.8 0.2 3.2 0
0 0 0 0 3 0 0 0.4 4 0 0 4 0 0 0 2.4 1 0 0 0 0 0 13.8 0 0.2 0 0.4 0 6 0 0 0.4 0 0.8 0 0 1.2 3 0.4 0
0 5 0 0 0 0 0 6.6 0 0 0.2 12.2 0 0 0.4 0 17.6 0 0 0 0.2 0 0 0 4.2 0.4 11 0 0 0 4 4.4 3 0.2 0 0 0 0 4.6 6
0 0 0 0 0 0 0 2.8 0 0 0.6 0.2 0 0 0 0 0.2 0 0 0 0 0 0 8.8 0 0 0 0 0 0 0 1.2 0 0 0 0 0 0 0.2 0
0 0 0 0 0 0 0 0 0.2 0 0 0 0 0 0 0 0 0.2 0 0 0 6.6 0 0 0 0 0 4 0 0 0 0 0 0 6 0 0 0 0 0
0 0 0 0 0 0 0 0 0 0.4 0 1.2 0 0 0 0.8 0 0 0 0 0 0 0 0 0 0 0 0 0.8 0 0 0 4.8 0 0 2 0 3 0 0
0 0 0 0 3.4 0 0 0 0 0 0 0 0 11.8 1.8 0 0 0 1 2.2 0 0 0 0.8 0 0 0 0 0 0 0 1 0 0 0 0 0 0 0 0
33 3.4 3.4 9.6 22.4 5.6 0 0.2 2.8 0 0 16 0.4 0 0 0 5.4 0.4 12 0 0.2 5.4 0.2 0.2 1.2 3.6 0 0 1.8 0 0.4 0.2 0.2 5.4 0 0 0 7.6 0 0
0 0 0 6.8 0 0 0 0 0 0 0 0 0 0 0 0 0 0 0 0 0 0 0 0 0 0 0 0 0 0 0 0 0.2 0 0 0 0 0 0 0
0 0 0 0 0 0 0 0 0 0 0 0 0 0 0 0 0 0 0 0 0 0 0 0 0 0 0 0 0 0 0.8 0 0 0 2.2 0 0 0 0 0
0 0 0 1 0 4.6 0 11.2 3.6 8.6 11.8 0 5.2 0.2 20.2 3.6 2.8 0 23.6 0 0 0.2 3 0 3 0 0 0 10.8 2.4 0 0 0 9.8 0.2 0.2 0 0 0 0
0 0 0 2.4 0 0.4 0.4 0 3 12.6 0 6.8 0 3.4 0 0.2 12.6 0 2.6 0 0 1.6 0 0 0 14.4 0 0 5 3.4 0 6.6 12 0.4 0 0 6.6 2.6 0 0
0 0 0 0 0 0 0 0 0 0 0 0 0 0 0 0 0 0.8 0 0 0 11.2 0 0 0 0 0 0 0 0 0 0 0 0 0 0 0 0 0 0
0 0 0 0 0 0 0 0 0 0 0 0 3 0 0 0 0 0 0 0 0 0 0 0 0 0 0 0 0 0 0 0 0 0 0 0 0 0 0 0
0 0 0 0 0 3.8 0 0 0 0.4 0 0.2 0 0 0 0 2.8 0 0 2.2 0 0 0 0 0 6.4 1 0 0 0 0 0 0 0.2 0 0 0 0 0 0
0 0 0 0 0 0 0 0 0 0 0 0 3.6 0 0 0 0 0 0 0 0 0 0 0 0 0 0 0 0 0 5 0 0 0 1.4 0 0 0 0 0
0 0 0 0 0 0 0 0 0 0 0 0 0 0 0 0 0 0 0 0 0 0 2.2 0 0 0 0 0 0 0 0.8 0 0 0 0 0 0 0 0 0
0 0 6.2 0 0.6 0 0 0 0 5 0 0 0 16.8 0 0.4 0.2 0 0 6 0.2 0 0 0 2.8 20.2 10.8 9.2 0 0 0 0.2 0 0 0 0 0 0.4 7 0
0 0 0 1.2 0 0 0 0 0 0 0 0 0 0 0 0 0 2 0 0 0 0 0 0 0 0 0 0 0 0 0 0 1.8 0 0 0 0 0 0 0
0 0 0 0.2 0 0.2 0 0 0 2.8 0 0.2 0 0 0 0 0 0 0 0 0 0 7.8 0.4 0 0 0 0 0 0 0.2 0 0 0 0 0 0.2 0 0 0
0 0 0 0 0.2 6.8 0 0 0 0 0 0 0 0 0 0 0 0 3 0 0 0 0 0 0 0 0 0 0 0 0 0 0 0 0 0 0 0 0 0
0 0 0.6 0 3.8 0.2 0 0.6 0 0 0 2.4 0 0 7 0 0 0 0 0 0.4 0 0 0 0 0 0 0 0 0 0 0.8 3.8 1.8 0 0 0 0.4 2.4 5.8
0 0 5.2 0 0 16.4 0 0 0 0 1.2 0 0 0 0 5.4 0 0 8.8 10.4 0 0 0 0 0 0 0 0 0.6 0 0 0 0 0 0 0 0 3.8 5 0.2
6 0 0 0 0 0 0 0 0 0 3.8 0 0 5 14.6 6 0 0 0 0 0 5 0.2 0.4 0 0 0 0 0 0 0 0 0 0 0 0 0 0 0 0
0.2 0 9.6 11.4 0 0 0 0.6 3.6 10.2 0 0 0 1.4 14.4 6.2 0.8 0 0 0.2 4 0 4.2 0 3.6 10.4 0 0.4 0 3 3.2 8 0 0 0 10.6 0 0 0 0
0 5.8 0 14.2 0 0.4 5.6 6.2 0 0 0 0.2 4.2 0 0 0.4 0 0 0 0 0 7 0 0 0 0 0 0 0 2.8 0 0 11 0.2 10 0 0 0 0 0
0 0 1.4 0 0 0 0 0 0.2 0 0.4 4.6 0 1.4 15.2 0 0 0 0.2 0 0 0 0 0 0 0 0.2 0 0 0 0 0 0 0 0 0 11 0 3.4 0
0.2 0.4 0.6 0 0 6.6 0 6.6 0 0 1 0 4 0 3.4 0.2 0 0 0 0 19.8 0 0 18 9.4 0 0 0 0 0 0 0.6 0 0 0 0 0 0 0 0.2
0 0 0 0 0 0 0 0 1 0 0 0 11 0 0.8 0 0 0 0.6 0 0 0 0 13.6 0 0 2.6 0 0 0 0 0 6.6 0 0 3 10.8 0 0 0
0 0 0 0 3 0 0 0 0 0 0 0 0 0 6.2 0 0 0 0 3.6 0 0 2.8 1.4 0 0 0 0 0 0 0 0 4 0 0 0 0 0 0 0
0 10.6 0 0 0.2 0 4.4 0 0 0 0 0 0 0 0 0 0 0 0 0 13.8 0 0.2 11 0 21.4 8.6 0 0 0 0 1.4 0 0 0 7.4 0 0 0 0
0.8 0 0 3.2 0 0 0 0 0 0 0 0 0 0 0 0 0 0 0 0 0 0 0 0 0 0 0 0 0 0 0 0 0 0 0 0 0 0 0 0
4.8 0 1.8 0.6 0 0 0 0 0 0 0 0.2 3 20 0 7.8 0 0 0 0.2 0 0.6 0.2 0 0 0 0 0 2.6 0 0 0 0 9.2 5 0 0 1.2 14.8 0
0 0 0 0 0 0 0 0 0 0 0 0 1 0 0 0 0 5.6 0 0 0 0 0 0 0 0 0 0 0 0 0 0 0 0 2.4 0 0 0 0 0
0 0 6.8 0 0 0.4 0 0.6 16.8 11.4 0 6.6 0 0 0 0.4 1 0.6 22 9 0 0 16.2 1.2 1.4 0 19.8 0 0 0.4 0 0 5.4 0 0 0 0.8 0 0.4 1.8
0 0 0 0 0 0 0 0 0 0 0 0 0 0 0 0 0 5.6 0 0 0 0.4 0 0 4 0 0 0 0 0 0 0 0 0 0 0 0 0 0 0
0 0 0 2.8 0 0 0 5.6 0 0 10.8 0 0 0.4 0 0 13.2 0 0 0 4 0 13.8 0 0 0 0 4.8 0 0 0.2 0.2 0 5 0 0 0.2 0 0 0
0 0 0 4.8 0 1 0 0 0 0 0 0 0 0 0 0 0 0 0 0 0 0.2 5.2 0 0 0 0 0 0 0 0 0 0 0 0 0.8 0 0 0 0
3.4 0 0 0.4 0.4 7.6 1 0 0 0 0 0.8 0 0 0.4 1.8 0 0 0 0.2 0 0 0 0 0 0 0 0 0 0 4 0 0 0 0 0 0 0 0 0
0 0.2 10.2 11.6 0 0 4.2 11.2 0 0 7 0 0 5.2 0 0 18.4 0 0.2 0 0.6 2 0 8.4 0 0 9.6 0 0 0 0 0.4 1 6.8 0 0 0.4 0 12.6 0
0 5 0 0 0 0 0 0 0 0 0 0 0 0 0 0 0 0 0 0 0 0 0 0 0 0 0 0 0 0 0 0 0 0 0 0 0 0 0 0
0 0 2 0 15 0 0 0 0 0 0 0 0 16.4 0 0 0 0 0 0.2 15.6 0 0 0.4 0 0.4 0 0 0 0 0 0 0 6.4 0 0 0 5.4 0 6.2
0 0 0 0 0.2 0 0.2 23 0 0 0 0 0 1.4 17 0 0 0 0 1.6 8.4 0 3 14.2 4 0 9.6 0 0 0 0 2 0 0 0 0 0.2 0 0 11.2
0 0 0 0 0 0 0 0 0 0 0 16.8 0 6.4 0.2 0 0 0 3 0 0 0 0 9.4 5.6 1.2 0 0 2.4 0 0 0 1.4 0 0 0 11.2 0 0 8.4
0 0 2 0 0 1 0 0.2 2 11.8 0 1.2 0 0 0.4 0 8.2 0 1.4 5 0.6 4 0 0 3.4 0 0 0 0 10.8 0 5 11 0 0 0 0 0 0 0
0 0 0 0 0 9.6 0 0 0 0 0 0 0 0 3.2 0 4.6 1.4 0 0 0 0 1 0 0 0.2 0 0 0 4 0 0 0 0 0 0 0 0 12 0
0 0 0 0 0 0 0 0 0 0 0 2.6 0 0 0 0 0.2 1 0 2.2 0 0 0 0 0 0 0 0 0 0 0 0 0 0 0 7 0 0 0 0
0 0 0 0 0 0 0 0 0 0 0 0 2 0 0 0 0 0 0 0 0 0 0 0 0 0 0 0 0 0 0 0 0 0 0 0 0 0 0 0
2.2 0 0 0 0.4 0 0 4.4 0 0 0 5 0.2 0 0 0 1 0 0 0 0 0 0 7.8 0 8.8 0.4 0 0 0 0 0 7.2 15.6 4 0 7.8 0 0 0.2
0 0 0 0 0 0 0 0 0 0 0 0 0 0 0 0 0 0 0 0 0 0 0 0 0 0 0 3 0 0 0 0 0 0 0 0 0 0 0 0
0 6.2 0 0 3 0 0 0 5 0 0 0 7 0 0 7 0.8 0 0 0 0 0 0 0 0 0 0 0 0.2 0 0 0 0 4.4 0.8 0 0 0.6 10 0
0 0 0 0 0 0 0 2.4 0 0 11 0 0 0 17 0 0 0 0 0 5.6 0 9 0.4 0 0 0 0 0 0 0 0 0 0 0 0 0 0 0 4.6
0 0 0 0 0 0 0 0 0 0 0 0 0 0 0 0 0 0 0 0 0 0 0 0 0 4.8 0 0 0 0 0 0 0 0 0 0 0.2 0 0 0
0.8 0 0 5.2 0 0.4 0.4 0 0 0 0 0 0 0.2 0 0 10.6 0 0 0 0 2 0 0 0 0 0 0 0 0 0 0 0 0 3 6.2 0 0 10.2 0
0 0 0 0 0 9 0 0 0 0 0 0 0 0 0 4.4 0 0 0 0 0 0 0.4 0 0 0 0 0 0 0 0 0 11.2 0 7 0 0 0 0 0
0 0 0 0 0 0 0 0.4 0 8 0 0 0 5.2 0 0 0 0 0 0 0 0 0 0 0 0.4 11.6 0 0 0.2 0 2.8 0 1 0 0 0 0 0 0.4
0 0 4.4 0.2 0 0 0 30.2 0 0 0.2 0 0 0 5.8 0 0.2 0 0 3.2 1.2 0 0 13.6 0.6 0 0 0 0 0 0 0.2 0 0.8 0 0 4.8 0 0 10.6
0.2 0 0 0 0.4 5.4 0 0.4 0 0 0 10.8 0 7.8 0 0 3.4 7 7.8 0 8.2 0 3.6 0 0 15.4 0 0 4.6 1 0 0.4 0 0 8 0 1.2 0.2 0 0.2
4.8 0 10 10.2 3.2 0 0 0.2 0 0 0.2 0 0.8 6.4 0 0 26.2 0 6.4 0 0.2 0.2 0 0 0 0 0.2 0 0 0 7.8 4.8 7.6 0 4.6 0 16.8 2 0 6.4
0 0 0 0 0 0 0 0 0 0 0 0 0 0 0 0 0 8 0 0 0 0 0 11 0 0 0 0 0 0 0 0 0 0 0 0 0 0 0 0
0 0 0 4.4 3.2 0 0 0 0 12.4 0 0 0 5 10.8 0.4 17.6 0 0 0 0 0 0 0 0 0.2 7.6 0 0 0 0 0 0 0 0 0 7.4 0 0 0
0 0 0 0.4 0 0.6 0 0 0 0 0 0 5 0 5 0 0 0 0 0 0 0 0 5 0 0 0 0 0 0 0 0 0 0 0 0.4 0.6 0 0 0
0 0 0.2 2.6 19.8 0 0.4 0 0 0 0 0.2 0 0.6 0 15.8 6.6 0 8.2 0 0.4 5.2 2.6 0 0 0 0 3.4 3 0 4.6 0 0.6 0 0.6 0 0 0 0.2 0
0 2 0.2 0 3 5.4 0 0 0 2.2 6 0 6 0 0.4 0 8 0 0 8.8 9.2 0 6.8 0 0.2 0 0 0 2 4 0 0 0 8 4 0 0 0 4.8 0
0 0 0 0 0 0 0 0 0 0 0 0 0 0 0 0 0 0 0 0 0 0 0 0 0 0 0 0 0 0 0 0 0 0 5 0 0 0 0 0
3.8 0 5.6 0 0.6 15.4 0 0 0 0 0 0 0 4.8 0 0 0.2 0 0 0 0 0 0 0 0 10.4 14.6 0 0 1 0 0 0.4 0 0 0 0 0 0.2 0
0 0 0 0 0 5 0 0 0 0 0 0 0 0 0 0 0 0 0 0 0 0 0 0 0 0 0 0 0 0 0 0 0 4 0 0 0 0 0 0
0 0.2 0 0 0 0 0 0 0 0 0 0 0 0 7.4 0 0 0 0 0 0.6 4 0 0.2 0 0 9.6 0 0 0 0 0 0 0 0 0 0 0 0 0
6 0.2 5 4 0 0 7.8 4 0 0.6 0 0 0 21 0 0 0.2 0 0 0.2 13.6 0 0.8 10.4 0 0 0 0 0 0 0 0 0 0 0 0 20 0.2 0 0
0 0 0 0 0 0 0 3 0 5 0 0 0 0 0 0 0 0 0 8.8 0 0 0 0 0 0 0 0 0 0 0 0 0 0 0 0 0.2 0 0 0
0 0 0 0 0 0 0 0 0 0 0 0 0 0 0 0 0 5 0 0 0 0 0 0 0 0 0 0 0 0 0 0 0 0 0 0 0 0 0 0
5.2 4.4 0.4 0 0 13.6 0 0 0 0 0.4 0 0 0 3.8 0 0 0 0 0 12.2 0 15.2 0 0 0 0.2 0 0 0 0 11 5.8 0 3.8 0 0 0 0 0
10 0 8 0.4 0 0 0 0 0 0 0.2 5 0.4 0 0.4 8.8 12.4 2.8 0 0 16.6 1 10.6 0.2 5.4 0 0 0 0 0 0.2 0 0.2 0.6 0 0 0.4 0 0 2.4
0 0 0 6.8 0 2.6 0 0 0 0 0 7 0 0 0 7.8 0 0 0 0 1.4 0 0 0 0 4.4 5.4 0 0.2 0.4 2 0 0 0.2 3.6 0 0 0.2 0 0
11.4 0 3 3.6 0 0 2.4 0 4.4 0 0 0.2 0 0 0 0 16.8 2 0 2 0 0 0.2 0 8.2 0 0 0 0 0 0 0 0.2 1.4 0 0 13.4 1 1.8 0
0 0 0 0 7.8 0.4 0 0 0 5.4 0 0 0 0 0 0 1.8 0 6 0.2 6.6 0 0 0 0 0 0 0 2.8 0 0 0.2 0 0.6 0 0 0 0 4.2 5
0 0 0 0 0 3 0 3.4 0 3 0 5.8 0 0 0.6 15.4 3.2 1.2 0 0 0 0 0 0.2 14.4 5.4 0.2 0 0.4 0 0 0 0 0 0 0 0 0 13.8 0
0 0 0 0 0 0 0 0 0 0 0 0 0 0 0 4 0 0 0 0 0 0 0 0 0 0 0 0 0 0 0 0 7 0 0 0 0 0 0 0
0 0 0 0.8 0 0 0 0 0 0 0 0 0 0 0 0 0 0 0 0 0 0 0 0 9.8 0 0 0 0 0 0 0 10.8 0 2.4 0 0 0.2 0 0
0 0 0 0 0 0 0 0.6 0 0 0 2.2 0 0 0.2 0 0 0 0 0 5.6 0 0 7.8 0 0 0 0 0 0 0 10.6 0 0 0 0 0 0 0 0
0 0 0 0 0 0 0 0 0 0 0 0 12.8 0 0 0 0 0 0 0 0 0 0 0 0 0 0 0 0 0 0 0 0 0 0 0.2 0 0 0 0
0 0 0 0 4.2 0 0 0 0 0 0 1.4 0 0 0 0 0 0 0 0 0 0 0 0 0 0 3.4 0 0 0 0 0 0 0 0 0 0 0 0 0
0 0 0 0 0 0 4.8 0 0 0 0 0 2 0 0 0 0 0.2 0 0 0 0 0 0 0 0 0 0 0 0 0 0 0 0 0 0 0 0 0 0
0 3 0 0 0 4.4 0 0 0 10.8 12.2 1.4 8.4 0 0 0 0 0 0 3 0 0 16.6 0 0 0 0 0 0 0 0 0 0 0 2.2 0 0 0 0 0
0 0 0 0 0 0 0 0 0 0 0 0 4.6 0 0 0 0 0 0 0 0 0 0 0 0 0 0 0 0 0 0 0 0 0 4.2 0 0.2 0 0 0
0 0 0 0 0 1.2 0 0 0 0 0 0 1 0 0 0 0 0.4 0 0 0 0 0 0 0 0 0 0 0 0 0 0 0.4 0 1 0 0 0 0 0
0.2 0 0 3.8 0 3.2 0 0 0 0 0 0 0 0 0 0 0 0 4 0 0 2.2 0.2 0 7 0 0 0 0 0 0 0 0 4.4 0 0.2 0.8 0 0 0
9 0.2 0 0 0 0 0 0.4 0 0 4 0 0.4 0.2 0 0 0 0 0 0 0 2.4 5 0 0 0 1.6 0 0 0 0.8 0 0 0 0 0 0 0 0 0
0 0 0 4.2 0.6 0 0.2 0 0 0 0 0 0 0 0 0 0 0 0 0 0 0 0 0 0 0 0 0 0 0 0 0 0 0 0 0 0 0 0 0
0.6 2 0 0 1.8 0 0 4 0 0 0 0 0 0.2 0 0.2 0 0 0 0 6.4 0 0 0 0.2 0 0 0 0 0 0 0 6.6 0 0 0 0 0 0 0
0 0 5.6 4 6.4 0 0 1.2 5.8 0 0.2 0 0 0 0 0 0 0 0 5.4 0 0 0 0 2 1.6 0.2 0 0 0 0 0 0 0 0 0 0.2 0 0.4 0
0 0 0 0 0 0 0.6 0 0.4 0 0 0 0.8 0 0 0 0 6 0 0 0 0 0 0 0 0 0 0 0 0 5.4 0 0 0 1.8 0 0 0 0 0
8.4 0 9.4 10.6 0 0.2 0 0 0 0.8 0 4.8 0 2.2 0.2 0 9.2 0 0 0 0.4 0 21.8 0.8 4.8 0.6 9.6 0 7.8 0 5 0.8 0.2 14 0 0 7.4 0 0 0
0 0 0 0 0 0 0 0 0 0 0 0 0 0 0 0 0 4 0 0 0 0 0 0 0 0 0 0 0 0 0 0 0 0 0 0 0 0 0 0
0 0 0 0 0 2 0 0 0 0 0 0 0 0 0 0 0 0 0 0 0 0 0 0 0 0 0 0 0 0 0 0 0 0 4 0 0 0 0 0
0 0 0 0 0 0 0 0 0 0 0 0 0 0 0 0 0 0 0 0 0 0 0 0 0 0 0 0 3 0 0 0 0 0 0 0 0 0 0 0
0 0 0 0 0 0 0 0 0 0 0 0 4 0 0 0 0 3 0 0 0 0 0 0 0 0 0.2 0 2.6 0 0 0 0 0 0 0 0 4.2 0 0
0 0 0 0 0 3 0 0 0 0 0 0 0 3 0 0 0 0 0 0 0 0 0 0 0 0 0 0 0 0 0 0 0 0 0 0 0 4 0 0
0 0 0 0 0 0 0 0 0 0 0 0 0 0 0 0 0 0 0 0.2 0 0 0 0 0 0 0 0 0 0 0 0 0 0 0 0 1 0 3.8 0
0.2 4.8 0 0 0 0 0 0 0 0 1.2 1.6 0 0.2 0 0 0.4 0 0 0 2.8 0 3 5 0 0 0 0 0 0 0 0.8 0 0 0 0 0 0 0 0
0 0 0 0 0 0 0 0 0 0 0 6.4 0 0 0 0 0 0 0 0 0 0 0 0 0 11.8 0 0 0 0 0 3.8 0 0 0 0 0 0 0 0
0 0 0 0 0 12 0 0.2 4 0 0 0 0 0 0 0 0 4 0 0 0 0 0 0 0 0 0 0 0 0 0 0 0 0 0 0 0 4.8 0 0
0.2 0 0 0 0 0 0 0 0 7.2 0 3.6 0 1.6 6.4 0.6 18.4 0.2 0 0 18 3.8 0 4.4 0 1.4 6.4 0 0 0 0 0.6 6 0.2 0 0 0 0 0 0
3.4 0.6 0 3.4 6.4 3.6 4.2 1.4 1 0 2.4 0.2 0 4.8 0 0 0.2 0 9.2 13 0 1.4 2.4 7.2 0 5 0 0 0.2 0 0 0 26.8 2.6 1.2 0 0 0.2 0.2 0
0 0 0 0 0 0 0 0 0 0 0 0 0 0 0 0 0 0 2 0.6 0 0 0 0 0 0 0 0 0.2 0 0 0.6 0 0 0 0 0 3.6 0 0
0 0 0 0 0 1.8 0 0.2 0 0 0 0.6 0 0 0 0 0 0 0 0 0 0 1.2 3 2.8 0 0 0 0 0 0 0 0.2 0 0 0 0 0 0.2 0
0 0 0 0 0 0 0 0 0 0 0 0 0.2 0 0 0 0 5.4 0 0 0 1.2 0 0 0 0 0 0 0 0 0 0 0.2 0 0 0 0 0 0 0
0 0 11.6 0 0 0 4.2 0.2 2 15.8 0 0 0 6 0 0 29.8 0 2.4 11.2 8 0 0.2 0 2.6 0 0 0 8 0 0 0 0 18.8 0 0 0 5.2 0 0
0 0 0 0 0.4 0 0 0 6.8 1.6 0 0 0 0 0.2 0 0 0 0 5.4 0 0 0 0.2 0 17.4 3.4 3.8 0 0 0 0.8 0 0 0 0 0 0 0 0
0 0 0 0 0.2 0 0.2 0 1.8 0 0.2 10 0 0 0 0 0 0 0 0 0 0 0.2 7.4 0 0 0 0 0 4 4.6 0 0 0 0.2 0 7.6 0.2 0.6 3.8
0 0 0 0 0 0 0 6.4 0.8 5.6 0 0 0 0 10.2 0 0 0 0 12.2 0 0 0 0 0 0.2 0 0 0 0 0 0 0.4 0 3.2 5 0 0 0 0
0.2 0 0 0 0 0 6.6 2.4 0 9.6 0 0 0 2.6 0 1 0 0 0 0 0 0 0 3 0.6 0 0 0 0 0 1.4 0 0 0 0.2 0 0.4 0 0 0
0 2.8 0 0 0 0 0 0.4 0 0 4.8 0.2 0 0 0 0 0 0 0 0 9.8 0 4.8 13.8 0 0 0 0 2 0 0 8.4 0 0 0 0 0 0 0 0
0 0 0 0 0 0 0 0 0 0 0 0 0.2 0 0 0 0 0 0 0 0 5.2 0.2 0 0 0 0 0 0 0 2.2 0 0 0 0.2 0 0 0 0 0
4 4 0 0 4.6 0 0 0 0 0.2 0 0 0 0 5.4 0 0 0 0 0.8 12 0 0 6.4 0 0 0 3.8 9.8 0 0 0 0 0 0 2 0 2.2 5.6 7.2
0 0 0 2 0 0 0 0 0 0.2 0 0 0 0.8 0 0 0 0 0 0 0 0 0 0 0 0 0 0 0 0 0 0 0 0 0 0 0 0 0 0
0 0 0.4 0 0.8 0 0 0 4.2 8.6 5.2 0 0 5.6 0.2 0 0.8 0 1.8 0 0 0 2.4 0 0 0.4 9.6 0 5 0 0 18.2 0 0 3.2 0.6 11.2 3.2 0.2 3.4
0 0 0 0.4 0 0 0 0 0 0 0 0 0 3.6 0 1.6 0 1 0 0 0 2.4 0 0 0 0 0 0 10 0 0 0 0.2 0 0 0 0 3.8 0 0
0 0 4.6 3.2 0 0 4.4 20.2 9 3.8 0 0 0 0 18.4 0 10.4 0 0 1.8 0 0 0.4 0 0 0 6.4 0 7.2 0 0 0 0 0 0 0 12.6 0 0.2 10.4
0 0 0 0 0 0 0 0 0 0 0 0 3 0 0 0 0 0 0 0 0 0 0 0 0 0 0 0 0 0 0 0 0 0 0 0 0 0 0 0
4.4 0 0 0.2 0 0 0 3.6 0 0 0 7.2 2 0 10.6 2.6 0 0 0 0 6.6 0 0 0.6 6 0 0 0 0 0 0 3.6 0 0 0 0 0 0 0.4 13.2
0 0 0 0 0 0 0 0 0 0 0 1.2 0 0 0.2 0 0 0.4 0 0 0 1.6 0 21.4 0 0 0 0 0 0 8.6 6.8 0 0 3 0 0 0 0.8 0
0 0.2 15.6 0 4 14.6 0 0 11.8 17.8 5.2 0.4 4.8 0.4 1.6 5.8 22.8 0 16.4 0 0 6 0 0 0 0.2 0 0 8.8 9 15.6 0.6 15.6 0.2 0 0 13.6 0 4 0
0 0 0 0 0 0 5.6 0 0.2 19 0 1.8 0 27.6 0 21 4 0 6.4 10.6 0 0 0 0 0 0 8.2 0 0 2 0 0 0 0.6 0 0 0 0 0 0
0 4.6 0 0 0 0 5 0 0 0 0 4.4 0.2 0 0 6.2 0 0 0 0 0 10 0 0 0 0 0 0 0 0.4 0 0 0 0 0 2 0 0.2 0 0
0 0.8 0 0 0 0 0 0 0 0.8 0 0 0 0 0 14.8 0 6 0 0 0 0 0 0 0 0 0 0 0.2 0 0 0 0 0 0 0 0 1.4 0 0
0 0 0 0.4 0 0 0 16.6 0 0 0.2 0 1.2 0 0 0 0 0 0.4 0 15.2 0 3 0 0 0 0 0 0 0 0 0 3.6 0 0.4 0 0 0 0 0
0 0 0 0.6 0 0 0 0 4.4 0.2 7.2 11.2 0 0 0 0 0 0 0 0.4 0 0 0 12.2 0 0.6 0.2 0 0 0 0 0.6 0 0 0 0 31 5 0.2 8.2
0 0 8.6 0.2 0.2 8 2.6 0 0 8.4 0.2 0 0 2 0 5 15.8 0.2 3.8 0 4.8 3.8 0 2.2 0 0 10.4 0 1.2 0 0 0 0 8.4 0 2.2 0 0 0 0
0 0 0 0 0 0 9 0 0 0 0 0 0 0 0 0 0 0 0 0 0 0 0 0 0 0 0 0 0 0 0 0 0 0 0 0 0 0 0 0
0 0 0 0 0 0 0 12.8 0 0.8 0 0 0 0 14.6 0.6 0 2.4 0 3 0 0 1 1.4 0 11 0 0 0 0.4 0 0.6 6.8 0 0 0 0 0.2 0 4.4
0 0 0 17.4 0.2 0 0 0 0 0.2 0 0 0 0 0 4.6 0 0 0 0 0 0 0.2 0.2 0 0 4.2 0 0 0 0 0 0 0 0 0 0 0 0 0
0 0 0 15.4 0 0 0 0 0 0 0 0 0 0 0.4 0.8 0 0 0 0 0 0 0 0 0 0 0 0 0.2 0 0 0 14.2 0 0 0 0 0 0 0
0 0 0 0 0 0 0 0 0 0 0 0 4.4 0 0 0 0 3.8 0 0 0 0 0 0 0 0 0 0 0 0 0 0 0 0 5.8 0 0 0 0 0
4.2 2.2 2.6 0 16.8 0 7.2 11.6 8.8 1.2 17.6 3 2 1.4 0 0 0 0 4.8 15.2 15.6 1 1.8 0.4 0.6 5 0.4 0.2 2.4 0 0 0.2 0 6 0 5.6 0 7.4 5.2 1.6
12.8 3.4 0 0 0.2 0 0 2.4 19.2 0.8 10.8 12.8 0 4.6 1.6 0 0 0 0 0.4 12.6 0.2 15 14.2 0 1.8 23 0 5.6 8.4 0 1.6 0 9.2 0 0 0.6 13.2 1.2 0.4
0 1.6 6.2 0 1.2 0 0 17.8 0 13.8 0 5.4 0 0.4 4 2.8 0 0 0 0.2 6.6 0 0 0 0 0.2 25.6 0 11.8 6 0 0 0 0.2 0 0 0 3.2 0 0
0 0 0 0 0 0 0 0 0 0 0 0 11.8 0 0 0 0 0 0 0 0 0 0 0 0 0 0 0 0 0 0 0 0 0 0.2 0 0 0 0 0
8 0 0 0 0 0 0 4.8 0 0 0 4.2 0 0 12.2 0 0 4.4 0 0 14 4.6 0 15.2 2 0 0 0 0 3.4 0 0 0 0 0 0 0 0 0.2 0
0 0 0 0 0 0 0 0 0 0 0 0 0 0 0 0 0 0 0 0 0 0 0 0 0 0 0 5.6 0 0 4.4 0 0 0 0 0 0 0 0 0
0 0 0 0 0 0 0 7 0 0.2 0.6 0 0 0 0.6 0 0 0 0 0 5.4 0 0 0 0 0.4 0.6 0 0 0 0 12.6 0 0 0 0 0 0 0.4 0.2
0 0 0 1.6 6.4 0 0 0 0 0 0 0 0 0.2 0 0 0 0 0 0 0 0 0 0 0 0 11.6 0 0 0 0 0.2 0 0 0 0 0 0 0 0
0 0 0 0 0 3.8 0 0 0 0 0 0 0 0 0 0 0 0 0 0 0 0.2 8.6 0 8.8 0 0 0 0 0 0 0 0 0 0 0 0.6 0 0 0
4.8 0 0 0 0 0 0.4 0 0 0 0 0 7.6 0 0 0 0 4.8 0 0 0 0 0 0 0 0 0 0 0 0 0.2 0 0 0 0 0 0 0 5.2 0
0 0 0 0 8 0 0 0 0 0 0 0 0 0 0 0 0 0 0 0 0 0 0 0 0 0 0 0 0 0 0 0 0 0 0 0 0 0 0 0
0 0 12.8 0 11 0.2 0 0 12 0 0 0 17.4 0 0 11.4 0 0 1.2 0 0 0 5.4 9 11 31.4 18 5.4 7.4 0 0.4 0.4 21.4 13.6 8 5.4 0 0 8 0.2
0 0 6.2 0 0 4.8 8.6 0 3.6 20.6 0 0 0 0 7.6 6 1.6 0 3 0.6 0 0 0 4.6 0 3 6 0 0 0 0.4 0 0 9.8 0.2 0 0.4 0 0 1
0 0 0 3.8 0 0 0 0 0 0 0 0 0 0 3.2 0 0 0 0 1.2 0 0.4 0 0.2 0 0 0 0 0 0 5.8 8.4 0.2 0 0 0 0.4 0 0.4 0
0 0 0 0.2 0 0 0 0 0 0 0 0 0 0 0 0 0 0 0 0 0 0 11 4.4 0 0 3.8 0 0.2 0 6.4 0 0 0 0 0 0 0 0 0
0 0 0 0 0 0 0 0 0 0 1 11.6 0 0 0 0 0 0 0 0 0 0 0.4 7.8 0 0 0 0 0 0 0.8 0 0 0 0 0 2.4 0 0 0
0 0 0 0 0 0 0 0 0 0 0 0 0 0 0 0 0 9.8 0 0 0 0 0 0 0 0 0 0.4 4.6 0 0 0 0 4.2 0 0 0 10 0 0
0 4 0 0.2 0 4.8 0 0 0 0 0 0 8.4 0 0 0 0 0 0 0 0 0 3.6 0 0 0 0 0 0 0.6 4 0 0 0 0 0 0 0 0.4 0
0 0 0 0 3.4 0 0 0 0 1 0 0 14.6 0 0 0 0 0 0 0 0 3.4 0 0 0 0 0 0 0 0.6 0 0 0.6 0 0 0.4 0 0 0 0
0 14.6 0 2.2 19 0 4.6 0 0 0 0 0.8 0.4 3.2 0 0 12.4 0.2 11.4 0 0 0.2 0 0 0 0 0.2 0.8 0 0 2 0 0 4.6 3.8 0 0.2 0 2.4 0
0 0 0 0 0 0 0 0 0 0 4.4 0 0 0 21 0 0 0 0 0 0 2 0 5.2 0 0 0 0 0 0.6 0 0.2 0 0 0 0 0 0 0 9.6
0 0 0 0 0 0 0 0 0 0 0 0 6.4 0 0 0 0 8 0 0 0 0.4 0 0 0 0 0 0 0 0 0 0 0 0 2.2 0 0 0 0 0
0 0 0 0 0 0 0 0 0 0 0 0 23.6 0 0 0 0 6.4 0 0 0 4.6 0 0.2 0 0 0 0 0 0 0.2 0 0 0 0 0 0 0 0 0
12 7.4 4.6 0 22.6 2.2 0 19.4 13 0.2 3.2 20.4 0 6.8 12.4 0.8 23.2 0 0 0 0 1.6 5.4 3.2 0.2 11.4 4.4 0 0 0 0 9.8 0 0.6 0 0 0 8 0 0.2
0 0 0 1.2 1.8 8.8 0 5.6 0 0 0 0.4 0 0 0 2.2 0 0 0 0 0.2 0 0 0 0 0 0.2 0.4 0 0 0 7.6 0 0 0 7.6 0 0 0 0
0 0 0 0 0 0 0 0 0 0 0 0 0 0 0 0 0 6.4 0 0 0 0 0 0 0 0 0 0.6 0 0 0 0 0 0 3.8 0.2 0 0 0 0
0 0 0 17.6 0 7.2 0.2 0 0 0 0 0 0 0 0 0 0 0 0 0 0 0 0 0 0 0 0 0 0 0 0.6 0 0.4 0 0 0 0 0 0 0
0 0 0 0 0 0 0 0 0 0 0 0 0 0 0 0 0 0 0 0 0 6 0 0 0 0 0 0 0 0 0 0 0 0 0 0 0 0 0 0
0 0 0 3.4 0 0 0 0 0 0 0 0 0 0 0 0 0 0 0 0 0 0 0 0 5 0 0.4 0 0 0 0 0 0.2 5 0 0 0 1 0 0
0 3.8 7.8 0.2 8.4 5.2 0 6.6 9.2 17.2 0 0.6 0 0 0 0 0 0 9.2 3.4 0 3.4 0 0 8.8 9 14.8 0 8.8 0 0 0 9.6 4.8 0.8 0 0 21.4 0 0
10.2 0 3.6 0 5.2 0 3.2 0 0 0 0 0 0 0 11.8 6.8 6.4 0 0.2 0 0 0 0 0.2 0 2.8 0 0 0.2 3.2 0 0 0 2 0 0 0 4.2 22.6 1.4
8.2 0.2 0 0 0 13.4 0 0.8 0 0 0 0 0 0 3.6 0 1 0 0.2 0.8 17.6 0 0.2 0 0.2 0.6 0 0 0 0 0 11.6 0.4 9.8 1.6 0.2 20.6 0 0 0
0 0 0 0 0 0 1.2 0 0 0 0 0.2 7.8 0 0 3.8 0 0 0 0 0 0 0 0 0 0 0 0 0 0 0 0 7.2 0.8 0 0 0 0 0 0
0 0 0 0 0 0 0 0 0 0 0 0 0 0 0 0 0 0 0 0 0 0 0 0 0 0 0 5 0 0 0 0 0 0 4 0 0 0 0 0
0 0 0 0 0 0 0 0 0 0 0 0 4.2 0 0 0 0 0 0 0 9 8.6 0 0 0 0 0 0 0 0 0 0 0 0 0 0.2 0 0 0 0
0 0 0 0 0 4.2 0 0 0 0 0 0.2 0 0 0 0 0 2.2 0 0 0 0.6 0.2 0 0 0 0 0 0 0 0 0 2.4 0 0 0 0 0 0.2 0
4.8 0 0.4 0 0 0 3.4 0 4 0 0 0 0 7.2 0 10.4 3 0 0 0 0 0 0 0 0 7 4.6 0 0 0 0.6 8.6 0 0 0 0 0 3 0 0
0 0 0 0 0 0 0 0 0 0 0 0 0 0 0 0 0 0 0 0 0 6 0 0 0 0 0 0 1 0 0 0 0 0 1 0 0 0 0 0
2.2 0 0 0 0 14 0.4 0 0 0 0 4.8 0 0 0 0 0 0 0 0 0 2.6 0 0 1 0 0 0 0 0 0 2.6 4.4 0 0 0 0 0 0 0
0 0 0 0 0 0 0 0 0 0 0 0 0 0 0 0 0 0 0 0 0 12.4 0 0 0 0 0 0 0 0 0 0 0 0 6.6 0 0 0 0 0
0 0 0 0.4 0 9.8 0 12.4 0 0 0 11.6 0 2.8 0 0 0.6 0 0 0.2 0.2 0 0 0 1.2 0 0.4 0 0 0 0 0.6 13.2 0 0 0 0 0.4 0.2 0
0 5 0 0 0 0 0 0 0 0 0 0 0 0 0 0 0 0 0 0 0 0.2 0 0 0 0 0 4.6 0 0 6 0.2 0 0 4 0 0 0 0 0
7.2 5.8 1.2 0 0 0 0 5.8 0.4 0 0 0 0 0 0 3 0 0 0 0 14.6 2.8 3.8 0.2 0 0 0 0 0 0 0.2 0 0 0 0 0 0 0 0 0
0.2 0 31.2 0 0 0 0 18.4 12.4 2.4 0.4 0.2 0 2.4 5 1.8 21.6 0 0 31.6 14.6 9.8 4.8 18 0 0 0.2 0 0 0 0 0 16.8 15 0.4 1.4 0 0 1.2 6.2
0 0 0 0 0 0 0 0 0 0 0 0 1.4 0.2 0 0 0 17.8 0 0 0 6.2 0 0 0 0 0 2 0 0 0 0 0 0 12.4 0 0 0 0 0
0 0.4 6.4 0 0 0 0 23.8 4.8 0 0 18.6 0 0 0 0 0.6 0.4 6 0.2 1.8 0 0 0 0 0 0.2 0 0 2 0 0 1.2 0 0.2 7.8 11 0 0.2 4.4
3.2 0 7.2 0.6 0 0 0 0 1.8 8.8 0 0 0 10.2 0 0 4.8 0 0 0 0 0 0 0 0 3.4 0.2 0 0 0 5 0 16.4 6.4 0 0 0 1 0 0
0.2 0 0 0 0 0 0 0.6 0 2.8 9.6 1.2 0 0 5 0.4 8.8 0.2 0 9.6 4.2 11 1 6.6 0.6 0 0 0 0 0 0.2 0 0 2.6 6.8 0 0.4 0 0.2 0
0 0 0 0 9.2 0 0 0 3.8 0 7 24 0 0 0 0.2 0.2 0.8 0 0 6.6 0 11.4 0 0 0.4 0 0 3.2 7.4 0 0.6 1.8 0.2 0 0 0 0 0.2 0
21 5 1 0 0 4.8 0 0 0 8.8 0.2 0 0 7.2 0 0 5.2 0 1.6 0 0 0 8.6 0 0 0.4 0.2 0 0 0 0 8.6 0 0 3.6 0 0 5.4 0.4 0
11.6 0 0 2.6 0 0.4 0 11.6 0 0 0 0 0 6.2 0 3 8 0 0 0 0 0 0.2 0.2 0 13.8 14.6 0 1 4.6 0 0 14.2 0.2 0 0 28.8 0 0 0
0 4.8 0 0 0 8.2 0 0 0 4 9.8 4.8 0.6 0 0 0 0 0 0 0.4 0 3 18.4 6.6 0 0 0 0 0.2 0 0 1 2 7.2 0 0 24 0 0 0
0 0 0 12.2 0 0 0 0 0 0 0 0 4.6 0 0.2 7.4 0 4.8 0 0 0 0.8 0 0 7.4 0 4.2 0 0 0 0 0 15.2 0 0 0 0 0 0.2 0
0 0 0 0 0 3.2 0 0 0 0 0 0 6.4 0 0 0 0 0 0 0 0 3.2 15.2 0 0 0 0 0 0.2 0 0 0 0 0 0 4.8 0 0 0 0
0 0 0 0 0 0 0 0 0 0 0 0 0 0 0 0 0 0 0 0 0 0 0 0 0 0 0 0 0 0 0.4 0 0 0 1.6 0 0 0 0 0
0 0.6 0 0 0 0 4.4 0 0 0 0 0 0 0 0 0 0 14 0 0 0 0 0 0 0 0 0 0 0 0 0 0 0 0 0 0 0 0 0 0
1 8.6 1.2 0.6 0 0 0 0 0 0 0 0 1 0 0 1.6 0 0 0 0.2 0 0 14.8 0 3.6 0 0 3 0 0 12.2 0 0.6 0 0.6 0 0 0 0 0
0 0 0 0 0 0.6 7.8 0 0 0 0 0 3 0 0 1.6 0 0 0.2 0 0 0.4 0 13.4 0 0 0 0 0 0.4 0 0 0 0 0 0 0 0 0.6 0
0 0 0 0.2 0 0 0 0 0 0 5 0 0 0 0 0.2 0 0 0 0 0 0 4.2 5.4 1.2 0 0.6 0 0 0 0 0 0.4 0 0 13 0 0 0 5.8
5.4 0 0 0 31.4 0 0 0 0 0 0 0 0 0 0 0 0.8 7 2.6 0 0 0 0 0 0 0.2 0 5 0 0 0 0 0.2 0 0 0 0 0 0.4 0
0 0 0 0 0 4.8 5.2 0 0 0 0 0 0 3.2 0 0 0 0 0 0 0 0 0 0 0 0 0 0 0 0 0.2 0 0 0 0.6 0 0 0 0 0
9.2 1.6 0 0 0 8.2 0 0 1.6 9 0 0.2 0 0 0 0 18.4 0 2 0 0 0 25.4 0 0 0 0 0 0 0 0 0 0 0 0 0 0.2 0 21.6 7.6
0 0 0 0 0 0 0 0.4 0 0 5 0 0 0 6.8 0 0 0 0 0 5.8 0 0 4 0 0 0 0 0 0 0 0 0 0 0 0 0 0 0 0
0 0 0 8.6 0 0 0 0 0 0 0 0 0 0 0 3.8 0 0 0 0 0 0 2.6 0 0 0 0 0 0 0 0 0 0.2 0 6.4 3.4 0 0 0 0
0 0 0 0 0 0 0.4 0 0 6.6 0 3.8 0 0 0 0 0 0 4 0.2 0 0 0 0 0 0 0 0 0 0 0 0 0 0 0 0 0 0 0 0
4 0 6.4 0 3.4 0 10.4 1.2 0.2 10.6 0 0.4 5.6 0 1 0.4 21.4 0 11.2 16.2 0.2 0.6 0 6.8 6.2 0.4 5.2 0 11.2 0 0 0 5 13 0 0 0 0 0 0
0 0 0 0 0 10.2 0 0 0 0 0 0 0 0 0 0 0 0 0 0 0 0 8.8 0 0 0 0 0 0 0 0 0 0 0 0 0 0 0 0 0
12.4 0 1 0 3.6 0.2 4.4 12.8 0 1.4 10.2 0 0 3.2 15.8 4.2 0 1.6 0.2 16.6 10.2 0 11.2 0 4 0 0 0 0 11.6 0 0.2 0 0 0 0 1 7.2 0.2 6.8
0 0 0 0 0 0 0 0 0 0 0 0 15.8 0 0 0 0 0 0 0 0 0 0 0 0 0 0 0 0 0 0.2 0 0 0 4 0 0 0 0 0
9.6 0 0 0 3.6 0 0 4.6 0.2 0 0 0 0 3 0 0 0 0 0 0 0 0 0 0 0 0 0 0 4.6 0.4 0 0 0 0 0 0 0 0 0 0
0 0 0 0 0 0.2 0 0 0 0 0 0 0 0 0 5.4 0.2 0 0 0 0 0 0 0 2.2 8 0 0 0 0 0 0 0.2 0 0 0 12.8 0 0 0
16.8 0.2 11.8 0 0 0 0 0 0.2 0 0 0 0 0 0 0 5.2 0 0 0.2 0 0 5.6 0 12.6 0 1.6 0 0.2 0 0 17.2 0 2.8 0 0 1.6 0 0 0
0 0 0 0 0.8 3.2 0 16 0 6.6 0 0.8 0 3.8 15.8 8 0 1 0 0 0 4 0 0 1.8 0 0.2 0 0.2 0 1.6 5.4 4.8 0.2 0.4 0 0 0 11.4 9
0.6 0 0 0 0 0 0 0 0 0 0 0 0 0 0 0 0 0 0 0 0 0 0 0 0 0 10.2 0 0 0 0 0.2 0 0 3.8 0 0.2 3.6 0.4 0
0 0 0 0 2.8 0 1.4 0.2 0 0 0 0.6 0 1.2 0 0 0 0 0 0 0 0 0 0 0 15.8 0 0 0 0 0 0 0 0 0 0 0 0 0 0
0 0 0 0 0 2 1.8 0 0 0 0 0 0.4 0 0 0 0 11.8 0 0 0 0 0 0 0 0 0 0 0 0 0 0 0 0 3 0 0 0 0 0
0 7 0 0.2 0 0 0 0 2.6 0 0 0 0 19.6 0 0 0 0 1 0 0 0 4.4 0 0 0 0 0 0 0 0 0 0 0 0 0 0 0 0 0.2
0 0 0 2.4 0 0 0 0 0 0 0 0 0 7.6 0 0 51.6 0 4.4 2.6 0 0 4 0.2 0.2 6.6 0 0 0 0 0 9.2 5.2 0 0 0 0 0 0 0
0 0 0 0 0 0 0 0 0 0 1 0 4.8 0 0 0 0 0 0 0.2 0 0 0 0 0 0 0 0 0 0 7 0 0 0 0 0 0 0 0 0
0 32.6 0 28.8 0 0 9.8 0 0 0.2 0 0 17.8 0 0 8.6 0 2.2 0 0 0 0 3.2 0 11 0 0 0 1.2 0 0 0.2 4.4 0 0 9 0 0 0 0
10.2 0.2 0.4 0 19.4 0 0 0 0 0 0 0.2 0 0 0.2 0 0 0 0 0 0 0 0 0 0.4 0.2 11.2 0 0 0 2.8 0 0 8 0 0 2 0 13.8 0
0.2 0 0 0 0 0 0 15 1.8 0.2 0 19.8 0.4 1.8 0 0 10 2.2 0 8.8 0 1 0 9.2 0 0 0 0 0 0 0.2 2.8 0 0 0 7 0.6 0 0 0
0 0 0 0 0 0 0 0 0 0 0 0 18.8 0 0 0 0 6 0 0 0 17.2 0 0 0 0 0 0.2 0 0 7.8 0 0 0 5 0 0 0 0 0
0 1.6 0 6.6 0 13.4 0 0 0 0 0 0 0 0 0 0 0 3 0.4 0 0 0 0 0 0 0 0 0 4 0 0 0 0 0 0 0 0 0 0 0
0 0 0 0.2 0 0 0.4 0 0 0 4 0 0 0 0 0 9.6 0 0 0 0 0 2 0 0 0 4.8 0 0.2 0 0 0 0 0 0.8 0 0 0 0 0
5 0 0 0 0 0 0 12 0 0 4.6 5.2 0 0 0 0 0 0 0 0 0 0 0 0 0.2 0 0 0 0 0 0 0 0 0 0 0 9 0 0 0
0 0 0 0 0 5.2 0 1 4.8 0 2.2 0 0 0 0 5.8 0 3 0 0 1 0 0 0 1.4 0 2.8 0 0 0 0 0 0 0 5 0 7.8 0 0 0
0 0 0 0 0 0 0 16.8 0 0 5.6 0 0 0 0 0 0 0 0 0 0.2 11 0.4 7 0 0 0.8 0 0 0 0 0 0 0 0 0 0.2 0 0 0
0 0 0 3.6 0 0 0 0 0 20.4 0 0 0 3.8 0 0 6.4 0 11.4 21 0 0 3.6 0.2 0 0 34.6 0 6.2 4 0 0 0 0.2 0 0 2.6 18 0 0
0.6 0 1 0.2 0 0 0.2 0 4 6.6 0 0 0 0.4 0 0 0 0 4 11.8 0 3 0 3 0 0 0 0 0 0 0 0 0 2.6 0 0 0 4.6 0 0
0.2 0 9.6 3.4 22.2 9.2 0 0 0 0.2 0 0 0 7.6 0 9.6 0 0.4 29.8 18.6 0 0.8 0 0.4 0 0 0.6 0 0 3.8 0 0.8 0.2 21.6 0 0 0 5.8 7.2 0
0 0 0 3.8 0.6 0.4 0 15.8 0.8 0 0 6.6 0.6 0 3.4 0 1.8 0 0 0 0 0 4 0 0 0 0.2 3.2 0 0 1.4 0 0 0 5.4 3 0 0 0 3
0 0 0 0 0 0 0 11.6 0 0 0.2 0 1.2 0 0.4 0 0 3 0 0 0 3.2 1 0 0 0 0 0 0 0 0 7.8 0 0.6 0 0 2.2 0 0 4.8
5.8 0 0 0 5 13.2 1 0.2 2.4 8 2.4 0.2 8 0 0 0 0 0 0 0 9.4 0 6 0.2 0 13.6 0 0 0 0 0 0 19.6 7.2 0 0 0.6 0 0 7.2
0 0 0 2.4 0 15.8 0 0 0 0 0 0 0 0 0 10.8 0 0 0 0 0 0 7.4 0 12 0 0 0 0.2 0 0.4 0 4 0 0 0 0 0 0 0
0 0 0 0 0 0 0 0 0 0 0 0 0 0 0 0 0 19 0 0 0 0 0 0 0 0 0 0 0 0 0 0 0 0 3 0 0 0 0 0
0.8 6 0 0 5.6 0 0 0 0.2 0 0 0.8 0 0.2 0 0 7.2 0 0 0 13.2 0 20.8 0 0 0 0 9.8 0 0 0 4.8 0 0 0.2 0 24.8 0 1.8 6.8
0.2 6.8 1 16.4 0.4 0 0 0.6 1 5.2 0.4 0 2 6.4 0.6 10.6 0 0.4 0 12.2 9.8 1.6 0 25 0 12.2 0.6 0 5 8 0.2 0.4 0 6.8 0 0 8 5.4 6.8 0
0 0 0 13 0 0 0 3 0 0 3 0 0.2 0 0.6 0.2 0.2 3 0 7.8 0 0 0 0 0 0 4.6 0 0 0 0 8.8 0 0 0 0 0 0 0.6 4
0 0.8 11.8 0 8.8 0 0 15.4 0 2 12.2 0.6 0 11.6 7.6 0 5.4 0 7.4 3 0 4 1.2 4.4 0 0.4 0.2 0 0 7.2 0 0 0 0 1 0 0 6.8 12.4 9.8
0 0 0 7 1 0.2 0 0 0 0 0 0 12.2 0 0 3.8 0 12.2 9.8 0.4 0 2.4 0 0 0 0 0 5 0 0 0 0 0 0 0 0 0 0 0 0
0 0 0 0.4 0 0 0 0 0 0 0 0.4 0 11.2 0.8 0 0 0 0 0.2 0 0 0 0.2 0 0 0.4 0 0 0 0 11.8 0 0 0 0 0 0 8.6 0
0 0.2 0 3.4 0.2 0.2 0 0 0 0 0 0 0.8 0.2 0 0 0 4.8 0 0 0 8.2 0 4 0 0 0 0 0 0 0 0 0 0 0 0 0 0 0 0
0 0 0 0 0 0 0 0 0 0 0 0 0.2 0 0 0 0 9.8 0 0 0 0 0 0 0 0 0 0 0 0 0 0 0 0 1 0 0 0 0 0
0 0 0 0 0 0 0 0 0 0 0 0 7 0 0 0 0 2 0 0 0 0 0 0 0 0 0 0 0 0 0 0 0 0 3.8 0 0 0 0 0
0 0 0 0 0 0 0 0 0 0 0 0 0 0 0.2 0 0 0 0 0 0 0 0 0 0 0.2 4.6 0 0 0 0 0 0 0 0 0 0 0 0 0
0 0 0 11.8 0.2 0 0 0.2 0 0 0 0.2 0 0 0 0 0.2 0 0 4.8 0 0 0 0 0 0 0 0 0 0 0 0 3 0 0 0 10.6 0 0 0
9.8 0.4 0 1.8 14 0.2 0 3 7.6 0.8 0 0.2 2 0 0 0.2 0 0 1.6 0 3.6 0 0.6 5.6 0 3.6 15.4 0 1 0.2 0 25 0 0 0 0.4 16 0 0 0
0 0 0 0 0 0 0 0 0 0 0 0 12.2 0 0 0 0 0.8 0 0 0 6 0 0 0 0 0 0 0 0 0.4 0 0 0 2.6 0 0 0 0 0
0 0.6 0 0 0 0 0 11.2 0 0 0 0 0 0 0 0 0 0 0 0 2.2 0 0 0 0 0 0 0 0 0 0 0 0 0 0 0 3 0 0 0
0 4.6 0 4.4 0 0.2 0 0 0 0 0 0 0 6.4 3 4.4 0 6.2 0 0.4 0 0.2 0 0 0 0 0.8 0 0 0 0 0 0.6 4.8 0 0 0 0 0 0
0.8 0 0 7.8 0 0 3 0 0 0 0 0 0 0 0 13.8 0 0 0 0 0 0 0 0 15 0 0 0 0 0 0 0 0.2 0 0 0 0 0 0.4 0
0 0 0 0 0 0 7 0 0 0 0 0 11.2 0.4 0 0 0 4.4 0 0 0 0 0 0 0 0 0 0 0 0 7 0 0 0 10 0 0 0 0 0
0 0 0 0 0 0 0 0 0 0 0 0 2 0 0 0 0 0 0 0 0 4 0 0 0 0 0 0 0 0 0 0 0 0 0 0 0 0 0 0
0 0 0.2 18.4 31.2 0 0 0 0 0 0 0.2 0 0 7.4 4.6 0.2 0 11.4 0 0 0 0 0 0 16.8 2.2 0 0 0 0 0.2 0 0 0 0 0.2 0 0 0
0 0 0 0 0 0 0 6 0 0 0 0 0 0 0 0 0 0 0 0 0.4 0 0 0 0 0 0 0 0 0 0 5.6 0 0 0 0 0 0 0 0
0 0 4 4.6 0.2 0 0 0 0 2.4 5 0.2 0 0 0.2 0 0 0 0 0 0 0 14.6 0 0 14 18.4 0 0 3.8 0 0 0 0 0 0 18.6 0 0 0
20.4 12 0 0 14.8 0 0 36.8 0 6.4 0 8.8 0.2 0.2 1.2 0.2 0.2 0 0 4 29 0 8.8 26 1.8 0 0 0 0 1.8 8.4 0 0 0.2 0 0.2 0 0.2 5.8 7.6
0 6.6 0 9.2 0 6 0 0 0 0 0 0 0 0 0 2.6 0 0 0 0 0 0 0 0 0 0 0 0 0 0 0 0 5.6 0 0 0 0 0 0 0
0 0 0 18.4 0 8.6 1.2 0 0 0 0 0 0 0 0 3.8 0 0.6 0 0 0 0.4 0 0 0 0 0 0 0 0 11.8 0.4 0.8 0 0 8 0 0 0 0
8.2 0 0 0 0 0.2 0 0 0 0 0.2 3 0 0 0 0 0 0 0 0 6 0 10.4 24.8 0 0 0.2 0 0 0.4 0 0.6 0 0 0.6 4 0.6 0 3.2 0.6
0 0 0 0 0 4.8 0 0 0 0 0 3.4 0 0 0 8 7.8 0.2 0 0 0.2 0 0 4.2 0 0 0.2 0 0 0 0 0 0 0 0 0 9.2 0 0 0
0 0 0 0 0 0 0 0 0 0 0 0 11.4 0 0 0 0 6.4 0 0 0 7.6 0 0 0 0 0 0 0 0 0.2 0 0 0 12.4 0 0 0 0 0
0 0 0 3.8 0.2 0 0 0 0 0 8.6 0 0 0 0 0 0 0 0 0 0 0 0 0 12.2 0 0 0 0 0 0 0 0.8 0 0 0 0.2 0 3.2 0
0 0 0 0 0 0 5 0 0 0 0 0 6 0 0 0 0 0 0 0 0 4 0 0 0 0 0 0 0 0 1 0 0 0 0 0 0 0 0 0
0.4 0 0 0 18.2 17.4 9.2 5.2 0 0 0 1.4 0 6 11.8 0.2 0.2 0 19.2 7.2 0 11 0.8 0 0 0 0 3.8 10.6 0 0 0 9.8 13 0 0 0.6 14 0 0
0 21.6 0 0 12.8 22.4 0 10.8 0 0 2.2 0 0 12 17.6 2.4 27.2 1.6 0.2 5 0 0 0 0 5.2 8.6 4 0 0 5.8 0 1.4 0.4 0 0 0 5.4 0.2 0.2 0
0 0 0 0 0 26 0 0 0 0 0 0 0 0 0 16.2 0 2 0 0 0 2.8 0 0 4 0 0 0 0 0 0 0 0 0 0 0 0 0 0 0
18.4 12.8 0 0 0 0.2 0 23.2 0.2 0 9.2 0 0 0 29.2 0 0 2.8 0 0 9 0.2 0 13.6 0 0.2 0 0 0 0 0 0 0 0 0 0 0 0 19.8 10.2
0 0 2.6 6.2 9.8 0 0.2 4.8 0.2 14.2 0 0 0 0 19.6 0.4 12 0 0 2.4 4.2 0 0 13.2 1.2 5.4 0 0 0 3 0 2 0 7.2 0 4.6 3.8 0 0 0
0 10.4 0.4 0 0 0 4.8 28 4.8 0 9 4.2 0 0 31.6 0 0 0 0 0 34.4 2 12.4 7.4 3.4 15.8 0 11.6 5.6 1.4 2.6 0 15.4 0.4 17.6 4.4 5 0.2 17 29.2
0.2 0 0 11.8 1.4 0.4 0 5.6 0 0 0 0 0 0 0 0 0 0 0 1.8 0 0 0 8.6 0 0 0 0 0 0 0 15.8 0 0 0.2 0 0.2 0 0 0
0 0 0 0 0 0 0 0 0 0 0 0.2 0 0.2 5.8 0 0 0 0 7.8 0 0.2 5 0 0 3.6 0 0 0 0 10.8 1.6 0 0 0 0 0 0 0.6 0.2
0.2 5 0 0 0 0 0 0 0 0 0 0 8 0 0 0 0 0 2.6 0 0 0 0 0 2.2 0.4 0 0 0 0 0 0 34.6 0 0 0 0 0 0 0
0 0 6.4 0.2 0.6 0 0 0 0.8 4.8 0 4.2 5 0 5.2 0 8.6 7.4 0 9.6 0 0 0 0 6.6 15.8 1.4 0 0.2 12.4 0 0.4 0 16.4 0 0 0 0 0 0
2.6 0 9.6 0 0 12 0 1.4 0 9 0 16.4 0 1 0 0 2 0 0 0.2 1.2 0 0.8 0 0.4 3 5 0 0 0 0 0 0.8 0 0 0 18.6 0 0 0
1.8 0 0 0 5.8 0 0 3.2 3.6 5.4 0 0 0 0 0 0 17 0 4.4 0 16.4 0 10.6 5.4 0 0 0.2 0 0 0 0 24.4 0 0 0.2 0 0.6 0 10.8 0.2
0 0 0 0 0 0 7.2 0 0 0 0 0 24.4 0 0 0 0 0 0 0 0 0.4 0 0 0 0 0 0 0 0 0 0 0 0 0 0 0 0 0 0
0 0 1.6 0.6 6.8 0 0 0 0 10.6 0 0 0 13 0 0 5.6 3.2 9.6 9.2 0 0.4 0 0.2 0 1 0 0 0 0 0 0 0 13.6 0 0 2 2.6 1 0
0 0 0 0.6 0.2 5.2 0.2 0 0 0 0 0 13.2 0 0 6 0 3.2 0 0 0 0.4 0 0 0 0 0 0 18.8 0 0 0 0 0 4 0 0 1.2 0 0
0 0 0 0 0 0 0 0 0 0 0 0 11.6 0 0 0 0 0 0 0 0 0 0 0 0 0 0 0 0 0 0 0 0 0 0.2 0.2 0 0 0 0
0 5.4 0 14 1.6 13.2 0 0 0 0 0 0.2 11.2 19 0 26.6 0 1.8 0 0 0 4 3.4 0 0 0 0 0.2 0 4 9.4 0 0 0 0 0 0.6 13.4 0 0
0 0 0 0 0.2 12.6 0 0 0 0 0 0 0 0.2 0 0 0 0 0.2 0 0 6.8 0 0 0 0 0 0 0 0 0 0 0 0 0 0 0 0 0 0
0 0.4 0 6.6 0 0 2.8 0 0 0 0 0 0.2 0 0 4.8 0 8 0 0 0 0 0 0 7.6 0 0 0 0 0 0 0 0 0.6 0 0 0 0 0 0
8.8 0 15.6 0 8.4 6.6 0.2 6.6 0 0.6 0 0 0.8 13.6 0 2 47.8 12 2.4 9 0.2 10.8 0 0 0 16.6 0 0 19.6 0 3.6 0 12.6 9 0 0 8.2 0 20 0
0.2 0 0 16.8 0 0 0 0 0 0 0 0 0 0.2 0 0.2 0 0 0 0.2 0 0 0 0 4.8 0 0 0.2 0 0 0 0.2 13.2 0 0 0 0 0 0 0
0 0 0 0.2 0.2 0 0 0 0 0 17.2 0.4 0 0 15.6 0 0 0 0 0 18.8 0 0.2 20.6 0 0 0 0 0 0 0 0.2 0 0 0 0 0 0 5.2 5.4
0 0 10 14.2 0 0 0 0 0 0 0 17.4 0 0 0.2 5.8 4.8 0 2.8 0 0 0 0 0 0 0.2 0 0 0 0 0 0.6 10 0 0 0 0 0 0 0
1.6 0 0 2.4 6.4 0.6 0 0 0 0 0.4 0 0 0 0 10.4 0 0 0 0 0 0 0.2 0 24 0 0.6 0 0 0 0 5.4 0 0 0 0 0 0 0 0
0 0 0 0 0 0 0 10.2 0 0 0 0.6 0.2 0 11.6 0 0 0.8 0 0 0 0 0 1.6 0.2 0.2 0.8 0 0 0.2 0 0 0 0 11.6 0 0 0 0 0
0 0 0 0 0 0 0 0 0 0 3 0 5.6 0 0 0 0.4 0.4 0 1.2 0 0 0 0 0 1.4 0 6.6 0 0 0 0 0 0 3.4 0 0 0 0 0
0 0 0 0.2 0 0 0 0 0 0 0 0 0 0 0 0 0 0 0 0 0 0 21.6 0 0 0 0 0 0 0 0 0.2 0 0 0 0 0 0 0 0
0 0 3 0 0 0 0 0.6 0 0 0 3.8 0 0 0 0 0.2 10 0.2 0 8.2 0.2 0 0 0 0.4 0 4.2 0 0 3 3.2 0 7 0 0 0 0 0 0
1.2 3.2 0 18.2 0 0 2.4 0 0 0 6.6 3 0 0 0 0 3.6 4 7.6 0 0 0 4.8 0 0 1.6 0 0 2 0 0 11.6 0.2 0 6 0 0 0 0 0
2.2 0 0 0.6 4 0.4 0.2 20.2 0 5.8 1.6 0 0 2.6 29.2 6.2 7.8 0 0 0 14 0 0 11.4 0 10.2 0 1 5 0 0 13.2 7.4 1.2 0 0 0.2 0.6 3.2 28.8
0 0 0 0 7.4 0 0 5.6 0.2 0 0 0 0 0 11.6 0 2.8 2 0 19.6 1.6 0 0 0 0 0.2 0 0 0 0 0 0.4 0 0 0 0 0 0.6 0 0
0 0 3.6 0 0 0 0 0 0 0 0 6.6 6.4 0 0 2 4 1.2 0 0 0 0 0 0 8.8 0 0 0 0 0 0 0 0 0.4 0 0 0 0 0 0
0 0.6 0 0 0 0 0 0 0 0 0 0.2 0 0 0 0 0 0 0 0 0 0 0 0 0 0 0 0 0 0.2 6.4 0 5.6 0 0 0 0 0 0 0
0.2 0 0 0 0 0 0 0 5 0 7.8 0 0 0 0 0 0 0 0 0 0 0 0 0 0 0 0 0 0 0 0 0 0 0 0 0 0 0 0 0
7.2 0.4 0.4 0 10.2 2.6 0 7 0 0.2 4 29 0 0 0 0.2 0.2 0 0 3.6 0 0 8.2 0 0 0 0 0 2.4 0 0 12.2 0 10.6 0 0 0 0 10.4 0.2
12.6 0 0.2 0 0 0 0 7 0 0 19.6 0.2 0 0 18.2 0 0 0 0 0 10.2 0 0 36.8 0 0.8 0 0.4 0 0.2 0 0.2 0 0 5.6 0 0 0 1.4 5.6
0 0 0 0.6 0 0 0 3.4 0 0 11.8 0.2 0 0 0 0 0 0 0 0 7 0 0 29.2 0 0 0 0 0 0 0 0 0 0 0 0 0 0 0 8.8
0 0 0 0 0 0 0 0 0 0 0 0.2 0 0 0 15 0 12.6 0 0 0 0 0 0 8.8 0 0 0 0 0 0 0 0.2 0 0.2 3 0 0 0 0
0 0 0 0 0 0 0 0 0 0 0 0 0 0 0 0 0 2 0.2 0 0 0 0 0 0 0 0 0 0 0 0 0 0 0 12.8 0 0 0 0 0
2 0 0 0.2 0 0 0 0.2 0 0 0 6.8 0 0 0 0 0 0 0 0.6 0 0 0 0 0 0 0 0 0 0 0 0 0 0 0 0 0.2 0 0 0
0 2.4 0 9.2 0 0 0 0 0.4 0 0 0 0 0 0 0 0 0 0 0 0 0 0 0 0 0 0 0 0 1 4.8 0 0 0 0.2 0.2 0.8 0 0 0
0 0 0 3.4 0 0 0 11 0 0 0 0 0 0 0 0 0 0 0 0 0 0 0 17.8 0 0 0 0 0 0 0 0.2 0.4 0 0 0 0 0 0.2 3
0 3.6 0 0 0 0 0 0 0 0 0 0 6.8 0 0 0 0 0 0 0 0 6.4 0 0 0 0 0 0 0 0 20.2 0 0 0 0 0 0 0 0 0
0 0 0 0 0 0 0 0.2 0 0 0.6 0 0 0 0 0 0 0 0 0 3 0 0 2.6 0 0.2 0.8 0 0 0 0 13.6 0 0 0 0 0 0 0 0
0 0 0 9.2 0 0 0 0.8 0 0 0 0 0 0 0.2 0 0 2.8 0 0 0 0 5.6 0 0 0 0 0 0 0 0 4.4 4.6 0 0 0 0.4 0 0 0
0 0 3.8 0 0 0 0 0.2 0 5 0 44.6 0 0 0.2 1.4 9 0 5.4 23 0 0 0 0 0 1 0 0 3.8 0 0 0 16.6 7.4 0 0 9.2 15.4 0 0
0 0 0 0 0 0 0 0 0 0 0 0 5.2 0 0 0 0 0 4 0 0 0.2 0 0 0 0 0 0 0 0 10 0 0 0 2.6 0 0 0 0 0
0 0 0 0 0 0.2 0.2 3 0 0 0 0 0 6 0.2 0 2.6 0 0 0.4 0 6.8 0 0 0 0.4 0 0 0 0 0 0.2 0.2 4 6 0 13.8 0 0 0
0 0 0 6.6 0 0 0.2 0 0 0 0 0 0 0 0 0 0 1 0 0 0 2.4 0 0 1.8 0 0 0 0 0 0 0 8 0 0 0 0 0 0 0
0 5 0 0 0 10.8 0 0 0 0 0 0 0 0 0 0 0 0 0 0 0 0 6 0 0 0 0 0 0.2 0 0 0 0 0 5 0 0 0 0 0
0 0 0 24.2 0 9.2 0.2 0 0.2 0 0 0.2 2 0 0 9.8 0 8 0 0 0 0 0 0 0 0 0 0 0 0 0 0 0.2 0 1.8 0 0.2 0 0 0
0 0 0 0 0 0 0 7 0 0 0 0 0 0 10.2 0 0 0 0 0 0 0 0.8 0 0 0.4 0 0 5.4 0 0 1.2 0 0 1 0 11 0 0 0
0 0 0 4.8 0 3.2 0 0 0 0 0 0 0 7.4 0 0 0 0 3.6 0 0 0 0 0 0 0 0 0 0 0 0 0 0 0 0 0 0 0 0 0
0 0 0 0 0 0 0 0 0 0 3.2 0 0 0 0 0 0 0 0 0 13.8 0 17.8 0 0 0 0 0 0 0.8 3 0.2 0 0 0.2 0 0.2 0 0 5.8
5.8 0 0 0 0 0.2 0 0 0 0 0 0 0 22.8 0 4.6 19.4 0 22 0.6 0 0 0 0 2.8 0 0 0 0 0 0 0 6 9.4 0 0 0 5.2 11 0.2
0 0 0 0 0 0 4.2 0 0 0 0 0 5 0 0 0 0 8.6 0 0 0 3.6 0 0 0 0 0 0 0 0.4 0 0 0 0 9.2 0 0 0 0 0
16.8 2 0 6 0 0 9 0 1.2 11.4 0 2 10.2 0 0 8 16.6 0 2.4 24 0 0 0 0 2.6 20.4 14.6 0 6.4 8.2 0.4 3 4 3.6 0 0 22 5.2 0 0
0 0 0 0 0 0 0 0 0 0 0 0 23.6 0 0 0 0 6.4 0 0 0 2.8 0 0 0 0 0 0.4 0 0 0 0 0 0 1.8 0 0 0 0 0
0 0 0 10.4 0 0.2 0 0 0 0 0 0 0 0 0 0 0 0 0 0 0 0 23 0 0 0 0 0 0 0 0 0 12.4 0 0 0 0 0 0 0
0.4 0 7.8 0 0 0 0 3.8 1.8 1 0 0 0 0 0 0 0 0 0 0.2 2.6 0 4.8 12.4 0.4 6.4 0 0 0 3 0 0 0 3.8 0 0 8.2 0 0 0.4
29 7.4 0 7.4 0 36 0.8 0 0 4.2 5.8 0.2 5.6 0 18.8 1.4 0.2 9.2 0.4 11.4 41.4 6.4 0.4 35.6 13.2 0 0 6.8 3 0 12.4 3 33.8 0 5 0 0 0.2 0 0
0 0 5 3.2 0 0 0 0 0 2.8 4.8 13.4 0 0 0 6 5.4 0 0 8.2 0.2 0 0 0 9.4 6 0 0 0 0 9 0 26.2 0 0 19.2 0 0 0.8 5.4
0 4.4 0 1.2 0 0 0 4.4 0 0 0 0 3.4 0 0 0 0 0 0 0 0 0 10.2 5.6 0 0 0 0 0 0 1.2 0.2 0 0 0.4 0 0 0 0 0
0 0 0 7.8 0 12.4 0 0 2.4 0 0 0 0 0 0 12 0 0 0 0 0 0 0 0 0 0 0 0 6.2 0 0 0 0 0 0.2 0 0 0 0 0
0 0 0 8.4 0 0.2 0 0 0 0 0 0 0 0 0 0 0 0 0 0 0 10.8 0 0 0 0 0 0 0 0 0 0 0 0 0 0 0.6 0 0 0
0 0 0 0 0 0 0 0 0 0 0 0 0 0 0 3.6 0.4 0 0 0 0 9.4 0 0 9 0 0 0 0 0 0 0 0.6 0 0 0 0 0 0 0
0 0 0 0 0 0 0 0 0 0 0 5 10 0 0 0 0.6 5.6 0 0 0 11.4 0 0 0 0 0 0 0 0 0 0 0 0 0.4 0 0 0 0 0
0 0 0 0 0 0 0 0 0 0 0 0.8 0 0 0 5.6 0.2 0 0 0 0 1.2 0 0 4.2 0 0 0 0 0 0 0 25 0 0 0 1 0 0 0
0 0 0 0 14 0 0 0 0 9.2 0 0 0 0 0 0 0 0 12.4 0.4 5 0 0 0 0 0.2 0 0 1.6 0 0 0.2 0 0 0 0 0 0 0 0
0 0.6 0 6.8 0 0.2 0 7.6 0 9.2 11.8 0 0 7.6 0 0 0 4 0 0 6 0 9.2 0 0 0.4 0 0 0 0 0 3.4 2.8 0 0 0 1 0 0 12.4
0 0 0 3.6 0.8 0 0 0 0 0 0 0 0 0 0 1.2 0 5.4 0 0 0 0 0 0 0 0 0 0 0 0 0 0 1 0 0 0 0 0 0 0
0 0 0 2.2 1.8 7.8 0 0 0 0 0 0 0 13.8 0 0 0 0 0 0 0.2 5.4 0 0 0 0 0 0 0.2 0 0 14.2 0 0 0 0 0.2 0 0 0.2
0 0 0 0 0 0 0 0 0 0 0 0 0 0 0 0 0 0 0 0 0 0 0 0 0 0 0 0 8.2 0 0 0 0 0 0 0 0 6.8 0 0
0.4 0 0 9.8 0 0 0 0 0 0 0 0.2 0 0 0 6.2 0 0 0 0 0 6.6 0 24.6 0 0 0 0 0 0 0 0 0 0 0 0 11.2 0 0 0
3 0 6.6 0 0.2 0 0 0 0 40.8 0 0 0 0 1.4 0.6 8 4 20 10.8 19.8 0 0 5.4 0 0.2 5.6 0 9.4 0 0 22 17.2 0 0.2 0 0 2.6 2.2 0
0 5 0 0 0 0 0 0.2 0 0 0 0 0 0.4 2.8 0 0 0 0 0 0 0 6.8 5 0 0 9.2 0 0 0 0 0.8 0 0 0 0 0.8 0 0 0
12 0 0 0 0 5.6 0 0.2 0 0 10.6 1.8 6.6 1.2 0 0 0 0 0.4 0.2 1 0.2 0 0 0 13.6 0 0 0 0 0.8 15 0.2 0 10.2 11 0.4 0 0 0
0 0 0 0 0 0 9 0 0 0 0 0 0 0 0 1.2 0 0 0 0 0 0 0 0 5.8 0 0 1 0 0 0 0 0 0 0 5 0 0 0 0
0 0 0 0 0 0 0 0.2 0 0 10.4 0 0 6.2 15 0 0 0 0 19 6 0 0 0 0 0.2 0 0 0 0 0 0 0 0 0 0 0 0 0 0
0 0 0 0 0 0 0 0 0 0 0 0 9.4 0 0 0 0 4.8 0 0 0 0 0 0 0 0 0 1.6 0 0 31.2 0 0 0 0 0 0 0 0 0
0 0 0 0.4 0 8.8 0 0.2 0 0 0 0 0 0 0 0 0 2 0 0 0 0 0 0 7 0.2 0 0 0 0 0 8.8 1.2 0.4 0 0 0 0 0 0
0 0 0 0 0.8 0 0.2 0 0 0 0 0.8 0 2.6 0 0 0 0 0 0 17.2 0 0 0 0 0 0 0 0 0 0 0 0 0 0 4 0 0.4 0 0
0 0 0 21.6 0 4.6 0 0 0 0 0 0 0 0 0 0 0 0 0 0 0 0 0 0 0 0 0 0 0 0 0.2 0 2 0 0.2 0.4 0 0 0 0
0.8 0 0 0.6 0 0 0 16.8 0.6 4.2 2.4 0 1.6 0 0 0 0 0 0 6.2 11.2 5.4 23.2 1.4 0 0 0 0 0 0 0.6 0.4 0 0 9.2 0 17.2 0 0 0.2
0 0 0 0 0 0 0 0 0 0 0 0 15 0 0 0 0 0 0 0 0 4 0 0 0 0 0 2.6 0 0 9 0 0 0 0.4 0 0 0 0 0
0 3 0 0 0 0 0 1 2 0 10 0 0 1 14.8 0 0 1 0 0 0 1 0 0 0 0 0 0 24.2 3.6 0 0 0 0 1 4.4 0 18 0 0
0 3 2.4 6.8 0 0 3 1 0 12.8 0 0 0 0.2 20.6 0 15.4 0 8.4 11 0 0 0 0 0.2 6.2 0 0 0 3.4 1.6 32.2 0 0 0 2.2 13.4 0 0.2 0
0 0 0 3.8 30.2 1.2 0 0 0 0 0 0 0 0.4 0 0 4.2 0 19.2 0 0 0 0 0.2 0 0 0 0 0 0 0 0.8 0.2 0 5 0 0 0.8 0 0
0 0 0 2.2 0 0.6 0 0 0 29.4 0 17 0 0 0 0 0 0 3 23.8 0 0 0 0 0 0 2.2 0 14 0 0 0 1.6 18.6 0 0 0 9.6 0 0
0 0 16.8 0 0.2 6.6 0 0 8.6 25.2 0 0.6 3.8 0.4 0 8.2 0 0 29.8 5.2 0.2 0 0.2 0 0 0 0 0 6.2 1 0 0 0.2 6.4 0 0 0 0 2.4 0
8.8 0 9.4 14.4 30.6 22.2 0 0.4 0 8.6 0 1.2 0 18.4 2 0 12.2 0 17.8 0 13 0 0.2 0.2 0.2 0 6 1.8 4.4 0.6 0 17.2 0 9 0 0 5.4 0 0 0
0 0 0 0 0 0 0 0 0 0 0 0 0 0 0 0 0 2.2 0 0 0 2.4 0 0 0 4.8 0 0 0 0 0 0 0 0 0 0 10.2 8.4 0 0
0 0 0 0.2 0 18.8 0.2 0 0.4 0 0 0 0.2 0 0 16.8 0 0 0.2 0 0 8.4 0 0 23.8 0 0 0 0 0 20.2 0 25.8 0 0 0 0 0 0 0
0 12 0.2 5.6 1 0 0.2 0 0 0 3 0 0.6 0.2 5.8 0 14 0 0 0.4 12.6 0 0 17.8 0 0 0 0 2.6 0 0 0 1.6 0 0 0 0.4 0 0 0
0 0 0 0 0 0 0 0 0 0 0 0 6 0 0 0 0 1.8 0 0 0 0.2 0 0 0 0 0 0.2 0 0 0.6 0 0 0 6.2 0 0 0 0 0
7 0 0.2 1 8 0 0 3.4 8.2 0 0 0 3.6 14 0 0 11.8 0 17.6 0.6 4.2 5 0 23.8 0 2.2 0 0 0 0 0 0 5 0 0 0 12.6 0 10.8 0
0 0 0 0 0 0 0 0 0 0 0 0 3.6 0 0 0 0 0 0 0 0 5 0 0 0 0 0 0 0 0 0 0 0 0 0 0.4 0 0 0 0
11 0 0.2 0 0 0 0 7.8 0 0 0 0 0 0 0 0 0.6 15.8 0 0 0.2 0.2 18.6 0 0 8.6 0 1.2 4 0 0 1.4 0 0 8.6 0 22.8 0 0 0
0 0 0.4 0 6.4 0 0 0 1 0.8 0 0.4 0.6 0 0 8.2 13.4 0.6 0.2 0 0 0 0 0 3.4 0 0 0 0 0 0 0 17.4 0 0.6 1.2 0.2 0 0.2 0
0 0 0 0 0 0 0 0 0 0 0 0 2.4 0 0 0 0 15.8 0 0 0 0 0 0 0 0 0 0 0 0 4.6 0 0.2 0 0 0 0 0 0 0
0 0 5 0 0 3.8 0.2 15.4 0 0.2 1 0.2 0.4 11.2 3 3.8 32 0 0.2 2 0 0 0 5.4 0 0 0.2 0 3.8 0 0 16.2 0.6 0 0 0 0 0 12.2 0.2
0 0 0 0.2 14 0 0.6 0 7.2 8.6 0 14.2 0 0 0 0.2 0 0.2 0 0 0 1 2.4 5.6 0.4 0 0 0 3.6 0 0.2 0.4 0.2 0 0 0 0 0 0 0
0 5.4 0 0 0 0 0 0 0 0.4 0 0 3.6 0 0 14 0 0 0 0 0 11.6 14.8 0 8.4 0 2.6 0 0 0.6 0 0 33.4 0 0.2 0.8 0.2 0 0 0
0 0 0 0 0 8 0 0 0 0 0 0 7.4 0 0 3 0 0 0 0 0 4.6 0 0 0 0 0 0 0 0 0.2 0 0 0 11.8 0 0 0 0 0
0 0 0 0 0 0 0 0 0 0 0 0 0 0 0 9.2 0 0 0 0 0 0 0 0 6.4 0 0 0 0 0 5 0 0 0 0 0 7.4 0 0 0
0 0 0 18.8 0 3 1 0 0 0 0 0 0 0 0 0 0.2 0 0 0 0 5.4 0 0 0.4 0 0 0 0 0 0 0 4.2 0 0 5 0 0 0 0
0 0 3.8 0.2 20.2 0 0 3.4 0 0 0 0 0 0 0 0 0 0 1 0 0 0 0 0.4 0 6.8 6.4 0 0 0 0 5.2 0 0 0 0 0.6 4.8 0 0.2
1.8 0 2.2 0 0 0 0 2 0 0 5.2 0 0 0 3.6 0 1.6 0.2 0 5 11 1.8 25.2 8.8 0 4 0 0 0 0 0 0.8 0 0 0 5 6.8 0 0 0
19.4 0 0 0 16.2 4.4 3 0 0 0 0 0 0 0 0 0 0 0 10 0 15.6 4 0 0 0 0 0 0 0 0 2 0 0.4 0 0 0 0 0 0 0
7 0 0 0 0 0 0 4.4 0 1.6 0 0 9.4 0 18.2 0 0 0 0 0 0 0 0 0 0 0 0 3.6 0 0.2 0 1 0 0 0 0.2 0 0 0 0.4
0 0 22 0 0.2 0.4 0 0 6.6 9.4 0 8 0 9 6.4 46.4 25.8 0 15.2 41.2 0 0.8 0 0 10.2 8 19 0 8.2 6.4 0 0 0 20.4 0 0 0 6.4 0 0
14 0 3.6 0.2 0.2 0 0 25.2 0 0 0 0.2 0 0 0 3 36.4 0 7.4 0 13.8 0 0 10.2 0 4.4 8.8 0 11 0.2 0 43 0 20 0 0 0 0.2 0 0.2
0 0 0 0 0 0 0 0 0 0 0 0 0 0 0 0 0 8 0 0 0 0 0.6 0 0 0 0 0 0 0 0 0 15.4 0 0 0 0 0 0 0
42.6 1.8 0 0.2 9.4 0 0 21.6 0 0 0 0 2 9.6 11.8 0 0 0 0 0 0.6 0 0 9 0 0 0 0 2.8 0 0.4 0 0 0 0 0 0 11.2 1.6 6.4
0 0 0 0 0 0 1.4 0 0 0 0 0 13.4 0 0 0 0 15.8 0 0 0 1.4 0 0 0 0 0 5 0 0 13 0 0 0 0 0 0 0 0 0
0 0 0 7.8 6.8 4 0 0 0 0 0 6.8 0 0 1.8 0.2 12.6 0 0.4 5.4 0 1.6 0 0.2 0 0 0 0 0 3 0 9.4 0 0 0 0 0 0 0 0
0 5.2 9.4 0 0.2 6 0 18.8 3.4 16.6 0 0 2 34.6 0 14 0.8 0 10.4 0 0.2 0 0.2 6.8 0 15.6 13.6 0 3 6 0 0 16 0 0 0.2 8.8 8.6 0.2 1.4
0 0 0 13.2 0 0 0 0 0 0 0 0 0 0 0 0 0 2.8 0 0 0 0 0 0 2.8 0 0 0 0 0 0 0 1.2 0 0 0 0 0 0 0
0 0 0 0 23.6 8.6 2 37.6 4 21 0.6 0.2 12.2 21.6 32.2 0 0 3.8 8.6 3.8 0.2 0 0 23.8 0 0 2.6 0 15 0 1.6 0 0 0 0 0 0 8 5.8 0.2
0 3.8 0 0 1.2 0 0 0 0 0 0 0 0 0 0 0 0 0 0 0 0 7.6 8.6 0 0 0 0 1 0 0 14.4 0 0 0 0.4 0 0 0 0 0
0 0 0 0 0 0 0 0 0 0 0 0 0 0 0.2 0 0 10 0 0 0 0 3.8 0 0 0 0 0 0 0 0 0 0 0 0 0 0 0 0 0
15.8 0 11.4 0 19.8 2.8 0 0.2 5.6 0 0 0 0 5.4 0 4.2 10.6 0 6 14 2 6.6 0 8.4 0.2 0 4.6 0 4 0 0 45 29 0 0 0 2.2 5 1 0.2
0 0.6 0 11.4 0 0 8.2 0 0 16.8 0 4 4.8 0 0 0.2 0 0 10.6 0.2 0 0 5.6 0 1.8 12.2 6 0 0 0 0 0 16.6 0 0 10.6 0 0 0.4 0
0 26.8 34.2 10 0 15.2 10.2 15.6 11 0.2 16.8 21.2 7.2 0.2 11.6 0.2 4.8 0 0 12.4 29.8 11.6 17 6 8.6 23.8 0 18.8 0 15.8 2.8 0 17 7.8 8.8 15.2 0 17.4 20.6 26.4
0 0 0 0 0 0 0 0 0 0 0 0.2 0 0 0 0 0 0 0 0 0 0 0 0 0 0 0 0 0 0 5.8 0 0 0 0 0 0 0 0 0
0.2 0 0 10.8 0.8 0 0 0 0 0 0 0 0.4 0 0 0 0 3.2 0 0 0 0 5.2 0 0.2 0 0 0 0 0 6.2 0 0 0 2 0 0 0 0 0
0.6 0 0 5.4 1.8 3.2 0 0.4 0 0 0.2 1.2 0 0.6 0 0 0 0 4.8 0 16.2 0 0 0 0 0 0 0 1.4 0.4 0 9 0 0 0 0.2 0 0 8.6 0
0.4 0 0.4 0.2 0 0 0 9.6 0 1.2 17.6 21.4 0 0 58.6 0 0 0 0 11.2 0 0 0 32.2 0 1.8 0 0.4 0.8 0 0 11.8 6.8 0 0 0 0 0.6 25.4 22.6
0.4 0.8 4.6 1.2 20 0 0.2 12.6 1.4 8.8 0 0 7.6 28.6 0.2 0 0.2 0.6 6.8 17.8 6.6 0 0 0 0 0 28.2 0 5.4 0 6 0 0 0 0 0 0.4 1.2 0 0.4
1 8.4 0 7.8 20.6 0.4 0 0.2 0 0 0 13.8 0 6.4 14.4 0 12.8 0.2 0 0 0 0 0 0 0 0.6 10.8 0 0.4 0 0 2.8 3.2 0 0 0 0.2 5 0 0
0 0 0.2 0.4 0 9.8 0 0 0.6 0 0 0 0 0 0 0 0 0 0 0 0 0 0 0 0 0 0 0 0.4 0 0 0 0 0 6.2 4.8 0.2 0 0.4 0
9 0.4 0 2.4 0 22.6 0 0 1.6 0 0 11.2 0.2 0 0 8.4 0 14.2 0 0 11.6 12.2 0 0 0 0 0 0 0 0.2 4.2 19 31.2 0 6.6 0 0 0 0 0
0 0 0 2 0.6 3 0 8.6 0 0 4.4 18.6 0.6 15 0 0 33.8 0 0 0 17.8 0 0 17.2 4 0 0 0 0 0 0 0 0 0 0 0 17 0 9.4 0
2.8 3.6 0 3 14.4 0 3.4 0 0 0 0 4 3 0 0 0 0.2 0 0.8 8.2 0 0 0 0 11.2 0 0 0 2.2 0 0.4 0 30.8 0 0 0 0 0 0 0
1.6 3.2 2.8 0 0 10.4 0 31.8 0 0 19.8 5.2 0 0.4 0 4.2 7.4 0.2 0 7.6 11.2 0 9.8 12 3.4 0 0 0 2 0 0 0 0 0.4 4.2 0 3.6 1 35.6 4.2
1.8 0 0 0 0 0 0.4 0.2 0.2 0 0 0.6 0 0 9.4 0 0 0 0 2.4 0 0 17.2 7.6 0 0 0 0 0 0 4.4 0 0 0 2 4.4 0.6 0 0 0.8
0 0 0 0 0 5.6 0 0 0 3 0 0 0 0 0 0 0 3 0 0.6 0 0 0.6 0 1.8 0 0 9 0.2 3.8 10 0 0 0 0 0 0 0 0.4 0
0 0.6 0 9 0 11 0 26.8 0 0 0 0 0 0 0 0.4 0.2 0.2 0 0 0 0 0.2 32.8 0 0 0 0 0 0 3.2 31.4 4.2 0 0 0 0 0 0 0
0 0 0 0 11.8 0 0 12.2 0 0 8 0 0 2.8 9.8 0 0 0 0 0 0 4 0 0 0 0 0.2 0 0 0 0 10.2 0 0 0 0 0 0 0 0
0 0 0 0 39.8 0 0 0 0 0 0 0.2 0 0 0 5.4 11.8 0.2 18.2 0 0 0 0 9.2 0 5.2 0.8 0 12 0 0 0 7 0 0 0 14.2 14 1 0
0 0 0 3.6 0.2 0 0 0 0 0 0 0 0.2 0 0 0 0 0 0 0 0 0 0 0 9 0 0 0 0 0 0 0 0 0 0 0 0 0 0 0
0 0 0 0 0 0 0 0 0 0 0 3.8 14.8 0 0 0 0 0.4 0.6 0 0 9.2 0 0 0 0 0 5 0 0 9.4 0.4 0 0 3.4 0 0 0 0 0
0 0 0 5.2 0 1 0 0 0 0 0 0 3.8 0 0 3.8 0 0 0 0 0 0 0 0 0 0 0 0 0 0 0 0 1.8 0 0.2 0 0.2 0 0 0
0 0 0 0 0 0.2 0 0 0.2 0 0 2.8 0 0 2.8 0 0 0 0 0 0 0 8 0 5 0 0 0 0 0 11.2 0 0 0 0 1.8 0 0 0 0
0 0 0 12.8 0 0.2 0 0 0 0 0 0 13.2 0.4 8.6 0.2 0 0 0 0 0 2.4 0 0.8 0 0 0 2.2 0.8 4.8 11.6 0 0 0 0 0 0 0 0 0
0 1 0 0.2 0.4 26.8 0.2 0 0 0 0 0 13.4 0 0 0 0 0 0 0 0 10.2 0 0 0.4 0 9.4 0 0 0 0 0 0 0 0 0 0 0 0 0
0 2 0 23.6 0 0 0 0 0 0 0 0.2 0 0 0 0 0 0 0 0 0 5 7.2 0 0 0 0 0 0 0 0 0 0 0 0 0 0 0 0 0
1.4 0 0 0 0 0 0 0.8 0 7.4 0 5.8 0 0 0 0 1 0 0 0.4 0 0 0 0 0 0.2 14.4 0 0 0 0 0 0.2 14.2 0.4 0 25.8 0 0 0
0 0 0 7.4 0 20.4 0 0 0 1 4 6 0 0 0 0 0 0 0.2 0 0.2 0 8.8 0 0 0 0 0 0 0 0 0 0 0 0 0 0 0 0 0
0 0 0 0 0 0 5.8 0 0 0 0 0 13.2 0 0 0 0 0 0 0 0 0 0 0 0 0 0 0 0 0 0 0 0 0 0 0 0 0 0 0
36.4 0 21.6 0 0.2 8.6 0 0.2 0 32 0 0.6 0.8 14.6 0 19 41.4 0 27.4 9.6 0.2 8.8 0 0 0 7.2 9 0 4 8.4 6.6 12.2 0.4 12.6 0.2 0 0.4 0 25.6 0
0 0 0 3.4 0 0 8.8 0 0.2 0 10.2 0.2 13 0 0 0 0 2 0 0 0 12.2 0.8 0.8 0 0 0 0 0 3.8 11.2 0 0 0 0.4 0 0 0 0 0
0 0.2 0 0 0 5 0 0 2 0.2 0 0.2 0 0 0 1 0 0 0.4 0.6 0 0 0 0 3 13 15.2 0 0 2.8 0 1.2 2 1.2 0 0 2.8 3 0 0.2
0 0 0 0 0 0 0 0 0 0 0 0 4.8 0 0 0 0 2.4 0 0 0 0 0 0 0 0 0 0 0 0 0 0 0 0 6.8 0 0 0 0 0
0 0 0 0 0 0 0 0 6 0 0 11 0 0.2 0 0 0 0 3 0.2 0 0 0 25.2 0 0 0.6 0 0 0 0 25.2 0 0 5.6 0 0 0 0 0
0 0.2 0 0 0 0 0 0 0 0 0 0 0.4 0 0 0 0 2.2 0 0 0 6.6 0.4 0 0 0 0 0 0 0 5.4 0 0 0 6.8 0 0 0 0 0
0 0 0 0 0 0 0 0 0 0 0 0 11.4 0 0 0 0 9.4 0 0 0 0.6 0 0 0 0 0 0 0 0 1.8 0 0 0 1.8 0 0 0 0 0
0 0 0 18.2 0 0 0 0 0 0 0 0 5 0.2 0 3.6 0 0 0 0 0 0 0 0 0 0 0 0 0 0 0 0 0 0 0 0 0 0 0 0
0 0 11.6 10.6 0 0 0 0 5.2 0.4 1.8 0 0 0.4 0 10 7.2 0 0.2 0 0.2 0 0 0 0 7.6 2.2 0 0 3.4 0 0 0 0.2 0 0 0.8 3.6 16 1.6
0 0 5 0 0 0 0 6.8 0 0 0 1.8 0 2.2 0.2 0 13.8 0 0 0 0.2 10.8 0 0 0 0 0 0 0 0 0 0.2 0 0 0 0 0 0 17.6 6.4
0 0 0 10.6 0 0 0 0 0 0 0 0 0 0 0 12.4 1.4 0 0 0 0 0 0 0 7 0.4 0 0 0 0 0 0 0 0 0 0 0.2 0 0 0
0 0 0 4.6 9.6 0 0 22.2 0 0 7.6 0.4 0 0 0 0 13.6 0 0 0.8 0 0 0.4 24 0 0 6.2 0 0 0 0 0 1.8 0 0 0 0 13.2 9.6 0
0 0 4.8 0.4 0 0 0 56.8 0 0.4 6.8 0 0 10.8 0 0 8 0 0 0 0 0 0 16 3.4 0 0 0 0.4 0 0 28.8 0.4 0 0 0 0.2 0.2 0 21.6
0 0 0 0 0 0 0 0 0 0 0 0 19.2 0 0 0.2 0 8.4 0.2 0 0 0 0 0 0 0 0 0 0 0 7.8 0 0 0 6.2 0 0 0 0 0
0 0 0 0 0 0 0 0 0 0 0 0 0 0 0 0 0 0 0 0 0 0.2 6.6 4.6 0 0 0 0 0 0 3.4 0 0 0 5.2 0 0 0 0 0
0 0 0 0 0 0 0 0 0 0 0 0 0 0 0 15.8 0 28.8 0 0 0 6.2 0 0 22.4 0 0 1.4 0 0 0.2 0 24 2 9.8 0.2 0 0 0.2 0
0 0 0 0 28 0 0 16.4 0 0 20.8 0.8 0 2.4 21.2 0 0 0 0 0.6 0.2 1 0 0 0 1.8 0 0 0 0 0 0 0 0 0 0 1.6 0 0.2 5.8
9 4.8 0.2 0 0 7.8 0 0 0 0.8 0 0 11.4 0 0 15.6 5.2 3.2 0 0 0 2.4 7.4 0 3.2 0 0 4 0 0 0.2 0 19.4 0 7.4 6 0 0 0 0
0 0 0 0 0 0 0 0 0 0 0 0 0 0 0 0 5.8 0 0 0 0 0 0 0 0 0 0 0 0 0 0 11.2 0 0 0 0 0 0 0 0
0 0 0 11.4 0 0 0 0 0 0 0 0 14.8 0 0 0 0 0.2 0 0 0 1.8 16.4 0 0 0 0 0 0 0 5.4 0 0 0 0 0 0 0 0 0
0 0 0 0 0 0 0 0 0 0 0 0 10.8 4 0 0 1 0 0 0 0 0 0 0 0 0 0 0 0 0 0 0 0 0.2 0 0 0 0 0 0
0 0 0 24.8 0 0 0 0 0 0 0 0 0 0 0 6.2 0 4.6 0 0 0 0 0 0.2 0 0 0 0 0 0 0 0.4 4.8 0 0 0 0 0 0 0
0.2 0 0 4.4 0 0 0 0.2 0 7 9.6 0 0 0 13.2 0.2 0.2 0 0 0 9.6 4.2 0 21.6 0 0 1.6 0 0 0 0 4.4 0 0 3.8 0 0 0 3 20.8
0 0 0.4 5.2 23 0 0 0.2 3.6 3 0 0.4 0 11 0.8 5.6 0 0 10 14 0 0 0 0 0 0 0 0 0 4 0 1.2 7.4 0.2 0 0 11 0 0 0
0 0 0 0.2 0 0 0 0 0 0 0 0 0 0 0 11.8 0 0.2 0 0 0 0 0 0 0.2 0 0 0 0 0 0 0 8.6 0 0 0 0 0 0 0
14 4.6 3.8 0 0 6.8 0 4.8 1.6 0 26.6 0 0.2 0 41 4.2 0.2 0.2 0 0 29.2 0 26 2.8 17.8 6 0 5.8 0 3 8.6 0 0 0 0 16.2 2.8 0 0.2 6.6
0 8.8 0 21.6 0 0 0 0 1.2 0 0 0 4.8 0 0 11.2 0 0 3.2 0 0 2.6 0 0 13 0 0 2.4 0 8.4 0 0 16.8 0 0 0 0 1 0 0
9.6 0.2 3.6 5.8 35 4 0 0 0.4 0 0 7.2 0 1.8 0 0.4 12.6 0 27 0 0 0.4 0 0 1.4 2.6 0 0 24.4 0 0 0.6 0 0 0 0 0 0.2 10.8 0
4.4 0 0 0 0 0 0 0 0 3.8 0 6.4 12 0.2 0.2 0 0 0.2 0.2 0 0 0 0 8.4 0 0 0 0 0 0 0.4 45 0 4.4 11.4 5.6 0.4 0 0 0
0 0.4 8.8 0 0 0 0 0 7.6 29.4 14.6 0 0 3.4 0 0 0.8 0 0 52.6 11.4 0 0 0.4 7 19 10.6 0 0 0.2 15.6 0 0 5 0 0 22 10.4 4.8 0
0.2 0 8.8 0 0 0 0 0 0.4 14.2 0 15.4 0 2.2 0 3.6 1 0 0 21 0 0 0 4 0 17.8 6.4 0 0 0.2 0 0 0 17.4 0 0 10.6 0 7.8 0
0 0 0 0.6 0 0 0 0 0 0 0 0 0 0 0 0 0 0 0 0 0 0 0 0 0 0 0 0 0 0 8.4 0 0 0 0 0 0 0 0 0
0 0 0 9.2 0 0 0 0 0 0 0 0 0 0 0 8.8 0 8.4 0 0 0 0.4 0 0 2 0 0 0 0 0 0 0 16.2 0 0 0 0 0 0 0
16.6 6.4 5.4 0 0.2 0 0 0.2 8.8 0 0 26.8 0 19.2 0.4 9.4 2.8 0 31.4 13 0 0.2 0 0.2 0 6.4 0 0 0.2 0 0 11.2 12.8 2.6 0 0 0.6 0 1.8 0.4
0.6 6 0 4.8 0.2 10.8 0 46.8 0.2 17.2 12.6 0 0.2 18.4 52.8 0 22.2 6.2 0 16.6 0 0 0 23 6.4 26 5.8 0 0 0 0 0 0.2 7 0 0 25.4 0 1 6.6
0 0 0 24.8 0.2 0.6 0 0 0 0 0 0 8.2 0 0 0 0 0 0 0 0 0 5.6 0 0 0 0 5 0 0 11.8 0 33.8 0 0 0 0 0 0 0
0 0 0 2.6 0 0 0 0 0 0 0 0 0 0.2 0 8 0 0 0 0 0 0 0 0 0 0 0 0 0 0 0 0 7.2 0 0 0 0 0 0 0
0 0 0 0 0 0 0 6.8 0 0 0 8 0.2 0 0.2 1 11.4 1 0 6 4.2 0 0 9.8 0 0 0 0 0 0 0 0 0.8 1.6 0 0 13 6 0 0
0 0 0 0 0 0 0 0 0 0 0 0 7.8 0 0 0 0 0 0 0 0 0 0 0 0 0 0 13.8 0 0 4.2 0 0 0 8.2 0 0 0 0 0
0 0 0.6 10.4 3.2 0 0 0.4 7.2 0 0 0 24.8 19 0 0 13.8 12.2 0 11.6 8.6 11.6 0 0.2 0 0 0 7.6 0 3.6 0 4.2 9.4 0 28 0 10.8 0 0 6.8
0 0 0 9.2 0.4 0 0 0 0 0 0 0 0 0 0 15.6 0 0 0 0.2 0 15.2 0 0 10.8 0 0 0 0 0 1.2 0 13.4 0 0 0 0 0 0 0
0 0 0 8.4 0 3.2 0 0 0 0 0 0 0 8 0 0 0 0 0 0 0 5.4 0 4 0 0 7.8 0 0 0 0 0 0 0 0 0 0 0 0.2 0
0 0 0 0 0 0 0 0 0 0 0 0 28.8 0 0 0 0 15.4 0 0 0 0.4 0.2 0 0 0 0 3.8 0 0 1.8 0 0 0 6.6 0 0 0 0 0
0 0 0 0 0 1 0 0 0 0 0 0 0 0 0 0 0 27 0 0 0 0 1.8 0 0 0 0 0 0 0 0 0 4.2 0 0 0 0 0 0 0
0 0 0 1.8 0 0 0 0 0 0 0 0 0 0 0 0 0 4.2 0 0 0 0 0 0 3 0 0 0 0 0 0 0 18 0 0 0 0 0 0 0
2.2 0 4.2 0.2 0.2 0.2 0.2 5 0 30.2 0 0 0.4 35.6 0 13.2 18.4 0 24.4 5.6 0.6 11.8 0 0 0 16 13.6 0 5.6 0 0 32.8 9.2 25 0 0 7.4 0 10 0
0 0 0 0 0 0 0 0 0 0 0 2 0.8 0 0 0 0 6 0 0 0 3.8 0 0 0 0 0 0 0 0 0 0 2.2 0 3.2 4 0 0 0 0
0 0 0 0 0 0 2 0 0 0 0 0 4 0 0 0 0 0 0 0 0 0 0 0 0 0 0 0 0 0 0 0 0 0 0 0 0 0 0 0
0 0.2 0 0 0 0 0 0 0 0 0 0 0.2 0 0 2.2 0 0 0 0 0 0 0 0 0 0 0 0 0 0 0 0 22.4 0 7 0 0 0 0 0
0 0 0 0 0.2 0 0 8.4 0 0 0 0.2 0 0 22.8 2 4 0 0 9 0 0 0 8.4 1.6 0.4 0 1 0 0 0 11 6.4 0 0 6.8 0 0 1.8 0
0 0 0 0 0 0 0 0 0 0 0 0 15.2 0 0 0 0 8 0 0 0 0 0 0 0 0 0 0 0 0 0 0 0 0 0.6 1.2 0 0 0 0
0 8.4 0 11.6 0 16.4 0 0 0 0 0 0 0 0 0 3 0 0 0 0 0 0 0.4 0 13.2 0 0 3 0 2.6 0 0 24.2 0 0 10.2 0 0 0 0
0 0.6 0 0 0.2 0.4 0 0 3 0.4 0 18.4 0.2 2.8 7.6 0 9.6 0 0 14.4 0.2 0 0.4 0 6.6 0 0 0 0 0 0 0.2 8.2 0 0.4 0 0 0 0.2 4.2
0 0 0 14.8 0 0 0 0 0 0 0 0 11.8 0 0 5 0 0 0 0 0 0.2 0 0.2 16.6 0 0 0 0.2 0 0.2 0 0 0 0 0 0 0 0 0
0 0 0 0 0 0.6 0 0 0 0 0 0.2 0 0 0 0 0 3.8 0.2 0 0 0.2 0 0 0 0 0 0 0 0 0 0 0 0 3 0 0 0 0 0
8 0.8 0 0 0 0 0 0 0 0.8 0 16.6 0 0 0 0 0 0 0 0 0 0 12.4 0.2 0 0 0 0 0 0 0 0 0 0 0 0 0 0 0 0.2
0.2 0 0 22.4 0 16.4 10.6 18.6 0.4 4.8 0 0 0 23.6 0 0 17.6 0.4 0 0 0.2 0 0.4 0 0 0 4.8 0 3 0 2.2 19.8 0 0 0 0 0.4 0 0.2 0
0 0 0 0 0 0 0 0 0 0 0 12 0 0 0 0 0 5.6 0 0 0 0.2 0 0 0 0 0 0 0 0 0 1.2 0 0 0 0 0 0 0 0
0 0.2 0 0.2 0 0 0 0 0 0 0 0 0 0 0 0 0 13.2 0 0 0 0 0 0 0 0 0 0 0 0 0 0 0 0 4.4 0 0 0 0 0
1 0 4.8 0 0 5.4 0 0 0 0 0 12.2 0 0 15 0 0 5.6 0 0 0.2 0 0.2 6.4 3.6 13.6 0 0 0 0 0 9.4 0 5.2 0 0 18 0.2 6.8 0.4
0 0 0 0 0 4.8 0 0 0 0 0 0 0 0 0 0 0 0.4 1 0 0 0 13.6 0 0 0 0 0 0 0 0 0 10.2 0 0 0 0 0 0 0
0 0 0 13 0 0 0 0 0 0 0 0 0 0.4 0 0 0 0.6 0 0 0 11.2 0.2 0 0 0 2.8 0 0 0 0 0 0 0 8.2 0.6 0 0 0 0
0 0 0 0 0 0 0 0 0 0 0 0 0 0 0 0 0.6 0 0 0 0 0 0 0 0 0 0 0 0 0 0 7 0 0 0 0 0 0 0.4 3
0 3.6 0 2 0 0 6.8 0 0 0 5 0 0 0 0 0 0 0 0 0 0 0 10.8 4.2 0.2 0 8.2 0 0 0 0 0 0 0 0 1 0 0.2 0 0
0.2 0 0.2 0.2 20.6 0 0 0 0 0 1.2 0 0 9.8 9.2 1 10.4 0 10.2 3.4 0 0 0.2 0 0 0 17.4 0 0 0 0 0 0 0 0 0 0 0 0 0
31.6 0 12.6 12.4 0.8 10.8 0 11 6.6 3.8 19.4 2.2 0 0 27.6 0 0 0 1 0 25.2 0 15.4 51.8 0 23.6 14 4.8 1.8 0 1.2 31.8 1.6 0.2 6.2 0 19.8 1 0 23.8
0 4.2 0.2 0.4 0.6 0 0 0 0 6.8 0.2 4 4 0.6 5.2 1.4 20.4 0.8 0 0.8 8.4 2.4 0 19 0 4.8 12.8 0 0 0 0.2 32 0 0 0 8 0 0 0 3.8
34.6 0 12.6 0.8 15.6 0.6 0 32 6.4 23.4 0 0.2 4 28.2 21 4.8 34.8 0 30 44.8 0 16.2 0 0 0.6 4.6 8.4 0 1.2 0 0 0 16.8 22.8 0.2 0 0 4.4 0 0
0 0 0 0 0 0 0 0 0 0 0 0 5.8 0 0 0 0 9.6 0 0 0 0 0 0 0 0 0 0 0 0 0 0 0 0 2.6 0 0 0 0 0
0 0 6.6 0 10.4 0 6.6 0 13.2 10.2 0 0 0 11 25.6 11.4 0.6 0 0 0 0 5.2 0 0 0 9 15.8 0 0.4 1.6 0.2 0 0 0.2 0 0 29.6 0 0 7.4
0 0.4 0 0 0 0 2.6 0 0 0 0 0 26.2 0 0 0 0 17.8 0 0 3.8 7.2 0 0 0 0 0 27 0 0 10.8 0.2 0 0 0 0 0 0 0 0
1 0 0 0 0 0 0 0.2 0 0 0 15.8 4.4 0.2 9 0 0 0.2 0 0 0 1.4 0 0 0 0 0 0 0 0 21.6 12 0 0 0 0 0.2 0 0 0
0 0 0 0 0 11.2 0.4 0 0 0 0 0 0 0 0 0 0 3.2 0 0 0 0.2 0.6 0 3 0 0 0 0 0 3 0 0 0 1.8 0 0 0 6.6 0
0 0 0 0 0 0 0 0 0 0 0 0 14.6 0 0 0 0 0.6 0 0 0 21.2 0 0 0 0 0 0 0 0 0.6 0 0 0 4.6 0 0.4 0 0 0
0.6 0 0 6 0 3.8 0 0 0 35.8 0 0 0 5.2 0 0 0.2 3.6 4 30.8 5.4 1.4 12.8 0 0 0.2 0 0 0 1 0 0.2 0 4.2 0 4.2 0 2 0 1.6
6.8 0 0 5.2 0 0 0 0 7.4 13.4 3 5.8 0 31.8 0 17.8 29 0.2 25.4 0 0 0 0 0 3 0 2.8 0 8 0 0 0 0 7.4 0 0 0 0 0 0
20.4 6.8 0 0 1 46.2 0.2 14.2 0 0 0 0 21.2 21.8 22.6 22 43.2 0 26.2 4 20.6 5.8 7.4 8 0 16.2 6.8 17.4 0 0 18.2 8.6 10.2 18.4 15.8 4.6 20.4 6 0.8 0
0 0 0 14.6 0 0 0 0 0 0 0 0 0 0 0 19.8 0 0.2 0 0 0 11.4 0 0 0 0 0 0 0 0 0 0 0 0 0 0 0 0 0 0
3.4 0 3.6 0 2.2 0 4 0 0 5.2 0 6.4 0.2 0 0 0 0 0.6 0 0 0 8.4 0 0 0 0 0.6 0 0 0 0 0 16 0 0 0.4 0 0 0 0
0 0 0 0 0 0 0 0 0 0 0.8 0 0 0 0 0 0 0 0 3 0 13 4.8 0 4 0 0 1 4.6 0 0 0.6 24.6 0 0 0 0 0.6 0 0
0 0 0 0 0 0.2 0 0 0 0 0 0 0 0 0 1.2 0 0 0 0 0 1.8 5.6 0 0 8.6 0 0 0 0 0.6 0 0 0 0 0 0 0 0 0
31.6 6.2 0 0 0 0 0 0.4 9.6 0 6.6 8.2 0 0 16.8 0 0.2 0 0 0.4 15.8 0 12.8 0 0 16 0 0.2 0 0 0 12.4 6.8 3.4 0 6.4 3.2 0 0 0
0 0 0 0 0 0 0.2 0 0 21.2 0 0 0.2 0 0 17.2 0 0 12.2 0 0 0 0 0 5.2 4.2 0 0 7.4 0 0 0 17.2 0 0 0 36.4 0.2 6.8 1.6
0.2 2.2 0 0 0 0 0 0 0 0.6 6.8 0 0 0 5 0 0 0 0 0 0 0 0 0 0.2 0 0 0 0 0 0 0 8.2 0 0 7.4 0.4 0 0 0
0 0 0.8 0 6.6 0.2 3 40.4 0.2 0 9 0 0.8 8 19.2 0 7.2 1 0.2 14.6 12.8 0 0 27.2 0 6.4 4.8 0 7.8 0 0 0.2 0 0 0 0 0 1.8 0 16.8
0.2 0 0 0 5.2 0 0 0 0 7.6 9.8 0 4 0 0 0 0 0 0 0 0 0 0 4.8 0 0.4 1.6 0 0 0 0 9.4 0 0 0 0 0 0 0 9
0 0 0 28.6 0 0 0 0 0 0 0 0 0.2 0 0 3.2 0 5 0 0 0 0 0.2 0.2 4.6 0 0 0 0 0 16 0 12.2 0 0 0.8 0 0 0 0
0 0 0 6.4 0.2 0 0 0 0 0.2 0 0 0 0 0 15.8 0 0 0 0 0 0 0 0 8.2 0 0 0 0 0 0 0 4.2 0 2 0 0 0 0 0
0 0.2 0 17 0 18.6 0.4 0 0 0 0 0 0.4 0 0 19.4 0 1.8 0 0 0 9.4 12.6 0 0 0 0 2 0 5 0 0 0 0 7.8 5.4 0 0 0 0
0 3.2 2.4 0.2 0 7.4 0 0 0.2 13.6 0 0 0 2.8 10.8 2 0 0 0 0 0.2 0 1.2 3.8 0 0 25.8 0 0 0 0 0 0 0 0.2 15 0.2 0 0 0
0 0 0 0 0 0 0 0 0 0 0 0 17.8 0 0 0 0 4.8 0 0 0 20 0 0 0 0 0 0 0 0 19.2 0 0 0 0.2 0 0 0 0 0
13.8 0 6 0 0.4 13.2 0 0 9.8 4.8 0.2 12.6 8.4 0 0 0 0 0.2 10 0 15.6 0 7.4 0 0 7.4 12 3.2 8.8 0 0 33 0 2.4 11.2 3.6 0 0 0 0
11 0 0 2.8 36.4 0 0 10.4 1.2 4.8 0 12 0 16.4 0 0 0 0 6.2 11.2 0 0 0 3 0 8.2 4 0 8.4 0 0 0 1 1.4 0 0 5.8 12.6 0 0.2
0 0 0 0 0 0 0 0 0 0 0 0 4.2 0 0 0 0 0.2 0 0 0 0.4 0 0 0 0 0 0 0 0 21.4 0 0 0 0.8 0 0 0 0 0
0 0 5 0 0 0 0 4.4 0 5 8.6 13.2 0 21.2 0.2 0 0.2 0 2.8 0 5.8 0 0 35.6 0 0 12.4 0 27.6 0 0 0.2 0 0.2 0 0 1.8 19.6 0 2.2
0 0 7.2 0.2 0 0 0.2 10 0 0 0 0 0 0 0 0 0 0.2 0 0 17.2 8.6 0.2 0 0 0 0 0 0 0 0 2 0.4 0 0 0.4 0 0 16.4 0
0 0 3.2 0 12 2.2 0 0 0 2 0 0 0 0 0 0 0.2 0 0 7.2 0 0 0 0 0 11.6 2 0 1.8 0 0 3.6 0 1.4 0 0 0 2.8 0 0
0 0 0 21.6 0.2 0 0 0 0 0 0 0 0 0 0.2 0 0 1.8 0 5.6 0 4.4 0 0 9 0 0 0 0 0 0 0 23.6 0 0 1.6 0 4 0 0
0 0 0 0 0 0 8.2 16.4 0 0 7.4 8 0 0 6.4 0 17.2 0 0 0 0 0 0 0 0 0 0.4 0 0 0 0 0 0 0 0 0 0 0 0 0
3 0 7.8 0 0 0 1.6 0 0 0 0.2 25.6 0.2 0 0 0 0 0 0.2 0.4 0 0 0 13.6 0 0 0 0 0 0 0.4 0.2 0 0 4.4 0 0 0 0.6 0.8
0 5 0 14.2 0 0.4 11.2 0 0 0 0 0 49 0 0 5.8 0 44.4 0 0 0 10.2 11.2 0 11 0 0 27.6 0 9.8 32 0 8.6 0 0.6 0 0 0 0 0
0 0 0 0 0 0 0 0 0 0 0 0 19.8 0 0 0 0 1.4 0 0 0 0 0 0 0 0 0 0 0 0.2 0 0 0 0 2.6 0 0 0 0 0
0 0 0 0 0 0 0 0 0 0 0 0.2 26.2 0 0 0 0 3.6 0 0 0 0.4 0 0 0 0 0 0 0 0 12.8 0 0 0 18.8 0 0 0 0 0
0 0.8 0 0.4 0 3.8 0 0 0 0 0 29.2 0 0 0 0 0.2 3.8 0 0 0.2 0.6 1.6 4.6 0 0 0 3 0 0 2.4 0.2 0 0 0 0 0.2 0 2 0
1 0 0 0.2 21.8 0.6 0 15.6 3 0 0 0 0 0.4 18.4 0 13.8 0 0.6 0.2 0.2 0 0.2 1.6 5.4 4.8 14.8 0 0 0 0 13.4 6.8 0 0 3 27.2 0 1.6 0.4
0 0 0 0 0 0 0 0 0 0 0 0 23.6 0 0 0 0 20.2 0 0 0 0 0 0 0 0 0 3.8 0 0 0 0 0 0 4.4 0 0 0 0 0
5 0 17.8 0 23.4 0 0.2 37.4 12.2 0 0 0 0 13.8 0.2 0 41 0 0.8 15 0 32.4 0 10.6 7.8 10.8 0 0 9 0 0 15.8 0.2 7.4 0 0 10.4 12.6 25.2 0
0 0 0.2 0.2 0 33.4 0 0 0 0 0 0 0 0 0 0 0 0 0 0 0 0 6.2 0 2.6 0 0 0 0 0 0 0 4.4 0 0 0 0 0 0 0
6.4 0 11 0 35.8 0 0 0 15.4 0 0 6.6 0 17.4 3.2 14.2 0 0.4 21.8 0.2 0 5.2 17.2 0.2 0.2 34.2 0 0 0 1 0 0 5.8 10.8 0 0 16 0.2 10.8 0
0 0 0 0 0 0 0 0 0 0 0 0 13.2 0 0 0 0 0.4 0 0 0 9.4 0.2 0 0.2 0 0 0 0 0 0.4 0 0 0 1.6 0 4.6 0 0 0
0 0 0 0 0 2.2 0 0 0 0 0 0.2 0 0 0 1.8 0 0 0 0 0 0 0.4 0 13.6 0 0 0 0 0 0 0 19.8 0 0 0 0 0 0 0
0.2 0 0 60.4 0 0 0 0 0 0 0 0 0 0 0 9.6 0 0 0 0 0 0 0.2 0 0.4 0 0 0 0 0 0 0 13.2 0 0 0 0 0 0 0
0 0 0 8.2 6.6 10.8 0 0 0 0 0 0 0 0 0 0 0 0 0 0 0 0 45.6 0 7.6 0 0 0 0 0 0 0.2 0 0 0 0 0 0 0 0
27 9.4 6 0.4 0 1 0 0 2.2 11.6 0 0 0 30 0 17.4 14.6 0 11.8 5.6 10 0 0 0 0 0 27.8 0 13.2 0 0 0.2 0 15 0 0 0 1.4 0.4 0
0.2 1.6 11.8 0 51.2 0 0 18.8 3.6 29.4 32.8 0 0 10 11.2 0 62 9.8 33.2 23 0 25.4 0 7.4 12.2 2.6 0 0 15.4 7.8 1 16.6 11 0 0 6.6 54.8 2.4 4.8 0.4
0 0 0 8.8 0 0 0 0 0 0 0 0 0 0 0 0 0 0 1 1 0 10.2 0 0 3 0 0 1.6 0 0 0 0 0 0 2.4 0 0 0 0 0
0.4 0 28 11.2 0.6 0 0 0 18.4 51 0 0.2 0 0 16.8 18 8.4 0.2 0 27.6 0 0 0 0 10 21.8 17.2 0 0 17.4 0 0.2 22.8 20.6 0.2 8.4 5.6 4 0.2 16.8
0 0 0 0.2 0 0 0 0.2 0 0 4.2 4.8 14.4 0 0 0 0 0 0 0 0.4 0 0 6.4 0 0 0 0 0 4 0 0 0 0 0 0.4 0 0 0 0
0 0 0 24.6 0 0 0 0 0 0.2 0 0.2 0 0 0 0 0 0 0 0 0 0 0 0 9.2 0 0.2 0 0 0 0 0 0 0 0 0 0.6 0 0 0
0 0 0 0 0 0 0.4 0 0.2 0 0 0 16 0 0 0 0 17.6 0 0 0 0 0 0 0 0 0 0 0 0 18.6 0 0 0 0.2 0 0 0 0 0
0 0 0 0 0.2 0 0 0 0 0 0 0 0.6 7 0 0 0 14.2 0 0 0 1.4 0 14 0 0 0 0 38.6 6 0 0 0 0 7.8 0 0 13.2 0 0
0 0 0 0 0 0 0 0 0 0 0 0 0 0 0 0 0 7 0 0 0 19 0 0 0 0 0 0 0 0 0 0 0 0 16.4 0.6 0 0 0 0
0.8 0 5.8 0 11.8 0 6.8 57.8 0 12 0.6 0 8.2 62.2 36.4 37.8 0 0 30.8 21.6 33.6 16 0 16.4 0 6.2 19.6 0 22.4 0 0 4.2 5.6 22.2 0 0 1.4 19.2 1 5.6
25.4 0.2 2.6 0 22.6 22.2 4.2 0 0.4 29.4 0 13.6 4.4 9.6 0 16.6 0.6 1.6 16.6 27.2 37.8 0 0 0.8 0 30 10.2 4 14 0 0.2 3 0 13.8 0 0.2 0.8 8.2 18.4 19.4
12.6 5.8 4.8 0 13.6 22 0 0 0 0 9 0.2 0 8.6 12.6 0 0 1.4 0.4 0 2.6 2.6 0.2 6.8 3.2 13.8 38.2 0 10.4 0 3.4 32.6 0 4.4 6.6 0.2 18 0 0 2
0 0 3.2 12.8 20.6 0 0 28.4 0 47 0 0.4 0 43.6 32.8 0 4.6 0.6 23.8 44.4 0 4.8 0 1.6 0 9.4 22 3.8 0 0 0 0.6 0 13.2 0 0 0.2 0 0.2 0
0 0 0 0 0 0 4.6 0 0 0 0 0 6.4 0 0 0 0 7.6 0 0 0 0 0 0 0 0 0 0.2 0 0 0 0 0 0.2 21 0 0 0 0 0
0 0 0 0.2 0 0 0 0 0 0 0 0 0 0 0 0 0 0.6 0 0 0 16.4 0 0 0 0 0 0 0 0 7.4 0 0 0 7.4 0 0 0 0 0
0 0 0 0 0 0 0 0 0 0 0 0 8.4 0 0 0 0 28 0 0 0 0 0 0 0 0 0 0 0 0 0 0 0 0 5.6 0 0 0 0 0
0 0 0 0 0 0 0 0 0 0 0 0 6.4 0 0 0 0 12 0 0 0 4.8 0 0 0 0 0 0 0 0 0 0 0 0 0.8 0 0 0 0 0
0 0 0 0 0 0 0 0 0 0 0 0 0.2 0 0 0 0 21.2 0 0 0 0 0 0 0 0 0 0 0 0 0 0 0 0 3.6 0 0 0 0 0
0 0 0 2.6 0 0 1.6 0 0 0 0 0 29.2 0 0 0 0 6.8 0 0 0 0 0.2 0 0 0 0 3.6 0 0 1.6 0 0.4 0 2 0 0 0 0 0
0 0 0 0 0 0 0 0 0 0 0 0 1.8 0 0 0 0 0 0 0 0 0 0 0 0 0 0 0 19.2 0 0 0 0 0 0 0 0 25 0 0
7.8 0 1.8 2 9 0.6 0.2 30.8 0.2 43.4 13 14.2 0 41.4 34.2 1 21 0 0 25 6.6 0.2 1 14.2 0.2 0.2 15.4 0 0 0 7.8 0 0 0.4 0.2 0 0 2.4 2.8 19
0 0 0 0 0 0 0 0 0 0 0 0 8 0 0 0 0 27.4 0.2 0 0 11.2 0 0 0 0 0 0 0 0 0.2 0 0 0 0 0 0 0 0 0
0 0 0 23.8 0 0 0 0 0 0 0 0 7.2 0 0 2 0 10.2 0.2 0 0 0.2 0 0 0 0 0 0 0 0.2 0 0 5.2 0 0 0 0 0 0 0
0 0 0 0 0 0 0 0 0 0 0 0 0 0 0 0 0 1.6 0 0 0 9.6 0 0 0 0 0 4.4 0 0 11.4 0 0 0 0 0 0 0 0 0
0 10 0 0 4 0 0 0 0 0 0 0 0.2 0 0 5.2 0 0 0 0 0 8 6.4 0 0.2 0 0 4 0 0 0 0 0.4 0 0 2.6 0 0 0 0
0 0 0 0 0 0 0 0 0 0 0 0 2.6 0 0 0 0 7.2 0 0 0 0 0.4 0 0 0 0 2.2 0 0 2.6 0 0 0 15 0 0 0 0 0
0 0 0 0.4 0 0 0 0 2.6 4.8 9 1.6 0 0 0.8 0.8 5.6 0 0 0.6 0 0 6 14 6 0 0 0 0.2 0 0 7.4 39.6 5 0 0 2.4 0.2 0 0
1 0 0 0 0 0 0 0 0 2.6 0 0 2.4 4.6 0 0 0 0 0 0 0 0 0 0 0 0 16.4 4 0 0 0 0 0 0 0 0 0 0 0 0
25 0 0 0.4 0 9.2 0 0.2 14.6 31.2 4.8 31.4 0 15 0.2 0.2 23.2 0 5.6 0.2 14 0 0 31.6 0 37.8 20 0 0.2 0 0 32.8 4 0 0 0 0.4 0 0 0
0 0 0 0 0 0 0 0 0 0 0 0 1.2 0 0 0 0 0 0.2 0 0 6.4 0 0 0 0 0 0 0 0.2 0 0 0 0 2 0 0 0 0 0
0 5.6 0 34.4 13.6 34.2 0 0 5.2 0.4 0 0 0 1.2 0 68 0 0 0.2 0.2 0 5.8 9 0 25.2 0 0 0 0 2 0 0 32.2 0.2 2.6 0 0 4.8 0.2 0
0.2 0 5 0 67.6 0 0 0 2 11.8 0 0 0 0 0.2 0 42 10.4 32.6 0 0 0 0 0 0 0 0 0 5 0 0 0 0 0 0 0 0 0 0 0.2
0 0 0 0 0 0 1.4 0 0 0 0 0 6.2 0 0 0 0 0 0 0 0 26.8 0 0 0 0 0 0 0 0 10.4 0 0 0 6.2 0 0 0 0 0
10.8 0 0 0 0 6.4 0 0.2 0 0 5.6 0 8.8 0 0 0.2 0 0.6 0 0 24.4 3.4 20.8 0 0 0 0 18.6 0 0 14.4 0 0 0 3.4 5.6 0.4 0 0 4.4
0.2 0 0 12.4 0 2.6 5 0 0.4 0 13.4 1.8 5.4 0 0 1 0 0 0 0 17 0 21.2 0 3.6 0 0 0 0 0.2 0.2 0 23 0 0 7.6 0 0 0 0
0 0 0 0 29.4 0 0 0 0 17 0 14.6 0 12.2 0 1 0 0 0.2 0.2 0 0.2 0 21.4 0 19.8 0 0 0 0 0 0 0 0 0 0 11.2 0.8 0 7
0 0 0 7.4 0 2.4 0 0 3 0.2 0 9 7 0.2 4.2 0 3.6 4.2 0 0 0 0 0.2 0.2 0 0 4.4 0 0 0 17.2 24.8 1.2 0 0.8 0 0 0 0 0
0 0.2 0 0 0 0 4.2 0 0 0 0 0 0 0 0 0 0 25.6 0 0 0 0 0 0 0 0 0 0 0 0 0 0 0 0 0 0 0 0 0 0
56.4 6.8 4.6 0 2.6 27 12.8 16 10.2 0.2 6.8 0.8 8 15.4 0.2 11.4 6 0 13.4 0.4 18.4 0 0 19 3.2 0 0 5.4 20.4 4.2 0 52.4 1.2 3.2 0 0 0 14.6 4.4 11.6
0 6.4 0 43.4 0 0 0 0.2 0 0 0 0 5.6 0 0 0 0 15.8 0 0 0 4 0.2 0 12.2 0 0 0 0 0 16 0 0 0 0.2 0 0 0 0 0
6.6 0 0 7.4 0.2 0 0 36.2 0 4.4 11.8 2.2 0.4 0 29.8 11 0 0 0 15.2 0 0 0.4 11.2 1 0 0 0 0 0.2 4.8 22 13.2 0 0 7.8 0 0.2 0 0
0 0 0.6 0 0.4 0 0 9.4 0 0 0 2.8 0.4 0 17 0 0 4 0 0 0.4 0 4.2 0 0 0 6.8 1.8 0 0 8.8 4.2 0 0 17.8 0 0 0.4 0 0
0 11.2 0 12 0 0 0 0 0 0.2 0 0 0 0 0 7.2 0 0 0 0.2 0 4 4.4 0 0.2 0 0 0 0 1 0 0 16.6 0 0 0 0 0 0 0
0.6 7.8 0 23.8 2 11 19 0.4 0 0 11.4 19.6 0 0.4 22 0 9 0 0 0.4 0 0 19.2 0 0 0.2 4.6 0 0 4.6 0.2 0.4 0 2 0 0 20.4 0 0 2
0.4 7.4 0 27 0 0 0 0 0 0 0 0.2 0 0 0 3.2 0 10.8 0 0 0 0 1.2 0 6.8 0 0 0 0 0 0 0 15.2 0 0.6 0 0 0 4.2 0
0 0 0.4 0 0 0 0.4 58.6 0 16.4 14.8 0 0 0 48 5 0 0 0 6.6 37.2 0 29 69.4 0 0.2 0.2 1 5.6 0 0 81.6 0 0 0 0 0 0 0.6 8
0 0.2 0 0 0 0 0.2 0 0 0 0 0 9 0 0 0 0 0 0 0 0 15.6 0 0 0 0 0 10.2 0 0 16.6 0 0 0 4.2 0 0 0 0 0
0 0.2 0 0 0 0 0 0 0 0 0 0 6.2 0 0 0 0 0.6 0 0 0 0.6 0 0 0 0 0 18.4 0 0 19.2 0 0 0 21.8 0 0 0 0 0
0.6 0 0 5.8 14.4 0 0 39.8 5.6 15.6 0.4 0 0 50.2 25.4 0.2 0.4 0.2 0 19.8 6.6 0 0.2 6.4 0 0.2 8 0 10.2 0 6.2 23.8 0 0 0 0 0.6 4.6 0.6 0.2
4.4 0 0 5 7.4 0.2 0 0 0 18.8 13.6 8 0 9.2 0.2 0 19.2 0.2 0 5 0 0 11 0 0 4.4 7.2 0 2 0 0 0 12 3 0 0 0.2 0 0 0
0 0 0 0 0 0 0 0 0 0 0 0 6.6 0 0 0 0 0 0 0 0 2.8 2 0 0 0 0 11.4 0 0 0.2 0 0 0 6 0 0 0 0 0
28.8 0.4 30.2 0 13.6 0 1.4 74.8 4.6 21 31.6 0 3.8 18.2 54.8 0 45.6 0.2 23.8 45.8 45.2 0.2 0 35.2 0 40.4 0.2 0.2 30.6 12.2 0.2 5 0 29 0 0 0 13.2 48.2 29.6
0 5.4 0 11.6 0 0 0 0 8.6 14.2 13 23.8 0 20.8 28.6 3.2 1.6 0 4 12.8 12 0 0 0 5.6 0 0.8 0 8 0 0.2 1 11.8 0 8 0 11 0.8 0.2 0
0 0 0.8 0 23.2 7.6 0 42 0 6 30 0 0 16.2 68.2 0 0 0 0 15.6 21.4 1 0 51.4 0 40.4 0.6 0 0 6.8 0 0.2 0.4 0 0 0 0.6 0.4 0 5.2
0 3.2 1.4 2.4 0.2 0 0 6.6 0.2 6.2 5 0 0 0 0 4.8 0.4 0 3.2 0.4 0 0 0 0.6 0 4.8 0 0 2.6 0 0 3 0 0 0 0 0 4 0 0
0 0 0 0.2 10.8 0.2 0 0 0 0 0 24.8 0 0 17.4 0 0 0 0 26.2 0 0 0 0 0 0 0 0 0 0 0 0 0 0 0 0 3.4 0 0 0
28.4 9.2 0 0.6 4.8 19.8 3.4 0 0 0.4 0 0.4 20.6 9.2 0 26.8 14 21.6 22.2 0 0 17.2 0.2 0 15 0 0 11 0 2.2 0 56 39 0.4 36.8 0 15.6 2.2 0 0
0 0 0 14.6 4.6 18.6 0 0 0 0 4.2 0 6 0 0 12.6 0.4 4 0 0 0 0 0 0 0 0 0 0 0 0.8 0 0 4.8 1 0 0 0 0 0 0.4
0 0 0 0 0 0 0 0 0 0 0 0 19.4 0 0 0.2 0 11.8 0 0 0 0 0 0 0 0 0 0 0 0 0.4 0 0 0 2 0.2 0 0 0 0
0.2 0 0.2 8.4 0 15.8 0.8 23.2 0 0 23 5.2 4.4 0 22.2 13.8 0 7.2 0.2 0 43 0.6 31.8 1 24.2 0 4.2 2.6 0 0 0 42 21.2 0.2 0 17.6 0 1 0 0
0 0.4 0 0 3.8 0 0 0 0.2 0 14.2 0.8 0 0 0 0 0 0 0 0 9.8 0 15.4 0.4 0 0 0 0 0 0 0 0 0 0 0 0 0 0 0 0
0 0 0 0 0 0 0 0 0 0 0 0 11.8 0 0 0 0 0 0 0 0 15.2 0 0 0 0 0 0 0 0 17 0 0 0 0 0 0 0 0 0
0 0 0 0 0 0 0 0 0 0 0 0 0 0 0 0 0 0.6 0 0 0 5.4 0 0 0 0 0 0 0 0 0 0 0 0 0 5 0 0 0 0
0 6.2 0 10.8 0 0 0 0 4 0 0 0 0 0 0 0 0 1.4 0 0 0 13.6 0 0 0 0 0 0 0 0 0 0 0 0 4 0 0 0 0 0
13.2 0 0 2.8 0 2 4.6 0 0 0 0 0 0 0 0 1.4 0 0 0 0 0 0 0 0 6 0 0 0 0 1.2 0 0 28.4 0 0 0 6.4 0 0 0
0 0 6.4 7.8 0 2.8 3 8.2 3 0 6 0 6.2 0 0 0.8 0 8.4 0.2 0 0.6 0.2 0 0 6.4 12.2 0.6 1 0 0 12.4 0 1.2 0 11 0 12.4 0 0 1.2
11.8 16.2 0 0 0 0 0 0 0 0 0 0 0 0 0 0 0 0 0 0 25.6 0 11.4 0 0 0 0 4 0 0.2 0 0 0 0 19.2 4.4 0.2 0 0 0
34.6 6.2 0 35.8 28.8 0 0 72.2 11 20.8 0 9.6 0.2 0 32.2 0 0 8.2 0 0.4 5.8 1 4.8 0 5.2 0 0 0 12.4 0 0 55.8 20.4 0.4 0 0 0 0 8.6 3.6
0 0 0 0 0 0 2 0 0 0 0 0 81.6 0 0 0 0 5.6 0 0 0 2.8 0 0 0 0 0 16 0 0 22.4 0 0 0 5.6 0 0 0 0 0
0 5.8 21 0.8 5.4 0.4 0.8 0 14 71.2 0.2 0 0 39.6 0 32.2 46.2 1.2 23.6 28.6 19.4 16 4.8 0 0.4 50.2 21.4 0 28 1.2 0 46 33.2 6.2 0 0 37.8 8.6 38.8 0
0.4 0.2 0 11.4 0 7.8 0 0 0 8.6 0 0 0 0 0 15 0 0 6.2 0 0 0.2 0.2 0.2 0 0 7 0 6.6 0 0 0 11.8 0.4 0 6 0 0 0 0
0 0 0 0 0 0 0.2 0 0 0 0 0 6.4 0 0 0 0 0 0 0 0 0 0 0 0 0 0 11.2 0 0 14.2 0 0 0 0 0 0 0 0 0
10 6 0 9.2 0 0 0 13.2 3 0 0 1.4 4 0 0 0 0 8.6 0 0 24.8 11.6 0.4 2.4 0 0 0 0 0 0 0 75.4 0 0 0 0 0.2 0.2 24.6 0
0.4 0 9.2 0.2 26.6 0 0.2 12.4 9.4 2.6 4.6 11.8 0 12.6 0 0.2 0 0 18.4 14 31.8 0 0 16.4 0 44.8 33.6 0 13.8 4 0 4.6 0 7.6 6.8 0 0 0.4 7.6 0
0 8.8 0 0 0 14 0.4 0 1.8 0 0 0 0 0 0 0 0 0 0 0 0 0 18.4 0 3.8 0 0 0 0 0 2.6 0.2 26.4 0.4 0 4.4 0.8 0 0 0
59 5.4 6 12.4 0.8 28.6 0 29.2 11.4 0 15.4 0.4 0 0 34.8 0 17 0 11.4 4.8 42.8 0.8 15.8 45 9.6 26.4 24.6 0 3.8 4.6 22 17.8 0.2 0.4 0.6 0 4 5 37.2 35.6
0 3 0 9.8 49.4 0 0 3.2 0 0 0 0 43.2 0 0 0 27 6.2 0 0 0 0 0 0.2 0 4.4 0.2 16 0 3 17.4 0 0 0 14 0 0 0 0 0
0 0 0 12.4 0 3.2 0 0 0 0 0 0 12.6 0 0 41.4 0 0 0 0.4 0 0 0 0 8.2 0 0 0 0 0 21.4 0 39 0 0.4 0 0 0 0 0
0 0 0 0 0 0 0 0 0 0 0 0 13.6 0 0 0 0 0.4 0 0 0 20.2 0 0 0 0 0 3 0 0.2 0 0 0 0 1.6 0 0 0 0 0
0 0 0 10.6 0 0 1 9 0 0 0 0.6 2.2 0 0.2 0 0 0 0 0 0 0 17 16.6 0 0 0 0 0 0 19 0 1.8 0 0 5 0 0 0 0
40.6 0.8 0 0 0.4 0 0 0 0 6.6 12.8 0.2 0.8 0 0 0 0 0 0 0 40 10.4 3.6 21.4 0 6 0 0 0 0 0 20.4 0 0 15 0.8 0 0 3.8 1.4
0 0 0 0 0 0.2 0 14.4 0 0 0 13 0 0 0 0 0.2 0.2 0 0.2 0 0 8.6 12.6 0 0 0 0 0 0 0 0 0 0 4.6 0 0 0 0 0
0 0 0 0 0 0 0.2 0 0 0 11.8 0 15.6 18.6 11.4 0 0 0 0 13.8 11.8 2.4 18.8 0 0 18.2 0.2 0 0.4 0 0 0.6 0.8 0 0.2 0 28.2 0 0.2 5.8
0 13.8 9.8 0 0 0 0 0 3 7.6 26.4 11 4.4 0 13.4 0 0.2 0.2 0 22 40.4 0.2 32.4 0 0 19 0 0 0 0 0 23 0 3.4 0.4 2.2 13.2 0 5.8 1.2
0 0 0 19.6 0 0 0 0 0 0 0 0 10.8 0 0.2 8 0 0 0 0 0 0 0 0 0 0 0 0 0 0 0 0 22.4 0 0 0 0 0 0 0
23.8 1 36.4 11.2 43.8 57.6 10.6 0 52.8 8.6 0 26.6 7.4 15.4 0.4 21.8 49.6 18.4 46.4 19 8.2 0 0 1.8 12.6 30.6 30.4 4 20.8 29.2 0 15.6 44.6 16.4 8.2 0.6 0.8 0 34.4 0
0 0 12.6 2.4 14.8 3.4 0 57.6 3.4 42.6 0 10.2 0.2 25 0 0 39.4 0 14.6 41 1.4 12.2 0.4 33.8 8.4 0 3.4 0 0.8 0.2 0 33.8 26.4 33.6 0 0 0 15 0 7.4
0.2 0 0 10.8 13.2 0.4 0 10.4 0.2 56.8 0 14.4 0.6 22.4 16.6 17.6 17.4 0.2 2.6 20.4 1 0.6 0 13.2 0 0 1 0 0 0.2 0 42.6 2.8 23.4 0 0 33.8 0 0.2 0
28.2 37.4 0 1.6 33.6 24.2 1.4 31.4 16.6 0 16.4 1.2 20.6 0 6.8 0 0 0 0 5 91 0 34.2 17 0 66.4 1.2 31.4 0 0 26.8 3.6 0 0 0 30.8 36 0 0 43.2
0.4 13 0 0 0 0 0 0 0 0 12 0 0 0 0 0.2 0 1.8 0 0 26.8 0 11.4 7 0 2 0 0 0 0 0 0 0 0 0 8.4 0 0 0 0
0.2 0 5.8 0 5.8 0 0 1.4 0 10.6 0 15.4 0.4 0 0 0 15.8 0 0 17.8 0 11 0 0 0.2 0.2 9.6 0 1 0 0 8.6 17.8 23.8 0 0 32.4 0 0.2 0
64.2 17.4 16.6 10.4 26 17.2 0 0 18.2 0 6 13.8 0 22.8 0 0 23 0.2 44.4 0 13 0.4 0.2 0 9.6 41.8 14.4 0 10.2 0 0 58.2 1.2 0.6 0 0 3.2 0 34.8 0
0 0 10 13 0 2.2 0 1.2 12 65.6 0 34.2 0 23.6 0 29.4 0 1 20.8 26.2 0 0 0.2 0.2 8.6 0 21.2 0 0 6.8 0 4.2 49.4 13.4 13 0 0 1 28.8 0
0 0 0.2 0 0 0 0 7.2 0 0 0 0 0 0 0 6.8 0 0 0 0 0 0 0 9.6 0.8 0 0 0 0 0 0 7.8 8.4 0 0 0 0 0 0.2 0
48.8 21 11.4 0 23.2 29.2 4.8 30 31.6 0.2 24 27.4 0 9.6 0 15.6 58.6 5 37.6 0 22.4 0 28.2 44 10.2 12.4 24 0 2.8 0 0 20.2 10.4 4.6 0.2 12.6 0 0 4 0
0 0 2.8 0 0.6 0.4 1 57.6 0 19.8 0.4 0 0 11 46.4 0 0 0.2 0 0.2 0 0.2 0 37 0 0 0.2 0 13 0 4.4 49 0.2 0 0.2 0 0 21.2 0 5.2
0 7.6 0 20.2 0 0 0.2 0 0 0 0 0.2 0 0 0 25 0 0 0 0 0 0 0.6 0 20.8 0 0 0 0 0 0 0 27.4 0 0 0 0 0 0 0
0.4 0 6.4 5.2 39 16.4 0 81.8 0 59.8 22.6 13.4 0 33.8 80 0.2 6 0.2 37 41.2 0.6 0 0.6 44 0 0 0.2 0 6.4 0 0 0.6 6.2 16.6 0 0 30.8 0 32.6 0
0 0 3 19.6 0 2.6 0 0 0 0 0 0 5.6 0 0 20 13.2 0 0 0 0 0 0.2 0 0 0 0 0 5.8 0 0 0 23.2 15 1.8 0 0 0 0 0
20.6 26.8 0 25.2 0 31.8 8.2 0 0.6 0 17.6 0 14 0.2 0 0 0.2 24.4 0 0 62.6 14.2 60.8 0 12.4 0 0 31 0 11.8 27.2 0 28 0 36.2 23.8 12.4 0 0.2 15.8
0 0 0 14.6 0 1.4 0 0 0 2.4 0 0 0 0 0 7.8 0 4.6 0.2 0 0 9 3.2 0 5.8 0 0 0 0 0 0 0 1.6 0 0 0 0.4 0 0 0
37.8 2.6 25.8 8.8 15.2 18 0.4 21.6 14.2 19.6 0 40.2 3.4 35 44 0 55.2 0 46.4 2.6 0 7.4 15.2 33 0 23.8 5 0.4 31 0 0.2 0.4 6.6 27.4 0 0 31 0 13.4 15.4
0.4 0 7.8 0 1.2 0 0 41.2 0.4 27.8 0 4.4 0 14.6 43 30.2 18 2 16.6 36 0 0 0 23.2 0.2 0 7 0 20.6 0 0 28 54.8 18.2 0 0 0 2.6 14.4 8.4
0 0 0 0.2 0 0 2 0 0 0 0 0 15.6 0 0 0 0 0.2 0 0 0 12.4 0 0 0 0 0 0 0 0 28.4 0 0 0 11.2 0 0 0 0 0
1 8.2 0 30.4 0 0 0 29.4 0 24.6 0 5.2 0 3.2 26.2 15.6 38 0 1 0 9.4 0 0 0.2 0 0.2 0.8 0 0 0 0 44.4 0 1.6 0 0 20.6 0 0 0
0.2 0 0 8.2 0 0 0 3.2 0.6 0 0 0 0 0 7 4.8 2 0 0 0 0 0 7 11 7.6 0 0 0 0 0 0 0 0 0 0 0 0.4 0 0 0
0 0 15.2 0 5.6 0 0 23.2 0 30.2 0 0.4 0 24.6 0 19.8 18.8 0 0 55.6 0 6 0 0 14.4 3.2 0.6 9.8 0.4 4.8 0 0 25.4 0.4 0.4 0.8 21.8 0.2 6.4 0
0 1.6 0 6 0.6 0.4 0 0.2 0.4 0.2 0 1.2 3 5.4 12.2 0 0 3.2 0.4 1.4 0 18.4 0.2 1.4 0 0 0 0 0 0 0 26.8 0 0 3.4 0 14.4 0.2 0 0
68.2 6.2 0 0.2 0 29.4 8.2 32 0.2 0 0 0 0 0 0 18.6 0 0 0 0 33.6 0 0 0 10.2 0 0 0 1.4 0 5.4 30 21.2 0 4.6 0 0 0 60.8 10.8
0 0 4.2 4.4 0 0.2 0 0 5 0 0 0 1 0 0 0 0 4.6 0 0 0 0 0 4 9.8 40 0 0 0.2 0 0 0.2 15.2 0 0 0.6 28.6 0 0 0
0 0.8 0 0 0 19.2 0 0 1.4 0 0 0.2 9.4 0 0 0.8 0 11.2 0 0 0 0 7.4 0 0 0 0 4 0 0 0 0 14.6 0 5.6 0.2 0.2 0 0 0
0 0 0 2.2 0 11.6 0 0 0 0 0 0 4.6 0 0 0.2 0.2 4.6 0 0 0 0.2 31.2 0 0 0 0.4 0.2 0.2 0 0 0 20.4 0 0 12.6 0.4 0 0 0
0 0 19 2 0.2 15 0 7.6 0 0.2 11.4 46.4 0.6 6.2 0 42.2 32.8 13.2 0 39.6 0 24.8 8.8 0 50.8 0 0 0 0.4 0 21.2 1 66.2 1 0 9.6 29.4 5.8 6 6.6
1.8 6.4 0 0 0 0.4 0 5.8 0.2 0 0 27 0 0.2 18.8 0 0 2.8 0 0 0.8 0.6 0.8 25.2 0 8.2 4 0 6.6 0 0 37 0 0 0 0 0.6 0 0 6.8
0 0.2 0 0 0 0 0 0 0 0 0.2 0 5.4 0 0 0 0 13.8 0 0 13.2 0 10 0 0 1.4 0 0.8 0 0 0 0 0 0 0 0 0 0 0 0
0 0 0 47.2 10.4 0 0 4 0 0 0 28.2 3.6 0 0 7 0.2 0.4 0.8 0 0.2 4.2 3.8 3.4 0.2 0 0 0 0 0.2 0 0 4 1 0 0 0 0.2 0 0
0 0 0 0 0 0 0 0 0 23.6 6.4 0 0 20.6 32.6 0 0 0 0 12 27.2 0 4.2 36.4 0 36.2 17.6 0 0 0 0 1.4 0 1.6 0 0 0 7.4 0 5.8
0 3.8 0 0 0 0 0 11.8 0 7.8 0 14.6 0 0 29.6 0 0.2 0 0 0 0 0 0 8.6 3.6 0.2 0 0 0 0 0 7.4 0 0 0.2 0 0.4 0 2 14.8
10.4 4 0 11.4 0.2 0 2.6 0 0 7.2 12.2 41 6.8 11.8 20.6 0 1.2 0 0.4 0 34 0 25.2 1.2 0 0 31.4 0 6.6 0 0 48 0 0 0 0 1.2 0 1.2 0.4
0 0.8 7.6 0 0 0 1.6 0 0 0.2 0 0 0 0 0 0 0 0 0 0 0 0 0 0 0.8 18.6 0 0 0 1.4 1.6 0 2.8 0 0 0 0.6 0 0 0
0 0 0 0 0 0 0 0 0 0 0 0 7.6 0 0 0 0 0 0 0 0 0 0 0 0 0 0 7.6 0 0 25.2 0 0 0 4.6 0 0 0 0 0
97.6 0 25.2 0 32 29 0 8.4 21.4 0 16.8 16.8 0 48 4 31.2 55.6 0 15.4 24.8 52.8 0 18.6 0 14 49.8 0 0 26.8 0 0 7.4 12.2 6.2 8.8 2.2 0.6 3.4 81.6 17.4
0 0 0 18.2 0 8.6 0 0 0 0 0 0 0 0.2 0 2 0 0 0 0 0 4.4 6.4 0 15.4 0 0 0 0 0 4.4 0 30.4 0 1.4 4.6 0 0 0 0
0 6.8 0 0.6 2.4 0 0 12.6 0 1.2 29 0.2 1 0 30.2 0 0.6 0 0 8 24.6 0 5.2 5.2 0 22.8 2.2 3 0 0 0 0 0 0 0.6 6.6 21.8 0 0 14.4
0.4 27.4 2.6 22.4 0.6 11.2 11.6 0 0 18.4 0 5.6 34.4 0.2 0 0 7.4 31.8 0 40.6 0.2 23.2 27.2 0 19.6 22.6 0 0 0 0 19 21.4 39 7.2 26.4 36.4 0 6.2 2 0
0 0 0 0 0 0 0 0 0 0 0 0 11.8 0 0 0 0 0.8 0 0 0 0 0 0 0.2 0 0 0 0 0 28.6 0 0 0 5.6 0 0 0 0 0
0 0 0 3 0.8 0 0 0 1.6 0 0.2 15.2 0 16.8 26 27.8 0 10.2 5 27.6 0 12.2 0 0 0 16.4 0 0 0 0 0 0 34.2 3.2 0 1 16 2.8 0 0
2.4 0 0 5.6 0 9.2 0 0.2 14.2 13.6 0 14.2 0.2 42.8 0 0 21 0 27.8 5.6 0 0 0 0 0 10 24.4 0 10.4 0 0 1 0 19.8 0 0 26.4 0.2 2 0
0.2 0 0 41.2 0 42.6 0.4 0 0 0 0 0 0 0 0 34.6 0 1 0 0 0 0 0 0 22.6 0 5.4 0 0 0 0 0 37.2 0 10.8 0 0 0 0 0
0 0 1 6.2 5.8 0.4 9.2 16.6 0 0 0 47.8 0 0 0 0.2 0 1.4 4.8 11.4 3.4 0 15 19.4 0 0 9 4 0 0 0 13.2 0 0 0 0 0 0 0 9.2
0 0 0 0 0 0 0 0 0 0 0 0 0 0 0 0 0 6.4 0 0 0 2 0 0 0 0 0 0 26.6 0 0 0 0 0 10.6 0 0 16.4 0 0
0 0 0 0 0 0 0 0 0 0 0 0 6 0 0 0 0 0.4 0 0 0 0 0 0 0 0 0 0 0 0 21.4 0 3.6 0.2 11.4 0 0 0 0 0
0.2 0.6 12.6 0.8 0.2 0 0 0 5.2 61.6 0 0.4 0 7 0.2 22.4 41 0 25 33.6 0 4 0 0 0 3 18.6 0 0 0 0 0 51.4 28.2 0 0 0 0 0 0
0.2 12.4 0 0 7 0 0 0 0.4 0 2 0 0 0 5.4 0 0 14 0 0 0.4 6.8 16.4 9.6 0 0 7.6 0 0 0 0 24.6 0 0 0 0 0 0 0 0.2
0.2 0 0 0 0 0 0.2 9 0 0 0 0.2 0 0 22.4 0 0 0 0 0.4 0.2 0 0.4 8 0 0.2 0 0 0 0 0 68.8 3.8 0 0 0 0.2 0 0 0
0 10.6 0.2 7.2 0 2 0 0 0 0 0.2 20.2 0.8 0 0 18.8 0.2 0 0 0 15.6 0 25.8 0 18.8 0 4 0 0 0 3.2 4 18.6 0 0 0 1.6 0 0.2 0
0.2 0 0 34.2 0 2.8 0 0 0 0 0.2 0 12.6 0 0 0.6 0 0 0 0 0 0.2 14.4 0 9 0 0 13.4 0 0 34.8 0 18.4 0.2 0.2 7.8 0 0 0 0
0 7 0 0 20 0.6 0 128.6 0.2 14.2 90.4 0.2 0 27.2 88 0 7.2 0 2.2 22.8 34.8 0 19.8 81 0 0 19.2 0 2.6 0 0 0.2 0 15.8 0 5 0 6.8 7 60.2
28.6 0 15.6 0.8 48.4 1.4 0 4.4 4.8 0 3 8 0 34.8 0 0.2 18.6 0 7 0 0 0.8 0 10 0 26 5.4 0 6.4 0 0 78.6 29.8 6.6 0 0 0.4 5.4 0 0
1 6.4 12 0 20.8 0 0 35.8 0.4 14.6 17.8 0 0 10.2 46.6 0 0 0 0 27.8 59.8 0 0 40 0 43 0 6.6 2.2 1.8 8.8 9 0 22.6 0.8 6 14.8 4.4 0 7.8
0 0 0 22.8 0 0 1.4 0 0 0.2 0 0 0 0 0 18 0 0 0 0 0 0 0 0 11 0 0 0 0 0 1.6 0 37 0 0.6 0 0.4 0 0 0
0 38 0 31 0 35.8 1.2 0 5.6 0.2 0 0 22.4 0 0 36.8 0 1.2 0 0 0 1 50.4 0 36.2 0 0 10.6 0 0 12 0 42.8 0 20.8 32 0 0 0 0
0 0 0 14.2 0 7.8 0.2 0 0 0 0 0 0 0.6 0 0 0 0 0 0 0 5.6 31.2 0 8.8 0 0 0 0 0 0 0 0 0 8.6 15 0 0 0 0
0 0 0 76.8 0 20.4 0.6 0 0 0 0 0 10.4 0 0 70.6 0 10 0 0 0 0 0 0 24.4 0 0 0 0.2 0 0.4 0 49 0 0 0 0 0 0.2 0
0 0 0 25.8 0.2 0 0 0 0 0 0 0 1.6 0 0 44.4 0 0 0 0 0 0 16.4 0 6.6 0 0 0 0 0 0 0 41.8 3.6 1.6 0.4 0 3.6 0 0
1.8 0 0 8.6 0 7.4 14 3 0 0.2 6 18 2.8 5 0 0 4 15.2 0 0.4 45 0 12.2 0 0 0 0 0 5 0 21.8 32.8 0.2 6.2 3.8 0.2 15 0 0 1.4
0 0 0 25.4 0 23 0 0 0 0 0 0 3.2 0 0 0 0 0.4 0 0 0 0.2 0 0 0.2 0 5.6 0 0 0 0 0 0 0 0 0 0 0 0 0
0 0 0 0 0 0 0 47.8 0 0 0 32 0 0 37.4 0 0 8.4 0 0 0 19.2 4 11 0 0 0 0 0 4.4 23 0 7 2.6 0 0 0.4 0 0 5.8
28.2 0 12.8 0.4 27 0 0 7.4 4.6 12.6 0 17.2 0 14.6 11.6 19.2 53.2 0 34.2 15.2 0 0 0 14.4 1.6 27.2 2.8 0.2 35 4 0 3 11 15 0 0 0.8 0 29.8 0
