1	4.5 0 0 0 0 0 0 0 0 0 15.3 55.04 0 519.22 106.44 317.06 0 0 207.46 179.98
2	0 0 0 268.38 0 0 0 0 0 0 0 0.04 0 0 0 51.44 0 0 0 0.16
3	0.08 0 0 0 0 0 0 0 0 0 0 0 148.64 70.2 0 0 0 0 0 0.08
5	0 187.14 0 0 0 0 0 0 35.22 0 0 0 15.62 0 0 0 0 0 0 0
6	0 0 0 0 0 0 40.28 0 0 0 0 0 0 0 0 0 29.72 0 0 0
8	0 0 0 0 0 0 0 99.66 0 60.14 119.76 108.02 0 0 0 124.16 0 0 0 135.28
9	31.16 0 0 0 0 0 0 67.16 87.5 0 25.3 0 0 475.5 0 55.18 141.28 0 72.9 0
10	40.04 0 0 0 0 0 152.74 0 0 0 91.22 0 0 0 0 0 0 0 0 0
11	0 27.1 0 52.62 0 0 0 0 0 0 0 164.52 248.24 0 0 76.04 0 127.04 46.46 1
12	0.82 0 0 0 0 0 0 60.02 0 0 52.94 305.8 261 0 0 0 0 268.24 0 0.18
13	0.02 0 0 0 0 0 239.98 153.48 46.98 0 0 0 0 74.52 0 0 0 0 0 0
14	0.02 0 0 0 0 0 223.9 0 0 0 0 0 0 113.82 0 0 224.26 0 0 0.02
15	1.5 0 0 0 0 0 0 0 103.5 0 0 83.62 0 409.2 0 200.12 0 0 0 43.06
16	0 0 0 0 0 0 89.94 0 0 0 0 0 0 0 0.04 0 0 0 0 0
17	0 221.88 0 0 0 0 0.02 0 0 0 0 0 0 0 0.02 0 0.06 0 0 0.02
18	0 0 0 0 0 0 14.62 10.38 0 0 0 0 0 0 0 0 0 0 0 0
19	0 0 0 0 0 0 227 0 0 0 0 0 0 0 0 0 0 0 0 0
20	0 0 0 0 0 0 163.44 0 0 0 0 0 0 0 0 0 46.56 0 0 0
21	0.02 0 0 0 0.06 0 0 0 0.06 0 0 0 0.08 49.66 0 0 0 0 0 132.16
22	0 0 0 114.34 101.5 0 0 0 0 0 0 214.36 0 0 0 288.5 0 276.24 0 0.02
23	73.6 0 0 0 0 0 0 13.36 0 109 119 181.8 126.22 0 0 0 0 0 0 0.02
24	0.02 0 0 64.16 0 0 0 0 0 0 0 0 243.08 153.26 0 0 27.24 0 0 0.28
25	0.64 0 0 0 0 0 0 0 136.7 0 0 86.34 0 400.26 49.28 0 0 0 0 139.74
26	0.02 0 0 0 0 0 0 0 168.36 0 0 0 0 0 0 0 0 0 48.62 0
27	0.06 0 0 116.88 0.02 0 0 0 0 0 0.02 20.26 0 0 0 0 0 0 0 0.78
28	0.06 0 0 0 188.38 0 0 0 0 88.56 94.46 0 62.62 0.02 0 328.12 0 28.88 71.22 0.66
29	0 13.76 0 0 228.22 0 0 0 0 0 0 0 0.02 0 0 0 0 0 0 0
30	0.04 0 0 0 0 0 0 0 0 0 0 0 0 0 0 0 113.82 0 0 0.16
31	0 0 0 0 108.74 0 0 0 0 0 0 74.32 134.88 0 0 142.04 0 0 0 0
32	22.56 0 0 0 0 0 0 209.64 0 0 0 0 0 0 0 0 0 49.8 0 0
33	0 0 0 110.36 0 0 0 33.16 0 0.44 0 0 143.02 0 0 0 0 0 0 0.02
34	0 0 0 0 0 0 0 0 1.86 0 4.24 0 0 0 0 0 0 0 8.9 0
35	0 0 0 0 0 0 0 0 0 0 0 0 0 0 0 0 0 0 0 12
36	0 0 0 0 0 0 6.78 0 1.98 0 0 0 0 0 17.2 0.04 0 0 0 0
37	0 0 0 0.02 0 0 0 0 0 0 0 0 0 0 0 0 0.38 0 14.6 0
38	0 0 0 221.3 82.7 0 0 0 0 0 0 0 0 0 0 0 0 0 0 0
39	0.02 133.52 0 0 0 0 0 22.9 0 0 0 0 0 0 0 0 0 63.56 0 0
40	0 100.62 0 0 0 0 0 48.38 0 0 0 0 0 0 0 0 0 0 0 0
41	0 0 0 72.02 0 0 0 0 0 0 0 0 0 0 0 0 0 0 0 18.98
44	0 93.24 0 0 0 0 0 0 0 0 0 126.82 2.94 0 0 0 0 0 0 0
45	0.64 0 0 0 0 0 0 0 0 0 0 0 0 0 0 0 264.36 0 0 0
46	0 0 0 0 0 0 0 49.72 0 0 25.28 0 0 0 0 0 0 0 0 0.02
47	0.18 0 0 0 0 0 0 201.3 0 93.02 0 0 64.78 0 0 0 16.6 0 0 0.1
48	45.6 0 0 0 0 0 0 75.02 0 0 0 176.6 0 0 0 0 0 0 78.34 0.46
49	0 0 0 0 154.38 0 0 0.08 0 0 0 0 0.14 0 0 0 0 0 0 50.4
50	0.04 0 0 42.7 0 0 0 0 0 97.38 8.38 0 21.76 692.48 0 438.24 0 383.84 281.88 43.28
51	0 0 0 0 148.3 0.04 0 0 0 0 0 67.66 0 0 0 0 0 0 0 0
52	0 0 0 0 0 0 0 73.64 0 0 100.58 0 0 0 0 0 90.78 0 0 0
53	0 207.1 0 0 0 0 0 11.88 0 0 0 0 82.86 0.04 0 0.12 0 0 0 0
54	0 28.9 0 0 237.1 0 0 0 0 0 0 0 0 0 0 0 0 0 0 0
56	1.34 163.08 0 0 0 0 0 0 0 0 0 316.9 216.22 0 0 82.86 0 281.68 237.86 0.06
57	0 0 0 0 0 0 0.02 98.76 0 0 40.2 0 0 0 0.02 0 0 0 0 0
59	0 0.02 0 0 0 0 0 0 0 0 0 0 0.02 0 0.02 0 294.94 0 0 0
60	0 0 0 0 0 0 0 0 0 0 0 0 0 0 0 0 194.94 0 0 0.08
61	0 0 0 0 0 0 0 0 0 0 0 0.02 0 0 0 0 181.96 0 0 0
62	0.02 0 0 287.38 20.86 0 0 0 0 0 0 0 0 0 0 0 0 0 0 4.74
63	0 0 0 0 73.72 0 0 0 0 0 0 0 0 0 0 0 0 0 0 118.3
64	39.94 0.68 0 0 0 0 0 0 0 33.8 0 391.84 138.02 0 0 205.42 0 191.28 29 0
65	0 0 0 0 145.72 0 0 45.5 0 0 97.66 0 0 0 0.02 0 0 0 38.1 0
66	0 73.86 0 0 0 0 0 0 306.9 0 0 0 0 0 0 78.24 0 0 0 0
67	0 0 0 106.1 57.4 0 0 0 0 0 0 0 0 0 0 0 0 0 0 78.5
68	0 0 0 303.9 0 0 0 0 0 0 0 0 0 0 0 0 0 0.02 62.08 0
69	0.32 0 0 0 236.2 0 0.04 0 0 200.86 0 0 66.94 0 0 394.42 0 0 97.22 0
70	0 0 0 0 0 0 0 0 178.36 0 0 149.42 0 0 0 0 138.06 0 150.4 128.76
71	1.44 0 0 0 148.04 0 0 0 0 52.6 0 0 0 0 0 364.44 0 0 0 75.52
72	0 0 0 0 185.2 0 0 39.3 0 0 0 0 0 0 0 0.02 0 0 0 108.44
73	0 0 0 0 229.5 0 0 0 0 0 0 0 0 0 0 0 0 0 0 125.5
74	0 0 0 21 0 0 0 0 0 0 0 0 0 0 0 0 0 0 0 0
75	0 0 0 0 0 0 0 0 0 0 0 0 0 0 0 0 0 0 0 15.02
76	28.56 0 0 0 0 0 0 0 0 0 2.12 0 115.3 0 0 0 0 0 0 0
77	0.06 88.1 0 0 226.04 0 0 0 0 0 0 80.54 0 0 0 43.26 0 0 0 0
78	0 0 0 0.06 0 0 0 0 0 0 0 0 0 0 0 0 0 0 0 61.96
79	5.34 0 0 213.16 0 0 0 0 0 131.76 0 135.12 201.66 0 0 245.38 0 0 127.56 0
80	0.02 0 0 108.36 0 0 0 0 2.86 0 0 0 0 0 0 0 0 0.04 0 31.72
81	0 0 0 0 0 0 0 102.52 0 0 143.62 0 79.88 0 0 14.98 0 0 0 0
82	0.88 0 0 321.24 18.76 0 0 0.02 0 0 0 32.48 0 0 0 305.44 0 57.8 0 61.4
83	3.68 0 0 0 90.46 0 0 0 0 0 31.08 0 0 0 0 133.42 194.46 0 134.88 0
84	0 0 0 0 0 0 0 0 0 0 0 0 20.74 0 0 22.26 0 0 0 0
85	0 0 0 0 127.94 0 0 0 0 0 0 30.9 0 0 0.02 0.02 0.12 0 0 0
86	60.08 0 0.06 0 0 0 0 0 69.34 0 96.3 0 0 0 0 0 225.18 0 0 0.04
87	0 0 0 0 0 0 0 99.06 0 11.56 52.28 152.3 0 0 0 109.8 0 0 0 0
88	0.06 0 0 0 189.4 0 0 0 219.72 0 0 0 0 0 0 190.66 0 0 0 0.16
89	0.02 1.8 0 206.5 0 0 0 0 0 0 86.12 0 0 0.02 0.04 0 88.68 276.3 224.5 0.02
90	0 114.24 0 0 0 0 0 0 51.94 0 0 0 70.82 0 0 0 0 0 0 0
91	0 33.66 0 0 0 0 0 0 0 0 119.5 0 0 0 0 103.52 0 0 0 153.32
92	0 0 0 0 0 0 0 0 7.06 0 0 0 246.16 0 0 0.02 10.9 52.86 0 0
93	0.06 0 0 0 0 0 217.04 114.28 0 0 0 0 0 12.62 0 0 0 0 0 0
94	0 0 0 48.9 109.52 0 0 0 0 0 0 0 0 0 0 0 0 0.02 0 194.56
96	0 0 0 276.42 0 0 0 0 0 0 33.42 0 0 0 0 213.74 0 176.32 179 0.1
97	0.1 0 0 0 184.12 0 0 0 0 19.48 0 244.52 0 0 0 328.72 0 0.06 0 0
98	0.06 243.18 0 0 0 0 0 0 0 30.42 0.02 342.74 24.08 0 0 273.6 0 215.1 240.48 0.34
99	62.58 0 0 0 0 0 0 35.88 0 59.92 0.02 0 0 0 0 83.72 0 0 0 283.9
100	72.28 92.14 0 0 0 0 283.14 0 0 0 0.26 143.64 129.76 557.6 0 0 0 241.46 208.64 0.04
101	0 180.94 0 0 0 0 0 0 0 0 0 0 0 0 0 22.06 0 0 0 0
102	0 0 0 0 0 0 0 0 0 0 0 0 0 0 0 0 0 0 0 118
103	0 0 0 0 0 0 0 0 0 0 0 0 0 5.72 0 18.28 0 0 0 0
104	0 0 0 0 0 0 0 0 0 0 0 0 2 0.36 0.24 0 0 0 0.4 0
105	0.02 0 0 0 0 0 0 0 0 0 0 0 0.02 0 87.04 0 0 0.04 0 78.88
106	0.02 37.58 0 0 0 0 0 0 25.9 0 0 0 0 93.5 0 0 0 0 0 0
107	0 0 0 0 0 0 0 0 0 0 0 0 0 0 66.34 0 53.66 0 0 0
108	5.18 0 0 0 0 0 0 28.84 0 0 0 0 68.58 64.22 0 0 0 0 0 0.18
109	0 69.18 0 0 0 0 0 0 0 0 0 0 111.04 106.68 0.04 59.04 0 0 0 33.02
110	0 0 0 0 0 0 0 0 0 0 0 0 0 0 0 0 0 0 0 60.02
111	1.22 0 0 0 0 0 0 0 230.88 0 0.02 0 0 293 211.52 2.4 0.06 0 0 7.88
112	0 0 0 0 0 0 0.02 0 4.52 0 0 0 0 0 0 0 0 0 0 29.46
113	0 0 0 0 0 0 0 0 0 0 33 0 0 0 0 0 0 0 0 0.04
114	0 0 0 0 0 0 0 0 0 0 97.68 0 0 0 0 0 0 0 131.28 0
115	0.58 0 0 0 0 0 0 0 0 13.08 0 0 0 0 0 0 0 0 0 36.34
117	0.14 0 0 0 0 0 0 0 0 0 0 81.24 231.48 382.28 261.66 159.42 0 0 0 0.82
118	0 0 0 0 0 0 0 0 0 0 0 0.04 0 137.86 469.28 110.56 0 0 0 35.22
119	0 12.98 0 0 0 0 0 0 2.02 0 0 0 0 0 0 0 0 0 0 0
120	0 0 0 0 0 0 0 0 0 0 0 0 0.8 0 115.26 0 0 0 0 9.96
121	0.62 0 0 104.62 0 0 0 0.18 0.02 0.1 0 0 41.6 270.76 417.2 224.32 0 0 80.88 0.68
122	0 0 0 22.46 0 0 0 15.44 0 0 0 0 143.46 1.64 0 0 0 0 0 0
125	0 0 0 0 82.16 0 0 0 0 0 0 0 0 177.12 306.46 117.26 0 0 0 0
126	0 0 0 0 0 0 0 0 79.78 0 0 0 0 238.52 0 0 0 0 0 3.72
127	0.48 42.02 0 16.82 0 0 69.86 0 0 89.08 124.4 233.82 0 473.18 0 0 0 391.32 0 0
128	0 0 0 0 0 0 0 0 0 0 0 0 160.54 0 0 0 0 0 0 25.48
129	0.56 0 0 0 0 0 237.56 0 0 0 0 0 109.84 49.98 0 0 0 0 0 0.04
130	0.02 0 0 0 0 0 0 22.74 0 0.08 0 0 0 3.44 7.7 0 0.02 0 0 0
131	205.8 0 0 0 0 0 0 40.32 0 41.04 0 0 0 0 0 0 0.04 0 0 31.8
132	189.28 0 0 0 45.32 0 0 0 0 0 163.1 0 0 0 0 317.86 0 0 0 85.44
133	198.1 0 0 0 0 0 0 0 0 68.76 0 0 0 0 0 189.5 0 0 0 56.64
134	253.42 0 0 0.04 0 0 0 0 0 77.46 185.68 55.46 0 0 0 0 0 109.94 0 0
135	23.6 6.94 0 0 0 0 0 0 0 205.82 147.14 0 0 0 0 147.86 0 145.82 129.96 0.88
136	215.72 0 0 0 0 0 0 0 0 8.96 0 0 0 0 0 96.92 0 37.88 0 0.54
137	0.22 0 0 0 0 0 367.52 0 0 0 0 0 0 0 0 0 148.22 0 0 0
138	10.38 28.62 0 0 0 0 0 0 0 0 0 0 0 0 0 0 0 0 0 0
140	0 0 0 0 0 0 0 0 0 0 0 0 0 0 0 0 0 0 0 135
141	0 0 0 0 0 0 0 0 0 98.48 0 0 0 0 0 0 0 0 0 88.54
143	59.22 0 0 0 1.68 0 0 92 0 0 0 0 0 0 0 372.78 0.2 0 0 170.1
144	0.1 0 0 0.04 0 0 0 0 0 0 0 0 228.72 0 0 230.72 0 177.72 112.7 0
145	0 128.98 0 0 0 0.02 0 0 0 0 0 0 0 0 0 0 0 0 0 0
146	0 0 0 0 0 0 0 0 0 0 0 0 0 14.54 0 0 10.38 0 0.02 0.06
147	0 0 0 0 0 0 0 0 39.54 0 0 0 110.98 158.86 185.86 0 0 0 0 22.76
148	0 0 0 0 0 0 0 0.04 0 0 0 0 37.16 0 294.8 0 0 0 0 0
150	0 0 0 0 0 0 136.2 0 0 0.02 41.66 0 138.48 133.62 0 0 0 0 0 0.02
151	28.9 0 0 0 0 0 0.14 0 0 0 0 0 0 329.9 93 157.22 0 0 149.98 186.88
152	29.9 0 0 0 0 0 0 61.7 0 139.38 0 0 0 0 0 0 0 0 0 0.02
153	65.36 0 0 0 0 0 0 0.34 0 169.34 44.24 90.74 0 0 0 0 0 0 257.42 142.56
154	0.4 0 0 0 0 0 0 96.78 0 60.42 50.72 0 0 0 0 0 0 0 186.12 143.56
155	36.4 80.6 0 0 0 0 0 0 0 0 0 0 0 0.02 0 0 0 0 0 133.96
156	0 0 0 0 0 0 0 0 0 0.02 62.5 0 270.62 0 0 0 0 0 161.86 0
157	0.8 0 0 0 124.44 0.02 0 0 0 48.9 0 186.84 0 0 0 0 0 0 0 0
158	0 16.76 0 0 0 0 0 0 0 0 0 0 0 0 0 0 0 0 0 104.24
159	0.02 34.46 0 0 138.82 0 0 0 0 0 0 0 82.66 0 0 0 0 0 0 0.06
160	0 0 0 0 0 0 0 127.28 0.02 0 0 69.68 0 0 0 0 0 0 0 0.02
161	0 0 0 260.24 112.66 0 0 0 0 0 0 84.96 0 0 0 161.12 0 0 0 0
162	120.7 0 0 0 0 0 0 0 103.58 0 0 0 0 0 0 81.72 0 0 0 0
163	0 0 0 41.96 0 0 0 0 0 166.94 54.36 0 4.74 0 0 0 0 0 0 0
164	0.04 320.98 0 0 0 0 0 0 0 0 0 0 0 0 0 136.56 0 0 12.42 0
166	45.56 0 0 0 0 0 0.56 0 0 0 149.92 0 0 0 0 0 0.02 0 24.86 0.08
167	0 0 0 0 0 0 0 0 1.04 0 0 0 0 0 0 0 0 0 0 147.96
168	48.56 0 0 0 68.02 0 0 0 0 187.74 0 0 138.2 0 0 106.16 0 0 378.1 79.22
169	0.02 0.08 0 0 0 0 0 0 0 0 67.88 0 0 0 0 0 0 0 369.42 1.6
170	117.38 0 0 0 0 0 0 0 0 0 87.66 0 0 0 0 0.02 182.94 0 0 0
171	0 0 0 0 0 0 0 0 0 0 0 0 0 0 0 0 131.76 0 64.22 0.06
172	0.1 0 0 245.92 0 0 0 0 0 0 52.36 0 0 0 0 417.98 0 248.48 225 28.16
173	71.12 0 0 0 0 0 0 0 0 0 0 0 110.54 0 0 290.36 0 79.52 352.42 95
174	6.5 0 0 101.36 2.16 0 0 0.44 0 163.1 2.68 0 156.6 0 0 421.12 0 344.78 149.22 0.04
175	0 0 0 0 0 0 0 147.88 0 127.86 0 0 0 0 0 0 59.28 0 311.98 0.02
176	0 131.92 0 107.08 0 0 0 0 0 0 0 0 67.26 0 0 244.48 0 222.78 116.46 0
177	13.68 0 0 166.56 0 0 0 0 0 127.18 0 0 0 0 0 0 0 120.58 0 0
178	120.4 0 0 0 0 0 0 0 0 106.48 0 0 0 0 0 0 0 12.78 129.4 45.98
179	2.38 70.68 0 0 0 0 0 0 0 77.66 282.34 89.64 86.82 0 0 0 28.44 0 0 0
180	0 0 0 0 0 0 0 0 0 133.42 140.08 300.04 0 0 0 0 0 129.34 0 0.14
181	1.46 0 0 170.18 0 0 0 0 0 54.14 0 0 0 498.76 113 291.22 0 195.88 217.34 0
182	0.02 0 0 0 50.88 0.04 0 55.72 0 0 2.98 188.96 114.26 0 0 0 0 305.14 0 0
183	8.18 222 0 0 0 0 0 0 0 49.32 0.06 0.06 0 0 0 156.76 0 339.36 163.26 0
184	0 186.3 0 57.56 0 0 0 0 0 0 0 0 69.14 0 0 0 0 0 0 0.02
185	53.78 210.3 0 0 0 0 0 0 0 212.18 0 0 0 0 0 49.36 83.86 138.5 0 0
186	0.04 0 0 79.12 128.76 0 0 0 0 215.1 0 91.14 0 0 0 0 0 0 213.12 8.76
187	0 0 0 14.82 0 0 0 0 0 157.48 15.44 160.28 0 0 0 0 0 296.94 0 0
188	0.16 0 0 0 143.4 0 0 0 0 71.28 16.34 105.12 0 0 0 0 0 98.04 66.66 0
189	0 0 0 0 0.1 0 0 0.12 0 0 0 0 0 0 0 0 0.04 0 205.74 0
190	42.96 0 0 0 0 0 0.02 0 0 0.04 183.76 0.32 0 0 0 0 115.64 62.4 0 3.88
192	133.9 0 0 0 0 0 0 71.66 0 0 9.9 191.52 0 0 0 0 0 0 0 0
193	0.32 0 0 0 0 0 0 0 0 193.78 0 131.36 0 0 0 59.44 0 86.1 0 0
194	0.02 0 0 0 0 0 0 0 0 427.7 0 133.26 0 0 0 36.82 0 103.2 114.68 0.34
195	0.06 0 0 260.62 0 0 0 0 0 0 12.66 0 0 0 0.02 246.86 0 238.56 192.12 0.08
196	0.84 0 0 0 152.02 0 0 0 0 53.52 47.12 180.62 0 0 0 250.74 0 0 107.14 0
197	188.14 0 0 0 0 0 0 0 0 107.58 106.16 228.28 0.02 0 0 59.88 14.78 73.52 0 3.68
199	0 0 0 0 0 0.02 0 0 0 365.88 130.72 0 0 0.02 0 0 0 52.32 0 0
200	0 316.44 0 0 0 0 0 0 0.1 0 0 157.52 0 0 0 67.56 0 0 84.36 0.02
201	0 120.12 0 0 0 0 0 0 0 0 0 0 83.44 0 0 0 0 0 74.44 0
202	0 0 0 0 188.38 0 0 0 0 130.96 0 118.8 0 0 0 188.98 0 0 167.04 56.88
204	6.32 0 0 0 140.12 0 0 0 55.84 127.84 0.02 221.14 43.46 0 0 208.92 0 0 213.6 54.7
205	0 0 0 0 0 0 0 0 0 377.54 0.8 0 0 0 0 0 0 57.66 0 0
206	0 0 0 0 0 0 0 0 0 0 40.3 0 49.56 0 0 0 0 0 41.14 0
207	0 0 0 0 0 0 0 0 0 0 0 0 0 0 0 25 188 0 0 0.02
208	0 0 0 0 0 0 0 84.34 0 236.68 0 0 0 0 0 0 0 0 117.62 204.34
209	0 0 0 0 0 0 0 111.46 0 111.02 0 0 0 0 0 0.28 0 0 355.96 2.32
210	0.94 0 0 214.94 0.38 0 0 0 0 77.14 0 90.48 0 0 0 270.54 0 156.94 142.84 106.78
211	0 0 0 0 0 0 0 53.46 0 443.64 0 62.58 0 0 0 0 0 0 96.3 0
212	106.02 0 0 0 0 0 65.74 0 0 0 0 77.2 0 0 0 0 0.2 0 3.62 0.26
213	83.12 0 0 0 0 0 0 0 0 0 0 0 0 0 0 56.92 285.92 0 0 0
214	0.04 84.78 0 0 0 0 0 0 0 0 76.06 0 0 0 0 62.26 0 0 69.86 0
215	0.02 0 0 0 202.2 0 0 0 0 128.4 0 126.5 0 0 0 151.88 0 0 0 0
218	0.1 291.62 0 0 0 0 0 0.06 0 0 0 113.68 55.46 0 0 0 0 0 0 0.08
219	0.02 288.98 0 0 0 0 0 0 0 0 0 0 0 0 0 0 0 0 0 0
220	0 0 0 0 0 0 0 0 72.8 0 0 0 0 0 101.2 0 0 0 0 0
221	0 0 0 0 0 0 0 84.4 0 0 50.6 0 0 92.9 0 0 0 0 0 0.14
222	0.36 0 0 85.38 0 0 0 0 0 0 0 0 0 344.02 194.88 208.98 0 0 180.34 0
223	0.44 0 0 0 0 0 0 66.3 0 0 0 294.74 0.6 0 0 0 0 0 80.4 1.52
224	0 0 0 0 0 0 76.96 0 0 0 0 0 0 0 0 0 59.04 0 0 0
225	0 0 0 0 0 0 0 0 0 0 0 0 0 0 139.98 27.58 0 0 0 77.44
226	0 0 0 340.04 106.94 0 0 0 0 0 0 0 0 0 0 0 0 0 0 0.04
227	0.06 0 0 231.02 0.02 0 0 0 0 0 0 0 0 0 0 160.88 0 0 0 0
228	0 0 0 207.86 0 0 0 0 0 0 0 0 0 0 0 312.02 0 70.48 149.48 0.16
229	0.06 0 0 197.9 80.06 0 0 0.02 0 0 0 0 0 0 0 130.12 0 24.84 0 0
230	0 0 0 264.38 0.38 0 0 0 0 0.02 0 0 51.04 0 0.08 224.84 0 0 0.26 0
231	0 40.86 0 215.86 0 0 0 0 0 0 0 0 0 0 0 46.28 0 0 0 0
232	0 0 0 127.24 119.58 0 0 0 0 0 0 0.04 0 0 0 0 0 0 0 0.14
233	0.02 0 0 325.96 0 0 0.02 0 0 0 0 0 0 0 0 0 0 0 0 0
234	0 316.4 0 0 0 0 0 0 0 69.62 2.5 184.16 0 0.08 0 114.46 0 165.78 0 0
235	0 82 0 0.02 0 0 0 0.1 0 0 0 0 98.3 229.52 11.02 0 0 0 0 90.04
236	0 0 0 0 0.04 0 126.16 0 0 0 0.02 0 21.62 0 0 0 0 0 0 0.24
237	0 0 0 0 0 0 0 0 111.44 0 0 237.76 0 455.94 248.54 102.24 0 0 0 0
238	0 0 0 0 0 0 0 163.88 0 158.84 127.82 259.2 0 0 0 0 0 0 0 89.26
239	0 0 0 0 281.88 0 0 0 0 49.12 0 0 0 0 0 0 0 0 77 0
241	0 151.96 0 0 0 0 0 0 76.28 0 0 0 0 0 0 99.3 0 67.46 0 0
242	0.28 0 150.48 0 0 0.02 219.22 0 0 0 0 0 0 0 0 0 0 0 0 0
243	0.02 0 0 0 0 195.4 0 0 5.32 0 0 0 0 0 37.74 0 0 0 0 18.52
244	0 0 0 0.24 0.02 0 0 0.04 0 0 0 0 0 124.22 0 0 0 0.48 0 0.02
245	0 0 125.34 0 0 306.32 0 0 0 0 0 0 0 106.4 0 41.78 0 3.1 0 0.04
246	0 0.08 0 0 37.32 0 193.72 0 0 0 0 0 0 117.86 0 0 0 0.02 0 0
247	0 0.16 0 0 0 0.02 0 0 0 0 0 0.06 0 0 0.06 0.16 0 0 0 7.54
248	0 0 0 0 0 0 0 0 0 0 0 0 107.42 253.9 0 0 51.4 0 56.28 0
249	0 0 0 0 0 0 0 0 0 0 0 0 172.28 146.04 0 0.02 0 0 0 4.66
250	0.08 0 0 0 0 0 0 0 0 0 0 0 205.42 252.1 0 48.02 0 0 50.38 0
251	0 0 0 0 0 0 0 0 0 0 90.52 0 0 92.44 0.04 0 0 0 0 0.02
252	0.02 0 0 0 0 0 0 0 0 0 0 0 0 79.82 233.08 71.06 0 0 0 0
253	0 0 0 0 0 0 0 1.58 0 0 0 0 0 67.42 0 0 0 0 0 0
254	0 0 0 0 76.5 0 0 0 0 0 0 0 10.38 35.52 0 0 0 0 0 1.64
255	0.02 0 0 0 0 0 0 0 101.82 0 0 0 0 305.78 90.34 0 0 0 0 0
256	0 0 0 0 0 0 0 0 0 0 30.24 0 0 15.6 0 0 0 0.02 0 0.14
257	0.2 0 0 0 0 0 0 0 0 0 0 0 60.06 453.72 137.86 119.26 0 0 112.9 0
258	0.72 0 402.76 0 0 294.36 15.42 0 0 0 0.08 0 0 373.76 0 213.38 0 140.8 98.72 0
259	0.06 0 60.54 0 0 240.86 0 0 0 0 0 0 0 0 0 0 0 0 0 54.54
260	0 0 0.18 0 0 221.08 0 0 0 0 0 0 51.02 0 0 9.72 0 0 0 0
261	0 0 0 0 0 73.66 0 0 0 5.34 0 0 0 0 0 0 0 0 0 0
262	0.04 19.04 132.2 0 0 0 31.7 0 0 0 0 0 0 0 0 0 0 0.02 0 0
264	0 0 0 0 0 223.78 0 0 0.04 0 0 0 0 0 0 0 6.12 0 0 0.06
265	0.02 0 0 188.4 0 0 0 0 0 0 0 70.3 60.96 0 0 287.74 0 133.58 0 0
266	0 0 0 0 0 77 0 0 0 0 0 0 0 0 0 0 0 0 0 0
267	0 0 8.58 22.42 0 0 0 0 0 0 0 0 0 0 0 0 0 0 0 0.02
268	0.04 0 319.9 0 0 60.38 210.6 0 0 0 0 0 103.3 28.12 0 0 40.64 0 0 0
269	57.18 0 605.08 0 0 0 145.88 24.46 0 0 128.48 0 0 4.92 0 0 0 0 0 0
270	12.1 0 145.94 0 0 153.36 56.6 0 0 0 0 0 0 0 0 0 0 0 0 0.02
271	0.02 0 96.72 0 0.04 333.82 0 0 0 0 0 0 0 24.88 0 0 0 84.56 1.64 0.3
272	0 0 585.8 0 0 0 0 0 27.78 0 0 0 0 0 0 0 0 57.4 0 0.02
273	0 0 0 0 0 0 0 0 0 0 0 73.42 307.86 274.72 0 0 0 0 0 0
274	36.14 0 0 0 0 0 0 0 0 0 0 29.4 0 70.06 307.46 84.92 0 0 0 0.02
275	0.1 0 0 0 0 0 156.24 0 133.8 0 0 0 0 270.26 0 120.86 149.7 0 0 0.06
276	0.14 0 0 0 0 0 0 0 0 0 0 256.14 51.26 478.12 0 0 87.32 0 0 0
277	0.02 0 0 0 0 0 205.96 0 0 0 0 0 0 0 0 0 0 0.02 0 0
279	22.94 0 0 0 0 0 0 0 0 0 0 0 0 59.04 0 0 0 0 0 0.02
280	0 0 0 0 0 0 0 0 0 0 0 0 0 0 195.66 0 14.24 0 0 0.1
281	0 0 0 0 0 0 0 0 0 0 0 50.18 2.18 25.7 265.92 0 0 0 0 0.04
282	0.02 0 0 0 0 0 0 0 0 0 0 1.7 64.18 245.68 279.38 105.86 0 0 0 0.16
283	62.9 0 0 0 0 0 299.66 0 0 0 0 0 0 80.92 0 95.44 0 0 0 0.08
284	0 0 0 0 0.76 0 0 0 11.08 0 0 129.42 0 93.42 256.28 0 0 0 0 0.1
285	0 0 0 0 0 0 420.44 0 0 0 0 0 0 0 0 0 126.3 0 0 0.24
286	51 0 629.54 0 0 0 277.8 0 0 74.72 51.82 161.34 0 171.74 0 0 0 0 0 0.02
287	0.08 0 0 0 0 0 245.9 0 0 0 0 0 0 0 0 0 0 0 0 0
290	0 0 0 0 0 0 0 0 0 0 0 0 0 59.04 82.86 0 0 0 0 106.12
291	8.58 0 0 0 107.14 0 0 0 0 0 0 0 0 229.22 0 0.04 0 0 0 0
292	0 0 226.68 0 0 107.32 0 0 0 0 0 0 0 0 0 0 0 0 0 0
293	0.02 0 0 0 0 0 75.58 0.04 0 0 0 0.46 104.92 252.98 0 0 0 0 0 0
294	25.42 0 129.18 0 0 475.82 0 0 0 0 0 0 48.36 249.82 111.58 138.32 0 0 0 16.5
295	0.04 0 0 0 0.1 25.48 0 0 0 0 0 0.04 0 30.38 161.96 0 0 0 0 0
296	0 0 0 0 0 5.76 9.24 0 0 0 0 0 0 0 0 0 0 0 0 0
297	0 0 0 0 0 0 151 0 0 0 0 0 0 0 0 0 0 0 0 0.02
298	0 0 0.02 0 0 0 0 0.02 0 0 0 0 0 321.66 197.22 0 0 0 99.06 0.02
299	0.5 0 0 0 0 143.46 0 0 0 0 0 0 0 0 0 0 0 0 0 0.04
300	9.64 0 258.6 0 0 575.5 0 0 0 0 0 0 0 226.28 0 144.36 0 33.44 0 0.18
301	0.04 0 348.96 0.02 0 94.08 0 0 56.68 0 0 0.28 0 96.92 0 0 0 0 0 0
302	0.08 0.02 700.98 0 0 0 0 0 0 0 53.02 50.34 0 56.76 0 0 0 136.8 0 0
303	0.04 0 327.12 0 0 0 0 0 0 0 0 0 0 0 0 0 54.8 0 0 0.04
305	0 0 261.98 0 0.02 0 0 0 0 0 0 0 0 0 0 0 0 0 0 0.02
306	25.8 0 225.36 0 0 0 0 42.82 0 0 0 0 0 0 0 0 0 0 0 0
307	0.2 0 224 0 0.02 237.68 0 0 0 0 0 0 0 0 0 0 0 16.1 0 0
308	0.12 0 0 0 0 56.58 20.3 0 0 0 0 0 0 0 0 0 0 0 0 0
309	0 0 36.42 0 0 0 0 0.02 0 0 0 0 0 0 0 0 0 24.54 0 0.02
310	0 0 351.34 0 0 0 0 0 0 0 0 49.64 0 0 0 0 0 0 0 0.02
311	0 0 184.88 0 0 0 0 0 0 0 0 0 0 0 0 0 14.1 0 0 0.04
312	0 0 210.96 0 0 0 0 0 0 0 0.02 0 0 0 0 0 0 0 0 0
313	0.02 0 631.88 0 0 214.98 0 0 41.96 0 0 14.14 0 98.64 0 168.28 0 0 0 0.1
314	0 0 4 0 0 0 0 0 0 0 0 0 0 0 0 0 0 0 0 0
315	0.02 0 533.96 0 0 0 0 0 0 0 0 0 0 0 0 0 0 0 0 0.02
316	1.08 0 387.9 0 0 0 0 0 0 0 0 0 0 0.02 0 0 0 0 0 0
288	0.14 153.44 292.62 0 0 371.14 0 0 0 0 0 0 189.02 267.88 0 0 0 0 50.76 0
317	0.08 0 0 0 0.04 0 0 78.26 0 0 0 193.16 0 0 0 0 0 37.46 0 0
318	0.18 0 0 0 0 0 0 0 0 73.72 95.24 483.74 0 0 0 263.06 0 0 107.06 0
319	0.04 0 214.42 0 0 0 196.9 0 23.64 0 0 0 0 0 0 0 0 0 0 0.02
320	0 52.7 0 0 0 20.28 0 0 0 0 0 0 0 0 0 0 0 0 0 0
321	0.02 0.02 176.72 0 0 106.3 0 0 41.06 0 0 44.72 0 73.12 0 0 0 0 0 0.06
322	5.98 0 41 0 0 373.14 0 0 40.32 0 0 0 0 48.52 0 0 0 0 0 0.02
323	0 0 0 0 0 397.54 0 0 0.68 0 0 0 0 109.08 0 50.1 0 0 0 0.62
324	0 0 70.02 0 0 79.1 106.16 0 0 0 55.7 0 0 0 0 0 0 0 0 0
325	0 0 0 0 0 168.14 98.82 0 0 0 0 0 0 0 0 0 0 0 0 0.04
326	0 0 129.08 0 0 298.92 0 0 0 0 0 0 0 0 0 0 0 0 0 0
327	0.08 0 198.98 0 0 206.26 0 0 0 0 0 12 0 5.18 0 0 0 41.48 0 0.06
328	0 0 188.36 0 75.86 479.58 0 0 0 0 0 0.02 0 58.08 0 0 0 0 0 0.06
329	0.04 0 0 0 0 125.96 0 0 0 0 0 0 0 0 0 0 0 0 0 0
330	0 0 36.34 0 0 50.56 0 0.1 0 0 0 0 0 0 0 0 0 0 0 0
331	0 0 94.76 0 0 227.24 0 0 0 0 0 0 0 0 0 0 0 0 0 0
332	0.02 0 142.84 0 0 274.06 0 0 0 0 0 0 0 0 0.04 0 0 0 0 0.08
333	0 0 270.18 0 0 402.06 0 0 0 0 0 36.72 0 0 0 0 0 0 0 0
334	0 0 0 0 0 145.28 0 0 0 0 0 21.72 0 0 0 0 0 0 0 0
335	0 13.1 29.86 0 0 0 0 0 0 0 0 0 0.04 0 0 0 0 0 0 0
337	0 0 42 0 0 0 0 0 0 0 0 0 0 0 0 0 0 0 0 0
338	0 0 46.82 0 0 124.02 0 0 0 0 0 14.16 0 0 0 0 0 0 0 0
339	0.02 0 37.94 0 0 78.04 0 0 0 0 0 0 0 0 0 0 0 0 0 0
340	0.02 0 462.2 0 0 27.62 0 0 0 0 0 0 0 0 0 0 69.16 0 0 0
341	0 0 25.42 0 0 0 0 0 0 0 0 0 0 0 0 0 0 0.58 0 0
342	0 0 101.02 0 0 0 0 0 0 0 0 0 34.98 0 0 0 0 0 0 0.02
343	0 0 0.16 0 0 255.9 0 0 0 0 0 0 0 0 0 23.92 0 0 0 0
344	0 0 153 0 0 0 0 0 0 0 0 0 0 0 0 0 0 0 0 0
345	0 0 175.64 0 0 0 19.36 0 0 0 0 0 0 0 0 0 0 0 0 0.02
346	0 0 276.78 0 0 0 0 0 0 0 0 0 58.44 0 0 0 0 30.76 0 0
348	0 0 0 0 0 72.98 0 0 0 0 0 0 0 0 0 0 0 0.02 0 0
349	0 0 38.84 0 0 21.16 0 0 0 0 0 0 0 0 0 0 0 0 0 0
350	0 0 51.4 0 0 56.58 0 0 0 0 0 0 0 0 0 0 0 0 0 0.02
351	0 0 0 0 0 46 0 0 0 0 0 0 0 0 0 0 0 0 0 0
352	0 0 32 0 0 0 0 0 0 0 0 0 0 0 0 0 0 0 0 0
353	0 0 0 0 0 15 0 0 0 0 0 0 0 0 0 0 0 0 0 0
354	0.1 0 152.44 0 0 60.42 0 0 0 0 0 0 0 0 0 0 0 0 0.04 0
355	0 0 0 0 0 86.64 0 0 0 0 0 0 0 0 0 0 0 0 0 0.38
356	0 0 0 0 265.98 0 0 0 0 0 0 0 0 0 0 0 0 0 0 0
357	0.04 0 0 0 0 0 0 0 0 303.84 53.76 322.42 0 0 0 0 0 138.98 116.72 16.24
360	0 0 32 0 0 0 0 0 0 0 0 0 0 0 0 0 0 0 0 0
361	0 0 24.96 0 0.04 0 0 0 0 0 0 0 0 0 0 0 0 0 0 0
42	0.46 0 0 0 0 0 0 0 0 0 78.62 0 236 0 0 0 0 0 132.36 20.56
95	0.44 0 0 64.42 0 0 0 0 0 0 0 60.74 0 0 0 243.68 0 0 30.56 267.16
139	0 0 0 34.1 0 0 0 0 0 0 0 0 0 0 0 0 0 0 0 95.94
216	0.04 0 0 0 32.12 0 0 0 169.28 126.8 0 166.62 0 0 0.02 265.18 0 0 150.9 0
363	0 17.2 0 0 0 2.46 0 0 0 0 0 0 69.34 0 0 0 0 0 0 0
364	0 0 0 77 0 0 0 0 0 0 0 0 0 0 0 0 0 0 0 0
365	0 0 0 0 100.56 0 0 0 0 0.02 0 0 0 0 0 22.42 0 0 0 0
368	0 0 0 39.28 0 0 0 0 0 0 0 0 0 10.6 0 0 0 0.06 2.06 0
369	0 0.02 0 0.2 0 0 0 0 0 0 0 0 42.42 0 88.36 0 0 0 0 0
370	0 0 0 0 0.02 0 40.42 0 0 0 0 0 19.84 0 0 0 0 0 0 26.72
371	0.02 0 0 0 0 0 0 0 0 0 0 119.12 0 0 0 40.86 0 0 0 0
372	0 0 0 0 0 0 0 46.78 0 0 0 0 0 0 0 0 0 0 47.22 0
373	0 0 0 87.98 0 0 0 0 0 0 0 0 0 0 0 0 0 0 0 0.02
374	0 0 0 8.08 0 0 0 0 0 0.02 0.02 0 0 0 3.54 0 0 0 0 9.34
375	0 0 0 0 10.92 0 0 0 0 0 0 0 0 0 0 21.08 0 0 0 0
376	0 0 0 0 0 0 0 0 0 0 0 0 0 0 0 0 0 0 0 56
377	0 0 0 0 0 0 0 0 0.18 0 0 0 0 0 17.32 0 0 0 0 7.5
378	70.14 0 0 0 0.26 0 0 0 0 0 0 0 0 0 0 122.24 0 0 0 126.36
379	0.02 98.9 0 0 0.08 0 0 0 0 0 0 0 0 0 0 0 0 0 0 0
380	0.02 0 0 0 190.16 0 0 0 0 0 0 0 0 0 0 118.82 0 0 0 0
381	0 0 0 0 0 0 0 163.08 0 0 0 69.58 0 0 0 0 0 0 0 36.34
382	0 0 0 0 0 0 0 0 0 44.74 81.12 37.58 0 0 0 0 120.3 0 0 45.26
383	0 16.58 0 0 0.2 0 0 0 0 0 0 0 0 0 0 0 0 0 0 39.22
384	0 0.28 0 148.72 0 0 0 0 0 0 0 0 0 0 0 0 0 0 0 0
385	5.32 0 0 289.66 234.52 0 0 0 0 0 0 0 0 0 0 0 0 89.24 0 0.26
386	0 152.06 0 0 0 0 0 0 0 28.7 0 0 0.04 0 0 0 0 0 0 20.2
387	0 0 0 0 0 0 0 0 98.64 0 0 0 0 0 0 0 81.36 0 0 0
388	0 0 0 50.54 0.46 0 0 0 0 0 0 0 0 0 0 0 0 0 0 0
389	0 41.84 0 0 0 0 0 0 0 0 0 0.02 0 0 0 27.12 0.02 0 0 0
390	0 0 0 11.64 0 0 0.02 0 0 0 15.34 0 0 0 0 0 0 0 0 0
391	0.1 0 0 136.9 0 0 0 0 0 0 0 0 0 0 0 0 0 0 0 0
392	0.02 0 0 0 173.94 0 0 0 0 0 0.04 0 0 0 0 23 0 0 0 0
393	0.08 0 0 0 158.56 0 0 0 59.18 0 0 0 0 0 0 80.94 0 0 0 236.24
394	0 0 0 0 33 0 0 0 0 0 0 0 0 0 0 0 0 0 0 0
395	0 0 0 0 0 0 0 0 0 0 0 0 0 0 0 0 0 0 0 110
396	0.08 70.5 0 0 0 0 0.02 59.08 0 0 0.02 0 0.3 0 0 0 0 0 0 0
397	0 0 0 25 0 0 0 0 0 0 0 0 0 0 0 0 0 0 0 0
398	0 19.64 0 0 0 0 0 0 0 0 0 3.5 0 0 0 10.86 0 0 0 0
399	0.02 0 0 139.7 0 0 0 0 0.2 0 0 0 0 0 0 0 0.02 0 0 100.06
400	0 0 0 0 0 0 0 0 3.06 0 0 0 0 0 0 39.94 0 0 0 0
401	0 0 0 0 0 0 0 0 0 0 0 0 25.36 0 0 0 0 0 0 136.64
402	0.12 0 0 0 242.44 0 0 0 136.34 0 0 0 0 0 0 106.98 0 0.06 0 8.08
403	0.06 0 0 256.32 258.2 0 0 0 0 0 0 0 47.4 0 0 0 0 0 0 0
405	0 0 0 0 0 0 0 0 0 0 0 0 128.42 198.28 404.66 189.64 0 0 0 0
407	0 0 0 32.3 0 0 0 0 0 0 0 0 0 0 50.7 0 0 0 0 0
408	0.02 0 0 0 0 0 0 0 0 0 0 0 0 112.64 0 0 0 0 307.32 0.02
409	0.06 0 0 0 0 0 0 0 0 0 0 0 0 0 109.28 0 0 0 0 59.66
410	0.04 0 0 0 0 0 0 0 32.78 0 0 0 235.9 156.28 0 0 0 0 0 0
411	0.04 0 0 0 0 0 0 0 0 0 0 0 89.62 159.08 0 0 0 0 0 141.28
413	0 94.66 0 0 0 0 0 0 0 0 0 0 0 0 29.32 0 0 0 0 0
414	61.9 0 0 0 0 0 0 0.32 0 116.76 0 0 0 0 0 0 0 0 0 0.04
415	0 32.28 0 0 0 0 0.02 0 13.68 0 0 0 0 0 0 0 0 0 0 0
416	44.16 0 0 0 0 0 0 0 0 0 0 0 0 0 0 0 0 0 0 123.86
417	1.06 0 0 0 0 0 0 0 0 0 0 0 0 0 0 0 0 0 0 177.92
418	21.9 0 0 0 0 0 0 0 0 0 0 0 0 0 0 71.36 0 0 0 275.74
419	0.42 18.56 0 0 0 0 0 29.16 0 137.84 0 0 0.02 0 0 254.76 0 0 0 96.26
420	0.02 0 0 0 0 0 0 0 0 0 0 0 0 0 0 0 0 0 0 248.96
421	0.14 0 0 0 84.72 0 0.12 109.76 0 0 43.46 0 0 0 0 0 0 0.06 81.74 0
422	0 16.82 0 0 0 0 0 0 0 0 0 0 0 0 7.42 0 0 0 0 34.8
423	0.82 0 0 0 126.06 0 0 0 0 103.62 159.22 137.46 0 0 0 349.86 0 0 0 61.92
424	0 11.48 0 0.04 0.02 0 0 0 0 0 0 0 0 0 10.46 0 0 0 0 0
426	0 0 0 0 52.54 0 0 0 0 0 0 0 0 0 0 0 0 0 16.46 0.02
427	234.78 32.84 0 0 0 0 0 0 0 0 123.66 0 0 0.14 0 203.56 0 133.54 14.44 0.04
428	0 0 0 0 0 0 0 0 0 102.42 178.88 0 0 0 0 0 10.86 0 0 73.82
429	0.02 0 0 0 0 0 0 0 0 140.02 0 0 0 0 0 28.86 29.36 108.72 0 0.04
430	0 0 0 0 0 0 0 0 0 280.04 0 0 0 0 0 0 42.94 0 0 0
431	0 44 0 138.18 103.26 0 0 0 0 0 0 0 0 0 0 0 0 13.4 114.08 0.08
432	9.58 0 0 0 0 0 0 41.24 0 161.62 0 0 0 0 0 106.8 0 0 0 202.76
433	0 0 0 0 179.98 0 0 160.48 0 0 0 0 0 0 0 0 0 18.66 166.86 0.04
435	0 0 0 48.72 0 0 0 0 0 393.08 0 157.7 0 0 0 0 0 0 75.48 0
436	0 280.74 0 0 0 0 0 0 0 0 0 0 0.02 0 0 0 0 0 14.24 0
437	0 3.98 0 0 0.02 0 0 0 0 0 0 0 0 0 0 0 0 0 0 0
438	0 4 0 0 0 0 0 0 0 0 0 0 0 0 0 0 0 0 0 0
439	0 4.98 0 0 0 0 0 0 0 0 0.02 0 0 0 0 0 0 0 0 0
440	0 14 0 0 0 0 0 0 0 0 0 0 0 0 0 0 0 0 0 0
441	0 53.9 0 41.52 0 13.58 0 0 0 0 0 0 0 0 0 0 0 0 0 0
442	0 0 0 0 0 0 0 0 0 0 0 0 0 0 0 0 0 0 0 5
443	144.72 268.74 0 0 0 0 0 0 0 0.12 0 70.86 0 0 0 0 0 0.56 0 0
444	0 109 0 0 0 0 0 0 0 0 0 0 0 0 0 0 0 0 0 0
445	0 73 0 0 0 0 0 0 0 0 0 0 0 0 0 0 0 0 0 0
446	0 18 0 0 0 0 0 0 0 0 0 0 0 0 0 0 0 0 0 0.02
447	0.18 289.04 0 0 0 0 0 73.76 0 0 0 0 0 0 0 0 0 0 0 0
448	36.34 211.64 0 0 0 0 0 0 0 0 0 0 0 0 0 0 0 0 0 0.02
449	0 0 0 187.76 0 0 0 0 0 0 0 0 0 0 0 76.2 0.04 0 0 0
450	0 60.06 0 0 0 0 0 0 0 0 0 0 0 0 0 67.94 0 0 0 0
451	0 0 0 0 138.36 0 0 0 146 0 0.06 0 0 0 0 17.14 0.3 0 0 123.14
452	0.3 0 0 98.48 0 26 0 0 0 0 0 0 28.2 0 0 0 0 0 0 0.02
453	0 0 0 0 0 0 0 10.12 0 0 0 0 0 0 13.56 0 0 0 0.32 0
454	0 16.96 0 0 0 0 20.62 0 0.12 0 0 0 0 0 0 0 0 0 0 5.3
456	0 0 0 0 0 0 0 0 0 0 0 0 0 0 89 0 0 0 0 0
457	0 0.04 0 0 0 34.02 0 0 0 0 0 0 0 1.3 0 0.08 0 0 0 0.56
7	0.02 181.56 0 0 0 0 0 0 0 0 0 0 149.06 443.18 0 0 43.6 131.66 239.92 0
124	93.14 0 0 0 0 0 320.8 0.02 0 0 0 32.48 0 103.06 0 0 85.5 0 0 0
165	0 0 0 0 0 0 0 0 0 0 119.22 0 0.02 0 0 0 76.82 0 0 3
191	36.46 0 0 0 0 0 0 0 0 186.64 147.62 271.1 0 0 0 189.82 0 0 151.7 1.62
203	115.58 0 0 0 40.58 0 0 0 0 0.04 11.24 154.16 150.58 0 0 69.16 0 27.6 0 0.04
304	0.02 0 284.68 0 0.06 0 0 0 0 0 0 0 0 82.26 0 54.96 0 0 0 0.02
367	0 0 0 0 132.8 0 0 114.72 89.54 0 0 0 97.22 0 0 0 0 0 0 25.72
425	0 0 0 0 63.6 0 0 0 0 0 207.4 0 0 0 0 0 0 0 0 0
458	0 0 0 0 0 0 105.22 0 0 0 0 39.24 0 0 82.4 0 0 0 0 0.14
459	16.58 0 0 0 2.86 0 0 0.06 0 0 0 0 0 17.58 29.92 0 0 0 0 0
460	0 0 0 0 0 0 0 0 0 0 0 0 0 4.42 60.58 0 0 0 0 0
461	0.34 0 0 0 0 0 0 130.42 0 0 0 86.24 0 0 0 0 0 0 0 0
462	0 0 0 0 0 0 0 0 0 109.6 0 0 0 0 0 0 343.4 0 0 16
463	43.76 0 0 0 0 0 0 124.68 0 1.48 0 0 0 0 0 56.08 0 0 0 0
465	2.6 0 0 0 127.38 0 0 0 0 0 0 0 0 0 0.06 126.94 0 0 0.02 0
466	0 0 0 0 0 0 0 131.92 0 0 0 0 0 0 24.08 0 0 0 0 0
467	0.56 0 0 0 0 0 0 0 0.04 0 0 145.4 0 0 0 0 0 0 0 0
469	0.14 0 0 0 39.06 0 0 115.38 0.04 0 0 0 0 0 0 0 0 0 55.38 0
470	0 0 0 0 0 0 0 0 36.32 39.48 0 0 164.94 0 0 71.26 0 0 0 0
471	0 0 0 0 0 0 0 0 0 0 0 112.72 0 210.68 300.6 0 0 0 0 0
472	0 0 0 0 0 0 0 0 0 0 0 0 0 0 265.76 34.28 0.04 0 0 30.92
473	0.02 0 0 0 0 0 106.32 0 0 0 0.12 0 0 82.82 0 0 0 0 0 133.76
475	0.1 0 0 0 0 0 267.58 0 0 0 0 0 221.24 193.88 0 0 87.14 0 0 0.02
476	0 0 0 0 0 0 0 0 99.7 0 0.16 0 0 114.34 155.36 0 0 0 0 13.44
477	0 0 0 0 0 0 0.04 0 0 0 0 0 0 74.24 58.32 0 0 0 0 107.4
478	366 0 0 0 0 0 0 0 0 0 0 0 0 0 0 0 0 0 0 0
479	344.14 0 0 0.52 0 0 0 0 0 13.78 54.36 0 0 0 0 0 0 212.2 0 0
480	0.02 0 0 0 0 0 0 0 0 263.46 76.26 0 0 0 0 0 80.74 189.52 0 0
481	178.98 0 0 0 0 0 0 0 0 0 0 0 0 0 0 0 0 0 0 0.02
482	245.46 0 0 0 0 0 0 0 0 123.02 0 0 0 0 0 0 53.52 0 0 0.02
483	184.38 0 0 0 0 0 0 0 0 268.94 123.68 122.26 0 0 0 107.56 0 0 81.02 0.18
484	291.14 0 0 0 0 0 0 0 0 86.38 0 77.44 0 0 0 0 0 0 0 0
485	190.78 0 0 0 0 0 0 0 22.66 0 0 0 0 0 0 139.56 0 0 0 0
486	136.26 0 0 0 0 0 0 0 0.32 0 0 0 0 0 0 28.58 0 0 22.84 0
487	183.38 0 0 0 0 0 0 0 25.26 0 0 0 0 0 0 0 0 0 23.36 0
488	171.14 0.04 0 0 0 0 0 0 0 0 0 0 0 0 0 0 43.8 0 0 0.02
489	177.88 0 0 0 0 0 0 0 0 0.08 0 0 0 0 0 0 0 0.02 0 0.02
490	158 0 0 0 0 0 0 0 0 0 0 0 0 0 0 0 0 0 0 0
491	0 4.92 0 0 0 0 0 0 0 190.58 0 0 0 0 0 0 0 0 0 5.5
492	170 0 0 0 0 0 0 0 0 0 0 0 0 0 0 0 0 0 0 0
493	200 0 0 0 0 0 0 0 0 0 0 0 0 0 0 0 0 0 0 0
494	179.98 0 0 0 0 0 0 0 0 0 0 0 0 0 0 0 0 0 0 0.02
495	183.9 0 0 0 0 0 0 0 0 0 0 0 0 0 0 0 0 0 0.04 0.08
496	151.1 0 0 0 0 0 0 0 0 202.26 0 0 101.98 0 0 272.04 0 0 0 1.62
498	289.64 0 0 0 0 0 0 0 0 100.62 0 0 0 0 0 120.02 20.46 0 20.24 0
499	200 0 0 0 0 0 0 0 0 0 0 0 0 0 0 0 0 0 0 0
500	0 0 0 0 0 0 0 0 60.08 40.92 0 0 0 0 0 0 0 0 0 0
501	0.24 0 0 0 0 0 0 0 0 88.22 0 0 0 0 0 0 0 0 0 251.54
502	86.38 0 0 0 0 0 0 0 0 120.58 0 0 0 0 0 0 0 0 0 0.04
503	73.12 0 0 0 0 0 0 0 0 51.88 0 0 0 0 0 0 0 0 0 0
504	167.3 0 0 0 0 0 0 0.76 0 105.02 0 122.92 0 0 0 0 0 0 0 0
505	158.64 20.36 0 0 0 0 0 0 0 0 0 0 0 0 0 0 0 0 0 0
506	0.36 0 0 0 0 0 0 75.22 0 190.42 0 0 0 0 0 0 0 0 0 0
507	238.88 0 0 0 0 0 0 0 0 0 0 32.12 0 0 0 0 0 0 43.64 1.38
508	2.38 0 0 0 0 0 95.2 71.9 0 0 0 83.18 84.32 282.98 0 0 0 0 0 0.02
509	107.56 0 0 0.16 0 0 0 130.1 0 0 0 0 0 0 0 0.06 143.12 0 0 0
510	146.24 0 0 88.84 0 0 0 0 0 150.9 0 0 0.02 0 0 0 0 0 0 0
511	42.72 0 0 0 0 0 0 0 0 218.24 77.06 0 0 0 0 0 41.08 152.84 0 0.06
512	7.06 0 0 0 0 0 0 0 0 0 0 0 0 0 0 0 186.94 0 0 0.02
513	242.2 0 0 0 0 0 0 0 0 0 0 0 0 0 0 0 4.78 0 0 0
514	189.98 0 0 0 0 0 0 48.38 0 177.72 136.14 0 0 0 0 0 0 0 26.78 0
515	0 0 0 0 0 0 57.52 0 0 175.6 88.32 0 0 157.26 0 0 0 147.3 0 0
516	139.18 0 0 0 0 0 0 0 0 0 0 0 0 0 0 0 76.82 0 0 0
517	166 0 0 0 0 0 0 115 0 0 0 0 0 0 0 0 0 0 0 0
518	0.02 0 0 0.02 0 0 0 99.6 0 0 0 88.86 0 0 0 0 0 67.5 0 0
519	221.96 0 0 0 0 0 0 0 0 0 38.04 0 0 0 0 0 0 0 0 0
520	0.28 0 0 0 0 0.02 0 0 0 358.18 0 0 0 0 0 24.44 0 32.02 0 0.06
521	0 0 0 0 0 0 0 0 0 228.16 15.12 139.72 0 0 0 0 0 0 0 0
522	0 0 0 0 0 0 0 0 10.54 0 0 0 0 0 0 0 0 0 95.46 0
523	0.06 0 0 0 0 0 0 0 0 422.44 0 143.38 0 0 0 0 0 0 0 0.12
524	0 0.02 0 0 0 0 0 0 0 97.24 0 0 0 0 0 0 0 0 23.72 0.02
525	179 0 0 0 0 0 0 55.98 0 0 0 0 0 0 0 0 0 0 0 0.04
526	0.7 0 0 0 0 0 0 0 0 223.1 0 0 0 0 0 31.96 0 86.96 0 0.28
527	0.6 0 0 0 0 0 0 0 0.26 189.56 48.54 247.36 0 0 0 61.82 0 0 41.92 51.92
528	152.38 0 0 0 0.02 0 0 0 0 0 137.5 119.34 0 0 0 0 0 2.38 0 0.4
529	82.84 0 0 0 0 0 0 0 0 0 209.64 0 0 0 0 0 0 0 8.46 0.06
530	143.44 0 0 0 0 0 0 0 0 0 0 0 0 0 0 0 0 110.54 0 0
532	0 0 0 0.02 0 0 62.98 0 0 0 0 0 0 0 0 0 0 0 0 0
533	0 0 0 0 0 0 23.88 0 0 0 13.1 0 0 0.02 0 0 0 0 0 0
534	0 0 0 0 0 0 0 0 0 0 0 0 7.62 32.38 0 0 0 0 0 0
535	0 0 0 0 0 0 0 0 77.16 0 0 0 0.02 53.82 0 0 0 0 0 0
536	0 0 0 0 0 0 26.58 1.4 0 0 0 0 0 0 0 0 0.02 0 0 0
537	0 0 0 0 0 0 0 91 0 0 0 0 0 0 0 0 0 0 0 0
538	0 0 141.48 14.82 0 0 0 0 0 0 0 0 0 0 0 14.7 0 0 0 0
539	0 0 0 0 0 68.16 0 0 0 12.84 0 0 0 0 0 0 0 0 0 0
4	0 0 0 95.54 101.28 0 0 116.58 0 4.12 0 151.22 68.74 0 0 0 0 38.76 0 19.76
142	0.02 0 0 0 0 0 0 0 0 0 0 0 0 0 0 0 0 0 0 151
198	0 0 0 0 0 0 0 0 0 0 192.94 0 0 0 0 0 105.6 101.26 0 0.18
404	24.4 0 0 0 0 0 0 0 0 0 0 0 0 0 0 0 0 0 0 293.6
434	0 0 0 0 0 0 0 0 0 171.54 0 0 0 0 0 0 0 22.46 0 0
455	0.02 0 0 76.98 0 0 0 0 0 0 0 0 129.7 134.46 0 0 0 0 0 11.88
474	100.3 0.16 0 0 0.24 0 0 0 0 181.94 125.78 0 0 0 0 0 0 62.98 174.54 0.02
497	196 0 0 0 0 0 0 0 0 0 0 0 0 0 0 0 0 0 0 0
540	0 0 0 0 78.2 0 0 0 0 0 0 0 10.8 0 0 0 0 0 0 0
541	0 47.58 0 0 73.42 0 0 0 0 0 0 0 0 0 0 0 0 0 0 0
542	0.04 0 0 0 0 0 0 0 0 0 0 0 0 0 0 0 0 0 0 94.96
543	44.66 0 0 0 0 0 0 0 0 0 0 0 0 0 10.94 0 0 4.04 0 3.38
544	0 0 0 0 0 0 0 0 0 0 0 0 0 0 189.98 0 0 0 0 0
545	0 7.48 0 0 0 0 0 0 0 0 0 0 10.52 0 0 0 0 0 0 0
547	0 0 0 0 0 0 83.46 0 0 0 0 0 0 0 0 0 0 0 0 13.54
548	0 0 0 0 0 0 0 0 0 0 4.5 0 0 0 0 0 0 0 0 21.5
550	0.04 0 0 340.3 42.4 0 0 0 0 0 0 0 0.26 0 0 0 0 0 0 0
551	0 47.94 0 0 0 0 0 0 0 0 0 0 0.06 0 0 0 0 0 0 0
552	0 0 0 0 59.74 0 0 0 0 0 0 0 33.28 0 0 0 0 0 0 4.98
553	0 0 0 0 0 0 0 0 176 0 0 0 0 0 0 0 0 0 0 0
554	0.1 0.08 0 238.82 0 0 0 0 0 0 0 0 0 0 0 0 0 0 0 0
555	0.16 0 0 15.82 0 0 0 0 0 0 0 0 0 0 0 0 0 0 0.02 0
556	0 0 0 0 0 0 0 0 0 0 0 22.38 0 0 7.62 0 0 0 0 0
557	0 0 0 0 0 0 0 24.72 0 0 22.26 0 0 0 0 0 0 0.02 0 0
558	0 0 0 0 0 0 49.32 148.92 0 0 0 0 0 0 0 0 13.74 0 0 0.02
559	0.04 347.48 0 0 0 0 0 0.02 9.46 0 0 0 0 0 0 0 0 0 0 0
560	0 0 0 0 0 0 0 0 0 0 0 0 0 0 0 0 0 0 0 37
561	0 166.4 0 0 0 0 0 0 0 0 0 0 0 0 0 0 0 0 0 1.6
562	0 0 0 140 0 0 0 0 0 0 0 0 0 0 0 0 0 0 0 0
563	0 57 0 0 0 0 0 0 0 0 0 0 0 0 0 0 0 0 0 0
564	0 0 0 0 0 0 0 0 0 0 0 0 36.68 0 0 0 0 0 0 9.32
565	0 0 0 0 0 6.2 0 0 0 0 0 0 4.92 0 0 0 0 9.34 0 30.56
566	0 0 0 241.14 83.1 0 0 0 0 0 0 52.82 0 0 0 103.92 0 0 0 0
567	0 61 0 0 0 0 0 0 0 0 0 0 0 0 0 0 0 0 0 0
568	0.02 0 0 246.74 87.66 0 0 0 33.98 0 0 0 84.62 0 0 231.94 0 0 0 0.04
569	0 160 0 0 0 0 0 0 0 0 0 0 0 0 0 0 0 0 0 0
570	0.02 98.18 0 0 0 0 0 0 0 0 0 0 0 0 0 0 0.58 0 0 0.24
571	0.02 34.28 0.04 0 0 0 0.02 0 0 0 0 0 0 0 0.02 0 0 0 0 16.6
572	0 70.98 0 0 0 0 0 0 0 0 0 0 0.02 0 0 0 0 0 0 0
574	0 33 0 0 0 0 0 0 0 0 0 0 0 0 0 0 0 0 0 0
575	0 0 0 0 0 0 0 0.02 0 0 0 0 0 0 0 0 0 0 0 90.98
576	0 0 0 248.94 0 0 0 0 0 0 0 0 0 0 0 0 0 0 0 0.08
578	0 0 0 249.98 0 0 0 0 0 0 0 0 0 0 0 0 0 0 0 0
579	0 0 0 0 0 0 0 0 0 0 0 0 0 0 0 0 0 0 0 42
580	0 0 0 0 0 0 0 0 0 83.26 0.04 0 0 0 0 0 0.58 0 0 7.16
581	0 159.48 0 0 0 0 0 0.1 0 0 0 0 0 0 0 0 0 0 0 0.4
582	0.02 0 0 0 0 0 0 85.86 0 0 0 157.6 0 0 0 0 185.82 0 0 64.68
583	0 0 0 0 0 0 0 0 0 0 51.3 0 0 0 49.7 0 0 0 0 0
584	49.02 0 0 0 0 0 0 68.48 0 13 0 0 0 0 0 0 0 0 0 97.5
585	0 0 0 76 0 0 0 0 0 0 0 0 0 0 0 0 0 0 0 0
587	0 0 0 0 0 0 0 0 0 0 0 0 0.18 0 0 0 0 0 0 30.82
588	0 0 0 0 0 0 0 0 0 0 73.86 0 26.12 0 0 233.72 0 0 0 271.3
589	52.12 0 0 0 0.08 0 0 0 0 0 79.8 0 0 0 0 0 0 0 0 0
590	0 26.96 0 0 0 0 0 0 0 0 0 0 0 0 0.02 0.02 0 0 0 0.02
591	0 0 0 0 0 0 0 32.92 0 0.02 0 113.36 0 155.88 189.22 26.58 0 0 0 0
593	0 0 0 0 0 0 0 0 0 0 0 0 0 0 0 0 26.26 3.74 0 0
594	0 0 0 0 0 0 0 0 0 0 0 0 0 0 0 0 12 0 0 0
595	0 0 0 0 0 0 0 0 0 0 0 0 9.02 0 150.98 0 0 0 0 0
596	0.1 0 0 0 0 0.08 0 0 0 0 0 0 0 164.28 0.04 0 0 0 16.04 151.48
597	0.02 0 0 0 0 0 0 0 0 0 0 0 78.54 0 412.4 27.92 0 0 0 0.1
598	0.02 7.98 0 0 0 0 0 0 0 0 0 0 0 0 0 0 0 0 0 0
599	0.12 0.22 0 0.1 0.08 0.02 0 0 0.04 0.12 0.04 0.02 0.02 0 0 0.02 0.04 0.06 0 0.1
600	6 0 0 0 0 0 0 0 0 0 0 0 0 0 0 0 0 0 0 0
601	0 0 0 0.02 0 0 0 0 0 70.98 0 0 0 0 0 0 0 0 0 0.02
603	187.6 0 0 0 0.04 0 0 0 0 157.52 121.06 0 0 0 0 0 0 221.36 44.4 0
604	213.54 0 0 0 0 0 0 0 0 69.46 0 0 0 0 0 0 0 0 0 0
605	87.98 0 0 0 0 0 0 0 0 0 0 0 0 0 0 0 0 0 0 0.02
606	198 0 0 0 0 0 0 0 0 0 0 0 0 0 0 0 0 0 0 0
607	211.5 0 0 0 0 0 0 0 0 0 0 0.06 0 0 0 0 20.44 0 0 0
608	102.7 0 0 0 0 0 0 0 0 0.26 0 0 0.04 0 0 0 0 0 0 0
609	91.3 0 0 0 77.12 0 0 0 0 0.16 0 0 0 0 0 0 0 0 0 2.44
611	105.9 0 0 0 0 0 0 0 0 0 0 0 0 0 0 0 0 0 0 0.1
612	0.04 0 0 0 0 0 0 0 0 91.38 0 0 0 0 0 0 24.56 0 0 0
613	95 0 0 0 0 0 0 0 0 0 0 0 0 0 0 0 0 0 0 0
614	0 0 0 0 0 0 0 0 0 124.7 32.3 0 0 0 0 0 0 0 0 0
616	0 49.42 0 0 0 0 0 1.48 0 125.08 0 0 0 0 0 0.02 0 0 0 0.02
617	51.92 0 0 0 0 0 0 0 0 0 0 0 0 0 0 0 0 0 0 0.06
618	0.02 0 0 0 0 0 0 0 0.02 39.96 0 0 0 0 0 0 5.58 0.36 0 0.08
619	0 0 0 0 0.06 0 0 0 0 0 0 0 0 0 148.92 0 0 0 0 0
620	0 0 0 0 0 0 0 0 0 0 0 0 0 0 94 0 0 0 0 0
621	0 26 0 0 0 0 0 0 0 0 0 0 0 0 0 0 0 0 0 0
622	0 0 0 0 61.9 0 0 0 0 0 0 0 0 0 0 44.1 0 0 0 0
623	0 0 0 0 0 0 0 0 0 0 0 0 2.66 0 0.08 0 0 0 0 88.26
624	0 60.6 0 0 0.22 0.02 0 0 0 0 0.02 0 0 0 0 0 0 0 0 0.16
625	0 0 0 0 0 0 0.02 0 0 0.14 0.02 0 0 0 0 42.16 0 0 0 167.64
626	0 0.66 0 0 0 0 0 0 0 0 0 0.18 0 0 0 0 12.16 0 0 0
627	0 0 0 0 189 0 0 0 0 0 0 0 0 0 0 0 0 0 0 0
628	34.9 0 0 0 0 0 0 0 0 0 0 78.38 141.16 229.5 0 0 0 0 0 0.08
630	60 0 0 0 0 0 0 0 0 5.06 0 0 0 0 0 0 0.24 0 0 17.68
631	83.94 0 0 0 98.7 0 0 24.84 0 0 137.5 0 0 0 0 0 0 0 0 0.02
633	0 0 0 0 47.68 0 0 0 0 176.3 0 0 0 0 0 0 0.02 0 0 0
634	38.66 0 0 0 0 0 0 0 0 0 0 0 0 0 0 0 0 0 43.34 0
635	23.16 0 0 0 0 0 3.64 0.06 0 0 0 0 0 0 0.2 0.44 0 0 18.5 0
636	23.62 62.66 0 139.62 0 0 0 0 0 0 0 15.1 0 0 0 0 0 0 0 0
637	0 90 0 0 0 0 0 0 0 0 0 0 0 0 0 0 0 0 0 0
638	47.84 0 0 0 0 0 0 0.04 0 0 72.12 0 0 0 0 0 0 0 0 0
639	51.04 0 0 0 0 0 0 0 0 0 5.24 0 0 0 0 0 65.72 0 0 0
640	0 0 0 23.04 0 0 0 0 0 0 0 0 0 0 0 0 158.9 0 0.06 0.02
641	88.5 0 0 0 0 0 0 0 0 0 28.48 0 0 0 0 0 0 0 0 0.02
642	0 85.16 0 0 0 0 0 0 0 0.86 99.36 0 69.6 0 0 0 0 0 0 0
643	0 0 0 0 0 0 0 0 0 0 8 0 0 0 0 0 0 0 0 0
644	0 0 0 0 0 0 0 81.54 0 0 0 0 0 0 0 0 0 34.44 0 0.02
645	0 0 0 0 0.02 0 0 0 0 21.38 59.56 0 0.04 0 0 0 0 0 0 0
646	60.32 0 0 0 0 0 0 0.02 0 0 0 0 0 0 0 0 0 65.66 0 0.02
647	52.02 0 0 0 0 0 0 0 0 0 100.38 0 0.18 0 0 0 82.38 0 0 0.02
648	0 0 0 0 0 0 0 0 0 201 0 0 0 0 0 0 0 0 0 0
649	72.86 0 0 0 29.5 0.14 0 0 0 0 0 37.5 0 0 0 0 0 0 0 0.02
650	0.02 0 0 0 0 0 0 66.72 0 132.82 0 0 0.02 0 0 0 11.4 0 0 0
652	0 0 0 0 0 0 0 0 0 0 0 0 40.42 0 0.06 0 154.96 0 135.56 0
653	0 0 0 0 0 0 0 0 0 38.38 0 0 0 0 0 0 0 84.62 0 0
654	216.04 0 0 0 0.02 0 0 0 0.02 1.98 73.52 0 0 0 0 0 0 196.4 0 0.02
655	0 0 0 0 216.46 0 0 123.34 0 103.7 0 182.32 0 0 0 71.18 0 0 0 0
656	113.14 0 0 0 0 0 15.86 0 0 0 0 0 0 0 0 0 0 0 0 0.02
657	244.7 0 0 0 0 0 0 0 0 0 0 0 0.02 0 0 0 0 170.26 0 0.02
658	0 0 0 0 118.56 0 0 47.62 0 0.02 0 0 54.78 0 0 0 0 0 0 0
659	169.68 0 0 0 0 0 0 33.76 0 187.56 0 0 0 0 0 0 0 0 0 0.02
660	0.02 0 0 0 109.06 0 0 0 67.46 0 45.74 145.52 0 0 0 106.18 0 0 0 0
661	194.78 0 0 0 0 0 0 0 0 53.46 0 0 0 0 0 0 0 34.76 0 0
662	58.3 0 0 0 51.6 0 0 0 0 0.02 0 65.94 0 0 0 0 0 0 0 63.16
665	0.04 135.96 0 88.98 0 0 0 0 0 0 0 0 0 0 0 0 0 0 0 0
666	0 0 0 0 0 0 0 0 0 0 0 0 0 0 0 0 12 0 0 0
667	0.08 0 0 0 0 0 0 0.04 0 0 0 0 0 0 0 0 0 0 0 22.88
668	0 13 0 0 0 0 0 0 0 0 0 0 0 0 0 0 0 0 0 0
669	0 20.9 0 0 0 0 0 0 0 0.02 0 0 0 0 0 0.02 0 0.06 0 0
670	0.04 78.76 0 0 0.02 0 0 0 0 13.18 0 0 0 0 0 0 0 0 0 0
671	102.34 19.84 0 0 0 15.56 0 0 0 0 0 0 0 0 0 0 0 0 0 0.26
672	0 76.96 0 0 32.66 27.22 0 0 0 0 0 0 0 0 0.16 0 0 0 0 0
673	93.48 65.96 0 0 0 0 0 4.76 0 0 0 0 64.2 0 0 23.6 0 0 0 0
674	0 120 0 0 0 0 0 0 0 0 0 0 0 0 0 0 0 0 0 0
675	0 91.14 0 0 0 0 0 0 0 0 0 0 0 0 0 0 61.86 0 0 0
676	0 0 0 0 0 0 0 0 0 22.08 0 59.24 0 111.28 0.04 0 0.08 0 0 6.28
677	0.04 0 0 0 0 0 0 0 0 0 0 0 0 0 0 0 0 0 0 2.96
678	0 0 0 0 0 322.88 0.06 0 13.44 0 0 0 3.92 73.44 0 63.94 0 0.32 0 0
679	0 48.04 0 198.96 0 0 0 0 0 0 0 0 0 0 0 0 0 0 0 0
680	0 0 34.82 0 0 0 0 0 0 0 0 0 0 0 0 0 0 30.18 0 0
681	0 0 0 0 0 20.48 0 0 27.42 0 0 0 0 0 0 0 0 0 0 0.12
682	0 0 57.6 0 0 194.38 0 0 0 0 0 0 0 0 0 0 0 0 0 0
683	0 0 0 0 0.06 102.94 0 0 0 0 0 0 0 0 0 0 0 0 0 0
358	0 0 137.08 47.7 0 0 0 0 0 0 0 0 21.38 60.68 0 0 0 0 0 0.18
651	0.04 0 0 0 159.04 0.02 0 0 0 24.26 0 196.98 0 0 0 60.44 0 145.2 0 0
684	0 0 0 163.02 144.42 0.04 0.08 0 0 0 0 111.08 0 0 0 0 45.4 81.96 0 0
685	0 0 0 0 0 0 0 0 0 0 0 0 64.04 0 353.96 0 0 0 0 0
686	0.02 0 0 0 107.9 0 0 0 0 0 0 0 0 0 0 0 0 0 41.08 0
687	0 0.96 0 0 0 101.08 0 0 0 0.64 0 0 0 0 0 0.3 0 0 0 0.04
688	0 0 1.94 0 0 54.86 0 0 0 0 0 0 0 0.04 0 0 0 2.14 0 0
689	0 0 44.46 0 0 181.54 0 0 0 0 0 0 0 0 0 0 0 0 0 0
615	192.96 0 0 0 0 0 0 0 0 0 0 0 0 0 0 0 0 0 0 0.06
690	0 0 303.46 0 0 88.06 0 0 0 0 0 0 0 0.04 0 0 0 30.42 0 0
691	0 0 37 0 0 0 0 0 0 0 0 0 0 0 0 0 0 0 0 0
116	0.04 0 0 0 0 0 260.7 56.1 0 0 39.16 0 0 0 0 0 0 0 0 0
289	0 0 339.1 0 0 0 0 0 0 25.7 0 41.08 0 131.66 0 0 0 0 0 31.46
531	0 0 0 0 0 0 0 53.52 0 0 0 182.82 0 0 0 25.14 130.52 0 0 0
602	164 0 0 0 0 0 0 0 0 0 0 0 0 0 0 0 0 0 0 0
610	116.94 0 0 0 0 0 0 0 0 0 0 0 0 0 0 0 0 0 0 0.06
629	0 0 0 0 0 0 0 72.88 0 48.08 0 34.18 0 0 0 0 0 0 0 56.86
663	143.58 0 0 0 0.06 0 0 95.62 0 0 0 97.7 0 0 0 0 0 0 0 24.04
664	29.86 0 0 0 0 0 0 95.86 0 0.28 0 0 0 0 0 0 0 0 0 0
692	0.5 0 0 0 153.7 0 0 0 126.08 64.14 0 140.58 0 0 0 0 0 0 0 0
693	54.6 50.02 0 0 0 0 0 0 0 0 0 0 170.5 0 0 0 0.78 0 0 0.1
694	0.02 0 0 0 0.26 0 0 0 0 0 0 0 0 0 0 0 148.72 0 0 0
695	0 0 0 0 0 0 0 36 0 0 0 0 0 0 0 0 0 0 0 0
696	21.74 0 0 0 0 0 0 0 0 0 0 0 40.44 105.36 18.42 0 0 0.02 0 0.02
697	0 0 0 0 80.42 0 0 0 0 0 0 28.58 0 0 0 0 0 0 0 0
698	0 17.86 0 0 0 0 0 0 0 0 11.12 0 0 0 0 0 0 0 0 0.04
700	0 0 0 0 13.16 0 0 13.96 0 0 0 0 0 0 0 0 0 0 0 4.86
701	0 0 0 0 0 0 0 0.18 0 0 35.82 0 0 0 0 0 0 0 0 0
702	0 0 0 0 12.76 0 0 74.36 0 0 0 0 0 0 0 0 27.88 0 0 0
703	0 0 0 0 0 0 0 40.48 0 0 0 16.52 0 0 0 0 0 0 0 0
704	0 0 0 0 0 0 0 0 0 0 0 30 0 0 0 0 0 0 0 22.02
705	305.22 0 0 0 0 0 0 0 0 93.98 79.72 0 0 0 0 0 0 0 0 0.06
706	0.2 9.8 0 0 0 0 0 0 0 0 0 0 0 0 0 0 0 0 0 0
707	0 0 0 0 0 0 0 0 0 0 30.18 0 0 0 0 0 191.82 0 0 0
708	0 0 0 0 0 0 0 169.06 0 108.94 0 0 0 0 0 0 0 0 0 0
710	0 0 0 0 98.56 0 0 42.88 0 0 0.04 0 52.06 0 0 0 0 0 43.46 0
711	4 0 0 0 0 0 0 0 0 0 0 0 0 0 0 0 0 0 0 0.02
712	47.9 0 0 52.92 0 0 1.92 0 0 44.24 0 0 0 0 0 0 0 0 0 0
123	0 0 0 0 0 0 43.38 0 0 0 0.02 0 95.86 0.02 146.72 0 0 0 0 0
549	0 0 0 0 149.9 0 0 47.52 0 0.04 0 0 0 0 0 64.54 0 0 0 0
573	13.78 65.2 0.02 0 0 0 0 0 0 0 0 0 0 0 0 0 0 0 0 0
577	0.02 67.52 0 0 0 0 0 0 0 0 0 0 3.46 0 0 0 0 0 0 0
713	0 0 0 0 29.26 0 97.12 0 0 0 0 0.02 0 34.56 0 0 0.02 0 38.02 0
714	0 0 0 0 0 0 28 0 0 0 0 0 0 0 0 0 0 0 0 0
715	0.04 0 0 0 95 0 0 143.96 0 0 0 0 0 0 0 0 0 0 0 0
716	0.04 0 0 0 0 0 0 0 131.62 0 0 0 0 0 0 0 0 0 0 13.34
717	0 0 0 0 0.02 0 0 0 0 0 0 0 0 0 174.86 0 0 0 0.12 0
719	0 0 0 0 0 0 0 14.7 0 0 0 0 0 0 0 0 0 0 0.04 29.26
720	0 0 0 0 193 0 0 0 0 0 0 0 0 0 0 0 0 0 0 0.02
721	0 0 0 0 0 0 0 19.7 0 0 0 0 125.28 0 0 0 0 0 0 0
722	0.02 0 0 0 139.46 0 0 0 0 0 0 0 0 0 0 0 0 0 0 0.52
723	0 0 0 0 0 0 0 0 0 0 0 34.26 0 0 0.02 0 0 0 0 56.72
724	0 0 0 0 0 0 0 0 162.92 0 0 0 0 0 0 0 45.08 0 0 0
725	0 37 0 0 0 0 0 0 0 0 0 0 0 0 0 0 0 0 0 0
726	0 19.86 0 0.08 0 0 0 0 0 0 0 0.08 0 0 3.54 0 0 0 0 0.44
727	0 100.9 0 0 0 0 0 0 0 0 0 0 0 0 0 2.42 85.68 0 0 0
728	0 0 0 0 111 0 0 0 0 0 0 0 0 0 0 0 0 0 0 0
730	0 0 0 0 0 0 0 0 0 0 0 0 0 0 0 0 67 0 0 0
731	0 0 0 0 106.94 0 0 0 0 0 0 0 0.02 0 0 0.02 0.02 0 0 0
732	0 0 0 0 245.24 0.02 0 67.12 127 6.48 0 0 0 0 0 102.14 0 0 0 0
733	9.2 0 0 0 11.08 0 0 0 0 0 19.72 0 0 0 0 0 0 0 0 0
734	0 0 0 0 0 0 0 0 0 0 0 0 0 0 0 0 0 0 0 54.02
735	0 0 0 0 162.1 0 0 0 0 38.52 21.84 218.4 0 0 0 0.1 0 0 0 0.02
736	0.06 0 0 0 0 0 0 0 0 0 0 0 0 0 0 0 173.52 0 0.02 80.4
738	0.02 33.66 0 0 0 0 0 0.72 0 0 0 0 0 0 0 0 0 0 0 43.6
739	0 0 0 0 268.32 0 0 0 147.14 0 0 0 0 0 0.08 54.36 0 0 0.02 3.1
740	0.04 0 0 0 0 0 0 0 0 0 0.14 0 0 74.62 49.68 0 49.5 0 0 0
741	0 0 0 0 0 0 0 32.78 0 0 0 0 61.58 73.64 0 0 0 0 0 0
742	0.02 0 0 0 0 0 0 0 0 0 0 0 74.28 232.18 366.02 100.5 0 0 0 0
743	0 0 0 0 0.04 0 0 0 0 0 0 0 44.18 0 0 0 0 0 0 22.78
744	0.02 0 0 0 0 0 103.14 0 0 0 0 67.38 0.2 84.24 0 0 0 0.02 0 0
745	0 0 0 0 0 0 0 0 0 62 0 0 0 0 0 0 0 0 0 0
746	0 0 0 0 0 0 0 0 0 0 0 0 154.1 0 0 38.66 0 0 66.28 110.96
747	0.02 0 0 0 170.96 0 0 0 0 0 87.42 0 0 0 0 0 0 0 0 5.6
749	0.02 0 119.98 0 0 0 0 0 0 0 0 0 0 0 0 0 0 0 0 0
750	0 0 381 0 0 0 0 0 0 0 0 0 0 0 0 0 0 0 0 0
751	0.02 0 231.52 0.02 0 162 0 0 0 0 0 0 0.18 0 0 81.26 0 0 0 0
752	0 0 111.88 0 0 0 0 0 0 0 0.02 0 0 0 0 0 0 0 0 0.1
753	0 0 0 0 0 0 21.1 51.72 0 0.02 0 0 0 0 0 0 2.16 0 0 0
754	0.08 0 0 0 0 133.66 19.26 0 0 0 0 0 0 0 0 0 0 0 0 0
58	88.28 0 0 0.02 46.84 0 0 104.04 0 0 0 162.8 0 0 0 123.86 0 0 0 0.18
217	0.04 0 0 0 156.78 37.16 0 58.68 0 0 0 0 0 0 0 0 0 0 31.32 0
263	0 0 36.22 0 0 0 0 0 0 0 0 0 0 0 0.78 0 0 0 0 0
336	0 0 34.6 0 0 62.38 0.02 0 0 0 0 0 0 0 0 0 0 0 0 0.02
347	0 0 333.24 0 0 0 0 0.2 0 0 0 0 0 0 0 0 0 34.42 0 0.12
362	0 0 30.74 30.24 0 0 0 0 0 0 0 0 0 0.02 0 0 0 0 0 0
406	0 0 0 0 0 38.62 0 0 0 0 0 0 64.38 0 0 0 0 0 0 0
546	0.12 0 0 0 0 0 0 0 0 0 0 0 133.94 0 423.06 49.88 0 0 0 0
586	0 49.02 0 28.84 0 0 0 0 0 0.06 0 0 0 0 0 0 0 0 0 0.08
632	0.04 0 0 0 0 0 0 0 48.54 135.42 0 0 0 0 0 0 0 0 0 0
709	0 0 0 0 0 0 0 0 81.06 0 150.44 0.02 0 0 0 0 85.42 0 0 0.06
737	0 0 0 0 75.22 0 0 0 0 0 0 0 0 0 0 0 64.76 0.02 0 0
748	0.2 0 49.64 0 0 439.78 0 0 0 0 0.02 0 0 143.56 90.98 88.78 0 0 0 0.06
755	0.04 0 0 50.68 125.24 0 0 0 0 0 0 0 0 0 0 73.02 0 0 0 0
756	0.02 0 0 0 0 0 0 0 0 0 0 0 0 19.22 249.54 0 0 0 0 36.22
757	0 0 0 0 0 0 0 0 0 10.98 0 0 0.02 0 0 0 0 0 0 0
758	0 0 0 2.3 0 18.74 0 0 0 0 0 0 0 0 0 7.96 0 0 0 0
759	0 0 0 19.08 0 0.06 0 0 0.86 0 0 0 0 0 0 0 0 0 0 0
760	0.02 53.4 0 0 0 0 0 0 0 0 0 0 0 40.58 0 0 0 0 0 0
761	0 38.8 0 0 79.2 0 0 0 0 0 0 0 0 0 0 0 0 0 0 0
762	0 0 0 0 0 0 0 0 134.52 0 0 0 81.58 108.88 0 0 0 0 0 0.04
763	0.04 0 0 0 0 0 0 0 0 0 0 0 204.38 61.16 134.9 0 0 0 0 10.5
764	0 0 0 0 0 0 0 0 48.96 0 0 4.84 0 22.2 0 0 0 0 0 0
766	0 0 0 0 0 15.98 0 0 0 0 0 0 0 0 0 0 6.02 0 0 0
768	0 0 0 0 0 0 0 0 0 0 0 0 0 0 0 0 0 0 0 120
769	0 81.12 0 0 0 0 0 0 0 0 0 0 0.02 0 0.62 0.12 0 0 0 0.12
770	0 0 0 0 58.02 0 0 30.84 0 0.02 0 52.1 0 0 0 0 0 0 0 0.02
771	0 76.18 0 0 0 0 0 0 0 0 0 0 0 0 2.82 0 0 0 0 0
772	0 0 0 0 0 0 0 36.26 0 0 0 47.28 45.46 0 0 0 0 0 0 0
773	0 0 0 0 0 20.9 0 0 0 0 0 0 0 0 0 0 14.1 0 0 0
775	0 0 0 0 0 0 0 0 64 0 0 0 0 0 0 0 0 0 0 0
776	0.12 0 0 0 0 0 0 0 2.64 0 0 0 0 0 0 15.24 0 0 0 0
778	0.02 0 0 0 86.5 0 0 0 84.46 0 0 26.7 0 0 0 0 46.32 0 0 0
780	0 31.38 0 0 0 0 0 0 40.12 0 0 0 89.5 0 0 0 0 0 0 0
781	0 0 0 0 65.86 0 0 0 157.14 0 0 0 0 0 0 0 0 0 0 0
782	0 0 0 0 0 0 0 21 0 0 0 0 0 0 0 0 0 0 0 0
783	0 0 0 0 87 0 0 0 0 0 0 0 0 0 0 0 0 0 0 0
784	0 0 0 0 0.36 0 0 0 0 0 0 0 0 0 0 0 0 0 0 1.64
785	0 0 0 0 40.88 0 0 0 60.12 0 0 0 0 0 0 0 0 0 0 0
786	0 0 0 0 24.96 0 0 0 0 0.04 0 0 0 0 0 0 0 0 0 0
787	0.02 0 0 0 32.38 0 0 4.6 0 0 0 0 0 0 0 0 0 0 0 0
788	0 0 0 0 0 4.98 0 0 0.02 0 0 0 0 0 0 0 0 0 0 0
789	0 0 0 0 0 0 0 13.12 0 0 0 0 120.88 0 0 0 0 0 0 0.02
790	0 0.02 0 0 124.98 0 0 0 0 0 0 0 0 0 0 0 0 0 0 36.98
791	0 0 0 0 0 0 0 0 0 0 0 0 0 0 0 0 0 0 0 18
792	0.04 0 0 0 0 0 0 222.56 0 0 0 39.4 0 0 0 0 0 0 0 0
793	0 0 0 0 0 0 0 29 0 0 0 0 0 0 0 0 0 0 0 0
794	0.38 0 0 0 71.88 0 0 0 63.74 0 0 0 0 0 0 0 0 0 0 0
795	0.02 0 0 0 42.98 0 0 0 0 0 0 0 0 0 0 0 0 0 0 0
796	0 0 0 0 0.02 0 0 0 91.98 0 0 0 0 0 0 0 0 0 0 0.02
797	0 0 0 89.98 0 0 0 0 0 0 0 0 0 0 0 0 0 0 0 0
798	0.02 0 0 0 17.98 0 0 0 0 0 0 0 0 0 0 0 0 0 0 0
800	0 0 0 0 0 0 0 0 0 0 0 0 69 0 0 0 0 0 0 0
801	0 0 0 0 0 0 0 0 0 0 0 0 0 0 0 0 0 0 0 30
802	0 44.86 0 0 0 0 0 0.02 0 0 0 0 35.12 0 0 0 0 0 0 0
803	0 0 0 0 0 0 0 0 0 0 0 0 0 0 0 0 16 0 0 0
804	0 0 0 20 0 0 0 0 0 0 0 0 0 0 0 0 0 0 0 0
805	48.94 0 0 0 0 0 0 0 0 0 0 0 0 0 0 0 0 0 30.06 0
806	0 0 0 0 0 0 0 0 0 0 0 151.3 0 0 0 0 0 2.7 0 0
807	0 0.84 0 0 17.14 0 0 0 5.02 0 0 0 0 0 0 0 0 0 0 0
808	0 0 0 0 55 0 0 0 0 0 0 0 0 0 0 0 0 0 0 0
809	0 92.98 0 0 0 0 0 0 0 0.02 0 0 0 0 0 0 0 0 0 0
811	0 0.12 0 0 0 0 0 0 0 0 28.56 2.2 0 0 0 0 0 0 36.08 0.06
812	0.02 0 0 0 0 0 0 0 0 0 0 0 0 0 0 0 0 0 0 37.96
813	0 0 0 0 0 0 163.86 0.02 0 0 0 0 0 0 0 0 20.1 0 0 0.02
814	4.98 0 0 0 0 0.02 0 0 0 0 0 0 0 0 0 0 0 0 0 0
815	0.02 0 0 0 0 0 0 0 102.58 0 0 0 0 51.66 137.74 0 0 0 0 0
816	0 44 0 0 0 0 0 0 0 0 0 0 0 0 0 0 0 0 0 0
818	0 0 0 0 0 0 18.14 3.08 0 0 0 0 18.58 0 0 0 0 0 0 10.2
820	0 0 0 0 0 0 19.44 0 0 0 0 0 97.18 0 0 33.32 0 0 0 59.06
821	0 0 0 0 36.58 0 0 0 0 0 0 0 0 0 0 4.42 0 0 0 0
822	11.86 0 0 0 0 0 0 0 0 0 0 0 0 0 0 0 0.14 0 0 0
823	0 0 0 2.36 0 0 0 0 0 0 0 0 0 0 206.64 0 0 0 0 0.02
824	0 0 0 38.72 0 0 0 0 0 0 0 0 0 0 72.26 0 0 0 0 0
825	0.1 0 0 46.7 0 0 0 0 0 0 0 0 0 0 171.2 0 0 0 0 0
827	0 0 0 54.24 0 29.06 0 0 0 0 0 0 0 37.7 0 0 0 0 0 0
828	0 0 0 0 7.56 0 0.54 0.2 0 6.64 0 4.28 0.02 0.02 2.74 0 0 0 0 0
829	0 0 0 0 0 0 0 0 0 0 0 0 34.92 49.08 0 0 0 0 0 0
830	0.12 0.12 0 0.12 0.04 0.1 0.04 0.18 0.08 0.04 0 0 0.02 0 0.02 0 0.02 0.02 0.02 0.06
831	0 0 0 0 0 0 0 0 0 0 0 0 96 44.96 0 0 0 0 0 28.04
832	0 0 0 0 0 0 0 0 0 0 0 0 0 0.26 45.74 0 0 0 0 0
833	0.02 0 0.04 0 0 0.02 0 0 0 0 0 0 92.12 0 47.8 0 0 0 0 0
834	0 27.1 0 0 0 0 0 0 0 0 0 0 0 0 22.9 0 0 0 0 0
835	55 0 0 0 0 0 0 0 0 0 0 0 0 0 0 0 0 0 0 0
836	86.98 0 0 0 0 0 0 0 0.02 0 0 0 0 0 0 0 0 0 0 0
837	83 0 0 0 0 0 0 0 0 0 0 0 0 0 0 0 0 0 0 0
838	0 0 0 0 0 0 0 0 0 0.02 0 0 0 0 0 7.98 0 0 0 0
839	0 5 0 0 0.88 0.06 0.04 0 0 0 0 0 0 0 0 0 0.02 0 0 0
840	0 0 0.02 59.84 0 0 0 0 0 0 0 0 0 0 52.14 0 0 0 0 0
841	0.02 0 0 0 0 0 0 1.18 0 0 0 0 0 0 100.8 0 0 0 0 0
842	0 0 0 0 0 0 0 0 0 0 0 0 0 0 0 0 0 0 0 70
843	0 0 0 0 0 0 0 0 0 0 0 0 0 0 0 0 0 0 0 78
844	0 0 0 0 0 0 123.98 0 0 0 0 0 0 0 0 0 0.02 0 0 0
845	0 0 0 0 0 0 0 39.7 99.98 0 0 0 0 117.42 228.02 10.88 0 0 0 0
846	0 0 0 0 0 0 0 0 55.64 0 0 0 0 44.36 0 0 0 0 0 0
847	0 0 0 0 0 0 133.64 0 0 0 0 0 0 0 0 0 45.36 0 0 0
848	26 0 0 0 0 0 0 0 0 0 0 0 0 0 0 0 0 0 0 0
849	0 0 0 110.52 0 0 0 0 0 0 0 0.14 0 0 0 0.34 0 0 0 0
850	16 0 0 0 0 0 0 0 0 0 0 0 0 0 0 0 0 0 0 0
851	0 0 0 0 0 0 0 15 0 0 0 0 0 0 0 0 0 0 0 0
852	0.08 0.06 0.04 0.06 0.08 0.06 0 0.06 0.04 0.06 0.04 0.02 0.08 0 0.1 0.02 0.04 0.02 0.04 0.1
854	0 28.86 0 0 0 0 0 0 0 0 20.14 0 0 0 0 0 0 0 0 0
855	39.52 0 0.02 0 0 0 0 0 0 0 153.46 0 0 0 0 0 0 0 0 0
856	0.34 0 0 0 0 0 0 81.34 0 0 29.32 0 0 0 0 0 0 0 0 0
857	0 3 0 0 0 0 0 0 0 0 0 0 0 0 0 0 0 0 0 0
858	0 3 0 0 0 0 0 0 0 0 0 0 0 0 0 0 0 0 0 0
859	0 22 0 0 0 0 0 0 0 0 0 0 0 0 0 0 0 0 0 0
860	0 28 0 0 0 0 0 0 0 0 0 0 0 0 0 0 0 0 0 0
861	0 0 0 0 0 0 0 7 0 0 0 0 0 0 0 0 0 0 0 0
864	0.04 0 0 0 0 0 0 0 45.94 0 0 0 46.86 147.16 0 0 0 0 0 0
865	1.18 0 0 0 0 0 0 67.82 0 0 0 0 0 0 0 0 0 0 0 0
866	0.02 0 0 0 0 0 0 0 64.26 0 0 0 0 0 234.72 0 0 0 0 0
867	15.9 0 0 0 0 0 0 0 0 0 0 0 0 0 0 0 0 0 0 0.1
868	19 0 0 0 0 0 0 0 0 0 0 0 0 0 0 0 0 0 0 0
869	0 0 0 0 63 0 0 0 0 0 0 0 0 0 0 0 0 0 0 0
870	0 0.06 0 0 0 0 0 7.12 0 0 0 0 0 14.82 0 0 0 0 0 0
871	0 0 0 45.34 0 0 0 0 0 0 0.16 0 0 85.14 0 0 0 0 0 18.36
872	0 0 0 0 0 106.08 0 0 0 0 0 0 0 4.88 0.04 0 0 0 0 0
873	0 0 150.9 0 0.02 0 0 10.06 0 0 0 0 0 0.02 0 0 0 0 0 0
874	0 0 76.92 0 0 0.06 20.02 0 0 0 0 0 0 0 0 0 0 0 0 0
875	0 0 0 0 0 91.74 34.2 0 0.06 0 0 0 0 0 0 0 0 0 0 0
876	0 0 0 0 0 104.98 0 0 0 0 0.02 0 0 0 0 0 0 0 0 0
877	0 0 0 0 0 99.2 0 0 0.2 0 0 0 0 0 0 4.52 0 0 0 0.08
878	0.16 0 0 0.18 0 70.54 0 0 0 0 0.12 0 0 0 0 0 0 0 0 0
879	0 0 21.18 0 0 312.22 0 0.02 0 0 0 0 0 0 0.02 28.56 0 0 0 0
880	0.02 0 140.78 0 0 0 0 0 0 0 0 0 0 0 0.2 0 0 0 0 0
881	0 0 0 0 0 107 0 0 0 0 0 0 0 0 0 0 0 0 0 0
882	0 0 83 0 0 0 0 0 0 0 0 0 0 0 0 0 0 0 0 0
883	0 0 30 0 0 0 0 0 0 0 0 0 0 0 0 0 0 0 0 0
884	0 0 16.94 0 0 0.04 0 0 0 0 0 0 0 0 0 0 0 0 0.02 0
885	0 0 17.98 0 0 0 0 0 0.02 0 0 0 0 0 0 0 0 0 0 0
886	0.04 0 114.44 0.04 0 0 0 0 0 0 0 11.48 0 0 0 0 0 0 0 0
887	0 0 181 0 0 0 0 0 0 0 0 0 0 0 0 0 0 0 0 0
888	0 0 0 0 0 40 0 0 0 0 0 0 0 0 0 0 0 0 0 0
889	0 0 43.98 0 0 0 0 0 0 0 0 0 0 0 0 0 0 0 0 0.02
890	0 14.64 0 0 0 37.18 0 0 0 0 0.02 0 0 0 0 0 0 0 3.16 0
891	0 0 0 0 0 14 0 0 0 0 0 0 0 0 0 0 0 0 0 0
892	0 0 95.44 0 0 0 0 0 0 0 0 0 0 0 0 0 0 0 0 23.56
893	0 0 10.84 0 0 17.16 0 0 0 0 0 0 0 0 0 0 0 0 0 0
894	0 0 29.3 0 0 0 0 0 0 0 0 0 0 0 0 0 0 0 0 0.7
895	0 0 67.64 0 0 184.66 0 0 0 0 0 0 35.7 0 0 0 0 0 0 0
896	0 0 117.42 0 0.02 0 0 0 0 0 0 0 0 0 0 0 17.56 0 0 0
897	0.02 0.08 0.16 0.06 0.04 0.06 0.04 0.1 0.1 0.04 0 0.02 0.04 0 0.02 0 0.08 0 0 0.14
898	0 0 119 0 0 0 0 0 0 0 0 0 0 0 0 0 0 0 0 0
899	0 0 10.24 0 0 0 10.76 0 0 0 0 0 0 0 0 0 0 0 0 0
900	0 0 89.36 0 0 0 0 0 0 0 0 0 0 0 0 0 35.64 0 0 0
901	0 0 0 0 0 19.7 0 0 0 0 0 0 0 0 0 0 0 0 0 0.3
904	0 0 0.06 7.48 0 0 47.46 0 0 0 0 0 0 0 0 0 0 0 0 0
905	0 0 85 0 0 0 0 0 0 0 0 0 0 0 0 0 0 0 0 0
906	0 0 46.14 0 0 0 9.72 0 0 0 0 0 0 0.14 0 0 0 0 0 0
907	0 0 0 2.68 0 0 0 0 0 0 0 1.32 0 0 0 0 0 0 0 0
908	0 0 38 0 0 0 0 0 0 0 0 0 0 0 0 0 0 0 0 0
909	0.04 0 0 38.8 3.16 0 0 0 0 0 0 0 0 0 0 0 0 0 0 0
910	0 0 0 0 0 2.98 0 0 0 0 0 0 0.02 0 0 0 0 0 0 0
912	0 0 0 0 0 22 0 0 0 0 0 0 0 0 0 0 0 0 0 0
913	0.72 0 0 0 0 0 0 4.28 0 0 0 0 0 0 0 0 0 0 0 0
914	0 0 0 0 0 17.78 0 0 0 0 0 0 0 0 0 0 5.1 0.12 0 0
915	0 0 0 9.5 0 0 0 0 0 0 0 0 0 0 0 0 22.5 0 0 0
918	0 0 0.06 0 0 0 0 0 9.62 0 0.16 0 0 0 7.14 0 0.02 0 0 0
920	0 0 0 0 0 0 0 10 0 0 0 0 0 0 0 0 0 0 0 0
921	39.96 0 0 0 0 0 0 95.3 0 0 0 0 0 0 0 0 0 0 0 19.74
922	0 0 0 0 0 0 0 91.48 0 0 0 0 0 21.52 0 0 0 0 0 0
923	27.68 0 0.02 0 0 0 0 0 0 0 0 0.16 0 0 0 0 135.72 17.42 0 0
278	0 0 0 0 0 0 0.08 0 83.3 0 0 0 0 1.76 66.86 0 0 0 0 0
924	0.02 0 0 0 0 0 0 0 0.02 0 0 0 0 56.98 182.12 0 0 0 0 0.88
925	0.02 0 0 0 0 0 0 0 0 0 0 0 56.62 25.32 0.02 0 0 0 0 0
926	0 0 0 0 0 0 0 0.36 0 0 0 0 0.02 27.16 183.44 0 0.02 0 0 0
927	0.1 0 0 0 0 0 7.24 0 0 0 0 0 0 4.46 0 0 3.2 0 0 0
928	0 60.48 0 0 0 0 0 0 0 0 0 0 27.84 0 173.16 0 0 0 0 0.52
929	0.02 0 0 21.58 0 0 0 0 29.26 0 0.1 0 0.02 30.02 0 0 0 0 0 0
930	0 0 0 0 0 0.02 0 0 0 0 0 0 0 0 170.5 18.48 0 0 0 0
931	0 0 0 0 0 0 0 0 0 0 0 0 28.38 0 51.5 0 0 0 0 6.14
932	0 0 0 0 0 0 0 0 0 0 0 0 0 0.08 75 0 0 0 0 8.9
933	0 0 0 0 0 0 27.18 0 0.02 0 0 6.28 0 0 5.3 0 0 0 0.2 0.04
934	0 0 0 0.02 0 0 0 0 0 0 0 0 0 0 129.44 0 0 0 0 29.52
935	0 0 0 0 0 0 20.98 0 0.02 0 0 0 0 0 0 0 0 0 0 0.02
936	0 0 0 0 0 0 121.98 0 0 0 0 0 0 0 0 0 0 0 0 0
937	0 0 98 0 0 0 0 0 0 0 0 0 0 0 0 0 0 0 0 0
938	0 0 59.98 0 0 0 0 0 0 0 0 0 0 0 0 0 0 0 0 0.06
55	0 0 0 0 0 0 0 0 0 0 0 2.26 276.58 0 0 0 0 109.12 0 0
240	0.02 22.88 0 0 0 0 0 0 0 0 0 0 205.58 86.76 0 0 0 0.02 0 14.76
940	0 0 0.02 63.96 0 0 0 0 0 0 0 0 0 0 0 0 0 0 0 0
941	0 0 0 0 119.98 0 0 0 0.02 0 0 0 0 0 0 0 0 0 0 0
942	40.7 5.48 0 0 0 0 0 46.46 26.82 0 0 0 0 0 0.02 0 3.52 0 0 0
943	0 0 0 0 0 0 0 0 0 0 0 0 117 0 0 0 0 0 0 0
944	0.08 0 0 3.48 105.44 0 0 0 0 0 0 0 0 0 0 0 0 0 0 0
945	128.98 0 0 0 0 0 0.02 0 0 0 0 0 0 0 0 0 0 0 0 0
946	0 0 0 0 0 0 0 0 0 0 0 0 0 0 0 0 0 0 0 148
947	20.48 0 0 0.08 16.44 0 0 0 0 0 0 0 0 0 0 0 0 0 0 0
948	0 0 45.68 0 0 0 0 0 0 0 0 0 34.96 0 0.36 0 0 0 0 0
919	0.06 0 0 0 0 0 0 67.52 0 0 46.98 0 0 80.88 0 0 0 0 101.56 0
699	0 0 0 0 0 0 0 0 103.38 0 0 71.44 0 0 0 63.94 0 0 0 73.26
729	0 0 0 0 117.5 0 0 0 0 0 32.28 0 0.02 0 0 70.18 0 0 0 0
863	0 0 0 0 0 0 0 0 0 0 0 0 0 0 0 0 71 0 0 0
949	0 0 0 0 82.34 0 18.54 0 0 0 0 0 0 0 0 0 0 0 0 61.12
950	0 0 0 0 0 0 66.88 0 0 0 0 0 0 0 0 0.02 0 0 0 0.12
951	0.36 0 0 0 84.62 0 0 0 0 0 0 0 0 0 0 0 0 0 0 0
952	0.02 0 0 0 0 0 0.08 0 0 0 0 0 0 61.54 0 0 50.36 0 0 0
953	0 0 0.08 0 0 0 0 0 49.92 0 0 11.96 0 0 0 0 0 0.04 0 0
954	29.98 0 0 0 0 0 0 0 0 0 0 0 0 0 0 0 0 0.02 0 0
955	0 0 0 0 0 0 0 119.78 0 0 0 0 0 0 0 0 0 0 0 11.22
956	0 0 0 0 0 0 0 84.2 0 0 0.54 62.26 0 0 0 0 0 0 0 0
957	0 0 0 0.02 0 0 0 0 0.16 0 0 3.82 0 0 0 0 0 0 0 0
959	0 71.96 0 0 0 0 0 73.82 0.04 0 0 41.18 0 0 0 0 0 0 0 0
960	0 0 0 0 0.02 0 0 64.98 0 0 0 0 0 0 0 0 0 0 0 0
961	0 0 0 0 0 0 0 64.78 0 0 47.2 0 0 0.02 0 0 0 0 0 0
962	0 0 0 0 0 0 0 49.66 0 0 0 13.34 0 0 0 0 0 0 0 0
963	0.02 0 0 0 0 0 0 0 0.16 0 0 128.82 0 0 0 0 0 0 0 0
964	0 0 0 0 0 0 0 0 10.72 12.28 0 0 0 0 0 0 0 0 0 0
965	67.9 0 0 0 0 0 0.04 0.04 0 0 0 0 0 0 0.02 0 0 0 0 0
966	7.1 0 0 0 0 0 0 0 49.52 0 0 0 0 0 0 33.34 0 0 0.04 0
967	1.02 0 0 1.02 0 0 0 0 0 28.96 0 0 0 0 0 0 0 0 0 0
968	24.78 0 0 0 0 0 0 0 0 14.22 0 0 0 0 0 0 0 0 0 0
969	0 0 0 0 0 0 0 23.6 0 0.88 0 0 0 0 0 104.44 0 0 0 67.08
970	0 0 0 0 0 0 0 0 0 0 0 0 0 0 0 0 22 0 0 0
971	0.02 0 0 0 0 0 0 0 0 0 0 0 0 0 0 0 103.98 0 0 0
972	4.48 15.78 0 0 0.7 0 0 0 51.04 0 0 0 0 0 0 0 0 0 0 0
973	11.98 0 0 0 0.02 0 0 0 0 0 0 0 0 0 0 0 0 0 0 0
767	0 20.44 0 0 0 0 0.02 0.02 0 0 0 0 1.38 0.02 1.1 0 0.02 0 0 0
774	0 0 0 0 10.62 37.1 0 0 0 0 0 0 0 0 20.86 0 13.42 0 0 0
817	0 0 0 0 0.04 6.94 0 0.02 0 0 0 0 0 0 0 0 0 0 0 0
853	0 0 0 0 0 41.46 0 0 0 0 0 0 0 0 0 0 0 0 0 2.54
974	0 0 0 0 0 0 0.04 0 0 0 0 0 8.66 0 76.3 0 0 0 0 0
975	0 0 0 0 0 0 0 0 0 0 0 0 24.56 0 106.44 0 0 0 0 0
976	0 0 0 0 0 0 0 0 0 0 0 0 0 0 20 0 0 0 0 0
977	0 0 0 0 0 0 0 0 0 0 0 0 0 0 97 0 0 0 0 0
978	0 0 0 0 0 0 27.08 0 0 0 0 0 24.92 0 0 0 0 0 0 0
979	0 0 0 0 0 0 0 0 0 0 0 0 0 0 84.96 0.04 0 0 0 0
981	0 4.48 0 0 0 0 0 0 2.64 0 0 0 0 0 2.88 0 0 0 0 0
982	0 0 0 0 0 0 0 0 0 0 0 0 49 0 0 0 0 0 0 0
983	0 0 0 0 0 0 0 0 0 0 0 0 20.04 0 10.96 0 0 0 0 0
984	0 0 76.1 0.04 0 0 0 0 0.02 0 0 0 28.84 0 0 0 0 0 0 0
985	0 0 0 0 0 0 0 12.3 0 0 0 0 0 0.48 41.16 0.02 0 0.04 0 0
987	0 0 0 0 0 6.78 0 0 0 0 0 0 0 3.22 0 0 0 0 0 0
988	0 0 0 0 0 94.46 0 0 2.64 0 0 0 0 38.8 0 0 0 0 0.02 0.1
989	0 0 3.02 0 0 0 0.02 0 41.46 0 0 0 0 30.48 0 0 0 0 0 0
991	0 0 0 0 5.12 26.78 11.1 0 0 0 0 0 0 0 0 0 0 0 0 0
992	0 0 0 0 0 0 10 0 0 0 0 0 0 0 0 0 0 0 0 0
993	0 0 0 0 0 0 0 0 0 0 0 0 0.54 82.72 0 0 0 0 0 93.74
994	0 0 0 0 0.02 0 0.02 0.02 0.02 0 0 0 0 12.9 0 0 0 0 0 0.04
995	0 0 68.32 0 0 0 0 0 0 0 0 0 0 0 0 0 17.66 0 0 0
862	0.02 0 0 0 25.98 0 0 0 0 0 0 0 0 0 0 0 0 0 0 0
996	8.2 16.78 0 0 0 0 0 0 0 0 0 0 0 0 0 0 0 0.02 0 0
997	0 0 0 0 27.68 0 0 3.3 0 0 0 0 0 0 0 0 0 0 0 0.02
998	0 37 0 0 0 0 0 0 0 0 0 0 0 0 0 0 0 0 0 0
999	0 0 0 26 0 0 0 0 0 0 0 0 0 0 0 0 0 0 0 0
1000	0 0 0 24 0 0 0 0 0 0 0 0 0 0 0 0 0 0 0 0
1001	0 0 0 3.16 0 0 0 0 7.54 0 0 0 0 12.3 0 0 0 0 0 0
1002	0 0 0 0 0.26 0 0 0 0 0.06 0.02 0 0 0 11.66 0 0 0 0 0
1003	0 0 0 0 0 0 0 0 0 0 0 0 0 0 0 0 0 0 0 17
1005	0 0 0 0 0 0 0 0 0 0 65 0 0 0 0 0 0 0 0 0
1006	0 0 0 0 0 0 0 0 0 0.02 11.02 0 0 0 0 0 39.96 0 0 0
1007	0.02 0.14 0 0 0 0 123.1 31.72 0 0 0 0 0 0 0 0 0 0 0 0.02
1008	0 0 0 0 0 0 105.32 4.68 0 0 0 0 0 0 0 0 0 0 0 0
1009	0 0 0 0 0 0 173.94 0 0 0 0 0 0 15.96 0.08 0 0 0 0.02 0
1010	0 0 0 0 0 0 0 0 0 0 0 0.08 0 0 61.94 0 68.98 0 0 0
1011	0.06 0 0 0 0 0 0 0 0 0 0 0 4.8 0.02 223.12 0 0 0 0 0
1012	0 0 0 0 0 0 0 0 21.44 0 0 0 118.86 159.7 0 0 0 0 0 0
1013	0.02 0 0 0 0 0 0 0 0.02 0 0 0 16.32 14.04 42.6 0 0 0 0 0
1014	0 0 0 0 0 0 0 0.04 85.98 0 0 0 73.4 93.58 0 0 0 0 0 0
1015	0 0 0 0 0 0 0 0 0 0 0 14.3 0 6.7 0 0 0 0 0 0
1016	0 0 0 0 71.42 0 0 0 0 0 0 0 0.4 116.3 175.86 0 0 0 0 0.02
1017	0 0 38.34 0 0 0 0 94.66 0 0 0 0 0 0 0 0 0 0 0 0
1018	0 0 0 0 0 0 0 0 0 0 58.38 0 0 0 0 0 16.62 0 0 0
1020	75.4 0 0 0 0 0 0 0 0 0 0 0 0 0 0 0 0 18.6 0 0
1021	53.8 0 0 0 0 0 0 0 0 0 0 0.02 0 0 0 0 63.18 0 0 0
1023	0 0 0 0 0 0 8.82 0 45.18 0 0 0 0 0 0 0 0 0 0 0
990	0 0 70.7 0 0 0 9.3 0 0 0 0 0 0 0 0 0 0 0 0 0
1024	0 0 40 0 0 0 0 0 0 0 0 0 0 0 0 0 0 0 0 0
1025	0 0 101.16 11.74 0 0 0 0 0 0 0.04 0.06 0 0 0 0 0 0 0 0
1026	0 0 10 0 0 0 0 0 0 0 0 0 0 0 0 0 0 0 0 0
1027	0 0 0 0 0 0 0 0 0 0 0 0 8 0 0 0 0 0 0 0
916	0 0 0 2.52 0 33.82 0 0 0 0 0 0 0 0 0 0 0 0 6.66 0
1029	0 0 0 20.98 0 0 0 0.02 0 0 0 0 0 0 0 0 0 0 0 0
1030	0 0 0 0.02 0 0 0 0 0 0 0 0 0 0 0 0 0 0 0 32.98
1031	0 0 0 0 0 0 0 0 0 0 0 0 0 0 0 0 0 0 0 16
1032	0 0 0 0 41 0 0 0 0 0 0 0 0 0 0 0 0 0 0 0
1033	0 0 0 0 0 22.7 0 0 0 0 0 0 0 0 0 0 0 0 0 41.3
1034	0 0 0 0 0 24.58 0 0 0 0 0 0 29.84 1.58 0 0 0 0 0 0
1035	0 0 0 0 94.78 0 0 0 0 0 0 0 0 0 0 0 0 0 0 88.22
1036	0 0 0 0 0 0 0 0 0 0 0 0 0 0 0 0 0 0 0 54
1037	0 16.84 0 0 0 0 0 0 19.16 0 0 0 0 0 0 0 0 0 0 0
1039	0 0 0 0 0 0 0 0 0 0 161.94 0 0 0 0 134.1 0 0 3.96 0
43	0 0 0 0 102.96 0 0 0 0 0 0 0 0 0 0 0 0 0 0 0.04
468	0.04 29.1 0 0 0 0 0 0 73.24 0 0 0 0 0 0 57.6 0 0 0 0.04
939	0 0 0 0 0 0 0.82 0 0 0 0 0 104.94 0 0 0 0 0 0 56.24
1028	3.22 0 0 0 0 0 0 0 0 0 0 0 0 0 255.7 0 0 0 0 90.06
1040	0 0 0 0 0 0 0 0 14.18 0 0 0 0 0 48.84 0 0 0 0 1
1041	0 23.52 0 0 0 0 0 0 118.46 0 0 0 0 0 0 0 0 0 0 0
1042	0 0 0 0 79 0 0 0 0 0 0 0 0 0 0 0 0 0 0 0
1043	0 0 0 0 22.8 0 0 0 0 0 0 0 0 0 0 1.2 0 0 0 0
1044	0 0 0 0 105 0 0 0 0 0 0 0 0 0 0 0 0 0 0 0
1045	0 0 0 0 0 0 0 44.94 0 22.06 0 0 0 0 0 0 0 0 0 0
1046	0 0 0 0 85.76 0 0 0 0 0 0 0.04 36.2 0 0 0 0 0 0 0
1047	0 0 0 0 0 0 0 0 0 0 0 0 0 0 309.96 0 0 0 0.02 0.02
1049	0 0 0 40.28 0 0 0 0 0.02 0 0 0 0 14.7 0 0 0 0 0 0
1051	0 0 0 0 0 0 0 0 0 0 0 0 0 0 114 0 0 0 0 0
1048	0.1 0 0 0 0 0 43.26 0 93.34 0 0 0 33.26 0 0.02 0.02 0 0 0 0
1052	0 0 0 0 0 0 0 0 0 0 0 0 17.4 0 17.6 0 0 0 0 0
1053	0 0 0 0 0 0 0 0 0 0 0 0 0 0 0 0 0 0 0.02 59.98
1054	0 0 0 0.02 0 0 0 0 37.8 0 0 0 0 0.16 0 0 0 0.02 0 0
1055	0 0 0 0 0.2 0 0 0 22.8 0 0 0 0 0 0 0 0 0 0 0
1056	0 0 0 0 0 0 0.02 0 0 0 0.02 0 0 0 0 0 21.96 0 0 0
1057	0 0 0 0 0 0 0 0 0 0 0 0 0 0 42.58 0 0 0 0 0.44
412	0 0 0 0 0 0 0 0 0 0 0 0 0 0 118.48 0 0 0 0 62.5
1058	0 19.42 0 0 0 0 0 0 24.54 0 0 0 0 0 0 0 0 0.04 0 0
826	0.16 0 0 0 0 0 0 0 0 0 0 0 0 0 148.84 0 0 0 0 0
1059	0.02 0 0 0 0 0 0 0 0 0 0 0 52.8 26.18 0 0 0 0 0 0
1060	0.04 0 0 0 0 0 17.12 0 0 0 0 0 0 0 0 0 0 0 0 69.84
1061	0 11.82 0 0 0 0.06 0.02 0 0 0 0 0 0 49.1 0 0 0 0 0 0
1062	0 0 17.36 0 0 17.64 0 0 0 0 0 0 0 0 0 0 0 0 0 0
1022	0 0 39.14 0 0 0 0 0 0 0 0 0 0 9.12 0 0 0 0 24.74 0
1064	0 0 0 0 0 0.02 0 0 0 0 0 0 0 0 0 0 0 16.98 0 0
1065	0.16 0 0 0 0 0 0 56.84 0 96 0 0 0 0 0 0 0 0 0 0
1066	0 14.58 0 0.02 0 0 0 0 0 0 0 0 0 0 0 20.4 0 0 0 0
1067	0 0 0 0 0 0 52.78 0 0 0 0 0 58.22 0 0 0 0 0 0 0
1068	0 0 0 0 0 0 24 0 0 0 0 0 0 0 0 0 0 0 0 0
1069	0 0 0 0 0 0 0 44.98 0 0 0 0 0 0 0 0 0 0 0 0.02
1070	0 0 0 0 0 0 0 54 0 0 0 0 0 0 0 0 0 0 0 0
1071	0 0 0 0 0 0.02 0 29.32 0 0 0 0 0 0 0.66 0 0 0 0 0
1072	0 0 0 9.98 0 0 0 0.02 0 0 0 0 0 0 0 0 0 0 0 0
1073	0.12 0 0 0 0 0 0 0 0.04 0 0 0 141.28 0 0 0 82.56 0 0 0.02
1074	0 0 0 67.42 0 0 0 0 110.9 0 0 0 0 0 0 0 0 0 0 2.66
1075	0 0 0 0 0 0 0 18 0 0 0 0 0 0 0 0 0 0 0 0
1076	0 0 0 0 0 0 0 0 0 0 0 0 0 0 0 0 0 0 0 16
1078	0.52 0 0 36.38 0 0 0 0 0 8.1 0 0 0 0 0 0 0 0 0 0
1079	0 25.74 0 0 0 0 0 0 0 0 0 0 32.14 0 21.12 0 0 0 0 0
1080	0 0 0 0 0 0 0 4 0 0 0 0 0 0 0 0 0 0 0 0
1081	0 0 0 0 0 0 0 0 0 0 0 0 15 0 0 0 0 0 0 0
1082	0 0 0 0 0 0 20.98 0 0 0 0 0 0.02 0 0 0 0 0 0 0
1083	0 14.82 0 0 0 0 0 0 0 0 0 0 0 0 0.18 0 0 0 0 0
1084	0 0 0 0.04 0.2 0 29.06 0.02 0 0 0 0 0 0 4.22 0 0 0 0 15.46
1086	0 0 0 0 0 0 0 0 45 0 0 0 0 0 0 0 0 0 0 0
1087	0.12 0 0 0 0 0 0 0 0 0.06 0 0 0 0 13.78 0 0 0.04 0 0
1088	0 0 0 0 0 0 0 0 0 0 0 0 9.54 11.46 0 0 0 0 0 0
1089	0 0 0 0 0 50.84 0 0 0 0 0 0 0 0 0 0 0 0 14.16 0
1090	0 71.86 0 0 0 0 0 0.08 0 0 0 0 0 0 0 0 0 0 0 0.06
1091	0 0 0 0 0 0 0 0 0 0 0 0 0 0 0 0 0 0 0 104
1092	0.02 0 0 0 0 0 0 0 0 0 0 0 0 0 0 0 0 0 0 24.98
1093	0 0 0 0 0 0 12.02 0 0 16.84 0 0 16.14 0 0 0 0 0 0 0
1094	0 0 0 0 0 0 0 0 0 0 0 0 0 22.98 0 0 0 0.02 0 0
1095	0 0 0 0 0 0 0 0 0.14 0 0 0 0 0 65.86 0 0 0 0 0
1096	0 0 0 0 0 0 0 0 0 0 0 5.7 0.3 0 0 0 0 0 0 0
1019	0 0 0 0 0 0 0 37.22 0 0 0 0 53.78 0 0 0 0 0 0 0
1063	60.88 0 0 0 0 0 0 0 0 0 0 19.98 0 0 0 0 0 0 0 33.14
1097	0 0 0 0 0 0 0 47 0 0 0 0 0 0 0 0 0 0 0 0
1098	0 0 0 0 0 0 0 103.5 0 0 0 0 0 0 0 0 32.5 0 0 0
1099	0 0 0 0 0 0 0 0 0 0 40 0 0 0 0 0 0 0 0 0
1100	0 0 0 0 0 0 0 0 0 0 0 17.96 0 0 0 0 0 0 0 0.06
1101	0.08 0 0 0 0 0 0 0 0 0 1.82 144.68 0 0 0 0 50.4 0 0 0
1102	0 0 0 0 0 0 0 0 0 0 0 0 0 0 17 0 0 0 0 0
1103	0 0 0 0 0 0 0 65 0 0 0 0 0 0 0 0 0 0 0 0
1104	0 0 0 0 0 0 0 0 0 0 0.3 0.02 0 0 0 0 0 0 11.68 0
1105	0 0 41 0 0 0 0 0 0 0 0 0 0 0 0 0 0 0 0 0
1106	0 0 0 0 0 0.96 0 0 0 0 0 9.04 0 0 0 0 0 0 0 0
149	9.24 0.04 0 0 0 0 0 0 14.84 0 0 0 0 20.88 0 0 0 0 0 0
1050	133.98 0 0 0 0 0 0 0 0 0 0 0 0 0 0 0.02 0 0 0 0
1107	0 0 0 0 0 0 0 0 0.02 0 0 35.94 0.04 0 0 0 0 0 0 0
1108	0 0 0 0 0 0 0 12 0 0 0 0 0 0 0 0 0 0 0 0.02
1109	11.42 48.54 0 0 0 0 0 0 0 0 0 18.02 0 0 0 0 0 0 0 0
1110	0.08 89.92 0 0 0 0 0 0 0 0 0 0 0 0 0 0 0 0 0 0
1111	0 0 0 0 0 0 0 0 0 0 21 0 0 0 0 0 0 0 0 0
1113	27.74 0.02 0 0 0 0 0 0 0 0 25.22 0 0 0 0 0 0 0 0 1.02
1114	0 0 0 0 0 0 0 0 0 0 0 0 0 0 27 0 0 0 0 0
1115	0 0 20.62 0 0 0 0 0 0 0.2 0 0 0 0 0 41.1 0 0 0.08 0
1116	0 0 0 0 0 0 0 0 0 38 0 0 0 0 0 0 0 0 0 0
1117	0 0 0 0 0 0 0 0 0 0 0.04 0 0 18.38 0 0 30.58 0 0 0
1118	0 80.8 0 0 39.16 0 0 0 0 0 0.04 0 0 0 0 0 0 0 0 0
1119	0 0 0 0 77.78 0 0 0.02 88.9 0 0 0 0 0 0 0 22.3 0 0 0
1120	0 0 0.02 23.58 0 0 0 0 0 0 0 0.08 0 23.3 0 0 0 0 0.02 0
366	0 0 0 0 129 0 0 0 0 0 0 0 0 0 0 0 0 0 0 0
592	0 22 0 0 0 0 0 0 0 0 0 0 0 0 0 0 0 0 0 0
799	0 0 0 0 0 0 0 0 0 0 12 0 0 0 0 0 0 0 0 0
810	0 0 0 100.98 0 0 0 0 0 0 0 0 0 0 0 0 0 0 0 0.02
1121	35.58 0 0 0 0 0 0 20.42 0 0 0 0 0 0 0 0 0 0 0 0
1123	11 0 0 0 0 0 0 0 0 0 0 0 0 0 0 0 0 0 0 0
1124	39 0 0 0 0 0 0 0 0 0 0 0 0 0 0 0 0 0 0 0
1125	0 0 0 0 0 0 0 0 0 0 0 0 0 0 0 0 17 0 0 0
1126	0 0 0 0 0 0 0 0 0 0 8.26 0 0 0 0 14.78 0 0 0 56.96
1127	0 0 24 0 0 0 0 0 0 0 0 0 0 0 0 0 0 0 0 0
464	0 0 0 0 0 0 0 0 0 0 78 0 0 0 0 0 0 0 0 0
1077	0 0 0 16.98 0 0 0 0 0 0 0 0 0 0.02 0 0 0 0 0 0
1128	0 0 0 0 0 0 0 0 0 0 0 18.84 0 16.16 0 0 0 0 0 0
1129	0 0 0 0 0 0 62.24 0 0 0 0 0 0 0 0 0 0 0 18.76 0
1130	0 0 0 0 0 0 0 0 0 0 4 0 0 0 0 0 0 0 0 0
1131	0 0 0 0 0 0 0 44 0 0 0 0 0 0 0 0 0 0 0 0
1132	0 0 0 0 0 0 0 2.68 29.02 0 0 0 0 43.3 0 0 0 0 0 0
1134	0 0 0 0 0 0 0 0 0 0 0 0.04 17.72 53.82 0 0 26.42 0 0 0
1135	0 97 0 0 0 0 0 0 0 0 0 0 0 0 0 0 0 0 0 0
1136	0 0 0 0 0 0 0 0 0 0 0 80 0 0 0 0 0 0 0 0
1137	0 0 0 0 0 0 89.94 0 0 0 0 0 0 0 0 0 0 0 0 0.06
1133	0 0 0 0 0 0 0 0 0 0 0 0 0 0 0 0 0 0 0 80
1139	0 68.98 0 0 0 0 0 0 0 0 0 0.02 0 0 0 0 0 0 0 0
1140	0 29.98 0 0 0 0 0 0 0 0.02 0 0 0 0 0 0 0 0 0 0
1141	0 0.04 0 0 0 0 0 0 0 0 0 23.94 0 0 0 0.02 0 0 0 0
1142	0.02 0 0 0 0 0 0 0 0 0 0.02 0 0 136.4 0 0.04 21.52 0 0 0
1143	0 0 0 0 0 0 31.84 10.14 0 0 0 0 0 0.02 0 0 0 0 0 0
1144	0 0 0 0 0 0 0 8 0 0 0 0 0 0 0 0 0 0 0 0
1146	0 0 0 0 0 0 0 0 0 5 0 0 0 0 0 0 0 0 0 0
1147	0 0 0 0 0 0 0 69 0 0 0 0 0 0 0 0 0 0 0 0
1149	0 0 0 0 0 0 0 0 0 0 88 0 0 0 0 0 0 0 0 0
1150	0 0 0 0 0 0 0 0 0 0 0 0 0 0 28 0 0 0 0 0
1151	0 0 0 0 0 0 0 0 0 0 0 0 12 0 0 0 0 0 0 0
1153	0 0 0 0 0 0 0 63 0 0 0 0 0 0 0 0 0 0 0 0
1155	0 0 0 0 0 0 0 5 0 0 0 0 0 0 0 0 0 0 0 0
1156	0 0 0 0 0 0 3 0 0 0 0 0 0 0 0 0 0 0 0 0
1157	0 54.48 0 0 0 0.52 0 0 0 0 0 0 0 0 0 0 0 0 0 0
1158	0 0 0 0 0 0 0 16 0 0 0 0 0 0 0 0 0 0 0 0
1159	0 0 0 0 0.14 0 27.06 0 0 0 0 0 2.8 0 0 0 0 0 0 0
1160	0 0 0 0 0 0 0 0 0 0 0 0 0 37.78 0 0 38.22 0 0 0
902	0.04 0 125.92 0 0 0 0 0.02 0 0 0 0 0 0 0 0 0 0 0 0.02
1161	0 0 0 0 0 0 0 9.38 0 0 0 0 0 25.62 0 0 0 0 0 0
1162	0 0 0 0 0 0 0 0 0 0 0 0 0 0 6 0 0 0 0 0
1163	0 0 0 0 8.16 0 33.84 0 0 0 0 0 0 0 0 0 0 0 0 0
1164	0 0 0 0 0 0 0 0 0 0 0 0 0 10 0 0 0 0 0 0
1165	0 0 0 0 0 0 0 0 0 0 0 0 0 0 25 0 0 0 0 0
1166	0 0 0 0 0 0 0 32 0 0 0 0 0 0 0 0 0 0 0 0
1167	9.98 0 0 0 0 0 0 0.04 0 0.02 0 13.92 0 0 0 15 0 0 0.04 0
1168	0 0 0 0 0 0 0 21.28 0 0.02 0 0 0 0 0 0 0 0 0 29.7
1169	0 0 0 0 0 0 0 0 0 0 0 40.98 0 0 0 0 0.02 0 0 0
1170	0 0 0 0 0 0 0 64 0 0 0 0 0 0 0 0 0 0 0 0
1171	0 0 0 0 0 0 0 0 0 0 0 0 0 24.78 0 0 12.22 0 0 0
1172	0 0 0 0 0 0 0 46 0 0 0 0 0 0 0 0 0 0 0 0
1173	0 0 0 0 0 0 17.98 0 0.02 0 0 0 0 0 0 0 0 0 0 0
1174	0 0 0 0 0 0 0.02 0 0 0 0 0 0 0 0 0 6.98 0 0 0
1175	0 0 0 0 0 0 0 0 11 0 0 0 0 0 0 0 0 0 0 0
1176	0 0.02 57.78 0 0 0 0 0 0 0 0 0 0 0 0 0 0 0 0 0.2
1177	0 0 0 1.42 0 0 0 0.04 0 0 0 0 0 0 11.5 0 0.02 0 0 0.02
1178	0 0 0 0 44.96 0 0 0 0 0 0.04 0 0 0 0 0 0 0 0 0
1179	0 14 0 0 0 0 0 0 0 0 0 0 0 0 0 0 0 0 0 0
1180	0 0 0 0 0 0 0 0 0 0 0 0 0 0 0 0 0 0 0 19
1181	0 0 0 0 0 0 0 0 0 0 0 0 0 0 0 0 0 0 0 25
1182	0 25.9 0 0.08 0 0 0 0 0 0 0 0 0 0 0 0 0 0 0 0.02
1183	0 0 0.02 0 35.84 0 0 0 0 0 0 0.12 0.02 0 0 0 0 0 0 0
1184	0 10.18 0 0 0 0 0 0 0 6.82 0 0 0 0 0 0 0 0 0 0
1185	0 0 0 35.98 0 0 0 0 0 0 0.02 0 0 0 0 0 0 0 0 0
1186	0 0 0 0 0 0 0 0 0 7 0 0 0 0 0 0 0 0 0 0
1187	0.02 20.56 0 0 0 0 10.38 0 0 0 0 0 0 0.02 0 0 0 0 0.02 0
1188	0 0 0 0 83.7 0 0 0 0 0 0.02 0 26.26 0 0 0 0 0 0 0.04
1189	0 0 0 0 4.82 0 0 0 0 0 0 0 0 0 0 0 0 0 0.16 0
1190	0 0 0 0 0 0 0 0 0 0 0 0 0 0.38 31.6 0 0.02 0 0 0
1191	0 0 10 0 0 0 0 0 0 0 0 0 0 0 0 0 0 0 0 0
903	0 0 31.98 0 0 0 0 0.02 0 0 0 0 0 0 0 0 0 0 0 0
958	0 0 0 0 0 0 0 0 0 0 0 0 0 0 0 0 34 0 0 0
1193	0 0 0 0 0 0 11.32 0.06 0 0 0 0 0 0 0 0 15.54 0 0.08 0
1194	3.08 0 0 0 0 0 0 0 0 0 0 26.26 0 0 0 0 90.66 0 0 0
1195	0 0 0 0 0 0 27.14 1.86 0 0 0 0 0 0 0 0 0 0 0 0
1196	0 0 0 0 0 0 8.98 0 0.02 0 0 0 0 0 0 0 0 0 0 0.02
1197	0 0 0 0 0 0 0 0 52.7 0 0 0 0 66.98 1.3 0 0 0 0 0
1198	0 0 0 0 0 0 0 17.98 0 0 0.02 0 0 0 0 0 0 0 0 0
1199	0 0.6 0 0.48 0 0 54.92 0 0 0 0 0 0 0 0 0 0 0 0 0
1200	0 0 0 0 0 0 0 0 0 11 0 0 0 0 0 0 0 0 0 0
1204	54 0 0 0 0 0 0 0 0 0 0 0 0 0 0 0 0 0 0 0
1205	0 0 0 0 0 0 0 0.02 0 0 0 0 0 0 0 0.02 0 6.96 0 0
1206	0 0 0 0 44.98 0 0 0 0 0 0.02 0 0 0 0 0 0 0 0 0
980	0 0 0 0 0 0 0 0 0 0 0 0 0 10 0 0 45 0 0 0
986	0 0 0 0 15.38 0 0 0 0 0 0 0 0 27.54 0 0 0 0 0.08 0
1207	0 36 0 0 0 0 0 0 0 0 0 0 0 0 0 0 0 0 0 0
1208	0 50 0 0 0 0 0 0 0 0 0 0 0 0 0 0 0 0 0 0
1209	0 0 0 0 0 0 0 29.88 0 0 0 0 0.12 0 0 0 0 0 0 0
1210	0 0 0 0 0 0 0 0 0 0 0 0 93 0 0 0 0 0 0 0
1211	0 0 0 0 0 0 0 34 0 0 0 0 0 0 0 0 0 0 0 0
1212	0 0 0 0 0 0 0 0 12.12 0 0 0 2.88 0 0 0 0 0 0 0
1213	0 8.96 0 0 0 0 0 0 0 0 0 0 0 0 0 0 0.04 0 0 0
1214	0 0 0 0 0 0 0 0 0 0 0 0 0 0 0 0 7.16 7.84 0 0
1215	0 0 0 29.52 0 0 0 0 0 0 0 0 0 0 11.02 0 0 0.46 0 0
765	0 0 0 0 77.98 0.02 0 0 0 0 0 0 0 0 0 0 0 0 0 0
1004	0 22 0 0 0 0 0 0 0 0 0 0 0 0 0 0 0 0 0 0
1217	0 0 0 91 0 0 0 0 0 0 0 0 0 0 0 0 0 0 0 0
1218	0.14 0 0 0 0 0 0 0 0 0 0 0 71.84 0 0 0 0 0 0 0.02
1219	0.06 0 0 0 50.94 0 0 0 0 0 0 0 0 0 0 0 0 0 0 0
1220	0 0 0 0 82.98 0 0 0 0 0 0 0 0 0 0 0 0 0 0 0.02
1222	0 0 0 0 56 0 0 0 0 0 0 0 0 0 0 0 0 0 0 0
1223	0 0 0 0 0 0 0 14 0 0 0 0 0 0 0 0 0 0 0 0
1224	0 0 0.02 0 0 0 0 0 0 0 0 0 0 0 0 0 0 0 0 17.98
1225	0 0 0 2.2 0 0 0 14.92 0 0 0 0 0 0 7.88 0 0 0 0 0
1226	0 0 0 0 0 0 0 0 38.14 0 0 0 0 46.86 0 0 0 0 0 0
779	0 0 0 61.68 0.32 0 0 0 0 0 0 0 0 0 0 0 0 0 0 0
1221	0 0 0 0 0 0.04 0 0 0 25.68 0 0 0 0 0 0.1 0 0 0 80.18
1228	0 69.1 0 3.8 0 0 0 0 0 0 0 0 26.06 0 0 0 0 0 0 1.04
1229	0.02 0.02 0 0 12.58 0 0 0 0 0 0 9.36 0 0 0.02 0 0 0 0 0
1230	0 0 0 0 30.22 0 0 0 0 0 0.78 0 0 0 0 0 0 0 0 0
1231	0 0 0 0 43 0 0 0 0 0 0 0 0 0 0 0 0 0 0 0
1154	0.06 0 0 0 0 0 0 0 0 27.94 0 0 0 0 0 0 0 0 0 0
1232	0 0 0 24.34 0 0 0 11.06 0 0 0 0 0 0 0 0 0 0 6.6 0
1233	0 0 0 0 0 17 0 0 0 0 0 0 0 0 0 0 0 0 0 0
1234	0 0 0 0 0 13.98 0 0 0 0 0 0 0 0 0.02 0 0 0 0 0
1235	0 0 4 0 0 0 0 0 0 0 0 0 0 0 0 0 0 0 0 0
1236	0 0 3 0 0 0 0 0 0 0 0 0 0 0 0 0 0 0 0 0
1237	0 0 12 0 0 0 0 0 0 0 0 0 0 0 0 0 0 0 0 0
1238	0 0 15.98 0 0 0 0 0 0.02 0 0 0 0 0 0 0 0 0 0 0
1239	0 0 0 0 31.98 0 0 0 0 0 0 0 0 0 0 0 0 0 0 0.02
1240	0 0 0 0 0 0 0 0 0 0 0 0 0 0 0 0 0 32.68 0 31.32
1241	0.02 0 0 0 0 7.06 0 8.92 0 0 0 0 0 0 0 0 0 0 0 0
1242	0.12 0 0 0 0 0 0 0 0 0 0 9.9 0 0 2.98 0 0 0 0 0
1243	0 0 0 0 0 22 0 0 0 0 0 0 0 0 0 0 0 0 0 0
718	0 0 0 0 0 0.7 0 0 0 0 0 0 0 0 0 0 36.3 0 0 0
1244	0.06 0 0 0 0 0 0 0 0 0 0 9.56 0 15.12 62.24 0 0 0 0 0.02
1246	0 0 0 0 10 0 0 0 0 0 0 0 0 0 0 0 0 0 0 0
1247	0.02 0 0 6.94 0 0 0 0 3.06 0 0.98 0 0 0 0 0 0 0 0 0
1248	0 0 0 0 43.94 0 0 0 0 0 0.04 0 0 0 0 0 0 0 0 0.02
1249	0 0 0 0 22 0 0 0 0 0 0 0 0 0 0 0 0 0 0 0
1250	0 0 0 0 9 0 0 0 0 0 0 0 0 0 0 0 0 0 0 0
1251	0 0 0 0 0 0 0 0 0 0 0 0 0 21 0 0 0 0 0 0
1252	0 0 0 0 0 0 0 24 0 0 0 0 0 0 0 0 0 0 0 0
1216	0 0.02 0.1 0 0 0 11.86 0 0 0 0 0 0.02 0 0 0 0 0 0 0
1253	0 0 0 10.94 0 0 0 0 0 0 0.02 0 0 0.02 0 0 0.02 0 0 0
1254	0 0 0.06 0 0 0 0 0 0 0 0 0 0 15.94 0 0 0 0 0 0
1255	0 0 0.2 0 0 0 15.68 0 0 0 0 0 0 0 0 0 0.12 0 0 0
1257	0 0 0 0 0 0 3.98 0 0 0 0 0 0 0.02 0 0 0 0 0 0
917	0 0 0 0 0 0 18 0 0 0 0 0 0 0 0 0 0 0 0 0
1202	0 1.8 0 0 0 0 0 6.32 0 0 0 0 0 10.88 0 0 0 0 0 0
1259	0 0 0 0 0 0 2 0.02 0.28 0 0 0 0 0 5.7 0 0 0 0 0
1260	0 0 0 0 0.02 0 4.82 2.82 0 0 0 0.34 0 0 3 0 0 0 0 0
1261	0 0 0 0 0 0 0 13 0 0 0 0 0 0 0 0 0 0 0 0
1262	0 0 0 0 0 1.38 0 0.04 0 0 0.34 0 0 0 0 0 7.94 0 0 11.3
1263	0 0 0 0 33.12 0 0 0 0 0 0 0 0 0 0 0 5.88 0 0 0
1264	0 0 0 0 0 0 0 22.26 0 0 0 0 0 0.74 0 0 0 0 0 0
1266	0 0 0 0 0 0 30.98 0 0 0 0 0 0 0.02 0 0 0 0 0 0
1267	0 63 0 0 0 0 0 0 0 0 0 0 0 0 0 0 0 0 0 0
1268	0 0 0 0 0 0 0 0 0 0 0 0 0 0 0 0 27 0 0 0
1269	34 0 0 0 0 0 0 0 0 0 0 0 0 0 0 0 0 0 0 0
1270	0 0 0 0 0 0 0 0 7 0 0 0 0 0 0 0 0 0 0 0
1272	0 0 0 0 0 0.06 0.02 0 0 0 0 0 0 7.88 0 0.02 0 0 0 0.02
1192	0 0 0 0 0 0 0 0 0 0 35 0 0 0 0 0 0 0 0 0
819	0 0 0 0 0 51.04 0 0 0 0 0 0 0 0 0 20.46 0 0 0 18.5
1245	0 0 0 0 0 30.68 0 21.28 0 0 0 0 0.04 0 0 0 0 0 0 0
1273	0 0 0 0 0 0 0 0 0 0 0 0 33 0 0 0 0 0 0 0
1274	0 0 0 17 0 0 0 0 0 0 0 0 0 0 0 0 0 0 0 0
1275	0.02 0 0 0 2.9 3.98 0.04 0 0 0.06 0 0 0 0 0 0 0 0 0 0
1276	0.02 0 0 0 0 14.98 0 0 0 0 0 0 0 0 0 0 0 0 0 0
1277	0 0 0 0 0.02 0 0 0 0 0 0 0 0.28 0 55.7 0 0 0 0 0
1278	0.12 0 0 0 0 8.18 0 0 0 0 0 0 0 0 32.7 0 0 0 0 0
1279	0 0 7.24 0 0 0 0 0 0 0 0 0 13.76 0 0 0 0 0 0 0
1280	0 0 0 0 0 37 0 0 0 0 0 0 0 0 0 0 0 0 0 0
1281	4.32 0 33.68 0 0 0 0 0 0 0 0 0 0 0 0 0 0 0 0 0
1258	0.02 0 0 1.44 0 43.52 0 0 0 0 0.02 0 0 0 0 0 0 0 0 0
1283	0 0 0 0 0 0 0 0 0 0 0 0 0 44 0 0 0 0 0 0
1038	0 0 0 0 0 39.96 0 0 0 0 0 0 0 0 0 0 0 0 0.02 0.02
1138	0.02 0 0 0 0 0 0 0 0 0 0 0 0 0 0 8.98 0 0 0 0
1284	0 0 0 0 0 0 0 0 0 0 0 0 0 10.74 40.26 0 0 0 0 0
1285	0 14.1 0 0 0 0 8.06 0 0 18.84 0 0 0 0 0 0 0 0 0 0
1286	0 0 0 0 0 0 0 0 0 0 0 0 0 0 0 0 61 0 0 0
1287	0 0 0 0 0 0 0 0 0 0 0 0 0 0 8 0 0 0 0 0
1288	0 0 0 0 0 0 0 17 0 0 0 0 0 0 0 0 0 0 0 0
1289	0 0 0 0 0 0 0 0 12 0 0 0 0 0 0 0 0 0 0 0
1290	0 0 0 0 0 0 0 0 2.98 0 0 0 0 0 0.02 0 0 0 0 0
1291	0 0 0 0 0 0 0 0 0 0 0 0 0 0 22 0 0 0 0 0
1292	0 0 0 0 0 4.94 0 0 0 0 0 0 0.06 0 0 0 0 0 0 0
1293	0 0 0 0 0 15 0 0 0 0 0 0 0 0 0 0 0 0 0 0
1294	0 0 19 0 0 0 0 0 0 0 0 0 0 0 0 0 0 0 0 0
1295	0 0 13 0 0 0 0 0 0 0 0 0 0 0 0 0 0 0 0 0
1296	0 0 47.48 0 0 0 0 0 0 0 2.52 0 0 0 0 0 0 0 0 0
1203	0 0 0 0 0 0 0 0 0 69 0 0 0 0 0 0 0 0 0 0
1297	7.04 0.02 0 13.94 0 0 0 0 0 0 0 0 0 0 0 0 0 0 0 0
1298	0 0 0 0 0 0 0 0 0 0 0 0 0 0 0 0 0 33 0 0
1299	0 0 0 0 0 0 0 0 0 0 11.08 0 0 0 0 1.16 0 6.72 0.04 0
1300	0 0 0 0 0 7.42 0 0 0 0 0 0 0 0 0 0 0 0 2.78 3.8
1301	0 0 0 0 0 0 0 0 0 0 0.02 0 0 0 0 0 0 0 11.98 0
1302	0 0 0 0 0 0 0 0 0 0 0 0 0 9.06 0 0 0 4.94 0 0
1303	0 0 0 32 0 0 0 0 0 0 0 0 0 0 0 0 0 0 0 0
1152	0 0 0 0 0 0 0 0 0 0 0 0 0 0 79 0 0 0 0 0
1304	0 0 0 0 0 0 0 0 0 0 0 0 0 0 0 0 0 0 0 4
1305	0 0 0 0 0 0 0 14 0 0 0 0 0 0 0 0 0 0 0 0
1306	0 0 0 0 0 0 0 0 0 0 0 0 0 0 0 0 6 0 0 0
1307	0 0 0 0 0 0 0 0 0 0 0 0 0 0 0 0 3 0 0 0
1308	0.18 0.06 0 0.04 0 0 0 0.06 0.02 0 0.04 0.08 0 0 0 0.12 0.26 0 0.04 0.1
1309	0.2 0 0 0.1 0 0 0 0.08 0 0 0 0.08 0 0 0 0.1 0.3 0 0.02 0.12
1310	0 0 0 0 0 0 0 0 0 0 0 0 0 0 0 0 0 0 0 3
1265	0 0 0 0 0 39.02 0.96 0 0 0.02 0 0 0 0 0 0 0 0 0 0
1282	0 0 0 0 0 0 0 0 0 0 0 0 0 0 17 0 0 0 0 0
1312	0 0 0 4.56 0 0 0 0 0 0 0 0 0 10.12 0 0 0.32 0 0 0
1313	0 0 0 5.02 0 26.86 0 0 0 0 0 0 0 0 0 0 0 0 0 6.12
1314	0 0 0 0 0 25 0 0 0 0 0 0 0 0 0 0 0 0 0 0
1315	0 0 0 0 0 15.28 0.52 0 31.2 0 0 0 0 0 0 0 0 0 0 0
1316	0.02 0.06 0 0 0 0 0.06 0.02 18.82 0 0 0 0.02 0 0 0 0 0 0 0
359	0 0 50 0 0 0 0 0 0 0 0 0 0 0 0 0 0 0 0 0
1085	0 0 0 0 0.14 0 0 19.84 0.02 0 0 0 0 0 0 0 0 0 0 0
1317	0 0 0 0 0 0 0 0 7.98 0 0 0 0 0 0.02 0 0 0 0 0
1318	0 0.02 0 0 0.02 0 0 0 0 0 0 0 0 0.94 0 0 3.02 0 0 0
1319	0 0 0 0 0 0 6.94 0.06 0 0 0 0 0 0 0 0 0 0 0 0
1320	0 0 0.06 0 0 0.12 0.26 0.06 0.08 0 0 0 0.06 0.14 0.22 0 0 0 0 0
1321	0 0 0 0 0 0 0 0 0 0 0 0 0 0 5 0 0 0 0 0
1322	0.02 0 0 0 0 0 0 7.98 0 0 0 0 0 0 0 0 0 0 0 0
1323	0 0 0 0 0 0 0 0 0 0 0 0 0 0 0 0 8 0 0 0
1324	0 0 0 0 0 0 0 10 0 0 0 0 0 0 0 0 0 0 0 0
1325	0 0 0.04 0 0 0.12 0.24 0.04 0.08 0 0 0 0 0.16 0.3 0 0.02 0 0 0
1326	0 0 0 0 0 0 0 0 0 0 0 0 0 19.98 0 0 0 0 0 0.02
1327	0 0 0 0 0 0 0 0 0 0 0 0 0 0 7 0 0 0 0 0
1328	0 0 0 0 0 0 0 14.98 0 0 0 0 0 0 0 0.02 0 0 0 0
1330	0 0 0 0 0 0 0 0 0 0 0.02 0 0 0 6.68 0 0 0 0 0.3
1331	0 0 0 0 0 0 11.98 0 0 0 0.02 0 0 0 0 0 0 0 0 0
1332	0 0 0 0 0 0 0 4 0 0 0 0 0 0 0 0 0 0 0 0
1333	0 0 0 0 0 0 1.78 0 0.02 0 0 0 0 0 0 0 0 12.2 0 0
1334	0 0 0 0.02 0 0.1 0.22 0.06 0.1 0.02 0 0 0.06 0.1 0.3 0 0.02 0 0 0
1335	0 0 0 0 0 0 0 0 0 0 0 0 0 0 22 0 0 0 0 0
1336	0 0 0 0 0 0 0 0 0 0 0 0 0 0 15 0 0 0 0 0
1337	0 0 0 0 0 0 0 0 0 0 0 0 0 0 20 0 0 0 0 0
1338	0 0 0 0 0 0 0 0.36 0 0 0 0 0 8.6 0.04 0 0 0 0 0
1339	0 0 0.08 0 0 0.18 0.28 0.06 0.04 0 0 0 0.06 0.06 0.22 0 0.02 0 0 0
1340	0 0 0.12 0 0 0.3 0.08 0.06 0 0 0 0 0.02 0.06 0.34 0 0.02 0 0 0
1341	0 0 0.08 0 0 0.18 0.26 0.02 0.04 0 0 0 0.02 0.14 0.26 0 0 0 0 0
1342	0 0 0 0 0 0 5 0 0 0 0 0 0 0 0 0 0 0 0 0
1343	0 0 0.06 0 0 0.12 0.22 0.06 0 0.02 0.02 0 0.02 0.14 0.34 0 0 0 0 0
1344	0 0 0 0 0 0 0 11 0 0 0 0 0 0 0 0 0 0 0 0
1345	0 0 0.08 0 0 0.26 0.18 0.02 0.02 0 0 0 0.02 0.1 0.32 0 0 0 0 0
1346	0 0 0 0 0 0 0 0 9 0 0 0 0 0 0 0 0 0 0 0
1347	0 0 0 0 0 0 0 0 0 0 0 0 0 0 0.02 0 7.98 0 0 0
1348	0 0 0.04 0 0 0.2 0.28 0 0.08 0 0 0 0.04 0.14 0.22 0 0 0 0 0
1349	0 0 0.06 0 0 0.18 0.18 0 0.08 0 0 0 0.02 0.14 0.34 0 0 0 0 0
1350	0 0 0 0 0 0 0.02 0 0 0 0 0.08 0 0 2.9 0 0 0 0 0
1351	0.04 0 0 0 0 0 0 5.96 0 0 0 0 0 0 0 0 0 0 0 0
1352	0 0 0.04 0 0 0.1 0.2 0.02 0.06 0 0 0 0.08 0.2 0.3 0 0 0 0 0
1353	0 0.02 0 0 0 0 0 12.98 0 0 0 0 0 0 0 0 0 0 0 0
1354	0 0 0 0 0 0.5 1.44 0 0.06 0 0 0 0 0 0 0 0 0 0 0
1355	0 0 0 0 0 0 11 0 0 0 0 0 0 0 0 0 0 0 0 0
1357	0 0 5.8 0 0 0 0 0 0 0 0 0 0 0 0.2 0 0 0 0 0
1358	0 0 0 0 0 0.02 0.02 0 0 0 0 0 0 0.08 0.06 0 0 5.82 0 0
1359	0 0 0 0 0 0.7 0.48 0.72 0 0 0 0 0.1 0 0 0 0 0 0 0
1360	0.04 0 0 0 0 0 0 0 0 0.02 0 0 0 0 0 0 2.94 0 0 0
1361	0 0 0 0 0 0 0 8 0 0 0 0 0 0 0 0 0 0 0 0
1362	0 0 0 0 0 0 0 0 0 0 0 0 0 0 4 0 0 0 0 0
1363	0 0 0.12 0 0 0.16 0.14 0.06 0.14 0 0 0 0 0.06 0.3 0 0.02 0 0 0
1364	0 0 0.12 0 0 0.12 0.18 0.08 0.1 0 0 0 0.02 0.12 0.24 0 0.02 0 0 0
1365	0 0 0.1 0 0 0.18 0.18 0.02 0 0 0 0 0.06 0.1 0.32 0 0.04 0 0 0
1366	0 0 0.04 0 0 0.16 0.14 0.04 0.04 0 0 0 0.08 0.24 0.22 0 0.02 0.02 0 0
1367	0 0 0 0 0 0 0 16 0 0 0 0 0 0 0 0 0 0 0 0
1368	0 0 0 0 0 22 0 0 0 0 0 0 0 0 0 0 0 0 0 0
1369	0.02 0 0 0 0 0 0 0 0 0 6.36 0 0 0 4.62 0 0 0 0 0
1370	0 0 0 0 0 0 8 0 0 0 0 0 0 0 0 0 0 0 0 0
1371	0 0 0 0.02 0.08 0 0.02 0 0 0 0 0 0 0 2.88 0 0 0 0 0
1372	0 0 0 0 0 0 9 0 0 0 0 0 0 0 0 0 0 0 0 0
1373	0 0 0.08 0 0 0.2 0.22 0.04 0.02 0 0 0 0.04 0.06 0.26 0.02 0.04 0 0.02 0
1374	0 0 0 0 0 0 0 0 0 0 0 0 0 0 2 0 0 0 0 0
1375	0 0 0 0 0 0 31.96 0 0 0 0.04 0 0 0 0 0 0 0 0 0
1376	0 0 0 0.02 0 0 0 0 0 0 0 0 0 0 14.98 0 0 0 0 0
1377	0 0 0 0 0 0 0 0 0 0 0 0 0 12.98 0 0 0 0 0 0.02
1378	0 0 0 0 0 0 11 0 0 0 0 0 0 0 0 0 0 0 0 0
1379	0 0 0 0 0 0.04 0 12.96 0 0 0 0 0 0 0 0 0 0 0 0
1380	0 0 0 0 0 0 0 0 0 0 0 0 0 6 0 0 0 0 0 0
1381	0 0 0 0 0 0 0 0 0.08 0 0 0 0 4.62 0 0 13.24 0.06 0 0
1383	0 0 0.08 2.04 0 0 0 0 8.88 0 0 0 0 0 0 0 0 0 0 0
1384	0 0 0 0 0 0 5 0 0 0 0 0 0 0 0 0 0 0 0 0
1385	0 0 0 0 0 0 0 0 0 0 0 0 0 7 0 0 0 0 0 0
1386	0 0 0 0 0 0 0 0 0 0 0 0 0 16 0 0 0 0 0 0
1387	0 0 5.92 0 0.08 0 0 0 0 0 0 0 0 0 0 0 0 0 0 0
1388	0 0 0 0 0 0 11 0 0 0 0 0 0 0 0 0 0 0 0 0
1389	0 0 0 0 0 8.86 0 0 0 0 0 0 0 0 0 0 0 0 0 0.14
1390	0 0 0 0 0 3.98 0 0 0 0 0 0 0 0.02 0 0 0 0 0 0
1391	0.02 0 0 0 0.02 0.54 1.26 0 0 0 0 0.02 0 0.02 0.04 0 0.02 0 0.02 0.04
1392	0 0 9 0 0 0 0 0 0 0 0 0 0 0 0 0 0 0 0 0
1393	0 0 0 0 0 15.9 0 0 0.54 0 0 2.56 0 0 0 0 0 0 0 0
1394	0 0 0 0 0 8 0 0 0 0 0 0 0 0 0 0 0 0 0 0
1395	0 0 13 0 0 0 0 0 0 0 0 0 0 0 0 0 0 0 0 0
1148	0.18 0 0 0 0 0 0 0 19.52 0 0.3 0 0 0 0 0 0 0 0 0
1396	0 0 0 0 0 0 0 0 0 0 17 0 0 0 0 0 0 0 0 0
1397	0 0 0 0 0 0 0 12 0 0 0 0 0 0 0 0 0 0 0 0
1398	0 0 0 0 0 0 0 0 5 0 0 0 0 0 0 0 0 0 0 0
1399	0 0 0 0 0 0 0 0 0 0 0 0 0 11.96 0 0 0 0 0 0.04
1400	0 0 0 0 0 0 0 0 0 0 0 0 0 0 0 0 0 0 0 22
1401	0 0 0 0 0 0 0 0.02 0 0 0.02 0 0 0 0 0 19.48 0 0 32.48
1402	0 0.36 0.02 0.06 0 0 0 1.06 0 0 0.42 0 0.04 0 0 8.96 0 0 0.02 0.06
1403	0 0 0 0 0 0 10.92 0.02 0 0 0 0.06 0 0 0 0 0 0 0 0
1405	0 0 0.06 0 0 0 0.08 0 0 0.02 0 0 0 17.8 0 0 0.02 0 0 0.02
1406	0 0 0 0 0 0 0 0 14 0 0 0 0 0 0 0 0 0 0 0
1408	0 0.58 0 1.16 0 0 0 0 0 0 0.26 0 0 0 0 0 0 0 0 0
1409	0 0 0 0 0 0.02 0 0 0 0.08 0 0 0 0 0 0 0 0 0 16.9
1410	0 0 0 0 0 0 0 0 0 3.22 0 0 5.58 0 0 2.2 0 0 0 0
1411	0 0 0 59.46 0 0 0 0 0 0 0.54 0 0 0 0 0 0 0 0 0
1412	0.02 0 0 0 0 0 0 0 0 0 0 0 0 0 0 0 0 0 0 7.98
1407	0 30 0 0 0 0 0 0 0 0 0 0 0 0 0 0 0 0 0 0
1413	0 16 0 0 0 0 0 0 0 0 0 0 0 0 0 0 0 0 0 0
1414	0 0 0 0.08 0 0 0 1.92 0 0 0 0 0 0 0 0 0 0 0 0
1415	0 0 0 0 0 0 0 0 0 0 0 0 0 0 0 1.56 0 0 0 16.44
1416	0 7.82 0 0 1 0 0 0.18 0 0 0 0 0 0 0 0 0 0 0 0
1417	0 0.1 0 0 0 0 0 0 0 0 0.02 0 0 0 0 0 2.88 0 0 0
1418	0 0 0.02 0 0 0 0 0 0 0 10.98 0 0 0 0 0 0 0 0 0
1419	0 32 0 0 0 0 0 0 0 0 0 0 0 0 0 0 0 0 0 0
1420	0 0 3.98 0 0 0 0.02 0 0 0 0 0 0 0 0 0 0 0 0 0
777	0 4 0 0 0 0 0 0 0 0 0 0 0 0 0 0 0 0 0 0
1227	0 0 0 0 0 0 0 0 0 0 0 0 0 0 0.38 0 12.62 0 0 0
1421	22.48 0 0 0 0 0 0 0 0 0 7.52 0 0 0 0 0 0 0 0 0
1422	0 0 0 0 0 0 0 6 0 0 0 0 0 0 0 0 0 0 0 0
1423	0 4 0 0 0 0 0 0 0 0 0 0 0 0 0 0 0 0 0 0
1424	0 0 0 7 0 0 0 0 0 0 0 0 0 0 0 0 0 0 0 0
1425	0 0 0 7.48 13.48 0 0 0 0 0 0.04 0 0 0 0 0 0 0 0 0
1427	0.02 0 0 0 0 0 0 0.02 0 0 0 11.96 0 0 0 0 0 0 0 0
1428	0 0 0 0 11.8 0 0 0 0.5 0 24.66 0 0 0 0.04 0 0 0 0 0
1430	0 0 7 0 0 0 0 0 0 0 0 0 0 0 0 0 0 0 0 0
1431	0 0 12 0 0 0 0 0 0 0 0 0 0 0 0 0 0 0 0 0
1432	0 0 0 0 0 2.94 0 0.04 0 0 0 0.02 0 0 0 0 0 0 0 0
1433	0 0 0.72 0 0 0.26 0 0 0 0 0 0 0 0 0 0 0.02 0 0 0
1434	0 0 0 6.22 0 11.78 0 0 0 0 0 0 0 0 0 0 0 0 0 0
1435	0 0 0 0 0 0 0 14.98 0 0 0 0.02 0 0 0 0 0 0 0 0
1436	0 0 0 0 0 0 0 0 0 0.02 4.98 0 0 0 0 0 0 0 0 0
1437	0.08 0 0 14.92 0 0 0 0 0 0 0 0 0 0 0 0 0 0 0 0
1145	0 9.92 0 0 0.04 0 0 0 0 0 0 0.04 0 0 0 0 0 0 0 0
1438	0 0 0 0 0 0 0 0 0 8.98 0 0 0 0 0 0 0 0 0.02 0
1440	0 0 0 14.92 0 0 0 0 0 0 0 0 0 0 0 0.08 0 0 0 0
1441	0 0 0 0 0 0 0 0 17.98 0 0 0 0.02 0 0 0 0 0 0 0
1442	0 0 0 0.1 0 0 0 0 0 9.98 0 0 0 0 0 0.04 0 0 0 1.88
1443	0 0 0 0 0 0 0 0 0 0 0 0 0.02 0 0 14.98 0 0 0 0.02
1444	0 0 0 0 0 0 0 0 0 39.98 0 0 0 0 0 0 0 0 0 0
1445	0 0 0 0 0 0 1.48 0 0 0.02 0 0 0 0 0 0 6.5 0 0 0
1446	0 2.1 0 0 0 0 0 0 0 0 0 0 0 0 0.08 0 0 0 0 36.82
1447	1.94 0 0 0 0 0 0 0 0 0 0 0.02 0 0 0 0 0 0 0 1.04
1448	0 0 0 0 0 0 0 0 0 0 0 0 0 0 0 0 11 0 0 0
1449	0 0 0 0 0 0 0 15.14 0 12.86 0 0 0 0 0 0 0 0 0 0
1450	8 0 0 0 0 0 0 0 0 0 0 0 0 0 0 0 0 0 0 0
1451	31.44 0 0 0 0 0 0 0 0 17.56 0 0 0 0 0 0 0 0 0 0
1452	4 0 0 0 0 0 0 0 0 0 0 0 0 0 0 0 0 0 0 0
1453	0 0 0 0 0 0 0 0 0.78 0 0 1.22 0 0 0 0 0 0 0 0
1454	15 0 0 0 0 0 0 0 0 0 0 0 0 0 0 0 0 0 0 0
1455	5 0 0 0 0 0 0 0 0 0 0 0 0 0 0 0 0 0 0 0
1456	18.96 0 0 0 0 0 0 0 0 0 0 0 0 0 0 0 0 0 0 0.04
1457	2.94 0 0 0 0 0 0 0 0 0 0 0 0 0 0 0 0 0 0 0.06
1458	0 0 0 0 0 0 0 0 0 3.98 0.02 0 0 0 0 0 0 0 0 0
1459	0 0 0 0 0 0 0 0 0 0 0 5.62 0 0 0 0 0 0 0 19.38
1460	1.12 0 0 0 0 0 0 0 0 1.88 0 0 0 0 0 0 0 0 0 0
1461	0 0 0.22 0 0 0 0 0 0 0 0 0 0 0 0 0 0 0 0 1.8
1462	0 0 0 0 0 0 0 0 0 0 0 0 0 0 0 0 22.98 0 0 0
1463	0 0 9 0 0 0 0 0 0 0 0 0 0 0 0 0 0 0 0 0
1464	0 0 0 0 0 0 0 0 0 0 0 0 0 0 0 0 0 7 0 0
1465	0 0 0 0 0 0 0 0 0 0 0 0 0 0 0 0 5 0 0 0
1466	0 0 0 0 0 0 0 0 15 0 0 0 0 0 0 0 0 0 0 0
1426	0 0 0 0 0.18 13 0 0 0 0 0 0 0 0 0 0 8.76 0 0 0.08
1404	0 0 0 0 0 0 0 0 0 0 36.98 0 0 0 0 0 0 0 0 0
1468	0 19.78 0 0 0 0 0 0 0 0 0 0 0 0 0 0.22 0 0 0 0
1469	0 0 0 0 12.06 0 0 0 0 0 0 0 0 0 0 0 0 0 0 21.94
1470	0 0 0 0 0 0 0 0 10.38 0 0 0 0 0 0 1.58 0 0 0 0.04
1472	0 0 0 0 0 0 0 7 0 0 0 0 0 0 0 0 0 0 0 0
1473	0 11.06 0 0 0 0 0 0 0 0 0 0 0 0 0 11.94 0 0 0 0
1474	10 0 0 0 0 0 0 0 0 0 0 0 0 0 0 0 0 0 0 0
1475	0 0 0 0 0 0 0 15 0 0 0 0 0 0 0 0 0 0 0 0
1471	0 0 0 0 0 0 0 0.06 0 0 0 0 9.36 0 9.58 0 0 0 0 0
1476	0 0 0 0 0 0 0 2 0 0 0 0 0 0 0 0 0 0 0 0
1477	0 0 0 0 0 0 5 0 0 0 0 0 0 0 0 0 0 0 0 0
1478	0 0 0 0 30.88 0 0.12 0 0 0 0 0 0 0 0 0 0 0 0 0
1479	0 0 0 0 1.02 0 0 0 0 11.22 2.76 0 0 0 0 0 0 0 0 0
1480	0 0 0 0.02 0 0 0 0 0 0 0 0 0 0 0 0 0 0 0 22.98
1481	0 0 0 1.22 0 0 0 0 0 0 0 0 0 0 4.78 0 0 0 0 0
1482	0 0 0 0 0 0 0 0 0 0 0 0 4 0 0 0 0 0 0 0
1271	0 0 0 0 13 0 0 0 0 0 0 0 0 0 0 0 0 0 0 0
1484	0 0 0 0 0 0 0 0 0 0 0 0 8 0 0 0 0 0 0 0
1485	0 0 0 0 0 0 0 0 0 0 0.02 0 0 0 0 0 13.98 0 0 0
1486	0.02 0.02 0 0.08 0.06 0 0.08 0.1 0.04 0 0.2 0 0.2 0 0.06 0 0.04 0 0.04 0.06
1487	0 0 0 0.02 0 0 0 0 0 8.08 0 0 0 0 0 0 0 0 0.9 0
1488	0 0 0 4.8 0 0.24 1.94 0 0 0 0 0 0 0 0 0 5.02 0 0 0
1489	0 0 0 0 0 0 0 5.98 0 0 0 0 0 0 0 0 0 0 0 0.02
1490	0 0 0 0 0.02 0 0 8.98 0 0 0 0 0 0 0 0 0 0 0 0
1491	0 0 0 0 0 0 0 5 0 0 0 0 0 0 0 0 0 0 0 0
1492	0 4 0 0 0 0 0 0 0 0 0 0 0 0 0 0 0 0 0 0
1493	0.06 0.1 0 0.12 0.08 0.02 0.04 0.04 0.04 0 0.08 0 0.12 0 0.12 0 0.06 0 0.04 0.08
1495	0 0 0 0 0 0 0 15 0 0 0 0 0 0 0 0 0 0 0 0
1496	0 0 0 0 0 0 0 0 0 0 0 0 14 0 0 0 0 0 0 0
1497	0 0 0 0 0 0 0 2 0 0 0 0 0 0 0 0 0 0 0 0
1498	0 0 0 4 0 0 0 0 0 0 0 0 0 0 0 0 0 0 0 0
1499	0.06 0 0 0 0 0 0 0 0 0 0 0 9.94 0 0 0 0 0 0 0
1500	0 0 0 0 0 0 0 0 0 0 9.92 0 0 0 0.08 0 0 0 0 0
1501	0 0 0 0 0 0 0 11 0 0 0 0 0 0 0 0 0 0 0 0
1112	0 0 0 0 29.98 0 0 0 0 0 0 0 0 0 0 0 0 0 0 0.02
1502	0 0 0 0 0 0 3 0 0 0 0 0 0 0 0 0 0 0 0 0
1503	0 0 0 0 0.02 0 0 0 0.02 0 0 0 0 0 0 0 0 0 0 17.96
1504	0 0 11 0 0 0 0 0 0 0 0 0 0 0 0 0 0 0 0 0
1505	0 0 0 0 0 0 0 0 0 0 0 0 4 0 0 0 0 0 0 0
1311	0 21.96 0 0 0 0 0 0 0 0 0 0 0 0 0 0 5.04 0 0 0
1506	0 0 0 0 0 0 0 0 0 0 11 0 0 0 0 0 0 0 0 0
1507	0 0 0 0 0 0 0 1.56 0 0 1.44 0 0 0 0 0 0 0 0 0
1508	0 0 0 0 6.96 0 0 0.04 0 0 0 0 0 0 0 0 0 0 0 0
1509	0 8 0 0 0 0 0 0 0 0 0 0 0 0 0 0 0 0 0 0
1510	0 2.98 0 0 0 0 0 0 0 0 0 0.02 0 0 0 0 0 0 0 0
1511	13.3 0 2.66 0 0 0 0 0 0 0.04 0 0 0 0 0 0 0 0 0 0
1512	0 0 0 0 0 0 0 0 0 0 14 0 0 0 0 0 0 0 0 0
1513	0 0 5.96 0 0.02 0 0 0 0 0 0 0 0 0 0 0 0 0 0.02 0
1514	0 0 0 0 0 0 0 0 0 0 0 0 0 15 0 0 0 0 0 0
1515	4 0 0 0 0 0 0 0 0 0 0 0 0 0 0 0 0 0 0 0
1516	0 0 0 0 0 0 0.16 0.02 0 0 8.82 0 0 0 0 0 0 0 0 0
1517	0 0 0 0 0 0 0 0 0 0 0 0 0 0 0 0 0 0 0 11
1518	0 0 0 0 0 0.5 0 0 0 13.6 0 0 0 0 0 0 0 0 0 16.9
1519	0 0 0 0 0 0 0 0 6 0 0 0 0 0 0 0 0 0 0 0
1520	0 0 0 0 0 0 0 0 0 0 0 0 0 0 0 0 0 0 0 3
1521	0 0 0 0 0 0 0 0 12 0 0 0 0 0 0 0 0 0 0 0
1522	0 12 0 0 0 0 0 0 0 0 0 0 0 0 0 0 0 0 0 0
1523	0 5.96 0 0 0 0 0 0 0 0.02 0 0 0 0 0.02 0 0 0 0 0
1439	1.16 0.58 0 0 14.26 0 0 0 0 0 0 0 0 0 0 0 0 0 0 0
1483	0.04 0 0 0 0.02 30.88 0 0 0 0 0 0 0.06 0 0 0 0 0 0 0
1524	0 0 0 0 0 0 0 34 0 0 0 0 0 0 0 0 0 0 0 0
1525	0 0 0 0 0 0 0 4 0 0 0 0 0 0 0 0 0 0 0 0
1526	0 0 0 0 0 0 0 4 0 0 0 0 0 0 0 0 0 0 0 0
1527	0 0 10 0 0 0 0 0 0 0 0 0 0 0 0 0 0 0 0 0
1528	0 0 0 0 0 0 0 0.2 0 0 0 0 4.8 0 0 0 0 0 0 0
1429	0 0 9.98 0 0 0 0 0 0 0 0 0 0 0 0 0.02 0 0 0 0
1529	0 0 0 0 0 0 0 0 0 0 12 0 0 0 0 0 0 0 0 0
1531	0 0 0 0 15.98 0 0 0 0 0 0 0 0 0.02 0 0 0 0 0 0
1532	0.54 0 0 0 0 0 3.46 0 0 0 0 0 0 0 0 0 0 0 0 0
1533	0 0 0 0 0 0 0 0 0 0 0 0 0 0 0 0 4 0 0 0
1534	0 0 0 0 0 0 0 0 0 0.02 0 0 0.04 0 10.82 0 0.12 0 0 0
1535	0 0 0 0 0 0 0 0 0 0 0 0 0 0 0 0 12 0 0 0
1536	0 0 0 0 0 0 0 0 0 4.72 0 0 0 0 0 0 0.28 0 0 0
1537	0 0 0 0 0 0 0.06 0 0 0.26 0 0 0 0 0 0 12.68 0 0 0
1538	0 0 0.3 0 0 0 0 8.7 0 0 0 0 0 0 0 0 0 0 0 0
1530	8 0 0 0 0 0 0 0 0 0 0 0 0 0 0 0 0 0 0 0
1539	0 0 0 0 0 0 0 0 5 0 0 0 0 0 0 0 0 0 0 0
1540	0 0 0 0 1.5 0 11.12 0 0 0 0.1 0 0 0 0 0 0 0 0 0.28
1541	0 2.98 0 0 0 0 0 0.02 0 0 0 0 0 0 0 0 0 0 0 0
1542	0 0 0 0 0 0 0 0 0 0 0 0 0 0 0 0 0 0 0 2
1543	0 0 0 0 0 0 0 0 0 0 0 0 0 0 0 0 0 0 0 3
1382	0.02 0.16 0.04 0.18 0.04 0 0 0.04 0.06 0.12 0.06 0.04 0.02 0.02 0 0 0.12 0.02 0 0.06
1544	0.08 0.16 0 0.08 0.2 0.02 0 0.02 0.04 0.02 0.06 0.04 0 0 0 0 0.08 0.08 0 0.12
1545	0 0 0.6 7.4 0 0 0 0 0 0 0 0 0 0 0 0 0 0 0 0
1547	0 0 0 0 0 0 0 0 0 0 0 0 5.8 0 0 0 0 0 0 0.2
1548	0.02 0.08 0 0.06 0.06 0.02 0.04 0.12 0.08 0.02 0.1 0.14 0 0 0 0 0 0.06 0.02 0.18
1549	0 0 0 0 0 0 0 2.98 0 0 0.02 0 0 0 0 0 0 0 0 0
1550	0 0 0 0 0 0 0 0 6 0 0 0 0 0 0 0 0 0 0 0
1552	0 0 0 3 0 0 0 0 0 0 0 0 0 0 0 0 0 0 0 0
1553	0 0 0 0 0 0 0 11 0 0 0 0 0 0 0 0 0 0 0 0
1554	0 0 0 5.94 0 0 0 0 0 0 0 0 0 0 0 0 0.06 0 0 0
1555	0 0 0 0 9.88 0 0 0 0 0 0.12 0 0 0 0 0 0 0 0 0
1557	0.04 0.16 0 0.06 0.06 0.02 0.02 0.14 0.04 0.02 0.08 0.02 0.02 0 0 0 0.1 0.06 0 0.16
1558	17.26 0 0 0 0 0.02 0 0 0 0 0 0 0 0 0 0 7.72 0 0 0
1559	0 0.2 0 0.18 0.18 0 0 0.1 0.1 0 0.06 0.04 0 0 0 0.04 0 0.04 0 0.06
1560	0 0 0 0 0 0 0 0 0 0 0 6.98 0 0 0 0 0 0 0 0.02
1561	0 0.16 0.02 0.14 0.08 0.02 0 0.1 0.06 0.04 0.02 0.04 0.02 0 0.02 0.04 0.02 0.04 0 0.18
1562	0.06 0.12 0 0.08 0.06 0 0.02 0.1 0.12 0.1 0.08 0.04 0 0 0 0 0 0.02 0 0.2
1563	0.02 0.24 0.02 0.1 0.14 0.02 0 0.1 0.06 0 0.06 0.1 0.04 0 0 0.02 0.04 0 0 0.04
1564	0.04 0.14 0 0.1 0.1 0.02 0.02 0.12 0.04 0.08 0.06 0.02 0.02 0 0 0 0.1 0.04 0.04 0.06
1565	0.06 0.18 0.04 0.08 0.1 0 0.02 0.12 0.02 0.04 0.04 0.06 0 0 0 0 0.08 0.02 0 0.14
1566	0 0.1 0 0.12 0.1 0 0.02 0.08 0.12 0.02 0.1 0.04 0.02 0 0 0 0.06 0.08 0 0.14
1568	0.02 0.2 0 0.08 0.08 0.02 0 0.06 0.06 0.08 0.14 0.02 0.02 0 0 0 0.04 0.08 0 0.1
1569	0.02 0.08 0.02 0.2 0.18 0 0 0.06 0.1 0.02 0.06 0.06 0.02 0 0 0.02 0.04 0.02 0 0.1
1570	0 0.1 0 0.16 0.18 0 0 0.12 0.02 0.02 0.08 0 0.04 0 0 0 0.06 0.08 0 0.14
1571	0 0.14 0.02 0.12 0.14 0 0.02 0.04 0.04 0.08 0.08 0.02 0.02 0 0 0 0.1 0.04 0 0.14
1572	0.02 0.14 0.04 0.14 0.14 0 0 0.02 0.12 0.02 0.06 0.06 0.02 0 0 0 0.04 0.02 0 0.16
1573	0 0.12 0.02 0.1 0.24 0 0 0.08 0.08 0.04 0.08 0 0.02 0 0.02 0 0.04 0.08 0 0.08
1574	0.04 0.02 0 0.18 0.16 0.02 0.02 0.08 0.04 0.06 0.1 0.08 0 0 0 0 0.06 0 0 0.14
1575	0.04 0.08 0 0.18 0.04 0.02 0.04 0.08 0.12 0.02 0.1 0.04 0 0 0 0 0.12 0 0 0.12
1576	0.08 0.18 0.04 0.06 0.12 0 0.02 0.1 0.08 0 0.08 0.04 0.04 0 0 0 0.06 0.02 0 0.08
1578	0 0 0 0 0 0 0 0 0 0 4 0 0 0 0 0 0 0 0 0
1579	0.02 0.12 0 0.1 0.16 0.02 0 0.08 0.1 0.06 0.06 0 0 0 0 0.02 0.12 0.02 0.02 0.1
1580	0 0.18 0.02 0.08 0.12 0 0 0.14 0 0.06 0.08 0.08 0.02 0.02 0 0.02 0.02 0.02 0 0.14
1581	0.04 0.14 0 0.14 0.1 0 0 0.12 0.06 0.04 0.08 0.04 0 0 0 0 0.02 0 0.02 0.2
1582	0.04 0.14 0.02 0.02 0.14 0 0.02 0.06 0.16 0.08 0.08 0.04 0 0 0 0 0 0.04 0 0.16
1583	0.06 0.14 0 0.14 0.14 0 0 0.1 0.06 0.02 0.1 0.02 0 0 0 0 0.04 0.06 0 0.12
1584	0.02 0.16 0 0.06 0.14 0 0.04 0.08 0.04 0.12 0.02 0 0.02 0 0 0 0.06 0.02 0 0.22
1585	0 0 0 0 0 0 0 5 0 0 0 0 0 0 0 0 0 0 0 0
1586	0 0.12 0 0.06 0.16 0 0 0.16 0.08 0.12 0.08 0.02 0.02 0 0 0.02 0.06 0.02 0 0.08
1587	0.02 0.12 0 0.12 0.1 0 0.02 0.04 0.12 0.06 0.12 0.02 0.02 0 0 0 0.06 0.06 0.02 0.1
1588	0.02 0.14 0 0.1 0.12 0 0 0.1 0.08 0.04 0.04 0.04 0.02 0 0 0 0.06 0.06 0.04 0.14
1589	0 0 0 0 0 0 6.98 0 0 0 0 0 0 0 0 0 0 0 0 0.02
1590	0 0.02 0 0 0 3.94 0 0 0.02 0.02 0 0 0 0 0 0 0 0 0 0
1592	0 0 0 0 0 6.4 0 0 0 0 7.66 0 0 0 0 0 0.94 0 0 0
1593	2.5 0 0 0 0 0 0 0 0 0 1.5 0 0 0 0 0 0 0 0 0
1594	0 0 0 0.02 0 0 8.94 0.04 0 0 0 0 0 0 0 0 0 0 0 0
1595	0 2 0 0 0 0 0 0 0 0 0 0 0 0 0 0 0 0 0 0
1596	0 0 0 0 0 2 0 0 0 0 0 0 0 0 0 0 0 0 0 0
1597	0 0 0 0 0 0 0 0 0 0 0 0 5.98 0 0 0 0 0.02 0 0
1598	0 0 10 0 0 0 0 0 0 0 0 0 0 0 0 0 0 0 0 0
1599	0 0 0 0 0 0 0 0 0 0 0 0 0 0 0 0 0 0 0 5
1600	0 0 0 0 0 0 0 0.5 0 0 0 0 0 10.5 0 0 0 0 0 0
1591	0 0 0 10.04 0 0 0 0 0 0 0 0 2.96 0 0 0 2 0 0 0
1601	0 0 0.06 0.02 0 0.02 0.12 0.1 0.02 0 0 0.02 0.2 0.16 0.12 0 0 0.16 0 0
1602	0 0 6.88 0 0 0 0 0.02 0 0 0 0 0 0 0 0 0.1 0 0 0
1603	3 0 0 0 0 0 0 0 0 0 0 0 0 0 0 0 0 0 0 0
1551	0 0 0 0 0 0 0 0 0 0 0 0 3 0 0 0 0 0 0 0
1604	0.02 0 0 0 0 0 0 0 0 0 0 3.98 0 0 0 0 0 0 0 0
1605	0 0 0 0 0 0 0 0 9.9 0 0 0 0 0.1 0 0 0 0 0 0
1608	0 0 0 0 0 7 0 0 0 0 0 0 0 0 0 0 0 0 0 0
1610	0 0 0 0 0 0 0 0 0 0 0 0 0 6 0 0 0 0 0 0
1611	0 0 0 0 0 5.96 0 0 0 0 0 0 0 0.04 0 0 0 0 0 0
1612	0 0.02 5.94 0 0 0 0 0 0.02 0 0 0 0 0 0 0 0.02 0 0 0
1613	0 0 4 0 0 0 0 0 0 0 0 0 0 0 0 0 0 0 0 0
1614	0 3 0 0 0 0 0 0 0 0 0 0 0 0 0 0 0 0 0 0
1615	0 0 0 0 0 0 0 0 0 0 0 0 0 0 19 0 0 0 0 0
1616	0 0 0 0 0.02 0 0 0 0 0 3.98 0 0 0 0 0 0 0 0 0
1617	0 0 6 0 0 0 0 0 0 0 0 0 0 0 0 0 0 0 0 0
1618	0.16 0.02 0 0 0 0 0 0 0 0.16 0 0 0.02 0.06 0.02 0.48 0 0.02 0.06 0
1619	0 0 0 0 0 0 0 0 0 0 0 0 0 0 0 0 3 0 0 0
1620	0 0 0 0 0 20 0 0 0 0 0 0 0 0 0 0 0 0 0 0
1621	0 0.2 0.02 0.14 0.08 0 0 0 0.02 0.02 0 0.08 0.16 0 0.14 0.04 0 0.1 0 0
1556	0 0 0 0 0 0 0 0 0 0 0 3 0 0 0 0 0 0 0 0
1623	0 0 0.06 0 0 0 0 0 0 0 0 0 0 0 0 0 7.94 0 0 0
1624	0 0 0 0 0 2 0 0 0 0 0 0 0 0 0 0 0 0 0 0
1625	0 0 4 0 0 0 0 0 0 0 0 0 0 0 0 0 0 0 0 0
1609	0 0 2 0 0 0 0 0 0 0 0 0 0 0 0 0 0 0 0 0
1626	0.08 0.08 0 0.16 0.04 0.02 0 0 0 0.08 0 0 0.02 0.02 0.18 0.1 0 0 0.08 0.14
911	0 0 5 0 0 0 0 0 0 0 0 0 0 0 0 0 0 0 0 0
1607	2.06 0.9 0 0 0 0.04 0 0 0 0 0 0 0 0 0 0 0 0 0 0
1628	0.02 0 0 0 0 0 0 9.98 0 0 0 0 0 0 0 0 0 0 0 0
1629	0 1.18 0 0 0 0 0 6.78 0.04 0 0 0 0 0 0 0 0 0 0 0
1630	0 0 0 0 0 0 2.96 0 0 0 0 0 0 0 0 0 0.04 0 0 0
1631	0 0 0 0.48 0 0 0 0 0 0 0 0 0 0 0 0 3.52 0 0 0
1632	0.12 0 0 0 0 0 0 0 0 0 2.88 0 0 0 0 0 0 0 0 0
1636	0 0 0 0 0 0 0 4 0 0 0 0 0 0 0 0 0 0 0 0
1637	0 0 0 0 0 0 0 0 0 0 0 0 0 0 0 0 3 0 0 0
1638	0 0 0 0 0 0 0 0 0 0 0 0 0 0 0 0 3 0 0 0
1639	13 0 0 0 0 0 0 0 0 0 0 0 0 0 0 0 0 0 0 0
1640	0.04 0 0 0 0 0 0 0 0.54 0 0 0 0 0 0 0 2.42 0 0 0
1641	2.18 0 0 0 0 0 0 0 0.82 0 0 0 0 0 0 0 0 0 0 0
1642	0 0 0 0 0 0 0 4 0 0 0 0 0 0 0 0 0 0 0 0
1643	0 0 0 0 0 11.94 0 0 0 0 0 0 0 0 0 0 0 0 0 3.06
1644	0 0 0 0 0 0 3 0 0 0 0 0 0 0 0 0 0 0 0 0
1645	0 0 0 0 0 0 0 4 0 0 0 0 0 0 0 0 0 0 0 0
1647	0 0 0 0 0 0 0 3 0 0 0 0 0 0 0 0 0 0 0 0
1649	0 0 0 0 0 0 0 0 0 0 0 0 0 0 0 0 3 0 0 0
1650	4 0 0 0 0 0 0 0 0 0 0 0 0 0 0 0 0 0 0 0
1651	0 0 0 0 0 0 0 4 0 0 0 0 0 0 0 0 0 0 0 0
1653	0 0 4.82 0 0 0 0 0 0 0 0 0 0 0 0 0 0.18 0 0 0
1654	0.02 0 0.22 0 0 0.14 0.02 0.06 0 0.08 0 0 0 0.12 0 0.12 0 0 0.22 0
1655	0 0 0 0 0 0 0 0.34 1.48 0 0.18 0 0 0 0 0 0 0 0 0
1656	0 0 0 0 0 0.26 0 0 0 0.02 6.72 0 0 0 0 0 0 0 0 0
1657	0 0 0 0 2.42 0 0 0 0 0 0 0 0 0 0 0 0 0 0 0.58
1658	0 0 0 0 0 0 5 0 0 0 0 0 0 0 0 0 0 0 0 0
1659	0.24 0 0.06 0 0 0 0.04 0.14 0.06 0.16 0 0.04 0.02 0.06 0 0 0 0.02 0.08 0.08
1660	0.5 0 0 0 0 0 0 0 0 0 0 0 0 0 0 0 0 0 1.5 0
1661	0.16 0.04 0.08 0 0.06 0 0 0.08 0 0.04 0 0 0 0.02 0.06 0.08 0.02 0 0.24 0.12
1652	0 0 0 0.02 0 0.02 0.1 0.02 0.12 0 0.2 0 0.04 0 0 0.12 0.02 0 0 0.34
1662	0 0 0.14 0.02 0 0 0.08 0 0 0 0.54 0 0 0.16 0.04 0 0 0 0.02 0
1664	0 0 7.3 0 0 0 0.02 0 1.58 0 0 0 0 0 0.06 0 0 0 0.04 0
1665	0 0 0 0 0 0.46 1.18 0 0 0 0 0 0 0.36 0 0 0 0 0 0
1667	0 0 0 0 0 0 3 0 0 0 0 0 0 0 0 0 0 0 0 0
1668	0 0 0 0 0 3 0 0 0 0 0 0 0 0 0 0 0 0 0 0
1669	0 0 1.46 0 0 0.54 0 0 0 0 0 0 0 0 0 0 0 0 0 0
1670	0 0 0 0 0 3 0 0 0 0 0 0 0 0 0 0 0 0 0 0
1671	0 0 0.48 0 0 0.48 0.02 0 0 0 0 0 0.02 0 0 0 0 0 0 0
1646	0 0 0 0 0 4 0 0 0 0 0 0 0 0 0 0 0 0 0 0
1674	0 0 0 0 0 0 0 0 0 0 4 0 0 0 0 0 0 0 0 0
1675	0 0 0 0 0 0 0 0 0 0 0 3 0 0 0 0 0 0 0 0
1676	0 0 0 0 0 0 0 0 0 0 0 0.58 0 0 0.42 0 0 1 0 0
1680	0 0 2 0 0 0 0 0 0 0 0 0 0 0 0 0 0 0 0 0
1467	0 0 0 0 0 0 0 0 0 0 0 0 0 0 0 0 0 0 5 0
1622	0 0 0 0 0 0 0 0 0 0 0.5 0 0 0 0 1.5 0 0 0 0
1681	0 0 0 0 3 0 0 0 0 0 0 0 0 0 0 0 0 0 0 0
1682	0 0 0 0 0 0 0 0 0 0 0 0 0 0 0 0 0 0 0 7.08
