1	0.44 0 0 0 0 0 99.4 0 389.64 0 0 399.8 0 257.34 0 0 0 97.88 246.22 0.28
2	0 0 0 0 150.58 0 0 0 0 0 2.12 0 0 181.3 0 0 0 0 0 0
3	0 0 65.64 0 0 0 0 0 159.36 0 0 0 0 0 0 0 0 0 0 0
4	6.24 272.38 0 0 0 230.88 0 93.48 0 0 0 0 0 0 0 0 0 0 0 0.02
5	0 0 0 0 227.98 0 0 0 0 0 0 0 0 0 0 0 0 0 0 0.04
7	35.7 0 0 0 0 0 0 0 382.38 94.18 0 0 0 163.18 0 238.64 0 0 251.88 0.02
8	0 264.96 190.96 49.6 0 0 0 122.58 0 0 0 0 0 62.9 0 0 0 0 0 0
9	0.04 0 0 0 0 0 327.72 92.84 174.2 0 0 194.28 0 0 0 3.92 0 0 47.12 102.88
11	0.74 0 0 0 0 95.02 0 189.52 0 0.04 176.98 0 0 153.54 0 0 0.04 0 135.12 0
13	0 0 0 35.42 0 39.72 186.66 0 96.24 0 0 47.34 0 0 0 51.62 0 0 0 0
15	0.08 0 26.84 0 0 0 52.96 0 229.62 0 0 412.64 0 0 0 0.06 0 169.76 0 0.04
16	0 0 0 0 0 0 102 0 0 0 0 0 0 0 0 0 0 0 0 0
18	0 0 0 19.78 0 0 0 0 0.14 0.08 0 0 0 0 0 0 0 0 0 0
19	0 0 0 85.78 0 0 0 0 69.26 0 0 0 0 0 0 79.86 0 0 0 0.1
21	0 8.88 63.2 0 0 7.1 0 0 0 105.94 0 7.88 0 0 0 0 0 0 0 0
22	0.08 0 0 0 0 82.3 0.02 114.72 0 0 0 0 0 380.14 0 0 0 205.76 166.14 1.84
25	0.02 148.38 0 0 0 0 67.34 0 205.86 0 0 347.6 0 27.8 0 0 0 0 0 0
26	0 51.76 0.12 44.38 0 0 0 0 0 0 97.74 0 0 0 0 0 0 0 0 0
28	0 78.98 155.66 0 0 23.5 0 0 0 0 0 0 0 180.44 0 0 0 248.24 179.82 0.36
29	0 0 0 0 0 254.98 0 0 0 0 0 0 0 0 0 0 0.02 0 0 0
30	0 0 0 122 0 0 0 0 0 0 0 0 0 0 0 0 0 0 0 0
32	137.22 0 0 0 0 0 0 0 0 0 0 0 0 0 0 0.02 0 0 76.76 0
34	0 0 0 0 0.02 0 0 0.18 0 0 8.78 0.02 0 0 0 0 0 0 0 0
35	0 0 21 0 0 0 0 0 0 0 0 0 0 0 0 0 0 0 0 0
37	14 0 0 0 0 0 0 0 0 0 0 0 0 0 0 0 0 0 0 0
38	0 0 71.74 0 216.26 0 0 0 0 0 0 0 0 0 0 0 0 0 0 0
40	0.02 0 116.98 0 0 0 0 0 0 0 0 0 0 0 0 0 0 0 0 0
41	0 0 0 0 41.08 0 0 20.5 0 0 0.02 0 0 27.4 0 0 0 0 0 0.02
42	30.8 117.02 0 0 0 116.28 7.7 0 0 0 0 0 0 0 0 0 0 0 179.18 0
43	0.36 0 92.64 0 0 0 0 0 0 0 0 0 0 0 0 0 0 0 0 0
45	0.06 0 0 255.92 0 0 0 0 0 0 0 0 0 0 0 0 0 0 0 0.02
46	70 0 0 0 0 0 0 0 0 0 0 0 0 0 0 0 0 0 0 0
48	0.12 130.92 0 0 0 0 0 217.96 0 0 0 0 0 0 0 0 0 0 0 0
50	0.86 1.36 0 0 0 0 166.62 0 499.98 0 0 213.94 0 556.4 0 6.68 0 152.6 351.14 160.42
52	2.16 0 40.58 172.72 0 0 0 0.76 0 0 0 0 0 0 0 0 0 0 0 37.78
55	0 0 0 0 0 196.66 0 0 0 0 82.42 0 0 0 0 0 0 0 135.9 0.02
57	0 0 0 108.98 0 0 0 0 0 0 0.02 0 0 0 0 0 0 0 0 0
58	0 0 153.48 0 0 0 0 163.14 0 0 0 0 0 0 0 0 0 0 91.56 93.82
59	0.02 0 0 243.96 0 0 0 27 0 0 0 0 0 0 0 0 0.02 0 0 0
63	0 0 208 0 0 0 0 0 0 0 0 0 0 0 0 0 0 0 0 0
66	0.1 156.3 325.5 0 0.06 0 0 0 0 0 0 0 0 0 0 0 0 0 0 0.04
68	0.02 0 0 0 0 300.16 0 0 0 0 54.82 0 0 0 0 0 0 0 0 0
71	0.36 0 281.74 0 0.02 0 0 0 0 0 0 0 0 161.1 0 0 0 217.78 0 0
75	0 0 0 0 0 0 0 0 0 0 9.5 0 0 0 0 4.5 0 0 0 0
77	0 0 0 0 0 122.38 0 0 0 0 109.6 0 0 0 0 0 0 145.96 0 0.08
79	0.02 0 0 0 117.86 14.06 0 226.74 0 0 0 0 0 385.88 0 0.02 0 219.14 126.2 0.06
83	0 307.08 0 179.1 0 0 0 2.78 0 0.06 0.02 0 0 75.92 0 0 0 0 0 0.04
87	0.34 0 170.04 0 0 0 0 136.9 0 0 0 0 0 1.18 0 0 0 83.7 0 36.84
88	0 170.3 168.5 0 96.7 0 0 0.02 0 0 0 0 0 0 0 0 0 170.38 0 0.12
89	161.78 0 0 0 0 0 0 70.06 0 0 0 0 0 434.1 0 0.02 0 0 171.12 91.9
93	0 30.92 0 0 0 0 0.16 0 20.08 0 0 0 0 0 0 286.78 0 0 0 0.06
94	0 0 219.88 0 105.06 0 0 0 0 0 0 0 0 0 0.02 0 0 0 0 0.08
95	0.22 0 382.84 0 0 0 0 0 0 0.04 0 0 0 234.74 0 0 0 0 86.1 0.02
99	74.3 0 289.98 0 0 0 0 24.22 0 0 0 0 0 0 0 0 0 116.38 0 0.12
101	0 0 31.3 0 0 150.7 0 0 0 0 0 0 0 0 0 0 0 0 0 0
105	0.06 0 0 0 0 0 0 0 0 153.94 0 0 0 0 0 0 0 0 0 0
106	0.56 0 0 0 0 0 0 0 0 0 0 156.42 0 0.02 0 0 0 0 0 0
109	0.14 0 0 0 0 0 0 0 103.16 0 0 0 0 129.54 0 46.86 0 0 67.3 0
110	0.04 0 0 0.98 62.94 0.04 0 0 0 0 0 0 0 0 0 0 0 0 0 0
111	0.02 155.02 0 0 0 0 2.28 0 185.86 0 52.72 415.08 0 0 0 0 0 0 0 0.02
115	0 0 5.96 30.02 0 0 0 0 0 0 0 0.02 0 0 0 0 0 0 0 0.02
116	0.02 0 0 0 0 0 393.96 0 0 0 0 0 0 0 0 0 0 0 0 0
119	0 0 0 12.98 0 0 0 0 0 0 0 0 0 0 0 0 0 0 0.02 0
122	0.02 0 0 0 0 31.76 0 0 31.42 139.8 0 0 0 0 0 0 0 0 0 0
123	0.02 0 0 0 0 40.14 0 0 0 127.24 0 56.48 0 0 0 86.1 0 0 0 0.04
124	0 0 0 0 0 0 396.68 96.2 109.1 0 0 0 0 0 0 0 0 0 0 0
126	0 0 0 0 0 0 76.76 0 0 0 0 212.14 0 0 0 0 0 0 0 0.16
127	0.04 0 0 0 0 0.02 233.04 243.26 378.36 0 0 0 0 123.24 0 66.18 0 76.78 88.42 238.6
131	127.26 0 0 0 0 0 0 0 0.02 0 0 0 0 0 0 0 0 160.72 0 0
133	0 17.38 0 0 0 0 0 0 0 0 0 0 0 0 0 0 0 375 0 141.64
135	215.86 0 0 0 0 0 0 0 0 0 0.02 0 0 183.28 0 0 0 192.8 204.02 0
136	0.12 0 8 0 0 0 0 0 0 0 0 0 0 0 0 0 0 132.28 0 202.64
137	0 87.28 0 0 0 0 396.26 0 0 0 0 0 0 0 0 0 0 0 64.42 0
138	0 0 0 0 28.92 0 0 0 0 0 0 0 0 0 0 0 0 0 0 2.1
139	0 0 102.98 0 0 0 0 0 0 0 0 0 0 0 0 0 0 0 0 0
141	0 0 47.8 0 0 0 0 0 0 0 0 0 0 77.04 0 0 0 91.06 0 0.12
142	0 0 124.92 0 0.04 0 0.02 0 0 0 0 0 0 0 0 0 0 0 0 0
144	0.08 0 0 0 0 0 0 185.66 0 0 127.3 0 0 437.96 0 0 0 0 0 0
146	0 0 0 0 0 0 23 0 0 0 0 0 0 0 0 0 0 0 0 0.02
147	0.02 0 0 0 0 0 0 0 244.6 169.9 33.78 0 0 52.68 0 0 0 0 0 0
149	17.48 0 0 0 0 0 0 0 38.52 0 0 0 0 0 0 0 0 0 0 0.02
152	200.76 0 31.24 0 0 0 0 0 0 0.04 0 0 0 0 0 0.94 0 0 0 0
153	0.02 316.62 0 0 23.5 0 0 0 0 0 0 0 0 92.84 0 0 0 57.22 144.3 100.5
156	0.02 0 0 0 0 132.64 0 132.46 0 0 0 0 0 0 0 0 0 0 185.88 0
158	0 0 0 0 0 0 0 0 0 0 123.9 0 0 0 0 0 0 0 0.1 0
162	0 0 73.62 72.92 0 0 0 0 0 0 48.68 0 0 0 0 0 0 0 0 83.8
165	160.06 45.64 0 0 0 0 0 0 0 0 0 0 0 0 0 19.28 0 0 0 0.02
166	0 0 0 210.98 0 0 0 0 0 0 0 0 0 0 0 0 0 0 0 0
167	9.02 0 0 0 136.12 0 0 0 0 0 0 0 0 0 0 0 0 18.7 0 2.16
168	1.22 316.84 132.84 0 0 0 0 0 0.08 0 0 0 0 149.9 0 0 0 0 327.34 143.78
169	9.96 0 0 0 0 0 0 0 0 0 0 0 0 0 0 0 0 0 429.04 0
172	18.78 13.62 125.12 0 0 0 0 86.8 0 0 0 0 0 542.88 0 0 0.04 132 317.66 1.18
173	0.04 253.78 178.32 0 0 0.02 0 0 0 0 65.8 0 0 244.24 0 0 0 0 246.38 125.34
176	0.04 0 0 0 133.48 0 0 149.48 0 0 0 0.08 0 329.26 0 0 0 42.16 146.94 90.56
178	0.02 85.48 57.38 0 0 0 0 73.72 0 0 0.02 0 0 0 0 0 0 0 0 223.4
179	35.32 108.26 0 113.56 0 125.98 0 0 0 0 0 0.02 0 0 0 0 0 0 189.16 136.7
181	25.64 134.66 0 0 0 0 0 0 477.14 0 0 227.82 0 554.9 0 33.68 0 0 238.78 0.38
182	0.12 0 0 0 0 188.6 0 345.22 0 0 0 0 0 0 0 0 0 0 27.6 136.48
187	0.2 0 0 0 0.02 138.54 0 226.06 0 0 0 0 0 0 0 0 0 0 81.14 290
191	10.96 211.14 0 0 0 0 0 89.72 0 0 0 0 0 50.46 0 0 0 129.56 233.26 180.9
192	0 0 0 0 0 0 0 270.7 0 0 0 0 0 0 0 0 0 0 0 134.3
194	0 267.62 0 0 0 0 0 0 0 0 0 0 0 0.14 0 0 0 83.52 124.58 289.16
195	0 0 8.48 0 0 165.98 0 0 0 0 0 0 0 390.98 0 0 0 0 258.72 116.84
197	0.28 165.96 18.12 0.02 0 0 0 148.84 0 0 0 0 0 0 0 0 0 135.6 48.76 262.4
198	41.82 0 0 149.18 0 0 0 78.48 0 0 0 0 0 73.1 0 0 0 0 74.34 0.08
199	0.8 96.76 0 0 0 0 0 0 0 0 0 0 0 0 0 0 0 0 0 449.44
203	0.04 0 0 0 0 170.56 0 177.04 0 0 0 0 0 0 0 0 0.04 120.08 0 94.24
204	0 309.96 99.02 0 0 0 0 0 0 0 0 0 0 281.12 0 0 0 167.9 196.86 0.16
205	0 0 0 0 0 0 0 0.04 0 0 0 0 0 38.52 0 0 0 0 0 414.42
207	0 0 18.12 144.24 0 0.04 0 0 0 0 0 0 0 0 0 0 0 0 0 39.66
211	0 278.86 0 0 0 52.54 0 0 0 0 0 0 0 0 0 0 0 0 0 330.54
216	1.04 315.36 0 0 0 0 0 0 0 0 120.24 0 0 68.9 0 0 0 218.52 127.14 2.8
217	0.04 0 0 0 197.24 0 0 0.02 0 0 105.7 0 0 0 0 0 0 0 0 0
220	0 0 0 0 0 0 0.02 0 0 0 0 180.9 0 0 0 0 0 0 0 0.1
223	70.1 0 0 0 0 0 0 215.32 0 0 67.42 0 0 0 0 0 0 48.9 54.24 0
231	0 0 0 0 0 283.96 0 0 0 0.02 0 0 0.02 0 0 0 0 19.98 0 0.04
234	31.28 0 0 0 339.12 0 0 0 0 0 0 0 0 41.46 0 0 0 211.72 196.4 0
237	0.22 0 0 0 0 0 135.16 57.54 341.24 0 63.82 432.32 0 0 0.2 0 0 114.48 0 0.06
238	5.24 251.52 0 0 0 0 0 147.28 0 0 116.42 0 0 0 0 0.02 0 0 148.06 127.42
239	0 0 98.4 0 0 260.22 0 0 0 0 0 0 0 0 0 0 0 72.38 0 0
240	0 0 0 0 0 17.88 0 0 0 259.12 0 0 0 0 0 78 0 0 0 0
244	0 0 0 0 0 0 0 0 0 0 0 0 0 0 0 128.88 0 0 0 0.14
245	0.04 0 0 0 0 0 0 0 96.66 0 0 120.94 391.24 0 0 0 0 0 0 0.12
246	0 0 0 0 0 0 0 0 0.02 0.02 0 0 0 0 0 377.94 0 0 0 0
247	0 0 0 0 0 0 0 0 0 7.98 0 0 0 0 0 0 0 0 0 0.04
249	0.06 0 0 0 0 0 0 0 224.98 0 76.56 0 0 30.38 0 0 0 0 0 0.02
251	0.08 0 0 0 0 0 144.9 0 0 0 0 0 0 0 0 0 0 0 0 0
256	48.72 0 0.06 0 0 0 2.22 0 0 0 0 0 0 0 0 0 0 0 0 0
257	0.68 0 0 0 0 0 0 0 518.88 0 0 198.84 0 231.6 0 0 0 0 0 0
261	0.04 0 0 0 0 0 0 0 0 0.08 0 0 0 0 0 0 85.86 0 0.02 0
263	0 0 0 0.02 0 0 0 0 0 0 0 0 0 0 0.64 0 29.34 0 0 0.02
268	0 0 0 0 0 0 0 39.86 0 0 54.4 0 263.12 0 146.54 209.5 0 0 55.54 0.02
269	0.02 82.44 0 0 0 0 285.42 0 0 0 0 0 218.52 0 401.56 0 0 0 0 0.04
270	0.34 0 0 0.96 0 0 0 0 0 0 0 0.3 215.32 0 198.94 0 0 0 0 0.14
271	0 0 0 0 0 0 0 0 0 0 0 0 279.86 147.06 0 32.22 111.24 0 0 0.62
10	1.08 0 0 97.9 0 0 168.9 0 0 0 0 0 0 0 0 0 0 14.96 0 0.18
14	58.4 0 0 0 0 0 485.8 0 0.64 0 0 0 0 0 0 0 0 0 0 1.18
100	0.5 56.86 0 0 0 0 329.06 0 418.4 0 0 175.24 0 2.88 0 161.22 0 0 282.22 196.58
242	0 0 0 0 0 0 199 0 0 0 0 0 0 0 176.88 0 0 0 0 0.12
255	0 0 0 0 0 0 0 0 233.6 0 0 233.54 0 0 0.86 0 0 0 0 0.02
258	0.62 0 0 0 0 0 134.16 0.1 284.52 0 0 0 375.66 177.24 142.7 0 230.9 0 191.08 0
272	0 0 0 0 0 0 0 40.08 0 0 0 0 0 0 501.96 0 109.96 0 0 0
273	0.1 0 0 0 0 95.68 0 0 304.32 87.1 0 0 0 0 0 88.48 0 0 76.24 0.08
274	35 0 0 0 33.46 0 0 0 63.42 0 0 337.5 0 0.02 0 0 0 66.6 0 0
275	0.16 0 0 0 0 0 523.64 0 0 0 0 195.06 0 0 0 0 0 144.12 0 0.04
276	0.04 0 0 0 0 0 273.4 130.22 388.84 0 0 0 0 0 0 0 0 0.08 65.4 0
277	0.4 0 0 0 0 0 177.6 0 0 0 0 0 0 0 0 0 0 0 0 0
278	0.02 0 0 0 0 0 0 0 0.02 0 0 150.92 0.04 0 0 0 0 0 0 0
282	0.08 0 0 0 0 0 0 0 340.72 40.66 0 254.56 0 0 0 0 0 81.8 0 0.18
283	0 102.26 0 0 0 0 323.24 0 0 0 0 141.48 0 0 0 0 0 0 0 0.02
284	0.12 0 0 0 0 0 30.72 0 244.46 0 0 197.12 0 0 0 0 0 35.82 0 0.8
285	0.02 0 0 20.92 0 0 551.96 0 0 0 0 0 0 0 0 0 0 0 0 0.08
286	72.74 36.24 0 0 0 0 414.94 0 0 0 0 91.44 379.82 0 279.8 0 71.3 0 62.42 4.28
287	0 0 0 0 0 0 0 15.66 107 0 0 10.9 0 0 0 85.44 0 0 0 0
288	0.08 0 0 0 142.66 0 0 0 262.46 142.96 0 0 545.62 0 0 63.68 111.44 0.04 78.04 0.02
289	0 0.02 0 0 0 0 0 44.3 34.38 0 0 123.22 274.6 0 81.3 0 64.18 0 0 0
291	0 0 0 0 0 0 0.22 0 155.18 82.94 0 60.98 0 0 0 0 0 37.6 0 0.08
293	0.2 0 0 0 0 0 0 0 357.44 0 0 0 0.08 0 0 136.26 0 0 0 0.04
294	0.62 0 87.66 0 0 0 0 0 248.52 0 0 189.16 390.7 52.02 0 0 230.98 47.28 0 0.06
295	0 0 0 0 0 0.02 0 0 200.96 0 0 0 0 0 0 0 0 0 0 0
296	0 0 0 0 0 0 0 0 0 0 0 0 0 0 0 20 0 0 0 0.04
300	0.78 22.88 0 0 0 0 0 0 75.56 0 0 182.68 509.76 94.4 93.6 0 302.84 0 0 4.46
302	0.9 0 0 0 0 0 0 107.92 0 0 0 0 294.28 0 446.8 113.28 0.32 0 60.4 0.1
304	0 0 0 0 0 0 0 0 0 0 0 58.54 45.46 0 134.42 0.02 192.56 0 0 0
305	0 0 0 0 0 0 0 0 0 0 0 0 0 0 243 0 0 0 0 0
306	0.48 0 0 39.5 0 0 60.06 0 0 0 0 0 61.02 0 135.9 0 0 0 0 0.06
309	0 0 0 0 0 0 0 0 0 0 0 0 51.3 0 0.02 12.6 0 0 0.06 0
310	0.14 0 0 0 0 0 0 0 0 0 0 0 0 0 286.96 0 157.34 0 0 0.58
311	0 0 0 0 0 0 0 0 0 0 0 0 0 0 238.98 0 0 0 0 0
260	0 0 0 0 0 0 0 0 0 57.2 0 0 167.26 40.54 0 0 0 0 0 0
303	0.14 0 0 0 0 0 114.32 0 0 0 0 0 69.04 0 225.42 0 0 0 0 0.08
317	0.02 105.72 0 0 0 0 0 186.88 0 0 0 0 0 0.02 0 0 0 0 22.68 0.68
319	0 0 0 0 0 0 212.2 25.68 0 0 0 0 163.14 0 75.98 0 0 0 0 0
320	63 0 0 0 0 0 0 0 0 0 0 0 0 0 0 0 0 0 0 0
321	0 0 0 0 0 0 116.64 0 0 0 0 0 241.3 0 59.62 0 0 0 0 2.44
322	0 25.98 0 0 0 0 0 0 0 0 0 132.92 366.08 0.02 0 0 0 0 0 0
325	0 0 0 0 0 0 0 0 89.74 0 0 0 149.26 0 0 0 0 0 0 0
326	0 0 0 0 0 0 0 0 0 0 0 0 259.88 0 0 0 242.12 0 0 0
329	0 0 0 0 0 0 0 0 0 0 0 0 133 0 0 0 0 0 0 0.02
333	0.1 0 0 0 0 0 0 0 118.66 0 27.4 0 478.58 0 0 0 118.24 0 0 0
336	0 0 0 0 0 0 0 0 0 0 0 0 0 0 40.98 0 46.02 0 0 0
338	0.18 0 0 0 0.04 0 0 0 0 0.08 0 0 60.7 0.02 90.8 0 13.14 0 30.96 0.08
339	0 0 0 0 0 0 0 0 0 0 0 0 125 0 0 0 0 0 0 0.02
340	0 0 0 0 0 0 0 63.62 0 0 0 0 214.26 0 273.1 0 0 0 0 0
342	0 0 0 0 0 0 0 0 0 0 0 0 0 0 0 0 127 0 0 0
344	0 0 0 0 0.04 0 0 0 0 0 0 0 0 0 169.94 0 0 0 0 0.04
346	0.06 0 0 0 0 0 0 46.58 0 0 0 0 0 0 337.34 0 0 0 0 0
347	0.42 0 0 0 0 0 0 0 0 0 0 0 0 0 390.56 0 0 0 0 0.02
352	0 0 0 0 0 0 0 0 0 0 0 0 0 0 48.96 0 0 0 0 0.06
353	0 0 0 0 0 0 0 0 0 0 0 0 0 0 0 0 28.98 0 0 0
355	0 0 0 0 0 0 0 0 0 0 0 0 0 0 102 0 0 0 0 0
210	0.38 217.04 0 0 0 33.58 0 0 0 0 0 0 0 473 0 0 0 175.98 166.02 0.02
301	0 0 0 0 0 0 133.22 0 0 0 0 0 334.12 0 112.94 0 34.7 0 0 0
324	0 0 0 0 0 0 0 0 0 0 0 0 155.48 0 0 163.4 0 0 0 0.16
327	0.04 0 0 0 0 0 0 0 0 0 0 0 336.5 0.02 70.94 31 0 0 30.46 0
328	0 0 0 0 37.66 0 0 0 0 0 0 0 389.34 0 0 0 384 0 0 0
358	0 0 0 0 0 53.82 0 0 0 62.34 0 0 225.76 0 0.06 0 0 0 0 0.02
359	0 0 0 0 0 0 0 0 0 0 0 0 0 0 0 0 53 0 0 0
360	0 0 0 0 0 0 0 0 0 0 0 0 0 0 0 0 24 0 0 0
362	0 0 0 0 0 0 0 0 0 0 0 0 0 0 0 0 59 0 0 0
70	0.04 316.22 0 166.32 0 0 0 0 0 0 102 10.66 0 0 0 0 0 121.06 13.4 0.32
121	0.24 0.42 0 0 0 0 0 0 374.82 24.48 0 348.08 0 327.1 0 0 0.02 121.6 0.12 0.1
145	0 0 0.08 0.3 0 103.34 0 0 0 0 0 0 0 0 0.02 27.26 0 0 0 0
151	66.82 71.62 114.04 0 0 0 0 0 245.56 0 0 197.24 0 160.16 0 85.54 0 0 0 0.04
163	0 140.88 16.86 0 0 0 0 0 0 0 0 0 0 0.02 0 0 0 59.66 0 35.58
174	0.06 29.92 54.34 0 0 0 0 131.38 0 0 0.06 0 0 472.92 0 0 0 253.84 341.2 177.28
183	0 0 0 0 180.98 0 0 0 0 0 0 0 0 278.38 0 0 0 0 202.86 227.76
186	0.08 162.72 0 0 0 233.84 0 0 0 0 0 0 0 0 0 0.02 0 192.8 197.54 0
189	2.3 0 0 0 0 0.02 0 0 0 0 0 0 0 0 0 0 0 0 190.5 0.22
200	0 0 0 0 229.76 0 0.12 0 0.02 0 85.4 0 0 3.44 0 0 0 0 191.96 113.28
208	0 270.26 0 0 0 129.04 0 0 0 0 0 0 0 0 0 0 0 0.22 50.18 161.28
226	0.02 0 0 0 139.22 299.76 0 0 0 0 0 0 0 0 0 0 0 0 0 0
228	0.16 0 0.02 0 79.78 5.12 0 0 0 0 0 0 0 581.58 0 0 0 10.86 59.54 0.96
229	0.04 0 0 0 6.12 176.14 0 0 0 0 0 0 0 223.6 0 0 0 4.44 0 0.64
233	0 0 0 0 212.74 0 0 0 0 0 0 0 0 121.26 0 0 0 0 0 0
235	0.58 0 0 0 0 139.8 0 0 27.74 131.44 0 100.06 0 0 0 102.36 0 0 0 0.02
250	0.02 0 0 0 0 0 0 0 277.84 13.2 0 0 0 204.38 0 52.56 0 0 0 0
365	0 0 0 0 0 0 0 0 0 0 105.06 0 0 20.94 0 0 0 0 0 0
366	0 0 0 0 0 35.76 0 0 0.02 0 70.14 0 0 0.04 0 0 0 0 0 0.04
367	0.3 188.12 116.2 0 0 107.12 0 0 0 0 95.16 0 0.04 0 0.06 0 0 0 0 0
368	0.02 0 0 0 22.42 0 0 0 0 0 0 18.56 0 0 0 0 0 0 0 0
371	0 0 0 0 28.24 0 0 0 0 0 0 0 0 0 0 0 0 155.76 0 0
373	0 0 0 0 0 102 0 0 0 0 0 0 0 0 0 0 0 0 0 0
374	0 0 16 0 0 0 0 0 0 0 0 0 0 0 0 0 0 0 0 0
375	0 0 0 0 0 0 0 0 0 0 35 0 0 0 0 0 0 0 0 0
378	0 0 94.44 0 0 0 0 0 0 0 0 0 0 0 0 0 0 211.56 0 0
380	0.12 0 51.54 0 0 20.32 0 0 0 0 75 0 0 174 0 0 0 0 0 0.02
381	47.88 126.04 0 0 0 0 41.26 0 0 0 67.82 0 0 0 0 0 0 0 0 0
383	0 0 38.56 0 0 7.44 0 0 0 0 0 0 0 0 0 0 0 0 0 0
386	0 0 100.48 0 0 88.52 0 0 0 0 0 0 0 0 0 0 0 0 0 0
387	94.4 0 52.6 0 0 0 0 0 0 0 0 0 0 0 0 0 0 0 0 0
390	0.1 12.28 0 0 0 0 0 0 0 0 0 0 0 0 0 11.62 0 0 0 0
392	0 0 206.98 0 0 0 0 0 0 0.02 0 0 0 0 0 0 0 0 0 0
395	0 0 121.36 0 0.54 0 0 0 0 0 0.1 0 0 0 0 0 0 0 0 0
396	0 0 32.3 0 0 0.3 0 0 0 0 81.4 0 0 0 0 0 0 0 0 0
398	0 0 40.84 0 8.94 0 0 0 0 0 0 0 0 0 0 0 0 0 0.22 0
399	0.06 0 0 0 0 251.94 0 0 0 0 0 0 0 0 0 0 0 0 0 0.02
401	0 0 122.34 0 44.64 0 0 0 0 0 0 0 0 0 0 0 0 0 0 0
404	0 0 198.02 0 0 0 0 0 0 0 0 0 0 0 0 0 0 91.98 0 0
405	0.02 0 0 0 0 0.44 0 0 362.84 0 0 246.6 0 316.96 0 0 0 0 0 0.14
406	0 0 0 0 47.56 0 0 0 33.36 0 0 0 0 0 0 0 0.08 0 0 0
408	0.26 0 0 0 0 0 90.58 0 45.2 0 0 0 0 0 0 0 0 0 287.9 0.1
409	0.02 0 42.4 0 0.08 0.02 0 0 0 0 0 123.44 0 0 0 0 0 0 0 0
412	0 0 0 0 0 87.34 0 0 0 0 0 97.6 0 0 0 0 0 0 0 0.08
414	81.26 70.72 0 0 0 0 0 0 0 0 0 0 0 0 0 0 0 0 0 0
415	0 0 0 0 0 41.18 0 0 0 0 19.82 0 0 0 0 0 0 0 0 0
416	0 0 96.7 0 0 0 0 0 0 0 0 0 0 0 0 0 0 101.3 0 0
419	101.96 0 186.68 0 0 0 0 0 0 0 0 0 0 64.48 0 0 0 190.8 0 0.1
420	0 0 231.98 0 0 0 0 0 0 0 0 0 0 0 0 0 0 0 0 0
425	77.38 0 0 0 0 0 0 0 0 0 86.7 0 0 0 0 0 0 0 79.8 0.12
427	37.46 0 59.62 0 0 0 0 183.76 0 0 0 0 0 0 0 0 0 207.28 0 284.88
430	3.96 95.62 0 0.02 0 0 0 0 0 0 0 0 0 0 0 0 0 0 0 220.4
431	1 32.74 0 0 0 181.1 0 0 0 0 0 0 0 221.16 0 0 0 0 0 0
432	64.48 0 276.2 0 0 0 0 0 0 0 0 0 0 0 0 0 0 120.5 0 62.82
434	106.98 0 0 0 0 0 0 0 0 0 0 0 0 130.02 0 0 0 0 0 0
437	0 0 0.02 0 0 0 0.02 0 0 2.94 0 0 0 0 0 0 0 0 0 0.04
438	0 0 0 0 0 0 0 0 0 6.98 0 0 0 0 0 0 0 0 0 0
440	0 0 16.46 0 0 0 0 0 0 0 0 0 0.78 0.04 0 2.72 0 0 0 0
442	0 0 0 0 0 4 0 0 0 0 0 0 0 0 0 0 0 0 0 0.02
443	156.1 0 0 0 170.86 0 0 0 0 0 0 0 0 0 0 0 0 132.02 0 0
446	0 0 0 0 0 0 0 0 0 0 22 0 0 0 0 0 0 0 0 0
447	28.06 0 0 0 222.52 0 0 0 0 0 81.42 0 0 0 0 0 0 0 0 0
448	53.8 0 0 0 152.2 0 0 0 0 0 0 0 0 0 0 0 0 0 0 0
449	0.06 0 0 0 77.5 9.02 0.24 0 0 0 0 0 0 196.18 0 0 0 0 0 0
450	0 0 0 0 102.78 0 0 0 0 0 0 0 0 0 0 0 0.22 0 0 0
451	0 0 252.4 0 100.2 0 0 0 0 0 46.58 0 0 0 0 0 0 54.78 0 0.04
452	0.02 0 0 0 132.98 0 0 0 0 0 0 0 0 0 0 0 0 0 0 0
455	0 0 0 0 0.12 203.86 0 0 182.02 0 0 0 0 0 0 0 0 0 0 0
456	0 0 0 0 0 0 0 0 0 86 0 0 0 0 0 0 0 0 0 0.02
12	0.42 0 0 0 0 0 0 338.14 0 43.26 176.72 0 0 0 0 0 0 0 347.26 22.18
47	0.22 0 17.94 98.06 0 142.46 0 0 0 0 0 0 0 0 0 80 0 0 0 40.32
64	0 0 0 0 0 0 0 311.72 0 0 0 0 0 199.98 0 0 0.04 201.92 271.32 0.04
132	0.66 59.7 3.72 0 0 0 0 0 0 0 99.3 0 0 181.8 0 0 0 296.22 0 167.58
170	58.48 0 0 301.98 0 0 0 68.54 0 0 0 0 0 0 0 0 0 0 0 0
177	0.02 0 0 0 0 231.74 0 0 0.02 0 0 0 0 0 0 0 0 40.34 0 168.88
185	0 69.58 0 0 206.84 0 0 139.4 0 0 0 0 0 0 0 0 0 82.72 0 300.52
202	0.04 312.18 0 0 2.56 8.26 0 0 0 0 116.24 0 0 201.36 0 0 0 152.38 59.72 0.2
259	0.6 0 0 0 49.62 0 0 0 0 0 0 0 0 0 0 0 317.66 0 0 0.14
298	0.04 0 0 0 0 0 0 0 471.92 0 0 0 0 50.44 0 45.56 0 0 0 0.02
308	0.22 0 0 0 0 0 0 0 0 0 0 0 0 0 24.86 0 46.92 0 0 0
410	0 0 0 0 0 69 0 0 161.46 157.52 0 0 0 0 0 0 0 0 0 0.04
435	0.1 237.58 0 0.22 0.02 0.02 0 4.58 0 0 0 0 0 110.72 0 0 0 0 0 299.74
460	0 0 0 0 0 0 0 0 71.92 0 0 0 0 0 0 0 0 0 0 0.1
461	0 73.98 0 45.26 0 4.2 0 87.54 0 0 0 0 0 0 0 0 0 0 0 0
462	204.52 153.06 0 0 0 0 92.38 0 0 0 17.98 0 0 0.06 0 0 0 0 0 0
464	0 0 0 59.94 0 0 0 0 0 0 0.06 0 0 0 0 0 0 0 0 0.02
465	0 0 175.7 0 0 0 0 0 0 0 0 0 0 0 0 0 0 70.26 0 0.04
468	0.02 0 78.02 0 0.68 0 0 0 0 0 0 0 0 0 0 0.12 0 108.14 0 0
472	0 0 0 0 0 0 0 0 62.92 126.42 0 58.78 0 142.88 0 0 0 0 0 0
473	0 0 107.62 54.34 0 0 0 0 164.04 0 0 0 0 0 0 0 0 0 0 0
474	130.66 0 0 0 0 0 0 0 0 0 0 0 0 7.34 0 0 0 0 194.46 305.54
482	322.32 0 0 0 0.02 0 0 0 0.08 0 0 0 0 0 0 0 0 80.58 0 0
485	0 101.54 0.04 0 0 0 0 0 0 0 0 0 0 0.02 0 0 0 254.4 0 0
489	70.4 0 0 0 0 0 0 0 0 0 0 0 0 0 0 0 0 0 0 106.64
490	159.8 3.04 0 0 0 0 0 0 0 0 0 0 0 0.12 0 0 0 0 0 0
491	98.78 0 1.94 0 0 0 0 0 0 0 0 0.02 0 0 0 0 0 113.26 0 0
493	120.78 0 0 0 0 0 0 0 0 0 0 0 0 0 0 0 0 0 0 49.24
494	176.98 0 0 0 0 0 0 0 0 0 0 0 0 0 0 0 0 0 0 0
495	0 0 0 0 0 0 0 0 0 0 0 0 0 0 0 0 0 127.3 0 37.72
496	0.3 0 80.66 0 0 0 0 0 0 0 0 0 0 0.3 0 0 0 345.44 169.52 180.76
497	0.12 0 22.78 41.8 0 0 0 0 0 0 0 0 0 0 0 0 0 0 0 154.32
501	0 0 234.72 0 0 0 0 0 0 0 0.18 0 0 0 0 0 0 99.06 0 0.04
502	113.4 45.56 0 0 0 0 0 0 0 0 0 0 0 0 0 0 0 0 0 0.06
503	94.76 0 4.98 0 0 6.22 0 0 0 0 0 0 0 0 0 0 0 0 0 0
504	122 0 0 0 0 0 0 126.52 0.08 0 0 0 0 0 0 0 0 119.4 0 0
505	90.16 0.02 0 0.24 0 0 0 0 0 0 0 0 0 0 0 0 0 0 0 122.58
507	206.48 38.36 0 0 0 0 0 59.16 0 0 0 0 0 0 0 0 0 0 0 0
510	104.12 0 0 0 0 0 0 0 0 11.68 0 0 0 0 0 0 0 69.02 0 212.18
512	36.94 0 0 150.06 0 0 0 0 0 0 0 0 0 0 0 0 0 0 0 0
514	0.32 206.94 0 0 0 0 0 83.76 0 0 0 0 0 0 0 0 0 0 0 271.98
516	0 0 0 83.36 0 0 0 30.26 0 0 0 0 0 0 0 0 0 0 0 59.38
519	0.04 0 0 0 0 0 0 0 0 0 0 0 0 0 0 0 0 0 0 269.96
520	0 0 0 0 0 0 0 0 0 0 0.02 0 0 31.66 0 0 0 86.02 0 296.3
522	64.66 0 0 35.28 0 0 0 0.06 0 0 0 0 0 0 0 0 0 0 0 0
527	0 114.52 7.44 0 0 0 0 100.12 0 0 0 0 0 0 0 0 0 152.66 103.66 154.6
529	108.86 29.32 0 148.22 0 0 0 0 0 0 0 0 0 0 0 0 0 0 0 26.6
530	0 35.64 0 0 0 0 0 0 0 0 0 0 0 0 0 0 0 0 0 192.36
531	111.92 0 0 0 0 0 101.98 0 0 0 125.58 0.08 0 0 0 0 0 0 74.44 0
533	18.54 0 0 0 0 0 0 0 0 0 0 0 0 0 0 32.46 0 0 0 0
535	0 0 0 0 0 0 0 0 61.86 0 0 91.14 0 0 0 0 0 0 0 0
536	0 0 0 0 0 0 28.98 0 0 0.02 0 0 0 0 0 0 0 0 0 0
537	56.42 0 0 0 38.58 0 0 0 0 0 0 0 0 0 0 0 0 0 0 0
538	0 0 0 0 0 0 0 0 0 0 0 0 0 0 0 0 194 0 0 0
539	0 0.12 0 0 0 0 0 0 0 0 0 0 0 0 90.88 0 0 0 0 0
23	0.04 0 0 0 0 0 0 313.76 0 0 0 0 0 0 0 0 0 0 70.18 256.02
27	0 0 0.02 0 0 0 0 0 0 0 47.7 0 0 111.28 0 0 0 0 0 0
31	0.76 0 4.8 0 93.66 0 0 89.76 0 0 0 0 0 263.82 0 0 0 0 0 0.2
39	28.54 0 0 0 0 103.9 0 0.06 0 0 81.5 0 0 0 0 0 0 0 0 0
51	0 0 148.88 0 0 0 0 0 0 0 0 0 0 0 0 0 0 54.02 0 0.16
56	0.06 187.38 0 0 211.34 0 0 241.36 0 0 0 0 0 248.58 0 0 0 0 265.3 97.94
62	0.02 0 0 0 0 208.26 0 0 0 0 0 0 0 117.7 0 0 0 0 0 0
69	0 109.54 129.22 0 0 0 0 193.9 0 0 0 0 0 225.24 0 0 0 332.96 0 12.14
73	0 0 123.38 0 0 130.62 0 0 0 0 0 0 0 0.34 0 0 0 88.64 0 0.02
80	0 0 0 0 148 0 0 0 0 0 0 0 0 0 0 0 0 0 0 0.04
86	0 198.08 1.74 260.98 0 0 0 0 0 0 0 0 0 0 0 0 0 0 0 0.16
91	0 140.72 119.46 0 0 164.68 0 0 0 0 0 0 0 0 0 0 0 0 0 0.14
96	0.14 0 0 0 107.92 0 0 169.24 0 0 0 0 0 516.02 0 0 0 0 164.68 0
97	0 96.56 0.26 0.02 0 0 0 0 0 0 170.54 0 0 78.1 0 0 0 355.52 73.82 0.2
98	0 0 0 0 0 0 0 112.46 0 0 130.58 0 0 146.18 0 116.74 0 320.08 361.24 98.7
125	0 67.78 0 0 0 0 0.66 0 200.08 0 0 427.42 0 9.06 0 0 0 0 0 0
134	273.74 0 0 0 0 0 0 0 0 0 0 0 0 0 0 0 0 0 153.3 249.96
140	0 0 160.82 0 0.16 0 0 0 0 0 0 0 0 0 0 0 0 0 0 0.04
143	0.06 115.84 178.92 0 0 0 0 0 0 0 61.2 0 0 0 0 0 0 318.96 0 0.02
157	0.7 0 0 0 0 152.8 0 89.68 0 0 0 0 0 0 0 0 0 96.3 0 25.5
164	0 0 0 0 200.62 0 0 0 0 0 0 0 0 206.38 0 0 0 0 0 0
175	154.16 110.24 0 0 0 0 0 0 0 0 0 0 0 106.74 0 0 0 0 203.96 9.9
180	0.02 0 0 0 0 65.52 0 165.64 0 0 0 0 0 0.02 0 0 0 65.38 191.24 240.18
201	0 0 0.02 0 0 118.6 0 0 0 0 0 0 0 0 0.02 130.3 0 0 0 0.06
213	0 141.1 0 273.9 0 0 0 0 0 0 0 0 0 0 0 0 0 0 0 0
214	0 53.44 88.1 0 0 34.44 0 8.06 0 0 0 0 0 0 0 0 0 0 106.96 0.02
215	0 0 92.48 0 0 0 0 0 0 0 132.3 0 0 0 0 0 0 296.32 0 91.9
219	0 0 0 0 279.98 0 0 0 0 0 0 0 0 0 0 0 0 0 0 0
230	0.3 0 0 0 0 147.76 0 0 0 0 0 0 0 387.5 0 0 0 5.44 0 0
265	0.12 0 0 0 0 0 0 0 0 0 73.16 0 0 323.7 0 0 0 140.34 122.62 1.08
318	0.64 0 0 0 0 0 14.84 317.6 0 0 0 0 0 25.86 0.02 0 0 400.42 302.44 2.16
341	0 0 0 0 0 1.64 0 0 0 0 0.02 0 17.82 0 0 0 0 0 0 1.52
356	0 0 0 0 0 0 0 0 0 0 163.84 0 0 0 0 0 0 111.16 0 0
357	0.26 81.98 0 0.1 0 0 0 241.84 0 0 0 0 0 0 0 0 0 155.32 184.78 239.72
379	0 0 0 0 0 0 0 0 0 83.52 0 0 0.02 6.46 0 0 0 0 0 0
384	0 0 62.28 0 78.66 0 0 0.06 0 0 0 0 0 0 0 0 0 0 0 0
391	0 0 0 0 128 0 0 0 0 0 0 0 0 0 0 0 0 0 0 0
402	0.1 0 321.58 0 0 0 0 0 0 0.02 136.92 0 0 0 0 0 0 0 0 0.42
403	0 0 163.74 0 0 389.22 0 0 0 0 0 0 0 0 0 0 0 0 0 0
417	0 0 142.46 0 0 0 0 0 0 0 33.36 0.18 0 0 0 0 0 0 0 0.02
421	1.92 0 79.38 0 0 0 0 0 0 0 156.96 0 0 0 0 0 0 0 50.72 0
429	0 0 0 0 0 0 0 0 0 0 0.08 0 0 68.94 0 0 0 0 0 236.98
433	88.46 148.94 0 0 0 0 0 0 0 0.06 240.5 0 0 0 0 0 0 0 0 0.04
436	0 62.14 0 0 198.86 0 0 0 0 0 0 0 0 0 0 0 0 0 0 0
441	0.04 0 0 0 107.96 0 0 0 0 0 0 0 0 0 0 0 0 0 0 0
444	0 0 0 0.04 106.94 0 0 0 0 0 0 0 0 0 0 0 0 0 0 0.04
463	0 62.14 0 160.78 0 0 0 0 0 0 0 0.04 0 0.02 0 0 0 0 0 0
470	0 0 0 0 0 256.7 0.08 0 0 0 0 0 0 0 0 0.02 0 65.18 0 0.04
487	102.56 0 0.38 34.84 0 0 0 0 0 0 0 0 0 0 0 0 0 90.2 0 0
488	213.94 0 0 0 0 0 0 0 0 0 0 0 0 0 0 0 0 0 0 0.06
499	0 29.52 0 0 0 0 0 0 0 0 0 0 0 0 0 0 0 0 0 165.48
506	165.86 0 0 0 0 0 0 0.02 0 0 70.76 0 0 0 0 0 0 57.34 0 0.02
509	0.12 0 0 185.54 0 0 0 127.6 0 0 0 0 0 0 0 0 0 0 0 49.74
513	130.52 0 0 0 0 0 0 0 0 0 0 0 0 0 0 0 0 0 0.46 133.04
521	0 0 0 0 0.04 0 0 107.36 0 0 0 0 0 0 0 0 0 0 0 267.6
523	2.6 114.88 0 0 0 0 0.02 0 0 0 0 0 0 0 0 0 0 0.78 62.26 346.44
540	0 0 48.94 0 0 0 0.02 0 0 0 0 0 0 31.04 0 0 0 0 0 0
544	0 0 0 0 0 0 0 0 111.54 71.46 0 0 0 0 0 0 0 0 0 0
545	0 0 0 0 0 17 0 0 0 0 0 0 0 0 0 0 0 0 0 0
546	0 0 0 0 0 117.86 0 0 177.64 156.48 0 184.02 0 0 0 0 0 0 0 0
547	0 0 0 0 0 0 0 0 0 0 0 0 0 0 0 105 0 0 0 0
549	0 46.12 0.02 0 0 161.44 0 0 0 0 0 0 0 0 0 0 0 68.42 0 0
551	0 0 0 0 0 0 0 0 0 0 0.08 0 0 4.46 0 27.46 0 0 0 0
552	0 0 0 0 0 90 0 0 0 0 0 0 0 0 0 0 0 0 0 0
556	0 0 0.02 0 0 20.62 0 0 0 0 0.36 0 0 0 0 0 0 0 0 0
557	0 0 0 0 0 0 0 0 0 0 0 0 0 0 0.06 43.94 0 0 0 0
558	99.88 0 0 0 0 0 0 0 0 0 0 0 0 0 0 91.12 0 0 0 0
561	0 0 0 0 109.1 0 0 0 0 0 40.88 0 0 0 0 0 0 0 0 0.02
565	0 0 27.6 0 0 0 0 0 0 0 3.8 0 0 0 0 0 0 0 0 18.6
566	0.02 0 0 0 116.36 209.32 0 0 0 0 0 0 0 0 0 0 0 186.3 0 0
568	0.44 0 121.54 0 0 198.88 0.02 0 0 0 0 0 0 210.74 0 0 0 113.38 0 0
569	0.02 0 0 0 133.98 0 0 0 0 0 0 0 0 0 0 0 0 0 0 0
571	0 0 0 0 0 0 0 0 0 0 54.96 0 0 0.04 0 0 0 0 0 0.02
572	0 0 0 0 65.98 0 0 0 0 0 0 0 0 0 0 0 0 0 0 0
573	0 0 0 0 77 0 0 0 0 0 0 0 0 0 0 0 0 0 0 0
574	0 0 0 0 0 0 0 0 0 0 19 0 0 0 0 0 0 0 0 0
575	0 0 0 0.06 0 64.46 0.02 0 0 0 22.44 0 0 0 0.02 0 0 0 0 0
577	0 0 0.1 0 0 70.9 0 0 0 0 0 0 0 0 0 0 0 0 0 0
578	0 0 0 0 31.12 196.88 0 0 0 0 0 0 0 0 0 0 0 0 0 0
583	0 0 0 0 0 42.22 0 0 0 0 34.76 0 0 0 0 0 0 0 0 0.02
584	0 42.96 82.36 47.3 0 0 0 0 0 0 0 0 0 0 0 0 0 58.38 0 0
585	0 0 89 0 0 0 0 0 0 0 0 0 0 0 0 0 0 0 0 0
586	0.02 0 45.36 0 0 0 0 0 0 0 0 0 0 31.58 0 0 0 0 0 0.06
588	0 0 263.62 0 0 0 0 0 0 0 0 0 0 90.98 0 0 0 123.76 110.6 0.02
590	0 0 11.6 0 0 0 0 0 0 0 0.02 0 0 0 0 22.38 0 0 0 0
591	0 0 0 0 0 0 0 0 205.82 0 0 169 0 0 0 62.6 0 99.58 0 0
592	0.44 0 0 0 0 0 0 0 0.04 0 20.52 0 0 0 0 0 0 0 0 0
593	17.92 0 0 0 0 0 0 0 8.08 0 0 0 0 0 0 0 0 0 0 0
594	0 0 0 0 0 0 0 0 0 0.02 8.98 0 0 0 0 0 0 0 0 0
595	0 0 0 0 0 0 0 0 0 0 0 171 0 0 0 0 0 0 0 0
596	0 0 0 0 0 0 43.7 0 0 0 0 197.96 0 79.32 0 0 0 0 0 0.04
597	0.04 0 0 0 0 48.56 0 0.04 140.34 124.86 0 156.5 0 52.64 0 0 0 0 0 0
598	0 0 0 0 0 0 0 0 0 6 0 0 0 0 0 0 0 0 0 0
600	0 0 0 0 0 6 0 0 0 0 0 0 0 0 0 0 0 0 0 0
601	0 0 0 0 0 0 0 0 0 0 0 0 0 0 0 0 0 73 0 0
602	145 0 0 0 0 0 0 0 0 0 0 0 0 0 0 0 0 0 0 0
603	140.28 159.2 0 0 49.12 0 0.12 171.28 0 0 0 0 0 0 0 0 0 0 0 234
605	55.54 0 0 0 0 0 0 0 0.02 0 0 0 0 0 0 0 0 22.44 0 0.02
606	232.98 0 0 0 0 0 0 0 0 0 0 0 0 0 0 0 0 0 0 0
607	145.66 0 0 0 0 0 0 0 0 0 0 0 0 0 0 0 0 0 0 76.36
609	0 0 0 11.44 0 0 0 0 0 0 0 1.3 0 0 0 0 0 129.82 0 33.42
610	118.84 0 0 0 0 0 0 0 0 0 0 0.02 0 0 0 0 0 8.14 0 0
611	142 0 0 0 0 0 0 0 0 0 0 0 0 0 0 0 0 0 0 0
612	10.12 0 0 28.26 0 0 0 0 0 0 0 0 0 0 0 0 0 68.62 0 0
613	84.3 0 0.02 0 0 0 0 0 0 0 0 0 0 0 0 0 0 8.68 0 0
615	78.78 0 0 0 0 0 0 0 0 0 0 0 0 0 0 0 0 0 0 127.22
616	68.86 0 47.96 0 0 0 0 0 0 0 0 0 0 0 0 0 0 0 0 48.18
617	55 0 0 0 0 0 0 0 0 0 0 0 0 0 0 0 0 0 0 0
620	0 0 0 0 0 0 0 0 0 0 0 109 0 0 0 0 0 0 0 0
625	0 0 221.98 0 0 0 0 0 0 0 0.02 0 0 0 0 0 0 0 0 0
628	0.02 0 0 0 0 0 0 92.42 116.22 13.92 0 166.52 0 0 0 76.9 0 0 0 0
629	37.14 177.86 0 0 0 0 0 0 0 0 0 0 0 0 0 0 0 0 0 0
631	164.4 98.12 0 0.08 0 0 0 0 0 0 79.4 0 0 0 0 0 0 0 0 0
632	0 0 0 0 0 0 0 0 0 0 0 0 0 0 0 0 0 69.24 0 108.76
634	45.96 0 0 0 0 0 0 11.92 0.1 0 0 0 0.02 0 0 0 0 0 0 0
635	0 0 11.02 0 0 0 0 0 0 0 0 0 0 0 0 20.78 0 0 0 19.2
638	129.98 0 0 0 0 0 0 0 0 0 0.02 0 0 0 0 0 0 0 0 0
639	0 0 0 90.84 0 0 0 0 0 0 0 0 0 0 0 0 0 0 0 39.16
640	155.14 0 0 0 0 0 0 0 0 0 45.12 0 0 0 0 0.74 0 0 0 0
641	0 0 0 0 0 0 0 0 0 0 0 0 0 0 0 0 0 0 0.22 117.8
646	0 0 0 0 0 0 0 0 0 0 0 0 0 0 0 0 0 0 0 132.98
649	0.04 0 0 0 0 0 0 59.5 0 0 0 0 0 0 0 0 0 0 0 84.48
651	0 0 0 0 0 188.58 0 0 0 0 0.26 0 0 0 0 0 0 208.44 140.6 35.1
652	65.8 0 0 0 0 0 0 0 0 0.08 64.58 0 0 0 0 0 0 0 127.54 0.02
655	0.22 129.1 80.22 0 0 124.66 0 95.68 0 0 0 0 0 0 0 0 0 148.46 119.46 0.2
656	125.08 0 0 0 0 0 0 0 0 0 0 0 0 0 0.02 19.82 0 0 0 0.08
660	0 134.68 0 0 0 0 0 0 0 0 86.68 0 0 0 0 0 0 243.56 0 0.06
663	85.92 147.92 0 0 0 0 0 0 0 0 0 0 0 0 0 0 0 0 0 136.16
664	134 0 0 0 0 0 0 0 0 0 0 0 0 0 0 0 0 0 0 0
665	0 0 0.08 0 135.3 0 0 0 0 0 0 0 0 74.9 0 3.72 0 0 0 0
666	0 0 0 11.96 0 0.04 0 0 0 0 0 0 0 0 0 0 0 0 0 0
668	0 0 0 0 4.64 0 0 0 0 0 7.36 0 0 0 0 0 0 0 0 0
670	0 0 0 0 85.48 0 0 0 0 0 0 0 0 0 0 0 0 0 0 0.52
671	90.52 0 4.6 0 29.56 0 0 0 0 0 0 0 0 0 0 5.32 0 0 0 0
672	0 0 0 0 116.58 0 0 0 0 0 0 0 0 0 0 12.4 0.02 0 0 0
677	0 0 0 0 0 0 0 0 0 0 0.04 0 0 0 0 0 0 2.96 0 0
678	0 0 0 0 0 0 0 0 122.48 0 0 0.78 48.3 51.2 0 0 301.24 0 0 0
679	0.06 0 0 0 0 191.72 0 0 0 0 0 0 0 61.32 0 0 0 0 0 28.9
682	0 0 0 0 0 0 0 0 0 0 0 0 92.18 0 0 0 140.82 0 0 0
82	0 64.48 191.82 0 0 92.9 0 0 0 0 0.08 0 0 346.54 0 0 0 82.02 0 0.18
222	0.3 0 0 0 0 0 64.56 0 306.36 0 0 154.32 0 416.76 0 0 0.1 0 126.44 0.14
227	0.02 0 0 0 0 126.66 0 0 0 0 0 0 0 292.24 0 0 0 0 0 0.1
241	0 100.74 0 0 0 225.24 0 0 0 0 0 0 0 0 0 0 0 0 0 0
243	0 0 0 0 0 0 0 0 0 0 0 97.12 61.1 0 0 0.3 110.48 0 0 0
518	44.7 0 0 0 0 62.66 0 139.64 0 0 0 0 0 0 0 0 0 0 0 0
684	2.8 0 0 0 0 328.12 0 0 0 0 0 0 0 0 0 0 0 180.08 0 0
688	0 0 0 0 0 0 0 0 0 0 0 0 30.32 0 0 0 39.68 0 0 0.02
385	0.02 0 0 0 0 284.6 0 0 0 0 0 0 0 199.42 0 0 0 126.92 0 0.04
483	0.06 67.78 0 0 0 0 0 111.42 0 0.08 0 0.02 0 0 0 0 0 173.9 128.5 384.24
690	0.18 0 0 0 0 0 0 0 0 0 0 0 280.22 0 170.58 0 0 0 0 0
33	0.02 0 0 0 0 236.86 0 19 0 0 0.12 0 0 0 0 0 0 0 0 0
60	0 0 0 233.44 0 0 0 7.56 0 0 0 0 0 0 0 0 0 0 0 0
85	0 0 54.78 0 0 85.22 0 0 0 0 0 0 0 0 0 0 0 0 0 0.02
129	0.02 0 0 0 0 0 88.34 0 124.2 0 0 0 0 0 0 166.26 0 0 0 0.18
161	0.3 0 1.32 0 157.54 0 0 0 0 0 0 0 0 283.78 0 0 0 153.04 0 0.02
221	0.86 0 0 32.9 0 0 156.2 0 0 0 0 0 0 0 0 26.02 0 0 0 0
334	0 0 0 0 0 0 0 0 0 0.02 0.02 0 174 0 0 0 0.96 0 0 0
467	0 0 0 0.04 0 0 0 137.96 0 0 0 0 0 0 0 0 0 0 0 0
478	215.94 0 0 0 0 0 0 43.4 0 0 0 0 0 0 0 0 0 78.66 0 0
479	169.64 0 0 0 0 0 0 143.86 0 0 0.02 0 0 0 0 0 0 77.02 0 208.46
480	62.9 0 0 0 0 0 0 57.74 0 0 0 0 0 58.96 0 0 0 108.14 0 309.28
484	135.58 59.34 0 0 0 0 0 0 0 0 0 0 0 0 0 0 0 0.26 0 252.8
511	0.46 0 0 79.58 0 0 0 0 0 0 0 0 0 49.46 0 0 0 0 0 421.5
525	242.72 0 0 0 0 0 0 0.04 0 0 0 0 0 0 0 0 0 0.24 0 0
582	0 40.44 0 255.04 0 0 0 0 0 0 84.34 0 0 0 0 0 0 122.12 0 0.06
589	0.06 0 0 0 0 0 0 0 0 0.02 0 0 0 0 0 37.28 0 0 0 96.64
604	156.72 0 0 0 0 0 0 0 0 0 0.02 0.12 0 0 0 0 0 86.14 0 0
654	60.62 0 0 0 0 0 0 162.1 0 0 0 0 0 0 0 0 0 0 0 257.28
686	0 0 0 0 0 0 0 11.82 0 0 124.16 0 0 0 0 0 0 0 0 0.04
692	0 162.92 0 0 81.28 3.42 0 0 0.02 0 0 0 0 33.12 0 0 0 180.22 0 0
693	0 0 0 0 0 0 0 132.96 0 0 116.04 0 0 0 0 0 0 0 0 0
694	0 0 17.92 127.08 0 0 0 0 0 0 0 0 0 0 0 0 0 0 0 0
697	0.02 0 0 0 25.2 0 0 0 0 0 53.06 0 0 0 0 0 0 27.72 0 0
699	0.02 0 60.82 0 0 0 0.02 0 0 0 0 0 0.04 0 0 0 0 230.1 0 0
700	0 14.46 0 3.18 0 0 0 0.06 0 0 0 0 0 0 0 0 0 12.3 0 0
701	0 0 0 0 0 0 0 0 0 0 0 0 0 0 0 0 0 0 0 30
707	110.82 122.18 0 0 0 0 0 0 0 0 0 0 0 0 0 0 0 0 0 0
708	78.3 0 31.96 44.22 0 0 0 0 0 0 70.36 0 0 0 0 0 0 0 0 61.16
709	0.4 210.02 0 37.66 0 0 0 36.08 0 0 43.84 0 0 0 0 0 0 0 0 0
24	0.02 0 0 0 0 177.64 0 0 233 0 0 0 0 16.72 0 34.62 0 0 0 0
54	0 0 0 0 189.54 0 0 0 0 0 0 0 0 0 0 0 0 54.46 0 0
107	0 0 0 27 0 0 0 0 0 0 0 89 0 0 0 0 0 0 0 0
196	0 91.16 2.88 0 0 0 0 0 0 0 94.74 0 0 105.36 0 0 0 320.12 144.74 0
290	0 0 0 0 0 79.5 0 0 0 151.9 0 0 0 0 0 0 0 0 1.6 0
332	0 0 0 0 0 0 0 0 0 0 0 37.02 354.96 0 0 0 0 0 0 0.02
370	0 0 13.5 0 0 0 0 0 65.5 0 0 0 0 0 0 0 0 0 0 0
372	2.2 90.78 0 0.02 0 0 0 0 0 0 0 0 0 0 0 0 0 0 0 0
382	123.04 158.34 0 0 0 0 0 0 0 0 37.62 0 0 0 0 0 0 0 0 0.02
393	0 91.58 365.14 0 3.76 0 0 0 0 0 0 0 0 0 0 0 0 78.5 0 0
423	0.08 88 143.1 0 0 0 0 0.04 0 0.06 0 0 0 140.42 0 0 0 325.6 139.66 67.06
508	0.06 0 0 0 0 0 43.62 159.26 381.72 0 0 0 0 0 0 0 0 0 10.3 0.02
526	0 0 0 0 0 76.68 0 0 0 0 0 0 0 96.66 0 0.04 0 0 0 211.62
580	0.04 85.74 0 0 0 0 0 0 0.02 0 0 0 0 0 0 0 0 0 0 0.2
659	128.8 144.28 0 0 0 8.76 0 0 0 0 0 0 0 0 0 0 0 89.14 0 0.04
662	1.08 56.64 79.92 0 0 0 0 0 0 0 0.28 0 0 0 0 0 0 0 0 77.08
715	33.52 0 0 0 0 123.94 0 78.24 0 0 0 0 0 0 0.28 0 0 0 0 0
716	0 0 0 0 0 0 0 0.04 0 0 111.96 0 0 0 0 0 0 0 0 0
717	0 0 0 0 0 0 0 0 70.32 86.52 0 30.16 0 0 0 0 0 0 0 0.02
718	0 30.8 0 0 0 0 0 0 0 0 0.06 0 12.36 10.76 0 0 0 0 0 0
719	0 0 0 0.14 48.86 0 0 0 0 0 0 0 0 0 0 0 0 0 0 0
724	0 0 0 35.58 20.76 0 0.5 0 0 0 0 32.56 0 0.08 0 0 0 122.52 0 0
727	0 0 11.8 77.1 0 0 0 0 0 0 84.08 0 0 0 0 0 0 0 0 0.02
728	0 0 51.04 0 63.96 0 0 0 0 0 0 0 0 0 0 0 0 0 0 0
729	0 70.12 39.16 0 0 0 0 0 0 0 117.72 0 0 0 0 0 0 0 0 0
731	0 0 0 0 76.86 0 0 0 0 0 0 0 0 0 0 0 0 22.14 0 0
737	43.34 81.36 0 0 0 24.12 0 0 0 0 0 0 0 0.18 0 0 0 0 0 0
738	0 0 33.5 0 32.48 0 0 0 0 0 0 0 0 0 0 0 0 0 0 0.04
742	0.02 0 0 0 0 87.1 0 0 300.82 0 0 280.78 0.02 1.26 0 0 0 70.8 0 0.18
745	0 0 0 0 0 0 0 0 0 0 0 0 0 0 0 0 0 0 0 47
747	0.04 93.6 158.54 0 0 0 0 0 0 0 0 0 0 16.64 0 0 0 0 0 0.2
748	0 0 0 0 0 73.32 0 0 146.6 0 0 88.52 322.54 0 0 0 167.98 0 0 0.02
749	0 0 0 0 0 0 0 0 0 0 0.02 0 0 0 152.98 0 0 0 0 0
750	0 0 0 0 0 0 0 0 0 0 0 0 0 0 391.98 0 0 0 0 0.02
159	0 0 0 0 140.6 0 0 0 0 0.08 0 0 0 113.32 0 0 0 0 0 0.02
17	0 0 0 0 0 191.2 0 0 0 0.26 0 0 0 0 0 37.52 0 0 0 0.02
49	0.22 19.38 139.1 0 0 0 0 0 0 0 53.94 0.34 0 0 0 0 0 0 0 0
53	0 0 0 0 228.26 0 0 0 0 0 83.74 0 0 0 0 0 0 0 0 0
67	0.02 0 116.34 0 120.56 0 0 0 0 0 0 0 0 0 0 0 0 0 0 0.08
78	0 0 66 0 0 0 0 0 0 0 0 0 0 0 0 0 0 0 0 0
92	0 0 0 0 0 101.36 0 107.04 0.02 0 85.58 0 0 0 0 0 0 0 0 0
117	0 0 0 0 0 0.36 0 0 557.76 0.1 0 217.86 0 247.3 0 0.06 0 56.1 33.46 0
128	0.02 0 0 0 0 0 0 0.02 0 0 66.22 0 0 110.72 0 0 0 0 0 1.02
155	0.06 0 163.32 0 6.56 0 0 0 0 0 67.06 0 0 0 0 0 0 0 0 0
160	28.74 0 0 0 0 35.6 0 103.66 0 0 0 0 0 0 0 0 0 0 0 0
184	0.12 0 0 0.02 85.8 228.06 0 0 0 0 0 0 0 0 0 0 0 0 0 0.02
188	0 0 0 0 0 228.46 0 51.18 0 0 0 0 0 0 0 0 0 0 115.78 95.56
193	6.68 0 0 0 0 121.58 0 37.26 0 0 0 0 0 0 0 0 0 90.3 30.96 205.24
209	0 232.38 0 0 0 32.6 0 8.18 0 0.02 0 0 0 0 0 0 0.02 0 175.76 133.04
218	0.1 0 0 0 296.74 0 0 54.52 0 0 0 0 0 0 0 0 0 77.56 0 0.08
224	0.22 0 0 0 0 0 123.72 0 0 0 0 0 0 0 0 0 0 0 0 0.06
225	0 0 0 0 0 46.62 0 0 0 0 0 197.54 0 0 0 0.1 0.16 16.56 0 0
262	0 0 0 0 0 0 0 0 0.02 0 0 0 125.6 0 0 79.38 0 0 0 0
264	0 0 0 0 0 0 0 4.06 0 0 0 0 156.32 0 0 0 73.62 0 0 0
279	0 0 0 0 0 0 0 28.18 0 0 0 22.64 0 0 18.18 0 0 0 0 0
280	0 0 0 0 0 0 0 0 0 0 0 232 0 0 0 0 0 0 0 0
292	0 0 0.02 0 0 0 0 0 0 0.02 0 0 0 0 108.66 0 222.3 0 0 0.02
299	0.98 0 0 0 0 0 0 0 0 0 0 0 0 0 41.4 0 122.5 0 1.1 0
307	0.08 0 0 0 0 0 0 0 0 29.44 0 0 261 0 67.48 0 188.86 0 0 0.16
313	0.6 0 0 0 0 0 0 0 0 0 0 105.68 0 98.42 522.18 0 398.22 60.88 0 0
316	0 0 0 0 0 0 0 0 0 0 0 0 0 0.1 398.9 0 0 0 0 0
323	0 0 0 0 0.06 0 0 0 79.3 0 0 134.56 209.16 0 0 0 173.84 0 0 0.08
348	0.04 0 0.04 0 0 0 0 0 0 0 0 0 67.92 0 0 0 0 0 0 0
350	0.02 0 0 0 0 0 0 0 0 9.68 0.02 0 0 0 86.28 0 0 0 0 0
394	0 0 0 0 0 0 0 0 0 0.42 32.58 0 0 0 0 0 0 0 0 0
400	0 0 0 0 45 0 0 0 0 0 0 0 0 0 0 0 0 0 0 0
411	0.18 0 0 0 0 0 0 0.04 44.4 280.26 0 0 0 0 0 0 0 45.12 0 0
413	0 0 0 0 68.3 0 0 0 0 45.68 0 0 0 0 0 0 0 0 0 0.02
424	0.06 0 0.02 0.02 0 0 0 0 0 15.74 0.04 0 0 0 0 0.04 0 0 0 0.08
439	0.06 0 0 0.4 0 0 0 0 0 2.26 0 0 0 0 0.02 0 0 0 0 0.26
445	0 0 0 0 0 0 0 0 0 0.28 0 0 0 0 0 0.12 0 0 0 56.6
453	0 0 0 0 28 0 0 0 0 0 0 0 0 0 0 0 0 0 0 0.02
471	0.04 0 0 0 0 0 0 0 253.04 0 0 328.86 0 41.04 0 0 0 0 0 0
475	0.08 0 0 0 0 0 222.5 0 213.88 0 38.2 0 0 0 0 185.12 0 0 88.22 0
492	79.9 0 0 0 0 0 0 0 0 0 0 0 0 0 0 0 0 0 0 93.16
515	0.14 0 0 0 0 0 237 0 134 0 0 0 0 85.32 0 0 0.2 0 0 247.28
541	0 0 0 0 0 118 0 0 0 0 0 0 0 0 0 0 0 0 0 0
550	0 0 0 0 0 396 0 0 0 0 0 0 0 0 0 0 0 0 0 0
553	0 0 0 10.3 0 0 0 0 0 0 120.48 40.22 0 0 0 0 0 0 0 0
554	0 0 0 0 0 198.74 0 0 0 0 10.2 0 0 0 0 0 0.06 0 0 0.02
559	0 0 92.44 0 0 0 0 0 0 26.82 225.7 0 0 0 0 0 0 0 0 0.02
563	0 0 0 0 59 0 0 0 0 0 0 0 0 0 0 0 0 0 0 0
576	0.02 0 0 0 144.48 0 0 0.02 0 0 0 0 0 78.48 0 0 0 0 0 0
619	0 0 0 0 0 0 0 0 56.68 67.78 0 40.54 0 0 0 0 0 0 0 0
621	0 0 0 0 0 0 0.02 0 0 0 0 0 0 0 0 0 0 0 0 23.98
630	72.54 0 0 0 0 0.08 0 0 0 0 0 0 0 0 0 0 0 11.34 0 0.04
636	0 0 0.66 0 0 140.84 0 0 0 0 0 0 0 59.08 0 0 0 0 0 38.42
637	0 0 0 0 86.62 0 0 0 0 0 0 0 0 0 0 0.04 0 0 0 14.34
647	84.88 80.4 0 0 0 0 0 0 0 0 0 0 0 0 0 0.02 0 0 0.22 69.48
650	55.7 0 0 37.94 0 0 0 0 0 0 0 0 0 0.24 0.02 0 0 0 0 136.12
657	0 0 0 0 10.14 0 0 132.26 0 0 0 0 0 0 0 0 0 0 0.12 301.46
661	87.98 0 0 0 0 0 0 0 0 0 0 0 0 0 0 0 0 0 0 198.02
667	0 0 0.02 0 0 1.74 0 0 0 0 0 0 0 0 0 19.24 0 0 0 0
669	0 0 0 0 13.98 0 0 0 0 0 0 0 0 0 0 0 0.02 0 0 0
674	0 0 0 0 114.96 0 0 0 0 0 0 0 0 0 0 0.04 0 0 0 0
675	119.42 0 0 0 0 0 0 0 0 0 0 0 0 0 0 35.58 0 0 0 0
687	0 0 0 0 0 0 0 0 0 45.66 0 0 57.94 0 0 0 30.36 0 0 0.04
689	0 0 0 0 0 0 0 0 0 0 0 0 63.78 1.34 40.62 0 103.26 0 0 0
691	0 0 0 0 0 0 0 0 0 0 0 0 22.92 0 0 0 20.7 0 3.38 0
706	0 0 0 0 0 0 0 0 0 12 0 0 0 0 0 0 0 0 0 0
712	26.36 77.04 0 0 33.58 0 0 0.02 0 0 0 0 0 0 0 0 0 0 0 0
722	0 0 77.78 0 0 0 0 0 0 0 50.22 0 0 0 0 0 0 0 0 0
732	0 0 283.28 61.58 22.62 0 0 0 0 0 0 0 0 110.76 0 0 0 0 59.76 0
733	23.4 0 0 0 0 0 0 0 0 0 15.58 0 0.02 0 0 0 0 0 0 0
736	98.48 0 64.1 0.02 0 0 58.26 0 0 0 0 0 0 0 0 0 0 0 0 0.16
739	0.02 0 246.52 0 13.6 0 0 0 0 0 117.04 0 0 55.04 0 0 0 0.76 0 0
740	0 3.16 0 59.4 0 0 0 0 0 110.26 0 0 0 0 0 0 2.18 0 0 0
746	0 0.02 77.48 0 0 165.88 0 0 0 0 71.66 0 0 17.96 0 0 0 0 0 0
751	0.04 0 0 0 0 0 0 0.12 0 0 0 0 0 139.56 362.28 0 0 0 0 0
754	0 0 0 0 0 0 0 0 0 0 0 0 141.68 0 0 0 0 0 10.04 0.28
756	0.04 0 0 0 0 0 0 0 0 44.92 0 267.04 0 0 0 0 0 0 0 0
757	0 0 0 0.08 0 0 0 5.78 0 0 0 0 0 5.14 0 0 0 0 0 0
758	0 0 0 0 28.84 0 0 0 0 0.12 0 0 0 0 0 0.04 0 0 0 0
760	0 0 0 0 0 0 0 0 0 0 0 58.1 13.98 35.92 0 0 0 0 0 0
761	0.18 0 0 0 103.3 0.5 0 0 0 0 0 0 0 0 0 0 0 0 0 0.02
762	0 0 0 0 0 0 0 0 192.04 0 126.96 0 0 0 0 0 0 0 0 0
763	0.02 0 0 0 0 2.28 0 0 207.24 219.86 0 0 0 0 0 0 0 15.54 0 0.08
765	0 0 0 0 75.88 0 0 0 0 0 0.08 0 0 0.02 0 0 0 0 0 0
767	0 0 0 0 0.18 0 0 0 0 0 0 0 0 0 0 16.82 0 0 0 0
768	0 0 0 0 129 0 0 0 0 0 0 0 0 0 0 0 0 0 0 0
769	0 0 8.62 0.14 0 0 0 0 0 86.24 0 0 0 0 0 0 0 0 0 0
770	60.06 70.46 20.48 0 0 0 0 0 0 0 0 0 0 0 0 0 0 0 0 0
771	0 0 0 0 0 85.4 0 0 0 0.6 0 0 0 0 0 0 0 0 0 0
773	0 0 0 0 0 0 0 0 0 0 0 0 0 0 0 35 0 0 0 0
774	0 0 57.5 0.26 0 0 0 0.54 0 0 0 0 0 0 0 15.62 0 0.08 0 0
775	0 0 0.06 0 52.94 0 0 0 0 0 0 0 0 0 0 0 0 0 0 0
777	0 0 0 0 0 2.46 0 0 0 0 1.5 0 0 0 0.04 0 0 0 0 0
778	40.3 0 152.7 0 0 0 0 0 0 0 0 0 0 0 0 0 0 0 0 0
779	0 0 0 0 57 0 0 0 0 0 0 0 0 0 0 0 0 0 0 0
785	0 0 85 0 0 0 0 0 0 0 0 0 0 0 0 0 0 0 0 0
789	0 0 0 0 0 0 0 72 0 0 75.98 0 0 0 0 0 0 0 0 0.04
790	0 0 0 0 63.58 0 0 0 0 0 80.4 0 0 0 0 0 0 0 0 0
791	0 0 0 0 0 0 0 0 0 0 14.9 0 0 0 0 0 0 0 0 0.12
792	0 124.84 0 106.14 0 0 0 0 0 0 0 0 0 0 0 0 0 0 0 0
793	0 0 0 0 0 0 0 28 0 0 0 0 0 0 0 0 0 0 0 0
795	0 0 40 0 0 0 0 0 0 0 0 0 0 0 0 0 0 0 0 0
796	0 0 90 0 0 0 0 0 0 0 0 0 0 0 0 0 0 0 0 0
797	0 0 0 0 60.42 22.58 0 0 0 0 0 0 0 0 0 0 0 0 0 0
798	0 0 0 0 19 0 0 0 0 0 0 0 0 0 0 0 0 0 0 0
799	0 0 0 0 0 0.02 0 0 0 0 0.02 0 0 0 0 0 0 0 0 15.96
800	0 0 0 0 0 0 0 0 0 0 60.98 0 0 0 0 0.02 0 0 0 0
801	0 0 0 0 0 0 0 0 0 0 35 0 0 0 0 0 0 0 0 0
803	0 0 0 0 0 0 0 0 0 0 17.98 0 0 0 0 0 0 0 0 0.04
804	0 0 0 0 0.02 0 0 0 0 17.96 0 0 0 0 0 0 0 0 0 0
806	0.02 0 0 0 0 55.94 0 0 0 0 0 0 0 0 0 33.98 0 0 31.06 0
810	0 0 0 0 0 106.92 0 0 0 0 0 0 0 0 0 0 0.08 0 0 0
811	0 0 0 54.98 0 0 0 0 0 0 0 0 0 0 0 0 0 0 0 0.04
813	0 0 0 0 0 0 165.98 0 0 0 0 0 0 0 0 0 0 0 0 0
815	0.08 0 0 0 0 0 0 0 43.24 0 0 242.68 0 0 0 0 0 0 0 0
817	0 0 0 0 0.12 0 0 0 0 3.88 0 0 0 0 0 0 0 0 0 0
818	17.72 0 0 0 0 0 0 0 0 46.28 0 0 0 0 0 0 0 0 0 0
819	0 0 0 0 31.02 0 0 0 47.98 0 0 0 0 0 0 0 0 0 0 0
822	0 0 0 0 0.04 0 0 0 0 0 0 0 0 0 7.96 0 0 0 0 0
824	0 0 0 0 0 0 0.06 0 0 0.02 64.96 36.96 0 0 0 0 0 0 0 0
825	0.12 0 0 0 0 0 0 0 145.44 0 0 0 0 68.44 0 0 0 0 0 0
826	0.02 0 75.5 0.02 22.98 0 0 0 54.5 0 0 37.98 0 0 0 0 0 0 0 0
827	0 0 0 0 0 0 0 0 49.96 70.1 0 0 0 8.92 0.02 0 0 0 0 0
829	0 0 0 0 0 0 0 0 0 68.92 0.02 0 0 0 0 0 0 0.04 0 0.04
832	0 0 0 0 0 0 0 0 0 44.98 0 0 0 0 0 0 0 0 0 0
833	0.02 0 0 0 0 0 0 0 131.98 0 0 0 0 0 0 0 0 0 0 0
834	0 0 0 0 0 2.66 0 0 0 36.34 0 0 0 0 0 0 0 0 0 0
835	48 0 0 0 0 0 0 0 0 0 0 0 0 0 0 0 0 0 0 0
837	0 0 0 0 0 0 0 0.02 0 0 0 0 0 0 0 0 0 0 0 93.98
838	0 0 0 0 0 0 0 8.88 0 0.12 0 0 0 0 0 0 0 0 0 0
841	0 0 0 0 0 0 0 0 26.62 87.38 0 0 0 0 0 0 0 0 0 0
843	0 0 0 0 0 0 0 0 0 0.26 0 25.66 0 21.64 0 0 0 0 0 13.46
845	0.02 110.82 0 0 0 0 0 0 96.2 5.04 0 259.84 0 0 0 0.06 0 0 0 0
846	0 0 0 0 0 0 0 0 0 0 0 101.96 0 0 0 0 0.02 0 0 0.04
849	0 0 0.18 0 0 98.7 0 0 0 0.06 0 0 0 0 0 0 0 0 0 0.04
850	0 0 0 8.96 0 0 0.04 0 0 0 0 0 0 0 0 0 0 0 0 0.02
851	0 0 0 0 0 0 0 0 0 0 14.94 0 0 0 0.04 0 0 0 0 0
853	0 0 0 0 0.3 0 0 0 0 0.04 0 0 0 0 0 33.66 0 0 0 0
855	200 0 0 0 0 0 0 0 0 0 0 0 0 0 0 0 0 0 0 0
862	0 0 0 0 35.96 0 0 0 0 0 0 0 0 0 0 0 0 0 0 0.04
863	88 0 0 0 0 0 0 0 0 0 0 0 0 0 0 0 0 0 0 0
865	50.5 0 0 0 0 0 0 0 0 0 6.92 0 0 0 10.58 0 0 0 0 0
867	14.3 0 0 0 0 0 0 0 0 0 0 0 0 0 0 6.68 0.02 0 0 0
870	0 0 0.1 0 0 0 0 0 19.88 0 0 0 0 0.02 0 0 0 0 0 0
871	0.02 0 0 0 0 0 0 0 0 0 0 131.92 0 0 0 0 0 0 8.06 0
872	0.02 0 0 0 0 0.02 0 0 0 0 0 0 90.96 0 0 0 0 0 0 0
873	1.66 0 0 0 0 0 0 0 0 0 0 0 212.26 0 0 0 0.08 0 0 0
879	0 0 0 0 0 0 0 0 0 0 0 0 205.48 32.04 0 0 126.48 0 0 0
880	0 0 0 0 0 0 0 0 0 0 0 0 135.38 0 0 9.62 0 0 0 0
881	0 0 0 0 0 0 0 0 0 0 0 0 111 0 0 0 0 0 0 0
882	0 0 0 0 0 0 0.02 0 0 0 0 0 0 0 86.98 0 0 0 0 0
883	0 0 0 0 0 0 0 0 0 0 0 0 0 0 37 0 0 0 0 0
884	0 0 0 0.12 0 0 0 0 0 0 4.8 0 5 0 6.72 0 0 0 0 1.36
886	0.02 0 0 0 0 0 0 0 0 0 0 0 84.54 0 40.44 0 0 0 0 0
889	0 0 0 31 0 0 0 0 0 0 0 0 0 0 0 0 0 0 0 0
891	0 0 0 0 0 0 0 0 0 0 0 0 0 0 14 0 0 0 0 0
893	0 0 0 0 0 0 0 0 0 0.04 0 0 0 0 26.96 0 0 0 0 0
895	0.02 0 0 0 0 0 0 0 0 0 0 0 0 0 0 0 275.98 0 0 0
896	0 0 0 0 0 0 0 0 0 0 0 0 0 0.02 135.98 0 0 0 0 0
897	0 0 0 0 0 0 0 0 0 0 0 0 0 0 0 0 3 0 0 0
899	0 0 0 0 0 0 0 0 0 0 0 0 0 0 0 0 31 0 0 0
900	10.56 0 0 0 0 0 0 0 0 0 0 0 0 0 116.44 0 0 0 0 0
902	0.04 0 0 0 0 0 0 0 0 0 0 0 0.02 0 135.94 0 0 0 0 0
903	0 0 0 9.64 0 0 0 0 0 0 0 0 34.36 0 0 0 0 0 0 0
904	0 0 0 0 0 0 0.02 0 0 0.2 0 0 0 0 49.78 0 0 0 0 0
905	0 0 0 0 0 0 0 0 0 0 0 1.78 0 0 0 0 71.22 0 0 0
909	0 0 0 0 0 0 0 0 0 0 0 0 0 0 44 0 0 0 0 0
911	0 0 0 0 0 0 0 0 0 0 0 0 0 0 6.16 0 0 0 0 3.84
914	4.1 0 0 0 0 0 0 0 0 0 0 0 22.9 0 0 0 0 0 0 0
916	0 0 0 0 0 0 0 0 0 0 0 0.02 0 0 0 0 46.98 0 0 0
917	0 0 0 0 0 0 0 0 0 0 0 0 0 0.02 0 0 23.98 0 0 0
81	109.12 0 0 0 0 0 0 0 0 0 206.98 0 0 3.82 0 0 0 0 0 0.08
428	141.84 192.42 0 0 0 0 0 0 0 0 0 0 0 0 0 0 0 0 19.8 23.94
524	0 0 0 0 0 0 0 0 0 0 0 0 0 0 0 0 0 0 0 151.02
820	0 0 0 0 0 0 0 0 0 168.64 0 54.88 0 0 0 0 0 0 0 0.46
919	0 0 0 0 0 0 103.7 0 45.74 0.32 2.62 0 0 0 0 0 0 0 149.6 0.02
920	0.04 0 0 0 0 0 0 0 0 0 0 0 0 0 0 10.96 0 0 0 0
921	0 0 0 123.94 0 0 0.02 0 0 0 0 0 0 0 0 0 0 0 0 0.04
923	27.48 0 0 139.54 0 0 0 0 0 0 0 0 0 0 0 0 0 0 16.76 0.24
118	0.02 0 0 0 0 0 0 0 249.68 0 0 363.02 0 151.88 0 0 0 14.38 0 0
248	0.04 0 0 0.14 0 0 0.02 0 353.52 0 0 0 0 0 0 126.26 0 0 0 0.02
252	0 0 0 0 0 0 0.06 0 196.28 0 0 41.98 0 131.68 0 0 0 0 0 0
297	0 0 0 0 0 0 156 0 0 0 0 0 0 0 0 0 0 0 0 0
676	0.02 0 0 40.6 0 0 0 0 88.6 0.82 0 35.28 0 0 0 49.68 0 0 0 0
823	0.06 0 0 0 0 0 0 0 84.58 89.36 0 0 0 0 0 0 0 0 0 0
866	0.04 0 0 0 0 0 0 0 0 0 0 303.9 0 0 0 0 0 0.02 0 0.04
925	0 0 0 0 0 0 0 0 0 91 0 0 0 0 0 0 0 0 0 0
926	0.02 0 0 0 0 0 0 0 0 142.68 0 83.3 0 0 0 0 0 0 0 0
927	0.02 0 0 0 0 0 0 0 0 0 0 0 0 0 0 0 13.98 0 0 0.02
928	0.06 0 0 0 0 0 0 0 0 234.42 40.46 0 0 0.02 0 0 0 0 0 0.02
930	0 0 0 0 0 0 0 0 52.34 0 0 57.48 0 58.18 0 0 0 0 0 0
931	0 0 0 0 0 22.42 0 0 0 53.16 0 24.36 0 0.06 0 0 0 0 0 0
934	0 0 0 0.04 0 0 0 0 0 0.06 0 176.9 0 0 0 0 0 0 0 0
935	0 0 0 0 0 0 0 0 0 0 0 0 0 0 19.9 0.1 0 0 0 0
936	0 0 0 0 0 0 77.26 0 13.5 0 0 0 0 0 0 21.22 0 0 0 0.02
938	0 0 0 0 0 0 0 0 0 0 0 0 51 0 0 0 0 0 0 0
469	0 0 0 0 0 0 0 115.06 0 0 91.94 0 0 0 0 0 0 0 0 0
476	0.08 0 0 28.52 0 0 0 0 0 0 0 348.4 0 0 0 0 0 0 0 0
498	77.56 77.82 0 0 0 0.22 0 0 0 0 0 0 0 0 0 0 0 154.22 0 180.18
642	100.1 72.64 0 0 62.26 0 0 0 0 0 0 0 0 0 0 0 0 0 0 0
939	0 0 0 0.12 0 0 0 0 0.06 0 184.82 0 0 0 0 0 0 0 0 0
941	0 0 33.02 0 0 0 0 0 0.02 0 84.96 0 0 0 0 0 0 0 0 0
943	0 0 0 0 11.38 0 0 0 0 0 97.6 0 0 0 0 0 0 0 0.02 0
945	139.98 0 0 0 0 0 0 0.02 0 0 0 0 0 0 0 0 0 0 0 0
946	0 0 156.96 0 0 0 0 0 0 0 1.04 0 0 0 0 0 0 0 0 0
947	0 0 0 0 0 41.82 0 0 0 0 0 0 0 0 0 0 0.06 0 0 0.14
948	0 0 0 0 0 0 0 0 0 30.78 0 0 32.2 0 0 0 0 0 0 0
150	0.24 0 0 0 0 0 0 64.86 179.66 0 0 0 0 0 0 157.52 0 0 73.72 0
6	0 0 0 7.8 0 0 50.42 0 0 0 8.5 1.26 0 0.02 0 0 0 0 0 0
61	0 0 0 187.98 0.02 0 0 0 0 0 0 0 0 0 0 0 0 0 0 0
65	0 68.44 46.72 36.98 0 0 0 7.1 0 0 175.76 0 0 0 0 0 0 0 0 0
72	0 130.94 0 0 0 208.04 0 0 0 0 0 0 0.02 0 0 0 0 0 0 0
212	91.24 0 0 167.64 0 0 0 0 0 0 0 0 0 0 0 0 0 0 2.12 0
236	0.04 0 0 0 0 0 89.78 0 46.4 0 0.78 0 0 0 0 0 0 0 0 0
418	0 0 245.32 0 0 0 0 0 0 0 0 0 0 0 0 0 0 87.68 0 0
486	0 0 34.58 41.82 0 0 0 0 0 0 0.7 0 0 0 0 0 0 0 0 94.92
517	211.32 57.42 0 0 0 0 0 0 0 0 0 0 0 0 0 0 0 0 0 1.26
528	0 51.74 0 0 0 0 0 111.28 0 0 0 0 0 0 0 0 0 0 0 251.96
614	0.58 0 0 0 0 0.06 0 0 0 0 0 0 0 0 0 0 0 87.8 0 48.56
627	0.02 0 163.08 0 0 36.88 0 0 0 0 0 0.02 0 0 0 0 0 0 0 0
633	0 0 0 0 0 0 0 0 0 0 0 0 0 0.62 0 0 0 233.38 0 0
702	87.72 0 0 0.02 31.7 0 2.56 0 0 0 0 0 0 0 0 0 0 0 0 0
704	0 2.96 0 26.26 0 0 0 0 0 0 21.78 0 0 0 0 0 0 0 0 0
714	31 0 0 0 0 0 0 0 0 0 0 0 0 0 0 0 0 0 0 0
735	0 82.78 0 0 0 0 0 50.24 0 0 179.46 0 0 0 0 0 0 129.5 0 0.02
753	0 0 0 74 0 0 0 0 0 0 0 0 0 0 0 0 0 0 0 0.06
781	0 0 149.22 0 80.72 0 0 0 0 0 0 0 0 0 0 0 0 0 0 0
805	57.14 0 0.3 0 21.24 0.32 0 0 0 0 0 0 0 0 0 0 0 0 0 0
856	0 104 0 0 0 0 0 0 0 0 0 0 0 0 0 0 0 0 0 0
949	0 99.5 0 23.52 42.92 0 0 0 0 0 0.06 0 0 0 0 0 0 0 0 0
951	0 0 91 0 0 0 0 0 0 0 0 0 0 0 0 0 0 0 0 0
952	0.04 0 0 0 0 0 0 0 0 0 0 0 0 0 0 109.96 0 0 0 0
956	0 0 0 69.54 0 0 0 66.74 0 0 0 0 0 0 0 0 0 17.66 0 0.06
957	3.96 0.02 0 0 0 0 0 0 0 0 0 0 0 0 0 0.02 0 0 0 0
958	44 0 0 0 0 0 0 0 0 0 0 0 0 0 0 0 0 0 0 0
959	0 0 0 0 0 0 0 0 0 0 178 0 0 0 0 0 0 0 0 0
962	0 0 0 53.8 0 0 0 0 0 0 0 0 0 0 0 0 0 0 0 0.22
963	0 36.36 0 0 0 0 0 113.62 0 0 0 0 0 0 0 0 0 0 0 0
967	24.92 0 0 0 0 0 0 0 0.08 0 1 0 0 0 0 0 0 0 0 0.02
969	0 0 191.64 0 0 0 0 47.34 0 0 0 0 0 0 0 0 0 0 0 0
972	0 0 24.34 43.66 0 0 0 0 0 0 0 0 0 0 0 0 0 0 0 0
973	0 13.98 0 0 0 0 0 0 0 0 0.02 0 0 0 0 0 0 0 0 0
887	0 0 0 0 0 0 0 0 0 0 0 0 0 0 197 0 0 0 0 0
148	0 0 0.02 0 0 0 0 0 137.94 49.24 0 94.8 0 0 0 0 0 0 0 0
281	0.02 0 0 0 0 0 0 0 115.3 0 49.66 179.04 0 11.98 0 0 0 0 0 0
330	0 0 0 0 0 0 0 0 0 21.54 0 0 96.46 0 0 0 0 0 0 0
564	0 0 0 0 0 0 0 0 0 32.08 0.92 0 0 0 0 0 0 0 0 0
567	0 0 0 0 82 0 0 0 0 0 0 0 0 0 0 0 0 0 0 0
680	0 0 0 0 0 0 0 0 0 15.28 0 0 46.72 0 0 0 0 0 0 0
854	0 0 0 0 0 0 0 0 0 0 0 0 0 0 0 30 0 0 0 0
858	0 0.02 0.08 0 0.04 0 0 0 0 0.06 0.24 0 0 0 0 1.26 0.3 0 0 0
874	0 0.28 0 0 0 0 0 0 0 0 0 0 0 0 105.72 0 0 0 0 0
876	0 0 0 0 0 0 0 0 0 0 0 0 109 0 0 0 0 0 0 0
877	0 0 0.02 0 0 0 0 0 0 0 0 0 40.92 0 0.2 0 72.84 0 0.02 0
878	0 0 0 0 0 0 0 0.8 0 11.3 0 0 10.32 0 42.36 0 0 0 0 4.22
975	0 0 0 0 0 0 0 0 0 108 0 0 0 0 0 0 0 0 0 0
976	0 0 0 0 0.02 0 0 0 0 10.92 0 0 0.06 0 0 0 0 0 0 0
978	0 0 0 0 0 0 0 0 0 51 0 0 0 0 0 0 0 0 0 0
980	0 0 0 0 0 0 0 0 0 18.82 0 0 0 0 0 39.18 0 0 0 0.02
981	0 0 0 0 0 0 0 0 0 13.98 0 0 0 0 0 0 0 0 0 0
983	0 0 0 1.14 0 0 0 0 0 0 0 0 26.86 0 0 0 0 0 0 0.02
984	0 0 0 0 0 0 0 0 0 0 0 29.64 72.34 0 0 0 0 0 0 0
986	0 0 0 0 0 0.02 0 0 0 43.98 0 0 0 0 0 0 0 0 0 0
987	0 0 0 0 0 0 0 0 0 0 0 0 0 0 0 10 0 0 0 0
988	0 0 0 0 0 0 0 0 0 0 0 71.82 45.42 0 0 0 61.76 0 0 0
989	0 0 0 0 0 0 0 0 0.8 0 0 0 0 0 17.6 0 64.6 0 0 0
990	0 0 0 11.08 0 0 0 0 0 0 0 0.02 46.88 0 25.02 0 0 0 0 0
991	0 0 0 0 0 0 0 0 0 0.02 0 0 49.98 0 0 0 0 0 0 0
992	0 0 0 0 0.22 0 0 0 0 0 0 0 0 0 0 7.78 0 0 0 0
993	0 0 64.66 0 0 0 0 0 0 0 0 90.24 0 0 0 23.52 24.58 0 0 0
994	0 0 0 0 0 0 0 0 0 15 0 0 0 0 0 0 0 0 0 0
840	0 0 0 0 0 0 0 0 0 102 0 0 0 0 0 0 0 0 0 0
932	0 0 31.98 0 0 0 0 0 0 0 0 64.02 0 0 0 0 0 0 0 0
996	0 0 28.96 0 0 0 0 0 0 0 0 0.04 0 0 0 0 0 0 0 0
998	0 0.02 0 0 22.98 0 0 0 0 0 0 0 0 0 0 0 0 0 0 0
1000	0 0 0.14 0 0 19.86 0 0 0 0 0 0 0 0 0 0 0 0 0 0
1002	0 0 0 0 0 0 0 0 0 10 0 0 0 0 0 0 0 0 0 0
1003	0 2.88 0 0 0 0 0 0 0 3.86 0 0 0 8.68 0 0 0 0 0 0.58
102	0 124.9 0 0 0 0 0 0 0 0 0 0 0 0 0 0 0 0 0 0.12
154	0.04 237.38 36.38 0 0.98 39.88 0 0 0 0 0 0 0 0 0 0 0 0 163.32 0
171	123.28 0 0 0 0 0 0 0 0 0 0 0 0 0 0 0 0 0 97.68 0.06
713	0 0 0 0 0 42.52 136.8 0 0 0 0 0 0 0 0 0 0 20.66 0 0
780	0 0 0 0 161 0 0 0 0 0 0 0 0 0 0 0 0 0 0 0
961	39.2 0 0 22.7 0 0 0 0 0 0 21.1 0 0 0 0 0 0 0 0 0
1004	0 0 0 0 0 20 0 0 0 0 0 0 0 0 0 0 0 0 0 0
1007	0 0 0 0 0 0 133.2 7.8 0 0 0 0 0 0 0 0 0 0 0 0
929	0 0 0 0 0 0 0 0 0 66.08 0 0 0 0.08 0 0 0 0 0 18.84
968	0 0 0 0 0 0 0 0 0 0 0 0 0 0 0 0 0 0 0 55
369	0 0 0 0 0 0 0 0 0 119 0 0 0 0 0 0 0 0 0 0
458	0 0 0 0 0 0 0 0 175.12 0 0 0 0 0 0 53.62 0 0 0 0.26
683	0 0 9.26 0 0 0 0 0 0 0 0 0 37.26 0 41.48 0 0 0 0 0
831	0 0 0 0 0 0 0 0 44.16 117.4 0 0 0 13.44 0 0 0 0 0 0
1010	0 0 0 0 0 0 0 0 0 0 0 0 0 0 0 104.96 0 0 0 0.06
1011	0 0 0 0 0.02 0 0 1.42 217.88 45.66 0 0 0 0 0 0 0 0 0 0
1012	0 0 0 0 0 0 0 0 227.36 19.2 0 0 0 0 0 39.44 0 0 0 0
1013	0 0 0 0 0 7.08 0 0 0.02 0.04 0 40.58 0 0 0 0.02 17.08 0 0.18 0
1014	0 0 0 0.18 0 0 0 0 167.14 0 0 58.68 0 0 0 0 0 0 0 0
1017	0.2 0 0 0 0 0 43.86 61.94 0 0 0 0 0 0 0 0 0 0 0 0
859	0 0 8.36 0 0 0 0 0 0 0 25.64 0 0 0 0 0 0 0 0 0.02
312	0 0 0 0 0 0 0 0 0 0 0 0 0 0 196.9 0 0 0 0.08 0.02
1019	0 0 0 0 0 0 0 75.02 0 0 0 0 0 0 0 0 0 0 0 18.96
315	0 0 0 0 0 0 0 0 0 0 0 0 0 0 514.22 0 42.76 0 0 0.02
892	0 0 0 0 0 0 0 0 0 0 0 0 0 0 0 0 115 0 0 0
875	0 0 0 0 0 0 0 0 0 0 21.12 0 94.48 0 0 2.36 0 0 0.02 0.02
1020	108 0 0 0 0 0 0 0 0 0 0 0 0 0 0 0 0 0 0 0
1021	0 0 0 64.18 0 0 0 0 0 0 0 0 0 0 0 0 0 0 0 44.84
1022	0 0 0 14.16 0 0 0 0 0 0 0 0 0 0.26 73.56 0 0 0 0 0
1023	0 0 0 0 0 0 0.18 0 71.82 0 0 0 0 0 0 0 0 0 0 0
898	0 0 0 0 0 0 0 0 0 0 0 0 0 0 80.4 0 85.6 0 0 0
1024	0 0 0 0 0 0 15.16 0 0 0 0 0 30.84 0 0 0 0 0 0 0
266	0 0 0 0 0 0 0 0 0 0 0 0 0 0 0 0 73 0 0 0
937	0 0 0 0 0 0 0 0 0 0 0 0 77.4 0 28.28 0 2.32 0 0 0
1026	0 0 0 0 0 0 0 0 0 0 0 0 10 0 0 0 0 0 0 0
1027	0 0 0 7.84 0 0 0 0 0.16 0 0 0 0 0 0 0 0 0 0 0
84	0 0 45.98 0 0 0 0 0 0 0 0 0 0.02 0 0 0 0 0 0 0
112	0 0.02 0 0 0 0 0 0 0 33.66 0 0 0 0 0 0 0 6.26 0 0.08
673	0 0 65.08 0 0.04 0 0 0 0 0 0.04 0 0 0 0 0 0 79.34 0 84.48
681	0 0 0 0 0 0 0 0 0 0 0 0 0 0 0 0 60 0 0 0
940	0 0 0 0 0 53 0 0 0 0 0 0 0 0 0 0 0 0 0 0.02
1016	0.02 0 0 0 83.54 0 0 0 292.42 0 0 0 0 0 0 0 0 0 0 0
1028	0 0 0 0 0 0 0 0 0 122.78 0 169.24 0 39.98 0 0 0 0 0 0
1029	0 0 25.98 0 0 0 0 0 0 0 0 0 0 0 0 0.02 0 0 0 0
1031	0 0 16 0 0 0 0 0 0 0 0 0 0 0 0 0 0 0 0 0
1032	0.02 0 24.98 0 0 0 0 0 0 0 0 0 0 0 0 0 0 0 0 0
1033	0 0 0 0 0 0 0 0 0 0 0 75 0 0 0 0 0 0 0 0.02
1035	0.02 0 171.96 0 0 0 0 0 0 0 0 0 0 0 0 0 0 0 0 0
1036	0 0 57 0 0 0 0 0 0 0 0 0 0 0 0 0 0 0 0 0
1037	0 0 0 0 0.04 0 0 0 0 0 38.94 0 0 0 0 0 0 0 0 0.04
337	0 0 0 0 0 0 0 0 0 0 1.44 0 16.98 0 0 0 29.56 0 0 0.02
343	0 0 0 0 0 19.84 0 0 0 0 0 0 248.84 64.3 0 0 0 0 0 0
1038	0 0 0 0 0 0 0 0 0 0 0 6.5 0 0 36.5 0 0 0 0 0
1039	0 60.78 0 53.84 0 0 0 0 0 0 27.6 0 0 137.78 0 0 0 0 0 0
103	0 0.02 0 0 0 0 0 0 0 17.98 0 0 0 0 0 0 0 0 0 0
658	0 0 0 0 0 0 0 0 0 0 227 0 0 0 0 0 0 0 0 0
720	0 0 123.94 0 0 99.06 0 0 0 0 0 0 0 0 0 0 0 0 0 0.02
755	0.18 0 242.74 0 28.06 0 0 0 0 0 0 0 0 0 0 0 0 0 0 0
924	0 0 0 0 0 0 0 0 0 63.08 0 180.9 0 0 0 0 0 0 0 0.02
1042	0 0 0 0 69 0 0 0 0 0 0 0 0 0 0 0 0 0 0 0
1046	0 0.06 0 0 116.74 0 0 0 0 0 0 0 0 0 0 0 0 0 0 0.2
1047	0.1 0 0 0 0 0 0 0 0 134.24 0 163.66 0 0 0 0 0 0 0 0
1048	0 0 0 0 0 0 0 41.88 57.96 0 0 79.16 0 0 0 0 0 0 0 0
1050	0 0 0 0 0 0 0 0 0 0 0 0 0 0 0 0 0.02 39.5 0 92.48
254	0 0 0 0 0 60.86 0 0 0 49.68 0.28 0 0 0 0 0 17.18 0 0 0
354	0 0 0 0 0 0 0 0 0 0 0 0 0 0 0 0 206.98 0 0 0.02
542	0 0 100 0 0 0 0 0 0 0 0 0 0 0 0 0 0 0 0 0
581	0 0 0 0 0 0 0 0 0 0 143 0 0 0 0 0 0 0 0 0
1052	0.02 0 0 0 12.3 0 0 0 22.76 0 0 3.78 0 3.14 0 0 0 0 0 0
1054	0 0 0 0 0 0 0 0 0 43.98 0 0 0 0 0 0 0 0 0 0.02
1055	0 0 0 0 0 0 0 0 0 0 31.66 0.34 0 0 0 0 0 0 0 0
1056	2.58 0 0 7.16 0 15.26 0 0 0 0 0 0 0 0 0 0 0 0 0 0
90	0.04 0 123.44 0 0 9.96 0.02 0 0 0 103.54 0 0 0 0 0 0 0 0 0
190	0 218.38 0 186.6 0 0 0 0 0 0 0 0 0 0 0 0 0 0 0.02 0
764	0 0 0 0 0 0 0 2.7 0 0 14.12 37.1 0 0 0 0 0 0.08 0 0
1001	0 0 0 0 0 0 0 0 0 24.76 0 0.02 0 0 0.1 0 0 0 0.12 0
1059	0 0 0 0.04 0 0 0 0 78.96 0 0 0 0 0 0 0 0 0 0 0
1063	0 0 0 0 0 0 0 0 0 0 9.78 0 0 0 0 0 12.26 115.96 0 0
1064	0 0 0 0 0 0 0 0 0 0 0 0 0 0 0 0 0 0 0 17
1065	0 94.2 0 0 0 0 0 0 0 0 0 0 0.02 0 0 0 0 0 0 58.78
477	0.02 0 90.74 0 0 0.02 0 0 0 0 0 157.22 0 0 0 0 0 0 0 0
698	0 0 0 0 0 0 0 0 0 0 8.3 0 0 0 0 13.7 0 0 0 0
725	0 0 0 0 28 0 0 0 0 0 0 0 0 0 0 0 0 0 0 0
997	0 0 0 0 0 25.66 0 0 0 0 0 0 0 0 0 0.34 0 0 0 0
1018	85 0 0 0 0 0 0 0 0 0 0 0 0 0 0 0 0 0 0 0
1066	0 27.34 0 0 0 0 0 0 0 0 0 0.72 0 0 0 14.94 0 0 0 0
1067	0 0 0 0 0 0 0 0 0 0 0 0 0 0 0 119.26 0 0 5.74 0
1069	0 0 0 25.1 0 3.16 0 0.02 0 0 0 0 0 0 0.04 19.68 0 0 0 0
1071	0 0 0 0 0 0 0 0 0 30.98 0 0 0.02 0 0 0 0 0 0 0
1072	0 0 0 0 0 0 0 0 0 0 0 0 0 0 0 10.28 0 0 0 3.72
1073	0.12 0 0 0 0 0 0 74.36 0.32 0 2.9 0 0 0 0 122.3 0 0 0 0
1074	0 0 0 0 0.02 19.84 0 0 0 0 172.14 0 0 0 0 0 0 0 0 0
1075	0 0 9.06 0 0 2.12 0 0 0 0 0 0 0 0 0 0 0 0 0 8.82
1077	0 0 0 0 0 0.3 0 0 0 0 21.7 0 0 0 0 0 0 0 0 0
1079	0 0 44.1 0 0 0 0 0 0 0 0 23 0 0.06 0 0 0 0 18.84 0
1080	8 0 0 0 0 0 0 0 0 0 0 0 0 0 0 0 0 0 0 0
1081	0 0 0 0 0 0 0 0 0 14 0 0 0 0 0 0 0 0 0 0
1083	0 0 0 0 9 0 0 0 0 0 0 0 0 0 0 0 0 0 0 0
1008	0 0 0 0 0 0 0 0 0 0.1 0 0.02 0 0 0 89.88 0 0 0 0
705	229.34 26.08 0 0 0 0 0 0 0 0 0 0 0 0 0 0 0 128.92 0 4.66
741	0 0 0 0 0 0 44 0 104 0 0 0 0 0 0 0 0 0 0 0
864	0 0 0 0 0 0 0 0 58.36 0 0 157.64 0 0 0 0 0 0 0 0
1085	0 0 0 0 0 0 0 0 0 0 0 0 0 0 0 31 0 0 0 0
1087	0 0 0 0 6.88 0 0 0 0 6.44 0 0 0 0 0 0 0.02 2.64 0 0.02
114	0 0 0 0 0 0 0 0 0 0 0 0 0 0 0 0 0 0 195.86 0.16
232	0 0 0 0 0 249.98 0 0 0 0 0 0 0 0 0 0 0 0 0 0
376	0 0 55 0 0 0 0 0 0 0 0 0 0 0 0 0 0 0 0 0.02
794	0 0 121.82 0 24.1 0 0.06 0 0 0 0 0 0 0 0 0 0 0 0 0
1057	0 0 0 0 0 0 0 0 28 0 0 0 0 0 0 0 0 0 0 0
1091	0 0 94.98 0 0 0 0 0 0 0 0 0 0 0 0 0 0 0 0 0.02
710	0 0 46.04 0 0 0 0 0 0 0 122.86 0 0 0 0 0 0 0 70.1 0
1096	0 0 0 0 0 0 0 0 8 0 0 0 0 0 0 0 0 0 0 0
645	0 47.9 0 0 0 6.58 0 0 0 0 0 0 0 0 0 0.04 0 19.48 0 0
730	70.94 0.04 0 0 0 0 0 0 0 0 0 0 0 0 0 0 0 0 0 0.02
1006	38.12 0 0 7 0 0 0 0 0 0 0 0 0 0 3.72 0 0.02 0 0.14 0
1070	0 0 0 0 0.04 0 0 0 0 0 0 0 0 0 0 92.96 0 0 0 0
1084	0 0 0 0 0 0 0 0 64.96 0 0 0 0.04 0 0 0 0 0 0 0
1089	0.04 0 0 0 22.72 0 0 0 0 0 0 0 0 0 0 31.36 0 0 0 10.88
1101	54.56 161.44 0 0 0 0 0 0 0 0 0 0 0 0 0 0 0 0 0 0
1105	0 0 0 0 0 0 0 0 0 0 0 0 0 0 37 0 0 0 0 0.02
44	0 101.06 0 0 80.92 0 0 0 0 0 0 0 0 0 0 0 0 0 0 0
466	19 0.36 0 0 0 0 0 121.6 0 0 0 0 0 0 0 0 0 0 0 0.08
608	89.96 0 0 0 0 0 0 0 0 0 0 0 0 0 0 0 0 0 0 0
618	0 0 0 0.02 0 0.02 0 0 0 0 0 0 0 0 0 0 0 0 0 43.96
622	0 0 0 0 52.9 6.42 0 0 0 0 0.06 0 0 51.62 0 0 0 0 0 0
644	89.86 0 0 0 0 0 17.14 0 0 0 0 0 0 0 0 0 0 0 0 0
953	0 0 15.66 0 0 0 34.22 0 0 0 0 0 0 0 0 0 0 0 0 1.12
1005	74 0 0 0 0 0 0 0 0 0 0 0 0 0 0 0 0 0 0 0
1093	0 0 0 0 0 0 0 20.98 27.02 0 0 0 0 0 0 0 0 0 0 0
1111	0 0 0 23.84 0 0 0 0 0 0 0 0 0 0 0.1 0 0.04 0 0 0.02
1112	0 0 38 0 0 0 0 0 0 0 0 0 0 0 0 0 0 0 0 0
1114	0 0 0 0 0 0 0 0.04 0 27.96 0 0 0 0 0 0 0 0 0 0
1115	0 0 0 0 0 0 73.98 0 0 0 0 0 0.02 7 0 0 0 0 0 0
1119	0 0 0 0 120.02 0 0 50.96 0 0 0 0 0 0 0.02 0 0 0 0 0
1120	0 0 19.6 0.06 0 0 24.18 0.02 0.04 0 0 0 0 0 0.1 0 0 0 0 0
1060	0 0 0 0 0 0 0 0 0 15.5 0 80.5 0 0 0 0 0 0 0 0
1121	0.04 0 0 73.96 0 0 0 0 0 0 0 0 0 0 0 0 0 0 0 0
1122	0 0 0 0 0 0 0 0 0 0 0 0 0 0 0 0 0 0 0 5
1125	13 0 0 0 0 0 0 0 0 0 0 0 0 0 0 0 0 0 0 0
76	0 0 0 0 0 0 0 0 0 0 88.76 0 0 0 0 0 0 48.24 0 0
723	0 0 0 0 0 0.02 0.02 0 0 0 61.44 0.02 0 0 0 0 0 10.5 0 0
744	0 0 0 0 0.02 0 0 0 0 0 0 104.4 0 0 0 151.38 0 0 0 0.2
1009	0 0 0 0 0 0 64.28 0 26.42 0 0 0 0 0 0 92.24 0 0 0 0.06
1129	0 0.02 0 0 0 0 0 0 57.14 0 0 0 0 0 0 0 0 0 19.84 0
1130	0 0 0 4 0 0 0 0 0 0 0 0 0 0 0 0 0 0 0 0
1132	0 0 0 0 0 0 0 0 0 65.98 0 0 0 0 0 0 0.02 0 0 0
1133	0 0 56 0 0 0 0 0 0 0 0 0 0 0 0 0 0 0 0 0
1134	0 0 0 0 0 0 59.52 0 43.48 0 0 0 0 0 0 0 0 0 0 0
1135	0.42 0 0 0 0 8.1 0 0 0 0 109.48 0 0 0 0 0 0 0 0 0
108	0 22.88 0 0 0 58.22 0 0 33.5 0 0.08 0 0 0 0 35.32 0 0 0 0
828	0 0 0 0 0 0 7.2 0.02 0 0 0 0 0 0 0 0 0 24.78 0 0
1138	0 0 0 0 0 0 0 0 0 0 0 0 0 9.66 0 7.34 0 0 0 0
389	0 0 0 0 0 0 0 0 0 0 0 0 0 0 0 0 0 73 0 0
847	0 0 0 0 0 0 160 0 0 0 0 0 0 0 0 0 0 0 0 0
1140	0.02 0 0 0 0 0 13.78 0 0 20.18 0.02 0 0 0 0 0 0 0 0 0
1041	5.78 0 117.24 0 50.98 0 0 0 0 0 0 0 0 0 0 0 0 0 0 0
1044	0 0 96.9 0 0 0 0 1.1 0 0 0 0 0 0 0 0 0 0 0 0
1142	0 0 0 0 0 0 0 0 0 0 0 0 0 0 0 142 0 0 0 0
1144	0 0 0 0 0 0 0 0 0 0 0 0 0 0 0 0 9.36 0 1.64 0
1030	0.02 0 0 0 37.98 0 0 0 0 0 0 0 0 0 0 0 0 0 0 0
1145	0 0 0 0 0 0 0 23.9 0 0 0 0 0 0 0 0 0 0.1 0 0
1146	0 0 0 0 0 0 0 0 0 0 0 0 0 0 0 0 0 6 0 0
685	0.06 0 0 0 0 79.24 0 0 169.38 0 0.02 150.3 0 0 0 0 0 0 0 0
844	0 0 0 0 0 0 0 0 25.02 0 0 0 0 0 0 95.98 0 0 0 0
1051	0 0 0 0 0 0 0 0 0 0 0 118 0 0 0 0 0 0 0 0
1147	0 0 0 0 0 0 0 0.04 0 0 0 0 0 0 0 0 0 44.96 0 0
1148	0 0 0 24.88 0 0 0 0 0 0 0 0 0 0 0 0 0 0.02 0 0.1
894	0 0 0 0 0 0 0 0 0 0 0 0 0 0 9.86 0 16.14 0 0 0
331	0.04 0 0 0 0 0 0 0 0 0 0 0 332.96 0 0 0 0 0 0 0
351	0 0 0 0 0 0 0 0 0 0 0 0 0 0 0 0 39 0 0 0
1152	0 0 0 0 0 0 0 0 0 0.04 0 90.96 0 0 0 0 0 0 0 0.02
955	0 0 0 54.6 0 0.02 0 0 0 0 78.36 0 0 0 0 0 0 0 0 0
1153	0 0 0 27.22 0 0 0 18.78 0 0 0 0 0 0 0 0 0 0 0 0
1154	0 0 0 0 0 0 0 0 0 0 0 0 0 0 0 0 0 0 0 32
1155	0 0 0 10 0 0 0 0 0 0 0 0 0 0 0 0 0 0 0 0
1157	0 0 0 0 33.88 0 0 0 0 24.12 0 0 0 0 0 0 0 0 0 0
1159	0 0 0 0 0 0 0 0 0 0.02 0 0 0 0 0 0 0 0 0 38.98
906	0.02 0 0 0 0 0 0.02 0 0 0 0 0 0 0 0 0 50.96 0 0 0
726	0 0 20.02 0 0 0 0 0 0.18 0 0 0.08 0 0 0 0 0 0 6.72 0
1078	0 48 0 0 0 0 0 0 0 0 0 0 0 0 0 0 0 0 0 0
1128	0 0 0 13.34 0 0 11.66 0 0 0 0 0 0 0 0 0 0 0 0 0
1163	0 0.02 0 0 0 0 31.62 0 0 25.34 0.02 0 0 0 0 0 0 0 0 0
944	0 0 0 0 115 0 0 0 0 0 0 0 0 0 0 0 0 0 0 0
1049	0 0 0 0 0 0 0 0 0 0 0 50 0 0 0 0 0 0 0 0
543	0 0 0 24.32 0 0 0 0 0 0 0 0 0 0 0 0 0 23.32 0 11.36
345	0 0 0 0 0 0 0 0 0 0 0 0 0 0 185 0 0 0 0 0
481	193 0 0 0 0 0 0 0 0 0 0 0 0 0 0 0 0 0 0 0
782	20 0 0 0 0 0 0 0 0 0 0 0 0 0 0 0 0 0 0 0
1103	0 0 0 56.98 0.02 0 0 0 0 0 0 0 0 0 0 0 0 0 0 0
1113	45.54 0 0 0 0 0.46 0 0 0 0 0 0 0 0 0 0 0 0 0 0
1136	0 0 26.1 0 0 0 0 0 0 0 50.88 0 0 0 0 0 0.02 0 0 0
1166	0 0 0 0 0 0 32.68 0 0 0 1.32 0 0 0 0 0 0 0 0 0
1170	0 0 0 28.92 0 0 0 0 0 0 46.08 0 0 0 0 0 0 0 0 0
1171	0 0 0 16 0 0 0 0 0 0 0 0 0.02 0 0 27.98 0 0 0 0
1172	0 0 0 0 0 0 0 0 0 0 0 0 0 0 0 0 0 38 0 0
1173	0 0 0 0 0 0 18 0 0 0 0 0 0 0 0 0 0 0 0 0
1174	0 0 0 24.88 0 0 0 0 0 0 0 0 0 0 0 0 0 0 0 0.12
888	0 0 0 0 0 0 0 0 0 0 0 0 48 0 0 0 0 0 0 0
1176	0 0 0 0 0 0 0 0 0 0 0 0 0 0 66.98 0 0 0 0 0.04
570	0 0 0 0 0 83.82 0 0 0 0 0 0 0 0 0 0 0 36.84 0 0.32
648	0.02 60.72 0 0 0 0.04 0 0 0 0 0 0 0 0 0 0.02 0 41.46 0 111.74
783	0 0 0 0 0 77 0 0 0 0 0 0 0 0 0 0 0 0 0 0
802	0 0 0 0 89 0 0 0 0 0 0 0 0 0 0 0 0 0 0 0
808	0.02 0 0 0 0 0 0 0 0 0 75.96 0 0 0 0 0 0 0 0 0.04
1118	0 23.84 0 0 106.14 0 0 0 0 0 0 0 0 0 0 0 0 0 0 0
1177	0 0 0 0 12 0 0 0 0 0 0 0 0 0 0 0 0 0 0 0
1178	0 0 0 0 0 0 0 0 0 14.82 20.18 0 0 0 0 0 0 0 0 0
1179	0 0 5.32 0.14 4.46 0 0 0 0 0 0 0 0 0.02 0.02 0.02 0 0 0 0.02
1180	0 14 0 0 0 0 0 0 0 0 0 0 0 0 0 0 0 0 0 0
1181	0.06 0 0 0 0 0 0 0 0 18.94 0 0 0 0 0 0 0 0 0 0
1185	0 0 20.6 0 0 20.4 0 0 0 0 0 0 0 0 0 0 0 0 0 0
1186	0 0 0 0 6 0 0 0 0 0 0 0 0 0 0 0 0 0 0 0.02
1188	0.02 0 0 0 91.96 0 0 0 0 0 0 0 0 0 0 0 0 0 0 0
1191	0 0 0 0 0 0 0 0 0 0 0 0 0 0 13 0 0 0 0 0.04
20	0 0 0 0 0 0 183.96 0 0 0 0 0 0 0 0 0 0 0 0 0
454	0 0 0 0 0 0 0 0 0 2.68 0 0 0.02 0 0.02 0 0 22.28 0 0
500	0.02 20.9 0 0 0 0 0 0 0 0 0 0 0 0 0 0 0 77.08 0 0
703	0 51 0 0 0 0 0 0 0 0 0 0 0 0 0 0 0 0 0 0
721	0.14 0 0 0 0 0 0 0 0 0 139.86 0 0 0 0 0 0 0 0 0
836	67.14 0 0 0 0 0 0 0 0 0 0 0 0 0 0 0 0 0 0 11.86
942	0 0 0 0 0 0 0 45.32 0 0 67.68 0 0 0 0 0 0 0 0 0
954	0 0 13.08 0 0 0 0 0 0 0 0 0 0 0 0 0 0 0 0 14.92
965	54 0 0 0 0 0 0 0 0 0 0 0 0 0 0 0 0 0 0 0
1045	0 0 0 48.3 16.4 0 0 4.3 0 0 0 0 0 0 0 0 0 0 0 0
1097	0 0 0 0 0 0 51 0 0 0 0 0 0 0 0 0 0 0 0 0.02
1137	0 0 0 53.82 0 0 0 0 25.16 0 0 0 0 0 0 0 0 0 0 0
1192	0 0 0 22.76 0 0.02 0 0 0 0 0 0 0 0 0 0 0 11.22 0 0
1195	0 0 0 0 0 0 33 0 0 0 0 0 0 0 0 0 0 0 0 0
1196	0 0 0 9 0 0 0 0 0 0 0 0 0 0 0 0 0 0 0 0
1199	0 0 0 3.92 0 0 0 0 0 49.04 0 0 0.04 0 0 0 0 0 0 0
1201	0 0 0 5 0 0 0 0 0 0 0 0 0 0 0 0 0 0 0 0.02
1202	0 0 0 0 0 0 19.98 0 0 0 0 0 0 0 0 0 0 0 0 0.02
1203	69.98 0 0 0 0 0 0 0 0 0 0 0 0 0 0 0 0 0 0 0
1204	0 0 0 2.02 0 0 0 0 0 0 0 0 0 0 0 0 0 0.02 0 62.96
1205	0 0 0 1.26 0 0 0 0 0 0 0 0 0 0 0 0 0 0 0 16.74
1126	0 0 0 0 0 0 0 0 0 0 0 0 0 0 0 0 0 14.02 0 69.98
120	0 0 0 0 0 0 0 0 0 73.4 0 31.6 0 0 0 0 0 0 0 0
363	0 0 0 0 28.54 0 0 0 0 61.46 0 0 0 0 0 0 0 0 0 0
364	0 0 0 0 81.06 1.92 0 0 0 0 0 0 0 0 0 0 0 0 0 0.02
743	0 0 0 0 0 0 0 0 11.76 0 0 0.08 0 42.14 0 0 0.02 0 0 0
922	0 0 0 0 0 0 0 0 0 0 0 0.1 0 0 0 98.9 0 0 0 0
974	0 0 0 0 0 0 0 0 0 0 0 79.94 0 0 0 0 0 0 0 0.06
1040	0 0.02 0 0.02 0 0 0 0 0 0.26 2.12 49.58 0 0 0 0 0 0 0 0
1090	0 0 0 0 73 0 0 0 0 0 0 0 0 0 0 0 0 0 0 0
1194	0 0 0 0 0 25.76 70.24 0 0 0 0 0 0 0 0 0 0 0 0 0
1208	0 0 0 0 44.96 0 0 0 0 0 0 0 0 0 0 0 0.04 0 0 0
1210	0.02 0 0 0 69.98 0 0 0 0 0 0 0 0 0 0 0 0 0 0 0
1211	0 33 0 0 0 0 0 0 0 0 0 0 0 0 0 0 0 0 0 0
1214	15.98 0 0 0.02 0 0 0 0 0 0 0 0 0 0 0 0 0 0 0 0
1216	0 0 0 0 0 0 0 0 0 15 0 0 0 0 0 0 0 0 0 0
587	0 0.04 31.96 0 0 0 0 0 0 0 0 0 0 0 0 0 0 0 0 0
786	0 28 0 0 0 0 0 0 0 0 0 0 0 0 0 0 0 0 0 0.02
809	0 0 40.04 0 62.94 0 0 0 0 0 0 0 0 0 0 0 0 0 0 0
1058	0 0 0 0 0 0 0 0 0 0 42 0 0 0 0 0 0 0 0 0
1110	0 0 0 0 99 0 0 0 0 0 0 0 0 0 0 0 0 0 0 0
1209	0 0 0 0 27 0 0 0 0 0 0 0 0 0 0 0 0 0 0 0
1218	0 0 0 0 0 67.98 0 0 0 0 0.02 0 0 0 0 0 0 0 0 0
1219	0 0 0 0 0 43.98 0 0.02 0 0 0 0 0 0 0 0 0 0 0 0
1221	0.14 0 0 0 0 0 0 0 0 0 0 0 0 0 0 0 0 124.86 0 0
1222	0 0 0 0.36 0 18.64 0 0 0 0 0 0 0 31 0 0 0 0 0 0
1225	0 0 0 0 0 0 0 0 0 0 31.92 0 0 0 0 0 0 0 0.02 0.08
532	0 0 14.36 0 0 0.02 0 0 0 0 0 0 0 0 0 50.6 0 0 0 0
623	0 0 91 0 0 0 0 0 0 0 0 0 0 0 0 0 0 0 0 0
960	42.04 0 0 0 0 0 0 0 0 0 0 0 0 0 0 19.96 0 0 0 0
971	0.02 0 0 104.98 0 0 0 0 0 0 0 0 0 0 0 0 0 0 0 0
1116	0 0 20.44 10.56 0 0 0 0 0 0 0 0 0 0 0 0 0 0 0 0
1227	0 0 0 12.58 0 0 0 0.6 0 0 0 0 0 0 0 0 0 0.82 0 0
1228	0 0 0 0 90 0 0 0 0 0 0 0 0 0 0 0 0 0 0 0
1231	0 0 0 0 0 45 0 0 0 0 0 0 0 0 0 0 0 0 0 0
349	0 0 0 0 0 0.06 0 0 0 0 0 0 0 0 0 0 74.94 0 0 0
885	0 0 0 0 0 0 0 0 0 0 0 0 0 0 0 0 22.98 0 0.02 0
908	0 0 0 0 0 0 0 0 0 0 0 0 0 0 44 0 0 0 0 0
1233	0.04 0 0 0 0 0 9.44 0 2.86 0 0 0 0 0 0 0 8.66 0 0 0
1234	0 0 0 0 0 0 0 0 0.04 0 0 0 18.96 0 0 0 0 0 0 0
1235	0 0 0 0 0 0 0 0 0 0 0 0 4 0 0 0 0 0 0 0
1237	0 0 0 0 0 0 0 0 0 0 0 0 0 0 0 0 18 0 0 0
979	0 0 0 0 0 0 0 0 0 0 0 12.98 0 0 0 73.02 0 0 0 0
548	0 0 0 0 8.62 0 0 0 0 0 0 0 0 9.36 0 0.02 0 0 0 0
1076	0 0 24.82 0 0 0 0 0 0 0 0 0 0 0 0 0 0 0 0 0.18
1240	0 0 0 0 0 90 0 0 0 0 0 0 0 0 0 0 0 0 0 0
130	14.7 0 0 0 0 0 0 1.8 18.82 0 0 0 0 0 0 8.64 0 0.04 0 0
407	0.08 0.08 0 0 2.08 0 1.24 0 0 74.14 0 3.38 0 0 0 0 0 0 0 0
534	0 0 0 0 0 0 0 0 0 0 0 0 0.02 0 0 28.98 0 0 0 0
1242	0 0.04 0 0 0 0 0 0 0 0.12 0 5.84 0 0 0 0 0 0 0 0
1243	0 0 0 0 0 0 0 0 0 0 0 0 26 0 0 0 0 0 0 0
1139	0.04 0 0 0 0 0 0 0 0 0 0 0 0 61.96 0 0 0 0 0 0
1161	0 0 0 0 0 0 23 0 0 0 0 0 0 0 0 0 0 0 0 0
1245	0 0 0 0 0 13.46 0 0 0 0 0.02 0 0 0 0 29.52 0 0 0 0.02
397	0 0 0 0 0 23.98 0 0 0 0 0 0 0 0 0 0 0 0 0 0
1182	0 0 22 0 0 0 0 0 0 0 0 0 0 0 0 0 0 0 0 0
1229	0 0 0 0 17.94 0 0 0 0 0 0.06 0 0 0 0 0 0 0 0 0
1247	0 0 0 0 0 6 0 0 0 0 0 0 0 0 0 0 0 0 0 0
1249	0 0 0 0 29 0 0 0 0 0 0 0 0 0 0 0 0 0 0 0
1106	0 0 0 0 0 0 0 0 0 0 0 0 6 0 0 0 0 0 0 0
1251	0 0 0 6.66 0 0 0 0 26.34 0 0 0 0 0 0 0 0 0 0 0
696	0 0 0 0 0 0 0 0 172.2 0 0 0 0 0 0 0 0 33.8 0 0
772	0 55.72 0 0 0 0 0 0 0 21.06 0 0 0 0 0 0 0 0 3.02 36.2
253	0 0 0 0 0 0 38.06 0.3 0 0 0 0 0 0 0.02 35.62 0 0 0 0
1220	0 0 0 0 0 0.02 0 0 0 0 71.98 0 0 0 0 0 0 0 0 0
1226	0 0 0 0 0 0 84 0 0 0 0 0 0 0 0 0 0 0 0 0
1244	0 0 0 0 0 47.08 6.06 0 26 0 0 0 0 0 10.86 0 0 0 0 0
1254	0 0 0 0 0 0 0 0 0 0 0 4.7 0 0 0 0 14.3 0 0 0
1255	0 0 0 0 0 0 0 0.04 0 0 0 0 0 0 0 17.96 0 0 0 0
1256	0 0 0 0 0 0 0 0 0 0 0 0 0 0 0 0 6 0 0 0
1258	8.46 0 0 0 0 0 0 0 0 34.44 0 1.1 0 0 0 0 0 0 0 0
977	0 0 0.7 0 0 0 0 0 21.1 70.2 0 0 0 0 0 0 0 0 0 0
1165	0 0 0 0 0 0 0 0 0 0 0 15.98 0 0 0 0 0 0.02 0 0
459	0 0 0 28.3 0 0 0 0 0 0 0 45.62 0 0 0.08 0 0 0 0 0
1034	0 0 12.08 0.02 0 0 0 0 0 0 0 0 23.48 22.42 0 0 0 0 0 0
1260	0 0 0 0 5 0 0 0 0 0 0 0 0 3.62 0 0 0.38 0 0 0
1264	0 0 0 0 0 0 18.98 0 0 0 0 0 0.02 0 0 0 0 0 0 0
1265	0 0 0 0 0 0 0.18 0 0 0 0 0 48.82 0 0 0 0 0 0 0
1266	0 0 0 34 0 0 0 0 0 0 0 0 0 0 0 0 0 0 0 0
1168	0 0 0 15.58 42.42 0 0 0 0 0 0 0 0 0 0 0 0 0 0 0
1267	0 0 0 0 0 0 0 0 0 0 82 0 0 0 0 0 0 0 0 0
1269	35 0 0 0 0 0 0 0 0 0 0 0 0 0 0 0 0 0 0 0
388	0 0 0 0 0 59.88 0 0 0 0 0 0 0 0 0 0.12 0 0 0 0
1246	0 0 0 0 0 5.9 0 0 0 0 0 0 0 0 0 0 0 0 0 0.1
1270	0 0 0 0 0 0 0 0 0 14 0 0 0 0 0 0 0 0 0 0
1271	0 0 0 0 15 0 0 0 0 0 0 0 0 0 0 0 0 0 0 0
901	0 0 0 0 0 0 0 0 0 0.1 0 0 0 0 0 0 20.9 0 0 0
869	0.04 0 0 0 0 0 0 0 0 0 51.96 0 0 0 0 0 0 0 0 0
1053	0 0 66 0 0 0 0 0 0 0 0 0 0 0 0 0 0 0 0 0
426	0 0 0 0 0 0 0 0 0 0 0 2.78 0 70.22 0 0 0 0 0 0
555	0 0 8.78 0 0 0 0 0 0 0 0 0 0 0 0 0 0 5.22 0 0
752	0 0 0 0 9 0 0 0 0 0 0 0 0 0 95 0 0 0 0 0
816	0 0 0 0 33 0 0 0 0 0 0 0 0 0 0 0 0 0 0 0
982	0 0 0 0 0 0 0 0.5 0 44.5 0 0 0 0 0 0 0 0 0 0
1088	0 0 0 0 0 0 0 0.02 0 22.98 0 0 0 0 0 0 0 0 0 0
1095	0 0 0 0 0.02 0 0 0 0 47.98 0 0 0 0 0 0 0 0 0 0
1151	0 0 10 0 0 0 0 0 0 0 0 0 0 0 0 0 0 0 0 0
1275	0 0.04 0.24 0.06 0 0 0 0 0 0 0 0 0 0 0 0 8.62 0.02 0.02 0
1276	0 0 0 0 0 0 0 0 0 16 0 0 0 0 0 0 0 0 0 0
1278	0 0 0 0 0 0 0 0 0 50.98 0 0 0 0 0 0 0 0.02 0 0
1279	0 0 8.42 0 0 0 0 0 0 3.32 0 0 9.82 0 0 1.44 0 0 0 0.02
1280	0 0 0 0 0 0 0 0 0 0 0 0 42.98 0 0 0 0 0 0 0
1217	0 0 0 0 88.54 0 0 0 0 0 0 0 0 0.46 0 0 0 0 0 0
1117	0 0 0 0 0 0 0 0 16.98 0 0 0 2.5 0 0 0 0 21.52 0 0
335	0 0 0 0 0 0 0 0 0 9.98 0 0 43.02 0 0 0 0 0 0 0
985	0 0 0 0 0 0 0 0 49.94 0 0 0 0 0 7.06 0 0 0 0 0
1282	0 0 0 0 0 0 0 0 0 0 0 27.96 0 0 0 0 0.04 0 0 0
1283	0 0 0 0 0 0 0 0 19.94 0 0 19 0 0 0 0 0.06 0 0 0
1197	0.02 0 0 23.32 0 0 0 0 0 0 0 103.66 0 0 0 0 0 0 0 0
821	0 50.36 0.02 0 0 0 0 0 0 6.62 0 0 0 0 0 0 0 0 0 0
890	0 0.02 0 0 0 0 0 0 0 34.18 0.08 0 43.36 0 0.36 0 0 0 0 0
1025	0 0 0 0 0 0 0 0 0 0 0 0 92.8 11.18 0 0.02 0 0 0 0
1215	0 0 0 0 0 0 0 0 0 48.98 0.02 0 0 0 0 0 0 0 0 0
1273	0 0 0 0 0 0 0 0 0 0 37 0 0 0 0 0 0 0 0 0
1287	0 0 0 0 0 0 0 0 0 0 0 0 0 0 0 0 8 0 0 0
1288	0 7.08 0 0 0 0 0 0 0 12.92 0 0 0 0 0 0 0 0 0 0
1289	0 0 0 0 0 0 0 0 0 0 0.14 0 0 0 0 0 7.86 0 0 0
1290	0.06 0 0 0 1.38 0 0 0 0 0.02 1.52 0 0 0 0 0 0 0.02 0 0
1291	0 0 0 0 0 0 0 0 0 28 0 0 0 0 0 0 0 0 0 0
1293	0 0 0 0 0 0 0 0 0 0 0 0 0 0 0 0 15 0 0 0
1295	0 0 0 0 0 0 0 0 0 0 0 0 16 0 0 0 0 0 0 0
1296	0 0 0 0 0 0 0 0 0 0 0 0 0 0 58.98 0 0 0.02 0 0
966	0 0 77 0 0 0 0 0 0 0 0 0 0 0 0 0 0 0 0 0
1098	0 0 0 0 0 0 0 54.98 0 0 53.02 0 0 0 0 0 0 0 0 0
1286	0 0 0 41.96 0 0 0 0.04 0 0 0 0 0 0 0 0 0 0 0 0
1299	0 0 0 0 0 0 0 0 0 0 0 0 0 0 0 0 0 0 0 18
1300	0 0 0 0 0 0 0 0 0 0 0 0 0 0 0 0 6.76 9.24 0 0
1301	0 0 16 0 0 0 0 0 0 0 0 0 0 0 0 0 0 0 0 0
562	0 0 0 0 0 128.46 0 0 0 0 0 0 0 0.54 0 0 0 0 0 0
1303	0 0 0 0 0.04 36.92 0 0 0 0 0.02 0 0 0 0 0 0 0 0 0.04
918	0 0 0 0.5 0 0 0 0 0 0 0 0 0 0 0 0 20.48 0 0 0
1092	0 0 0 0 0 0 0 0 0 0 0 21 0 0 0 0 0 0 0 0
933	0 0 0 0 0 0 0 0 0 0 0 0 0 0 0 45 0 0 0 0
1200	0 0 0 19 0 0 0 0 0 0 0 0 0 0 0 0 0 0 0 0
1304	0 0 0 0 0 0 0 0 0 0 0 5 0 0 0 0 0 0 0 0
1308	0 0 0 0 0 0 0 2 0 0 0 0 0 0 0 0 0 0 0 0.02
995	14.16 0 0 0 0 0 0 0 0 0 0 0 57.82 0 0 0 0 0 0 0
1086	0 0 0 0 0 0 39.8 0 0 12.16 0 0 0.02 0.02 0 0 0 0 0 0
1262	0 0 0 0 0 0 23 0 0 0 0 0 0 0 0 0 0 0 0 0
1311	0 0 39.94 0 0 0 0 0 0 0 0 0 0 0 0.06 0 0 0 0 0
1313	0 0 0.12 0 0 0 0 0 0 0 0 0 0 0 35.88 0 0 0 0 0
1314	0 0 0 0 10.94 0 0 0.08 0.68 0.28 0 0 0 0 0 0.02 0 0 0 0
1315	0.08 0 0 0 0 0 0 0 61.92 0 0 0 0 0 0 0 0 0 0 0
1127	0 0 0 0 0 0 0.02 0 0 0 0 0 0 0 0 0 23.94 0 0 0.04
104	0 0 0 0 0 0 0 0 0 5 0 0 0 0 0 0 0 0 0 0
1061	0.02 0 0 0 0 0 0 0.06 0 0 0 67.92 0 0 0 0 0 0 0 0
1102	0 0 0 0 0 0 0 0 0 0 0 8 0 0 0 0 0 0 0 0
1150	0 0 0 0 0 0 0 0 0 13.96 0 0 0 0 0 0 0 0 0.04 0
1162	0 0 0 0 0 0 0 0 0 0 0 4 0 0 0 0 0 0 0 0
1187	0 0 0 0 0 0 0 0 0 0 0 0 0 0 0 33 0 0 0 0
1252	0 0 0 0.02 0 0 0 12.14 0 8.32 0 0 0 0 0 0 0 0 2.52 0
1277	0.02 0 0 0 0 0 0 0 53.98 0 0 0 0 0 0 0 0 0 0 0
1281	0 0 0 0 0 0 8.18 0 9.82 0 0 0 0 0 12 0 0 0 0 0
1302	0.02 0 0 0 0 0 11.98 0 0 0 0 0 0 0 0 0 0 0 0 0
1317	0 0 0 0 0 0 0 0 0 7 0 0 0 0 0 0 0 0 0 0
1319	0 0 0 0 0 0 0 0 0 0 0 0 0 0 0 7 0 0 0 0
1321	0 0 0 0 0 0 0 0 0 5 0 0 0 0 0 0 0 0 0 0
1323	0 0 0 0.28 0 0 7.72 0 0 0 0 0 0 0 0 0 0 0 0 0
1325	0 0 0 0 0 0 0.06 0 0.1 0.24 0 0.22 0.18 0.02 0 0.14 0.04 0 0 0
1326	0 0 0 0 0 0 0 0 20 0 0 0 0 0 0 0 0 0 0 0
1328	0 4.8 0 0 0 0 0 0 0 0 0 1.18 0 0 0 0 9.02 0 0 0
1329	0 0 0 0.02 0.02 0 0.1 0 0.02 0.24 0 0.24 0.14 0 0.04 0.06 0.12 0 0 0
1331	0 0 0 0 0 0 0 0 7.4 0 0 0 0 0 0 0 0 4.6 0 0
1335	0.1 0 0.02 0 0 0 0 11.2 0 0 0 17.66 0 0 0 0 0 0 0 0.02
1337	0 0 15.56 0 0 0 0 0 0 0 0 0 0 0 5.44 0 0 0 0 0
1338	0 0 0 0 0 0 8 0 0 0 0 0 0 0 0 0 0 0 0 0
1339	0 0 0 0.02 0 0 0.14 0 0.02 0.2 0 0.24 0.02 0 0.1 0.18 0.08 0 0 0
1340	0 0 0 0 0 0 0.18 0 0.04 0.18 0 0.16 0.06 0 0.08 0.18 0.12 0 0 0
1341	0 0 0 0 0 0 0.18 0 0.08 0.2 0 0.2 0.04 0 0.06 0.12 0.12 0 0 0
1345	0 0 0 0 0 0 0 0 0 0 0 0 0 0 4 0 0 0 0 0
1349	0 0 0 0.02 0 0 0.14 0 0.08 0.2 0 0.22 0.1 0 0.02 0.12 0.1 0 0 0
1350	0 0 0 0 0 0 0.08 0 0.06 0.18 0 0.24 0.16 0 0.06 0.16 0.04 0 0.02 0
1352	0 0 0 0 0 0 0.08 0 0.22 0.14 0 0.22 0.1 0 0.02 0.14 0.08 0 0 0
1353	0 0 0 0 0 0 1.54 0 0 0 0 0 0 0 0 6.46 0 0 0 0
1355	0 0 0 0 0.02 0 15.98 0 0 0 0 0 0 0 0 0 0 0 0 0
1356	0 0 0 0 0 0 8 0 0 0 0 0 0 0 0 0 0 0 0 0
1358	0 0 0 0 0 0 0 0 0 0 0 0 6 0 0 0 0 0 0 0
1359	0 0 0 0 0 0 0 0 0 0 0 0 0 0 0 2 0 0 0 0
1363	0 0 0 0 0 0 0.06 0 0.14 0.18 0 0.28 0.08 0 0.1 0.12 0.04 0 0 0
1365	0 0 0 0 0 0 0 0 3 0 0 0 0 0 0 0 0 0 0 0
1366	0 0 0 0 0.02 0 0.16 0 0.08 0.3 0 0.18 0.1 0 0.02 0.06 0.08 0 0 0
1368	0 0 0 0 0 0 0 0 0 0 0 0 0 0 0 15 0 0 0 0
1372	0 0 0 0 0 0 5 0 0 0 0 0 0 0 0 0 0 0 0 0
1380	0 0 0 0 0 0 0 0 14 0 0 0 0 0 0 0 0 0 0 0
1381	0 0 0 0 0 0 0.04 0 0 0 0 0 0 0 0 25.92 0 0 0 0.04
1382	0 0 0 0.02 0 0 7.98 0 0 0 0 0 0 0 0 0 0 0 0 0
1389	0 0 5 0 0 0 0 0 0 0 0 0 1.72 0 2.28 0 0 0 0 0
1391	0 0.02 0 0 0 0 0 0 0.16 0 0 0 5.82 0 0 0 0 0 0 0
1394	0 0 0 0 0 0 0 0 0 0 0 0 0 0 16 0 0 0 0 0
1160	0 0 0 41.12 0 0 0 0 0 0 0 0 23.88 0 0 0 0 0 0 0
1167	0 0 0 13.16 0 0 0 0 0 0 0 0.42 0 11.86 0 0 0 9.56 0 0
1297	0 0 0 0 0 0 0 0 0 0 16.12 0 0 0 0 0 0 16.88 0 0
1213	0 0 0 0 0 0 0 0 0 6 0 0 0 0 0 0 0 0 0 0.02
1336	0 0 0 0 0 0 0 0 0 12.98 0 0 0 0 0 0 0 0 0 0
1385	0 0 0 0 0 0 0 0 0 0 0 0 0.02 0 0 12.98 0 0 0 0.02
1399	0 0 0 0 0 0 0 0 0 8.56 0 0 0 0 8.42 0 0 0 0 0
1263	0 0.36 0 0 0 0 0.02 0 0 0 0 0 0 0 0 0 0 28.62 0 0
1400	0 0 0 3.16 0 0 0 0 0 0 18.26 0 0 0 0.02 0 0 0 3.56 0
1401	0 0 0 0.6 0 0 0 0 0 0.5 0 0 0 0 0 0 0 0 0 35.9
1402	0 0 0 11 0 0 0 0 0 0 0 0 0 0 0 0 0 0 0 0
1404	26.64 0 0 0 0 0 2.62 0 0 0 0 0 0 0 0 1.52 0 0 1.22 0
1407	0 0 36.84 0 0 0 0 0 0.16 0 0 0 0 0 0 0 0 1 0 0
624	0 0 0 0 39.58 0 0 0 0 0 0 0 0 0 0 0 0 0 0 12.42
1107	0 0 0 0 0 0 0 41.98 0 0.02 0 0 0 0 0 0 0 0 0 0
1207	0 0 0 0 0 27 0 0 0 0 0 0 0 0 0 0 0 0 0 0
1408	0 0 0 0 0 3 0 0 0 0 0 0 0 0 0 0 0 0 0 0
1410	0 0 0 0 0 11 0 0 0 0 0 0 0 0 0 0 0 0 0 0
1411	0 0 49 0 0 0 0 0 0 0 0 0 0 0 0 0 0 0 0 0
1412	0 0 0 0 0 10 0 0 0 0 0 0 0 0 0 0 0 0 0 0
1193	0 0 0 34 0 0 0 0 0 0 0 0 0 0 0 0 0 0 0 0
1413	0 0 0 0 0.1 0 0 0 0 16.86 0 0.04 0 0 0 0 0 0 0 0
1414	0 0 0 1.3 0.2 0 0 0 0 0.5 0 0 0 0 0 0 0 0 0 0
1415	0 0 0 0 0 0.04 0 0 0 21.96 0 0 0 0 0 0 0 0 0 0
1416	0 0.36 0 3.22 0 5.02 0 0 0 0 0.4 0 0 0 0 0 0 0 0 0
1241	0 0 0 0 0 0 0 0 9 0 0 0 0 0 0 0 0 0 0 0
1420	0 0 0 0 0 0 0.08 0 0 0 0 0 0 0 0 0 3.92 0 0 0
1354	0 0 0 0 0 0 0.56 0 0.02 0 0 0 0 0.02 0.08 0.18 0.14 0 0 0
812	5.66 0 0 0 0 0 0 0 0 0 0 37.34 0 0 0 0 0 0 0 0
1419	0 0 0 0 0 0 0 0 0 0.06 0 0 0 30.94 0 0 0 0 0 0
950	6.36 15.64 0 0 0 0 0 0 0 0 0 0 0 0 0.04 0 40.96 0 0 0
1131	33 0 0 0 0 0 0 0 0 0 0 0 0 0 0 0 0 0 0 0
1224	0 0 0 0 0 25 0 0 0 0 0 0 0 0 0 0 0 0 0 0
1268	0 0 0 0.32 0 0 0 0 0 0 25.46 0 0 0 0 5.22 0 0 0 0
1398	0 0 0 4 0 0 0 0 0 0 0 0 0 0 0 0 0 0 0 0
1421	0 0 0 0 0 0 0 0 0 0 0 0 0 0 0 0 0 30 0 0
1422	0 0 0 9 0 0 0 0 0 0 0 0 0 0 0 0 0 0 0 0
1423	0 0 0.06 0 0.26 8.68 0 0 0 0 0 0 0 0 0 0 0 0 0 0
1426	0 0 0 0 0 0 0 0 0 0 26 0 0 0 0 0 0 0 0 0
1428	0.02 0 0 1.32 39.66 0 0 0 0 0 0 0 0 0 0 0 0 0 0 0
361	0 0 0 0 0 0 0 0 0 0 0 0 0 0 23 0 0 0 0 0
1062	0 0 0 0 0 0 0 0 0 0 0 0 0 0 40 0 0 0 0 0
1175	0 0 0 0 0 0 0 0 0 0 0 0 6 0 0 0 0 0 0 0
1395	0 0 0 0 0 0 0 0 0 0 0 0 0 0 0 0.02 12.98 0 0 0
1429	0 0 0 0 0 0 0 0 0 0 0 0 0 0 0 0 11 0 0 0
1431	0 0 0 0 0 0 0 0 0 0 0 0 0 0 17 0 0 0 0 0
1432	0 0 0 0 0 0 0 0 0 0 0 0 2 0 0 0 0 0 0 0
1433	0 0 0 0 0 0 0 0 0 0 0 0 0 0 4 0 0 0 0 0
1434	0 0 0 0 0 0 0 0 0 0 0 0 0 0 24 0 0 0 0 0
1272	0 0 0 0 0 0 0 0 0 0 0 7 0 0 0 0 0 0 0 0
1333	0 7.86 0 0 0 0 0 0 0 0 0 0 0 0 0 5.14 0 0 0 0
1435	0 0 0 0 0 16.94 0 0 0 0 0 0 0 0 0 0 0.06 0 0 0
457	0 0 0 0 0 0 0 0 8.18 0 0 0 33.74 0.04 0 0 0 0 0 0.04
1330	0 0 0 0 0 0 0 0 0 0 0 0 0 0 0 0 0 0 0.02 8.98
695	0.02 0 0 0 0 0 0 0 0 0 26.98 0 0 0 0 0 0 0 0 0
1437	0 0 0 0 0 17.96 0 0 0 0 0 0 0 0 0 0 0 0 0 0.04
377	0 0 11.96 0 0 0 0 0 0 0 0 0 0 10.02 0 0 0 0 0.02 0
422	0 0 0 0 18.64 0 0 0 0 0 0 0 0 44.36 0 0 0 0 0 0
734	0 50 0 0 0 0 0 0 0 0 0 0 0 0 0 0 0 0 0 0
1206	0 0 0 0 0 0 0 0 0 0 27 0 0 0 0 0 0 0 0 0
1250	0 0 0 0 1.6 0 0 0 0 1.4 0 0 0 0 0 0 0 0 0 0
1439	0 0 17.98 0 0 0 0 0 0 0 0 0 0 0 0 0 0 0.02 0 0
1440	0 0 0 0 0 15 0 0 0 0 0 0 0 0 0 0 0 0 0 0
1284	0.08 0 0 0 0.06 0 0 0 0 0 0 63.86 0 0 0 0 0 0 0 0
1068	0.26 0 0 0 0 0 0 0 0 0 0 0 0 0 0 33.74 0 0 0 0
1143	0 0 0 0 0 0 28.74 17.22 0.02 0 0 0 0 0 0 0 0.02 0 0 0
1149	0 0 0 47.58 0 0 0 0 0 0 0 0 0 33.42 0 0 0 0 0 0
653	108.64 0.36 0 0 0 0 0 0 0 0 0 0 0 0 0 0 0 0 0 0
842	30.44 0 0 0 31.78 0.02 0 0 0 0 0 0 0 0 0 0 0 0 0 0.76
964	0.04 0 0 0 0 0 0 20.9 0 0 0.04 0 0 0 0.02 0 0 0 0 0
970	0 0 0 23 0 0 0 0 0 0 0 0 0 0 0 0 0 0 0 0
1100	8 0 0 0 0 0 0 0 0 0 0 0 0 0 0 0 0 0 0 0
1169	0 0 0 0 16 0 0 0 0 0 0 0 0 0 0 0 0 0 0 0
1285	0 0 41 0 0 0 0 0 0 0 0 0 0 0 0 0 0 0 0 0
1369	0 0 0 9.86 0 0 0.14 0 0 0 0 0 0 0 0 0 0 0 0 0
1445	11 0 0 0 0 0 0 0 0 0 0 0 0 0 0 0 0 0 0 0
1446	0 2.5 0 0 0 0 0 0 0 0 35.5 0 0 0 0 0 0 0 0 0
1447	0 0 0 0 0 0 0 0 0 0 0 0 0 0 0 0 0 0 0 3
1448	0 0 0 11 0 0 0 0 0 0 0 0 0 0 0 0 0 0 0 0
1449	0 0 0 33 0 0 0 0 0 0 0 0 0 0 0 0 0 0 0 0
1450	0 0 1.08 1.88 0 0 0 0.04 0 0 0 0 0 0 0 0 0 0 0 0
1452	0 0 0 4 0 0 0 0 0 0 0 0 0 0 0 0 0 0 0 0
1453	0 0 0 0.52 0 0 0 0.84 0 0 0 0 0 0 0.1 0 0 0 0 0.54
1460	0 0 0 0.22 2.78 0 0 0 0 0 0 0 0 0 0 0 0 0 0 0
1461	2 0 0 0 0 0 0 0 0 0 0 0 0 0 0 0 0 0 0 0
1451	0 0 0 42 0 0 0 0 0 0 0 0 0 0 0 0 0 0 0 0
1332	3 0 0 0 0 0 0 0 0 0 0 0 0 0 0 0 0 0 0 0
1465	0 6.94 0 0 0 0 0.04 0 0 0 0 0 0 0 0.02 0 0 0 0 0
1109	0 0 0 0 0 0 0 34.44 0 0 37.56 0 0 0 0 0 0 0 0 0
1467	0 0 0 0 0 0 0 0 0 0 10 0 0 0 0 0 0 0 0 0
1468	0 0 0 0 0 0.14 0 19.82 0 0.04 0 0 0 0 0 0 0 0 0 0
1183	0 0.04 0 0 0 31.9 0 0 0 0 0 0 0 0 0 0.02 0 0.04 0 0
1443	0 0 0 0 0 3.78 0 0 0 0 0 7.22 0 0 0 0 0 0 0 0
1469	0 0 0 0 29.72 0 0 0 0 0 4.28 0 0 0 0 0 0 0 0 0
1470	0 0 9.88 0 0 0 0 0 0 0 0.12 0 0 0 0 0 0 0 0 0
36	0 0 0 0 0 0 0 0 0 0 17.98 0 0 0 0 0 0 0.02 0 0
1424	0 0 0 0 3 0 0 0 0 0 0 0 0 0 0 0 0 0 0 0
1471	0 0 0 0 0 0 0 0 0 0 11 0 0 0 0 0 0 0 0 0
113	0 0 0 0 0 0 0 0 0 0 0 0 0 0 0 27 0 0 0 0
1472	0 0 0 0 0 0 7 0 0 0 0 0 0 0 0 0 0 0 0 0.02
1474	9 0 0 7.96 0 0 0 0 0 0 0 0 0 0 0 0 0 0 0.02 0
1475	23 0 0 0 0 0 0 0 0 0 0 0 0 0 0 0 0 0 0 0
206	18.82 0 0 0 0.02 100.7 4.3 0 0 0 0 0 0 5.16 0 0 0 0 0 0
579	0 0 38.82 0 0 0 0 0 0 0 0 0 0 0 0 0 0 0 0 0.18
860	0 0 0 0 0 0 0 0 0 0.06 0 0 0 0 0 26.94 0 0 0 0
1476	0 0 0 0 0 0 0 0 0 0 1.84 0 0 0.16 0 0 0 0 0 0
1361	0 0 0 0 0 0 0 0 0 7 0 0 0 0 0 0 0 0 0 0
1397	0 0 0 0 0 0 0 0 0 0 0 0 0 0 0 0 0 0 0 9
1427	0 0 0 0 0 0 0 0 0 0 0 0 0 0 0 0 0 0 0 12
1444	0 0 37.92 0 0 0 0 0 0 0 0 0 0 0 0.02 0 0 0 0.06 0
1478	0 0 0 0 0 0 0 38.98 0.02 0 0 0 0 0 0 0 0 0 0 0
1479	0 0 0 15.98 0.02 0 0 0 0 0 0 0 0 0 0 0 0 0 0 0
759	0 0 0 0 3.34 0 0 0 0.02 11.64 0 0 0 0 0 0 0 0 0 0
807	0.04 0 0 0 0 0 0 0 0 0 23.96 0 0 0 0 0 0 0 0 0
915	0 0 0 0 0 0 0 0 41.98 0 0 0 0 0 0 0 0 0.02 0 0
1141	0 0 0 0 0 0 0 0 0 0 0 0 0 0 14 0 0 0 0 0
1232	0 0 0 0 21.1 0 0 0 0 0 1.9 0 0 0 0 0 0 0 0 0
1481	0 0 0 0 0 0 0 0 0 6 0 0 0 0 0 0 0 0 0 0
1482	0 0 0 0 0 0 0 0 0 0 4 0 0 0 0 0 0 0 0 0
1483	0 0 0 0 0 17.66 0 0 0 0.08 0 0 0 0 23.26 0 0 0 0 0
1274	0 0 4.2 0 0 10.8 0 0 0 0 0 0 0 0 0 0 0 0 0 0
1305	0 0 0 0 0 0 0 0 0 16 0 0 0 0 0 0 0 0 0 0
1480	0 0 24 0 0 0 0 0 0 0 0 0 0 0 0 0 0 0 0 0
1485	0 0 0 10 0 0 0 0 0 0 0 0 0 0 0 0 0 0 0 0
1486	0.1 0 0.06 0.16 0.08 0.06 0.02 0 0 0.3 0.04 0 0 0.06 0 0.04 0 0 0.06 0.02
1488	12 0 0 0 0 0 0 0 0 0 0 0 0 0 0 0 0 0 0 0
1490	0 0 0 0 8.94 0.02 0 0 0 0 0.04 0 0 0 0 0 0 0 0 0
1491	0 0 0 0 0 0 0 0 0 6 0 0 0 0 0 0 0 0 0 0
1494	0.08 0.06 0.06 0.1 0.06 0.1 0.1 0 0 0.18 0.06 0.08 0 0.04 0 0.04 0 0 0.04 0
1496	0 0 0 0 0 0 0 0 0 13.98 0.02 0 0 0 0 0 0 0 0 0
1499	0.02 0 0 12.96 0 0 0 0 0 0.02 0 0 0 0 0 0 0 0 0 0
1099	0 0 0 0 0 0 0 31 0 0 0 0 0 0 0 0 0 0 0 0
1466	0 0 0 18.02 0 0 0 0.02 0 0 0 0 0 0 0.02 0 0 2.94 0 0
1473	0 0 26.96 0 0 0.04 0 0 0 0 0 0 0 0 0 0 0 0 0 0
1239	0 0 35 0 0 0 0 0 0 0 0 0 0 0 0 0 0 0 0 0
1375	0 0 0 0 0 0 35 0 0 0 0 0 0 0 0 0 0 0 0 0
1502	0 0 0 0 1.56 0 0 0 0 0 1.44 0 0 0 0 0 0 0 0 0
1248	0 0 0 0 0 0 0 31.24 0 9.76 0 0 0 0 0 0 0 0 0 0
1489	0 0 0 0 0 0.04 0 0 0 0 7.94 0 0 0 0 0 0.02 0 0 0
1298	17.98 0 0 0 0 0 0.02 0 0 0 0 0 0 0 0 0 0 0 0 0
1223	0 0 0 6 0 0 0 0 0 0 0 0 0 0 0 0 0 0 0 0
1379	0 0 0 9.88 0 0 0 0 0 0 0 0 0 0 0 5.94 3.18 0 0 0
1506	0 0 0 11 0 0 0 0 0 0 0 0 0 0 0 0 0 0 0 0
1507	0 0 0 1.02 0 0 1.98 0 0 0 0 0 0 0 0 0 0 0 0 0
1094	0 0 0 0 0 0 0 0 20 0 0 0 0 0 0 0 0 0 0 0
1230	0 0 0 0 19.38 0 0 0 0 0 1.62 0 0 0 0 0 0 0 0 0
1509	0 0 0 0 0 8 0 0 0 0 0 0 0 0 0 0 0 0 0 0
1510	0 0 0 0 0 0 0 0 0 0 0 0 0 0 0 3 0 0 0 0
1511	0 0 0 0 0 0 0 0 0 0 0 1.62 0 0 0 14.34 0.04 0 0 0
1015	0 0 0 0 0 0 0 0 0 0 0 0 0 0 0 0 0 22 0 0
1512	0 0.02 0 15.22 0 0 0 0 0 0 0 0 0 0 0 0.02 0 0 8.74 0
1513	0 0 0 0 0 0 0 0 5.98 0 0 0 0.02 0 0 0 0 0 0 0
1514	0 0 0 0 0 0 0 0 0 0 0 0 22 0 0 0 0 0 0 0
1456	0 0 0 18 0 0 0 0 0 0 0 0 0 0 0 0 0 0 0 0
1515	1.46 0 0 0 0 0 0 0 0 0 0 0 0 2.54 0 0 0 0 0 0
1386	0 0 0 0 0 0 0 0 0 0 0 0 0 0 0 15 0 0 0 0
1516	0 0 0 0 0 0 11.98 0 0 0 0 0 0 0.02 0 0 0 0 0 0
787	0 0 31 0 0 0 0 0 0 0 0 0 0 0 0 0 0 0 0 0
1253	0 0 6.98 0 0 0 0 0 0 0 0 0 0.02 0 0 0 0 0 0 0
1519	0 0 0 0 0 0 0 0 0 0 4 0 0 0 0 0 0 0 0 0
1522	0 0 14.48 0 0 0 0 0 0 0 0 0 0 0.52 0 0 0 0 0 0
1487	0 0 0 7 0 0 0 0 0 0 0 0 0 0 0 0 0 0 0 0
1523	5.94 0 0.04 0 0 0 0 0 0 0 0 0 0 0 0 0 0 0.02 0 0
912	0 0 0 0 0 0 0 0 0.02 0 0 0 24.98 0 0 0 0 0 0 0
1518	3.48 0 0 0 26.52 0 0 0 0 0 0 0 0 0 0 0 0 0 0 0
74	13 0 0 0 0 0 0 0 0 0 0 0 0 0 0 0 0 0 0 0
1198	0 0 0 0 0 0 0 0 0 0 0 0 0 0 0 13 0 0 0 0
1312	0 0 0 0 0 0 0 0 0 0 0 0 0 0 13 0 0 0 0 0
1504	0 0 0 0 0 0 7 0 0 0 0 0 0 0 0 0 0 0 0 0
1525	0.02 0 0 0 0 0 3.98 0 0 0 0 0 0 0 0 0 0 0 0 0
1124	0 0 0.02 0 0 0 0 0 0 0 0 0 0 0 0 0 0 0 0 37.98
1526	0 0 0 0 0 0 0 4 0 0 0 0 0 0 0 0 0 0 0 0
1528	0.02 0 0 0 0 0 0 0 6.94 0 0 0 0 0 0 0 0.04 0 0 0
1082	0 0 0 0 0 0 13 0 0 0 0 0 0 0 0 0 0 0 0 0
1392	0 0 0 0.02 0 0 0 0 0 0 0 0 8.98 0 0 0 0 0 0 0
1294	0.02 0 0 0 0 0 0 0 0 0 0 0 0 0 16.96 0 0 0 0.02 0
1396	0 0 0 17 0 0 0 0 0 0 0 0 0 0 0 0 0 0 0 0
1524	0 0 0 0.92 0 0 0 0 0 0 0 0 0 0 0 0 0 0 24.08 0
1212	0 0 0 0 6 0 0 0 0 0 0 0 0 0 0 0 0 0 0 0
1530	0 0 7.98 0 0 0 0 0 0 0 0.02 0 0 0 0 0 0 0 0 0
1322	0 0 0 0 0 0 0 0 9.98 0 0 0.02 0 0 0 0 0 0 0 0
1425	0 0.16 0 0 0 19.82 0 0 0 0 0 0 0 0 0 0 0 0.02 0 0
1438	0 5 0 0 0 0 0 0 0 0 0 0 0 0 0 0 0 0 0 0
1531	0 0 21.98 0 0 0 0 0 0 0 0 0 0 0.02 0 0 0 0 0 0
1532	0 0 0 0 0 0 0 4 0 0 0 0 0 0 0 0 0 0 0 0
1158	12 0 0 0 0 0 0 0 0 0 0 0 0 0 0 0 0 0 0 0
1462	18 0 0 0 0 0 0 0 0 0 0 0 0 0 0 0 0 0 0 0
1495	0 0 0 8.84 0 0 0 0 0 0 0.16 0 0 0 0 0 0 0 0 0
1535	0 0 0 12 0 0 0 0 0 0 0 0 0 0 0 0 0 0 0 0
1537	0 0 0 0 0 0 0 0 0 0 0 0 0 0 0 15.92 0 0.02 0 0.08
560	0.02 0 51.64 0 0 0 0 0 0 0 0 0 0 0 0 0 0 0.32 0 0
999	0 0 0 0 0 0 0 0 0 0.02 13.98 0 0 0 0 0 0 0 0 0
1409	0 0 16.96 0 0 0 0 0 0 0 0 0 0 0 0 0 0.04 0 0 0
1539	0 0 7 0 0 0 0 0 0 0 0 0 0 0 0 0 0 0 0 0
1371	0 0 0 0 0 0 0 0 0 2 0 0 0 0 0 0 0 0 0 0
1484	0 0 0 0 0.02 4.98 0 0 0 0 0 0 0 0 0 0 0 0 0 0
1184	0 0 0 0 0 0 0 16.02 0 0 0 0 0 0 0 0 0 0 0 4
1393	0 0 0 0 0 0.04 0 0 0 0 0 0 13.92 0 0 0.02 0 0 0 0
1540	0 0 0.68 0 0 27.32 0 0 0 0 0 0 0 0 0 0 0 0 0 0
1541	0 4.28 0 0 0 0 0 0 0 0 0 0 0 0 0 2.72 0 0 0 0
1542	0 0 6 0 0 0 0 0 0 0 0 0 0 0 0 0 0 0 0 0
1238	0 0 0 0 0 0 0 0 0 0 0 0 0 0 23 0 0 0 0 0
626	0.02 0 0 0 0.02 0 0 0 0.02 0 0.02 0 0 0 3.92 0 0 0 0 0
643	0 0 0 0 5 0 0 0 0 0 0 0 0 0 0 0 0 0 0 0
776	0 0 0 0 0 0 0 0 0 0 27 0 0 0 0 0 0 0 0 0
784	0.04 0.04 0.16 0.16 0.18 0.1 0 0.02 0 0.02 0.06 0 0 0.02 0.06 0.08 0 0.04 0 0.02
788	0 0 0 0 0 0 0 0 0 0 1.68 0 0 0 0 2.32 0 0 0 0
861	0 0 0 0.04 0 0 0 0 0 0 0 0 0 0 0 3.96 0 0 0 0
1043	0 0 0 0 16 0 0 0 0 0 0 0 0 0 0 0 0 0 0 0
1104	0.12 0 0.08 0.1 0.08 0.18 0.02 0.06 0 0.02 0.16 0 0 0.02 0.02 0.02 0 0.02 0 0.1
1108	2.38 0 0 0 0 0 0 0 0 0 0 0 0 0 1.62 0 0 0 0 0
1261	0.1 0 0 0 0 0 0 0 0 0 0 0 0 0 8.9 0 0 0 0 0
1306	0.06 0.04 0.22 0.08 0.22 0.06 0 0.02 0 0.02 0.16 0 0 0 0 0.04 0 0.04 0 0.04
1307	0.08 0 0.22 0.04 0.14 0.12 0 0.02 0 0 0.2 0 0 0.02 0.06 0.04 0 0.02 0 0.04
1334	0.04 0.06 0.22 0.14 0.08 0.02 0 0.08 0 0.02 0.16 0 0 0.02 0.02 0.06 0 0 0 0.08
1346	0 0 0 4 0 0 0 0 0 0 0 0 0 0 0 0 0 0 0 0
1384	0 0 0 0 0.02 0 0 0 0 0 0 0 0 0 3.98 0 0 0 0 0
1387	0 0 0.08 0 0 0.04 0 0 0 0 0 0 0 0 0 0 4.88 0 0 0
1405	0 0 0 0 0 0 0 0 0 0 0 0 0 0 0 15 0 0 0 0
1441	0 0 0 0 0 0 0 0 0 0 11.98 0.02 0 0 0 0 0 0 0 0
1442	0 9 0 0 0 0 0 0 0 0 0 0 0 0 0 0 0 0 0 0
1464	0 0 0 0.62 0 2.36 0 0 0.02 0 0 0 0 0 0 0 0 0 0 0
1517	0 0 7.82 0 0 0 0 0 0 0 0.18 0 0 0 0 0 0 0 0 0
1529	5.92 0 0 5.06 0 0 0 0 0 0 0 0 0 0 0 0 0 0 0.02 0
1544	0 0.02 0.14 0.04 0.06 3.12 0 0 0 0 0.06 4.48 0 0.02 0.02 0.02 0.02 0 0 0
1545	10 0 0 0 0 0 0 0 0 0 0 0 0 0 0 0 0 0 0 0
1546	0.08 0.02 0.14 0.18 0.2 0.02 0 0.04 0 0.04 0.14 0 0 0 0 0.02 0.02 0.04 0.02 0.04
1547	0 0 0 0 0 0 0 0 0 0 0 0 0 0 0 6 0 0 0 0
1548	0.02 0 0.14 0.08 0.12 0.06 0.02 0.1 0 0 0.14 0 0.02 0.02 0 0.08 0 0.1 0 0.1
1549	0 0 0 0 0 0 2.14 0 0 0 0 0 0 0 0 0 0 0.86 0 0
1551	0 0 0 0.02 0 0 0 0 0.02 0 0 0 0 0 0 3.96 0 0 0 0
1552	0 0 0 0 0 0 0 0 0 0 0 0 0 6 0 0 0 0 0 0
1553	10.94 0 0 0.04 0 0 0 0 0 0 0 0 0 0 0 0.02 0 0 0 0
1556	0 0 0 0 4 0 0 0 0 0 0 0 0 0 0 0 0 0 0 0
1558	0 0 0 24.96 0 0 0 0 0.02 0.02 0 0 0 0 0 0 0 0 0 0
1559	0.04 0.02 0.16 0.06 0.14 0.1 0 0.02 0 0 0.16 0 0 0.04 0.04 0.06 0 0.06 0 0.1
1560	10.98 0 0 0 0 0 0 0 0.02 0 0 0 0 0 0 0 0 0 0 0
1564	0.06 0.08 0.22 0.04 0.22 0.06 0 0.02 0 0.02 0.08 0 0 0 0 0.06 0 0.08 0 0.06
1566	0.1 0 0.14 0.1 0.22 0.1 0.02 0.1 0 0 0.08 0 0 0.06 0 0 0 0.04 0 0.04
1567	0.02 0.02 0.18 0.04 0.22 0.1 0.02 0 0 0.04 0.2 0 0 0.04 0.02 0.04 0.02 0 0 0.04
1568	0.14 0.1 0.18 0.1 0.16 0.1 0.02 0.02 0 0.02 0.06 0 0 0 0 0 0 0.08 0 0.02
1569	0.06 0.04 0.16 0.14 0.16 0.06 0 0.04 0 0 0.22 0 0 0.02 0 0.02 0.04 0.02 0 0.02
1570	0.02 0.06 0.18 0.02 0.14 0.04 0.02 0.14 0 0 0.18 0 0 0 0.02 0.02 0 0.04 0 0.12
1571	0.02 0.06 0.16 0.14 0.08 0.16 0.02 0.02 0 0.02 0.12 0 0 0 0.02 0 0.02 0.06 0 0.1
1572	0.04 0.02 0.2 0.14 0.18 0.04 0 0.06 0 0.02 0.16 0 0 0.02 0.02 0 0.02 0.04 0.02 0.02
1573	0 0 0 0 0 0 0 0 0 0 0 0 0 0.02 0 0 0 0 0 4.98
1574	0.04 0.04 0.1 0.02 0.16 0.14 0 0.1 0 0.02 0.12 0 0.02 0.02 0.02 0.06 0 0.08 0 0.06
1575	0.04 0 0.14 0.12 0.14 0.1 0 0.06 0 0.06 0.12 0 0.02 0.04 0 0.02 0.04 0.04 0 0.06
1576	0.1 0.02 0.2 0.06 0.1 0.08 0 0.1 0.02 0 0.14 0 0 0.04 0.08 0 0.02 0 0 0.04
1577	0.06 0.06 0.2 0.06 0.2 0.06 0 0.06 0 0.02 0.14 0 0.02 0 0.02 0.02 0.02 0.04 0 0.02
1579	0.04 0.04 0.26 0.04 0.2 0.04 0 0.04 0 0.02 0.08 0 0 0.02 0.06 0.02 0 0.06 0 0.08
1580	0.06 0.02 0.04 0.14 0.24 0.04 0.02 0.02 0 0 0.22 0 0 0 0 0.08 0.02 0 0 0.1
1581	0.1 0.04 0.24 0.04 0.16 0.14 0 0.04 0 0.02 0.12 0 0 0 0 0.06 0 0.02 0 0.02
1583	0.12 0.02 0.06 0.1 0.18 0.1 0 0.04 0 0.02 0.1 0 0 0.04 0.02 0.06 0.02 0.06 0 0.06
1584	0.1 0.02 0.14 0.08 0.16 0.1 0.02 0.06 0 0.02 0.14 0 0 0 0 0.06 0 0 0 0.1
1585	0 0 0 4.98 0.02 0 0 0 0 0 0 0 0 0 0 0 0 0 0 0
1587	0.04 0.02 0.14 0.06 0.2 0.08 0 0 0 0 0.18 0 0 0.02 0.06 0.02 0.02 0.12 0 0.04
1588	0 0 0 0 0 0 0 0 0 0 0 0 0 0 0 0 4 0 0 0
1589	0 0 0 0 0 0 0 0 0 0 4.18 0 0 0 7.82 0 0 0 0 0
1590	0 0 0 0 0 0 1.28 0 0 0 0 0 0 0 1.26 1.46 0 0 0 0
1591	0 0 0 0 0 0 0 0 0 0 0 0 0 0 15 0 0 0 0 0
1592	0 0 0 0 0 0 0 0 0 0 0 0 0 0 18 0 0 0 0 0
1360	0 0 0 1.06 0 0 0 0 0 0 0 0 0 0 0 0 0 0 0 0.94
1593	0 0 0 2.06 0 0 0 0 0 0 0 0 0 0 0 1.94 0 0 0 0
1189	0 0 0 0 0 0 0 0 0 0 0 0 0 0 10 0 0 0 0 0
1521	0 0 0 0 0 0 0 0 0 0 8.98 0.02 0 0 0 0 0 0 0 0
1594	0 0 0 0 8.58 0 0 0 0 0 0 0 0.02 0 0.02 0 0 0.38 0 0
1550	0.76 0 2.24 0 0 0 0 0 0 0 0 0 0 0 0 0 0 0 0 0
1347	0 0 0 0 0 0 0.02 0.04 0 0 0 0 0 0 0 9.94 0 0 0 0
267	0 0 0 0 7.98 0 0 0 0 0 0.02 0 0 0 0 0 0 0 0 0
1595	0 0 0 0 0 0 0.1 0 0 0 0 0 0 0.8 1.1 0 0 0 0 0
1596	0 0 0 0 1.86 0 0 0.14 0 0 0 0 0 0 0 0 0 0 0 0
1597	0 0 0 0 0 0 0 0 0 0 0 0 0 0 0 15 0 0 0 0
848	0 0 0 20 0 0 0 0 0 0 0 0 0 0 0 0 0 0 0 0
1418	0 0 0 0 0 0 0 0 0 0 0 0 0.02 0 0 0 0 6.98 0 0
1598	0 0 0 0 0 0 14.78 0 0 0 0 0 0.22 0 0 0 0 0 0 0
1599	0 0 5 0 0 0 0 0 0 0 0 0 0 0 0 0 0 0 0 0
1600	0 0 0 0 0 0 0 0 0 0 0 0 0 0 0 0 15 0 0 0
1378	0 0 0 0 0 0 7 0 0 0 0 0 0 0 0 0 0 0 0 0
1534	0 0 0 0.02 0 0 0 0 8.96 0 0 0 0 0.02 0 0 0 0 0 0
1601	0 0 0 0 0 0 0.08 0.18 0.26 0.12 0 0.02 0.06 0 0.08 0.14 0 0 0.06 0
1602	0 0 0 0 9.82 0 0 0 0 0 0 0 0 0 0.18 0 0 0 0 0
1318	0 0 0 0 0 0 0 0 0 0 0 0 0 0 0 2 0 0 0 0
1367	0 0 0 0 0 0 14 0 0 0 0 0 0 0 0 0 0 0 0 0
1603	2.98 0 0 0 0 0 0 0 0 0 0 0 0 0 0 0 0 0 0 0.02
1383	0 0 0 0 0 0 0 0 0 11 0 0 0 0 0 0 0 0 0 0
1403	0 0 0 0 0 0 7 0 0 0 0 0 0 0 0 0 0 0 0 0
1190	0 0 0 0 0 0 11.14 0.04 0 0 0 12.14 0 1.68 0 0 0 0 0 0
1454	0 0 0 0 0 0 0 0 0 0 0 0 0 0 0 0 0 0 0 15
1324	0 0 0 0 0 0 0 0 0 0 0 0 0 0 0 11 0 0 0 0
1604	0 0 0 0 0 0 0 0 0 0 4 0 0 0 0 0 0 0 0 0
1164	0 0 0 0 0 0 0 0 0 0 0 8 0 0 0 0 0 0 0 0
1377	0 0 0 0 0 0 9.94 0 0 2.06 0 0 0 0 0 0 0 0 0 0
1605	0 0 0 0 0 0 0 0 0 0 0 0 0 0 0 11.84 0.16 0 0 0
1606	0 0 0 0 0 0 0 0 0 0 0 0 0 0 0 2 0 0 0 0
868	0 0 0 0 0 0 0 0 0 0 0 0 0 0 0 0 0 0 0 10
1607	0 0 0 0 0 0 0 0 0 0 0 0 0 0 10 0 0 0 0 0
1123	0 0 0 0 0 0 0 0 0 0 0 0 0 0 0 0 0 4 0 0
1608	0 0 0 0 0 0 0 0 0 0 0 0 0 0 0 0 6.12 0 0 2.88
1388	0 0 0 0 0 0 0 0.02 13.62 0 0 0 0 0 5.36 0 0 0 0 0
766	0 0 0 0 0 0 0 0 0 0 0 0 0 0 13 0 0 0 0 0
1609	0 0 0 0 0 0 5 0 0 0 0 0 0 0 0 0 0 0 0 0
1610	0 0 0 0 0 0 0 0 0 0 0 0 6 0 0 0 0 0 0 0
1611	0 0 0 0 0 0 0 0 0 0 0 0 0 0 6 0 0 0 0 0
1612	0 0 0 0 0 0 0 0 0 0 0 0 0 0 15 0 0 0 0 0
1613	0 0 0 0 0 0 0 0 0 0 0 0 1.78 0 0.52 0 1.7 0 0 0
1459	0 0 0 0 0 0 0 0 0 10 0 0 0 0 0 0 0 0 0 0
1614	0 0 0 3 0 0 0 0 0 0 0 0 0 0 0 0 0 0 0 0
1555	0 0 0 5.46 0 0 0 0 0 0 0 0 0 6.54 0 0 0 0 0 0
1615	0 0 0 0 0 1.22 0 0 0 28.78 0 0 0 0 0 0 0 0 0 0
1616	0 0 0 0 0 0.02 3.98 0 0 0 0 0 0 0 0 0 0 0 0 0
1316	0 0 0 0 0 0 0 0 0 0 0 0 0 0 6 0 0 0 0 0
1508	0 0 0 0 0 0 0 0 0 0 6 0 0 0 0 0 0 0 0 0
1527	0 0 0 0 0 0 0 0 0 0.06 0 0 12.94 0 0 0 0 0 0 0
1430	0 0 0 0 0 0 0 0 0 0 0 0 0 0 0 0 6 0 0 0
1617	0 0 0 0 0 0 0 0 0 0 0 0 4.12 0 1.88 0 0 0 0 0
1618	0 0.14 0.04 0 0 0.16 0 0 0 0.02 0 0 0 0.22 0.02 0 0.22 0 0 0.18
1327	0 0 0 0 0 0 0 0 0.34 5.66 0 0 0 0 0 0 0 0 0 0
314	0 0 0 0 0 0 0 0 0 0.14 0 0 0 0 1.86 0 0 0 0 0
1619	2.12 0 0 0.02 0 0 0 0.86 0 0 0 0 0 0 0 0 0 0 0 0
1620	0 0 0 0 0 0 0 0 0 0 0 0.08 0 0 0 0 28.92 0 0 0
1376	0 0 0 0 0 0 0 0 0 7 0 0 0 0 0 0 0 0 0 0
1621	0 0 0.06 0 0.14 0.14 0 0.12 0.02 0.08 0.2 0.08 0.06 0.02 0.06 0 0 0 0 0.02
1362	0 0 0 0 0 0 0 0 3 0 0 0 0 0 0 0 0 0 0 0
1622	6.96 0 0 0 0 0 0 0 0 0 0 0 0 0 0 0.04 0 0 0 0
910	0 0 0 0.92 0 0 0 0 0 0 0 0 5.08 0 0 0 0 0 0 0
1344	0 0 0 0 0 0 0.02 0 0 0 0 0 0 0 0 14.98 0 0 0 0
1501	0 0 0 0 0 0 13.94 0 0 0 0 0 0 0 0.06 0 0 0 0 0
1623	12 0 0 0 0 0 0 0 0 0 0 0 0 0 0 0 0 0 0 0
1624	0 0 0 0 0 0 0 0 0 0 0 0 0 0 0.04 0 1.96 0 0 0
1625	0 0 0 0 0 0 0 0 0 0 0 0 0 0 4 0 0 0 0 0
1259	0 0.04 0.02 0 0.1 0 0 0 0.1 3.74 0 0 0 0 0 0 0 0 0 0
1357	0 0 0 0 0 0 0 0 0 2 0 0 0 0 0 0 0 0 0 0
1503	0 0 17.98 0 0.02 0 0 0 0 0 0 0 0 0 0 0 0 0 0 0
1406	0 0 0 0 12.98 0 0 0 0 0 0 0 0 0 0 0.02 0 0 0 0
1374	0 0 0 0 0 0 0.26 0 0.1 0.16 0 0.22 0.1 0 0 0.16 0 0 0 0
1626	0 0.06 0.1 0 0.3 0.14 0 0 0.04 0.1 0 0.06 0 0.08 0 0 0 0 0.02 0.1
1627	0 0 0 0 0 0 0 0 0 0 0 0 0 0 0 0 0 3 0 0
913	0 0 0 0 0 0 4 0 0 0 0 0 0 0 0 0 0 0 0 0
1257	0 0 0 0 0 0 5.98 0 0 0 0 0 0.02 0 0 0 0 0 0 0
1351	0 0 0 0 3.78 0 0 0 0 0 0 0 0 0 0 1.22 0 0 0 0
1370	0 0 0 0 0 0 0 0 0 0 0 0 0 0 0 6.72 0.28 0 0 0
1436	0 0 0 0 0 0 0 0 0 0 2 0 0 0 0 0 0 0 0 0
1538	0 0 0 0 0 0 0 0 0 0.02 0 0 0 0 0 5.98 0 0 0 0
1554	0 0 0 0 0.38 0 0 0 0 0 0 0 0 0.04 0 1.58 0 0 0 0
1578	0 0 0 1.96 0.26 0 0 0 0 0 0 0 0 0 0 0 0.78 0 0 0
1628	0 0 0 0 0 0 0 0 0 0 0 0 0 0 15 0 0 0 0 0
1629	0 0 0 0 8 0 0 0 0 0 0 0 0 0 0 0 0 0 0 0
1630	0.58 0 0 2.38 0.02 0 0 0 0.02 0 0 0 0 0 0 0 0 0 0 0
1631	0 0 0 0 0 0 0 0 0 0 0 0 0 0 7 0 0 0 0 0
1632	2.98 0 0 0 0 0 0 0 0 0 0 0 0 0 0.02 0 0 0 0 0
1633	0 0 0 3 0 0 0 0 0 0 0 0 0 0 0 0 0 0 0 0
1634	2 0 0 0 0 0 0 0 0 0 0 0 0 0 0 0 0 0 0 0
1635	0 0 0 0 0 0 0 0 0 0 0 0 0 0 0 3 0 0 0 0
1636	4 0 0 0 0 0 0 0 0 0 0 0 0 0 0 0 0 0 0 0
1637	0 0 0 0 0 0 0 0 0 0 3 0 0 0 0 0 0 0 0 0
1638	0.68 0 0 2.32 0 0 0 0 0 0 0 0 0 0 0 0 0 0 0 0
1639	13 0 0 0 0 0 0 0 0 0 0 0 0 0 0 0 0 0 0 0
1640	2.82 0 0 0 0 0 0 0.16 0 0 0 0.02 0 0 0 0 0 0 0 0
1641	0 0 0 3 0 0 0 0 0 0 0 0 0 0 0 0 0 0 0 0
1642	9 0 0 0 0 0 0 0 0 0 0 0 0 0 0 0 0 0 0 0
1643	0 0 0 0 8.36 0 0 0 0 6.6 0 0 0 0 0 0 0 0 0 0.04
1644	0 0 0 0 0 0 0 0 0 0 0 0 0 0 0 0 3 0 0 0
1645	0.02 0 0 0 0 0 3.98 0 0 0 0 0 0 0 0 0 0 0 0 0
1646	0 0 0 0 0 0 7 0 0 0 0 0 0 0 0 0 0 0 0 0
1647	0.02 0 0 2.98 0 0 0 0 0 0 0 0 0 0 0 0 0 0 0 0
1648	0.2 0 0 1.7 0.1 0 0 0 0 0 0 0 0 0 0 0 0 0 0 0
1649	0.38 0 0 0 0 0 0 0 0 0 2.62 0 0 0 0 0 0 0 0 0
1650	0 0 0 0 0 0 0.02 0 0 0 3.98 0 0 0 0 0 0 0 0 0
1651	1.42 0 0 0 0 0 0 0 0 0 0 0 0 0 0 2.5 0 0.08 0 0
1342	0 0 0 0 0 0 1.32 0 0 0 0 0 0 0 2.68 0 0 0 0 0
1652	0 0 0 0 0 0 0 0 0 0 0 0 0 0 0 5 0 0 0 0
1653	0 0 0 0 0 0 0 0 0 0 0 0 0 0 5 0 0 0 0 0
1654	0 0 0 0 0 0 0 0 0.02 0 0 0 0.06 0.1 0.24 0 0.3 0 0.28 0
1655	0 0 0.38 0 0 0 0 0.98 0 0 0.64 0 0 0 0 0 0 0 0 0
1455	0 0 0 0 0 0 0 0 0 0 0 0 0 0 0 0 0 1.76 0 1.24
1656	0 0 0 0 0 0 0 0 0 0 0 0 0 0 7 0 0 0 0 0
1657	0 0 0 0 3 0 0 0 0 0 0 0 0 0 0 0 0 0 0 0
1658	0 0 0 0 0 0 9 0 0 0 0 0 0 0 0 0 0 0 0 0
1497	0 0 0 0 0 0 0 0 0 0 0 0 0 0 0 0 0 0 0 4
1659	0.06 0.1 0.02 0.1 0 0.02 0.04 0.08 0 0 0.04 0 0.02 0 0.06 0.16 0 0.08 0.08 0.14
1660	0 0 0 0.28 0 0 0 0 0 0 0 0 0 0 0 0 0 0 0 1.72
1661	0.12 0.32 0.08 0 0 0.06 0.02 0 0.04 0 0.02 0.02 0.02 0.18 0.06 0 0.06 0 0 0
1463	0 0 0 0 0 0 0 0 0 0 0 0 0 0 5 0 0 0 0 0
1292	0 0 0 0 0 0 0 0 0 0 0 0 0 0 0 0 4 0 0 0
1662	0 0 0 0 0 0 0 0 0 0 0.02 0 0 0 4.98 0 0 0 0 0
1500	0 0 0 0 0 0 0 0 0 0 0 0 0 0 0 5 0 0 0 0
1390	0 0 0 0 0 0 0 0 0 0 0 0 1.6 0 0 0 1.4 0 0 0
1417	0 0 0 0 0 0 0 0 0 0 0 0 0 0 2 0 0 0 0 0
1477	0 0 0 0 0 0 0 0 0 0 0 0 0 0 3 0 0 0 0 0
1663	0 0 0 0 0 0 0 0 0 0 0 0 0 0 0 0 2 0 0 0
1664	0 0 0 0 0 0 0 0 0 0 0 0 0 0 0 13 0 0 0 0
1665	0 0 0 0 0 0 0 0 2 0 0 0 0 0 0 0 0 0 0 0
1666	0 0 0 0 0 0 0 0 0 0 0 0 2 0 0 0 0 0 0 0
1667	0 0 0 0 0 0 0 0 1.3 1.7 0 0 0 0 0 0 0 0 0 0
1668	0 0 0 0 0 0 0 0 0 0 0 0 0.38 0 2.62 0 0 0 0 0
1669	0 0 0 0 0 0 0 0 0 0 0 0 0 0 0 0 2 0 0 0
1670	0 0 0 0 0 0 0 0 0 0 0 0 3 0 0 0 0 0 0 0
1671	0 0 0 0 0 0 0 0 0 0 0 0 0.24 0 0.36 0.02 0.38 0 0 0
839	0 0 0 0 0 0 0 0 0 8 0 0 0 0 0 0 0 0 0 0
1672	3.94 0 0 0 0 0 0 0 0 0 0 0 0 0 0 0 0.06 0 0 0
1673	0 0 0 0 0 0 0 0 0 0 0 0 0 0 0 0 0 3 0 0
1674	3.94 0 0 0 0 0 0 0 0 0 0 0 0 0 0.06 0 0 0 0 0
1675	0 0 0 0 0 0 0 0 0.74 0 0 0 1.56 0 0 0 0.7 0 0 0
1676	0 0 0 0 0 0 0 1.44 0 0.56 0 0 0 0 0 0 0 0 0 0
1677	0 0 0 0 0 0 0 0 0 0 0 0 0 0 0 0 0 0 3 0
1678	0 0 0 0 0 0 0 0 0 0 0 0 0.38 0 0.38 0 0.24 0 0 0
1679	0 0 0 0 0 0 0 0 0 0 0 0 0 0 3 0 0 0 0 0
1680	0 0 0 0 0 0 0 0 0 0 0 0 0 0 2 0 0 0 0 0
907	0 0 0 0 0 0 0 0 0 0 0 0 0 0 3 0 0 0 0 0
1681	0 0 0 0 2.96 0 0 0.04 0 0 0 0 0 0 0 0 0 0 0 0
1682	0 0 0 0 0 0.16 0 0 0 0 0 0 0 0 0 0 0 0 0 7.22
