19 0 19.8 6.6 9 0.4 0.4 41.4 0.4 11.8 0.2 0 37.2 0.2 10.6 1.8 11.4 0 3 16.8
0 4.6 0 0 0 0 0 0 11 28.8 0 0 5 0 0 24.6 0 0 0 0
0 0.2 0 0 0 0 2 0 13.8 0 23.6 5.2 6.2 0 0 0 0 0 0 0
0 0 0 0 0 0 0 0 0 0 21.2 0 0 0 0 0 0 3.8 0 0
0 2.6 16.4 24 0 3.4 0 37.2 0 0 0 6 0 0 25.2 0 0 0.4 0 14.8
39.6 7.4 68.8 2.4 0 10.8 2.4 0.6 12.2 9.8 0.2 0 8.2 0 27.8 0 0 11.6 0.2 0
24.2 5 67.6 34.6 0 12 25 35 0.4 0 7.8 46.2 0 0.2 0.2 13 32.8 0 7.8 34.2
0 0 0 0 0 0 7.8 31 0 0 3 0 0 0 0 0 10 0.2 0 0
0 0 9 0 0 0 0 0 0.4 0 1.2 0 6.2 0.2 0 0.6 0 0 0 4.4
27.6 0 37.4 9.8 0.8 13.6 12.8 24.6 6.4 18.2 4.6 0 0 0.4 1.4 0.2 0 5.2 14 0
20.6 12.8 14.8 0 0 0.4 8 7 16.2 0 0 5.2 0.2 11.2 15.2 16.8 10.4 14.2 2.8 14.2
0.8 0 0.4 0 0 10.6 0 2.4 0 5 0 0 0 0 8.8 2.2 8.8 0 0.8 6.2
31.6 3.6 69 31.8 25.4 0 52.6 0 46 0 24.2 28 0 15.4 22.8 22.2 59 0.2 0.8 59.4
5.4 3 0 0 0 0 11.6 0.4 4.4 0 0 0 20.6 0 17.6 0 2 3.6 0.4 0
0 22.4 0 0 12.4 0 0 0 30.2 14 3.4 0 0 0 0 36.2 0 0 0.4 0
0.2 5 0.6 18 0 42 25.4 11.2 0 0.2 0 12.8 0 0 2.4 6.4 0 17.4 2.2 2.2
0 0 0 0 0 0 0 0 0 3.6 4.6 0 11 0 0 0.8 0 0 0 0
69.2 0 52 35.8 0.4 33.4 9.8 0 0 29.4 0 0 0 22.2 15.8 0 0 0.4 10 0.6
0 0 0 0 6.8 0 0 3.4 8.4 0.2 1.6 0 0 0 3.6 0 0 0 0 0
0.6 1.8 0 14.8 0 7.8 0 0 0 0 0 0 0.2 0 0 9 0.4 0.4 0 0
0.6 6.6 0.8 2.2 7.2 0 5.8 0 3.4 0 20.8 57.8 0.4 0 0 7.4 0.2 0 4.8 2
0 13.2 0 14.2 0 0 2 38.8 0 1 0 0 0.2 0.2 0.4 0 21.2 0 0 11.8
12.4 7.8 10.2 23.8 0 2.4 6.2 27.8 0 30.6 0 0.6 0 0 21.6 0 0 6.4 0 11.2
6.8 0 0 1.2 0 8.4 19.6 0 0 1.2 2.6 4.4 7.8 0 0 0.4 0 40.2 0 5.4
12.2 0 0.8 0.2 0 13.4 0.4 20.2 0 4 0 0 0 0 0 0 0.8 0 0 0
0 5.4 0 0.2 0 0 2 0.4 13 3.2 0 0 36.4 0 0 32.4 0 0 0 0
0 0 0 0 0 0 0 0.4 0.2 2.8 0 0 4.2 0 0 8.2 0 0.2 3 0
0 0 0 0 0 0 0 9.4 0.4 0 3.8 31 0 0 0 2.4 7 8 0 0
0 0 12.6 0 0 0 0.2 0.4 0.8 0 9.6 0 0 0 0 0 0.4 0 0 0
0 0 0 2.8 0 0 0 9 11.8 0.2 14.2 0.2 0 0 0 0 0 0.8 0 0
7.8 0 0 0 0 0 0 0 10.2 0 8.6 0 0 0 9.2 0 0 0 1.2 0
0 14.8 0 0 0 0 0 0.2 2 0 8.8 0 18.2 0 0 0 0 0 0 0
0 0 0 0 0 0 0 0 0 0 25 0 0 0 0 0 0 0 0 0
0 0 0 0 0 0 0.2 0 7 0 8.8 0 0 0 0 0 0 0 0 0
0 0 0 0 0 0 0 0 0 0 24 0 0 0 0 0 0 0 0 0
0 0 0 0 0 0 0 5 0 6.2 19.8 0 0 0 0 0 0 0 0 0
0 14.6 0.2 0 0 0 1.4 17.2 0 0 0 0 1.6 0 0 0.4 21.6 0.8 0.2 0
0 0 0 16.4 0 1.8 0 1.8 0 0 10.4 8.2 5.8 1 0 21.8 2.4 0 0 32.4
0 0 0 0 0 0 0 0 10.6 0 6.4 0 0 0 0 0 0 0 0 0
0 0 0 0 0 0 0 0 16.4 0 9.6 0 0 0 0 0 0 0 0 0
0 0 21.6 0 0 4.2 0 2.4 0 0 0 0 0 1.2 6 0 0 8.2 0 0.4
0 0 0 28.4 0 33.4 8 10.8 0 0 0 1.2 0 9.6 0 32.2 21.8 0 0 0.6
0 16.4 5.4 33.6 0 34.4 1.6 0 7.4 17.6 0 0.2 0 13 13.4 22 4.8 0 0.8 14.4
0.6 0 0 16 0 27.6 13.2 26.4 0 0 7.2 4.8 0 0 0 21.4 3.8 0 0 0
0 6 0 0.2 0 0 0 0 0 2 0 0 0 0 0 22.4 0 0.2 5.2 0
0 0 0 0 0 0 0 0 0 0 0.4 0 0 0 0 10.6 0 0 0 0
0 0 0 0 0 0 0 0 0 0 17 0 0 0 0 0 0 0 0 0
7.2 0 39.2 0.4 0 7.6 0 0 0 0.2 0.2 0 0 0 6 0 0 16.2 0 0
11 2.2 0 22.4 5.6 0.2 0 1.2 5.4 0.4 0 10.4 4.6 4.4 3.6 0 3.6 0 3 18
0 0 0 0 0 0 0 0 6.2 1.2 8.2 0 9.2 0 0 0 0 0 5.2 0
16.6 0 0.4 0 0 0.2 0 0 0 0 0 0 0 0 0 0 0 2.8 0 0
0 0.2 1 9.4 0 1.2 0.2 0 0 18.2 0 0.2 7.8 5.6 0 34.8 0 8.4 0 0
0 15.8 0 0 0 0 0 0 0 0 0 0 2.6 0.4 0 3.2 15 0 0 0
0 3.2 0 0 0 0 0 0 13.6 0 0 0 2.4 0 0 36.8 0.2 0.8 0 0
0 0 0 0 0 0 0 0 0 0 0 0 0.2 0 0 13.8 0 0 0 0
0 0 0 0.2 0 0.2 0 26.4 0 0 3 8.2 1.4 4.4 0.4 0.4 32 26.6 0.4 29.4
0 8.6 0 6.2 5.6 0 0 0 0 0 4 0 0 0 7 48.2 0.4 15.8 7.2 0
20.8 0.4 7 0 0 0.4 9.4 0.2 7.4 6 2.4 0 9.8 7.6 45.2 0 0 18.2 0 0
49.6 11.4 74.4 21.8 6 23.6 30.2 6.2 0 11 0 44.4 0.2 18 9.6 5 27.4 45.8 36.4 0
41.8 8.2 60.8 30.2 6.4 0 0 63.6 0 0.2 0 8 0 11.2 26.8 0 1.2 0 0 4.6
0 0 0 0 0 0 0 0 0.2 0 16.6 0 0 0 0 0.2 0 0 0 0
9.2 15.8 6.2 19.8 0 0 0 34 0 0 0 0 12.2 2.8 19.6 1.2 15.8 27.2 10.4 5.8
0 0 0 0 0 0 0 0 0 24 0.6 0 0 0 0 8.8 0 0 16.6 0
0 0 0.4 11.2 0 19.4 20 86.6 16.6 0.2 0 3.2 4.4 0 11.6 8.2 17.2 0 0 0
0 0 0.6 0 0 39.8 0.2 3 0 0.2 0.2 0 0 6.2 6.6 11.4 0 3 0 9.8
0 0 0 0 0.2 0 0.2 0 0 4.2 0 0 17 0 0 19.4 0 0 0 0
0 7.8 0 0 0 0 0 0.2 0 2 0 0 0 0 0.2 0.2 0 0 4 0.6
0 0 0 0 0 0 0 0 0 23.2 0.8 0 0 0 0 8 0 0 0 0
0 4 0 0 0.6 0 0 0 0 4.2 7 9.2 26.8 0 2.4 0 0.2 9 7.6 0
0 4.4 0.2 30.6 0 3.8 0 48.6 0 0 4.6 0 0 0 0 0 7 1.2 4.2 0.4
0 0 0 0 0 0 17.4 0 0 4.8 0 0 10.2 0.6 0 4 0 0 0 0
25.2 0 0 0.2 0 23 17.2 0.4 0 0 0 0 1.4 0 0 37.2 10.4 6 0 0
20.2 0 0 0 0 0 0.2 0 8.2 0 0 0 0.8 4 24.8 1.4 0 3.4 0 0
0 0 0 0 0 0 0 0 0 0 22.8 3 1.2 0 0 0 0 0 0 0
0.6 17.2 0 7.4 0 0 6.8 0 0 0.4 1.4 0 7.4 0 0.4 44.2 0.2 0 0 0
8.2 0 1.6 0 7.8 0 0 0.2 0 5 5.8 1.6 6.8 1 8 0 0 22 0 1
0 4.8 10.8 0.4 0 3.2 1 0 0 0 0 6.2 13.2 0 7.2 1.6 0.8 0.8 0 0
0 1.8 0 0 0 0 0 0 5.4 0 0.2 0 5.2 0 0 0 0 0.4 0 0
0 0 0 0 5 0 0 0 20.6 16.2 0 0 0 5.2 0 0 0 0 0 0
0 1 0 0.2 3.8 0 0 0 0.2 5 0 0 0 3 2.8 0 0 0 0 0
0 0 0 0 0 0 0 0.4 0.2 4.8 0 0 4.8 0 4 35 4.6 0.2 0 0
4 10.8 18.8 15.6 0 1.2 0 17.2 0 0.4 2.4 0 0 0.2 11.4 27.6 0 2 0 0.4
0 0 1 10.2 0 13.2 0 0.2 0 0 0 0 0 16.8 0 52.4 10.4 10.6 0 28.2
3.2 0 0.2 4 0 0 5.4 0 0 0 0.6 5.2 0 0 0.2 57.2 0 1 0 0
58.4 4.4 70.2 12.4 0 38.6 0 26.4 18.4 0.6 0 13.2 7.2 7.6 0 0 0 0 16.2 6.4
0 0 0 0 0 0 0 0 5 0 11 0 0 0 0 0 0 0 0 0
0 0 19.4 0 0 0 0 46.6 0 0.2 1.8 0 2.8 0 0.6 32.8 44.2 27 9 26.6
0 0 0 0 5.4 0 0 0 17.6 0 0 0 0 0 0 0 0 0 0 0
0 0 0 0.2 0 5.2 6.6 0 0.2 25.4 8.8 0.2 1.6 15.4 0.2 0 0 7.6 0.4 0.2
65.4 0 50.2 0 18.8 36 23.4 0 0.6 35.6 13 0 13.8 24 33 0 0.2 0 0 0
0 0 52 0 0 0 0 12.8 0 0.2 1.8 0 0 0 0 0 0 23.2 0 0
0 23.8 0 21.2 0 0 46.6 18.2 0 5 0 26.6 0.4 4 22 28.2 55 0 0 36
0 0.2 0 0.2 0 0 0 0 0 2.8 0 0 0.4 0 0 8.4 0 0 0 0
43 6 9.2 30.4 0 3 35.4 0 4.6 0.4 0 55.2 13.4 13 26 18.2 53.2 3 1.6 57.4
40.8 0 11.2 19.8 0 20.8 1.8 75.2 0.2 0 6.8 1.4 7.2 10.6 11 16.6 24.4 9.2 0 30
4 0 0.2 0 0 0 29.8 0.4 0 0 0 6.2 0.4 0 0.2 0 0 29.8 0 0
0 0 0 0 0 6.2 0 32.4 0 0 0 0 7 0 20.2 0 0 12.2 0 0
0 0 0 0.2 0 3 0 0 0 0 3 0 0 0 26.8 0 0 0 0 0
0 15.4 0 1.6 0 0 11.8 0.2 11.8 0 4.8 3 5 0.2 4.8 41.2 0 11.2 0 0
0 0.4 0 0 1 0 0 0 17.2 0 20.4 0 0 0 0 0 0 0 0 0
0 12.8 0 0 0 0 0 0 0 0 0 0 0 0 0 35 0 2.2 0 0
0 0 8.4 23.8 0 0 10.2 24.8 6.4 0 11.6 11.8 0 3 0 0 9.8 0 0 11.2
0 9 0 0 0 0.4 0 0 2.8 0 0 0 0 0 0 10 0 2.8 0 0
0 11.2 0 0 5.8 0.2 0 0 21.6 8.6 3 0 19.6 0 0 21 0 0 7 0
0 0 0 0 6.4 0 0 0 18.2 0 14.4 0 0 0 0 0 0 0 0 0
0 0.2 0 0 0 0 0 7.4 0 14.8 0 0 0 0.2 9.2 1 0 5.8 0 4.4
0 0 0 0 0 0 0 0 14.2 0 2.8 0 0 0 0 0 0 0 0 0
0 0 0 0 0 0 0 0 6.6 1.6 0 0 0.8 0 3 20.4 0 0.6 0 0
0 5.8 0 48 0 0 19.8 18.4 0 0 4.4 0.6 0.2 0 0.2 14.6 39.8 26.4 0 40.8
0 0 0 9.4 0.2 1.8 0 0 10.8 0 23.8 10.8 0 0 0.2 0 39.6 0 0 33.4
0 0 0 0.2 0 0 0 0 7 0 1.8 0 0 0 0 0 0 0 0 0
0 0 0 0 4.4 0 0 0 7 0.2 17.4 0 0 0 0 0 0 0 4 0
0 0 0 0 5 0 0 0 0 4 13 0.2 20.8 0 0 0 0 0 0 0
7.2 0 10.2 0 0 0.6 25 9.2 0 0 0 1.8 0 0 0 0 0 0 0 0
0 0.4 0 0.2 0 0 21.6 0.2 0 0 0 0.2 16.2 1.4 0 1.4 5.8 17.6 9 3
5.4 5.4 10.4 0.2 4 0 9 0 22.8 11.8 25.2 1.4 8.4 0 10.6 0 0 0 1.4 0
0 11.8 0 0.2 0 0 0 7.6 0 0 0 0 0 0.2 0 13.4 0 25.4 4.4 0
0 0 9 0 5 0 19.2 0 0 0 0 43.8 10 0 18.4 0 0 19 0 0.6
3.6 25.8 0 13 3.6 0 8 10 0.4 0 27 0.2 5.4 0.4 5.2 11.4 0 26.8 14.2 0
0 0 0 0 0 0 0 0 0 0 0 0 0 0 0 28.8 0 0 0.2 0
13.6 6.8 10.2 1 0 0.6 1.8 0 2.8 0 6 0.2 19 4.8 0 0 0 0 0.2 0
0 0 10.2 0 0 19.8 12.2 0 5 0 0 0 0 0 0 0 0 0 0 0.8
2.2 0 41 0 0 0 0 0 0 27.4 0 0 0 0 0 0.2 0 0.2 0 0
0 0 0 0 0 0 0 15.2 0 0 0 0 0 0 5 0 0 12.8 0 0
3 11 24 12.2 5.8 0 0 0.8 0 0 17 6 0 0 6.6 0.6 5.8 31.8 0 26.4
0 0 0 0 0 0 0 0 31.8 0 7.2 0 0 0 0 0 0 0 0 0
0 3.6 0 0 8 0 0 0.2 1 0 0.2 0 3 0 0 0 5 0 0 0
10.6 0 19 14.2 0 63.4 3 0.2 6.4 0 4.2 0 0 6.6 0 24.2 14.4 0 0 7.8
0 0.6 0 0 0 0 0 0 14 0 0.2 0 0 0 0 0.2 0 0 0 0
0 59.2 0 25.6 5.8 14 28.2 8.6 24.2 0.2 22.4 14.6 18.8 0 0 22.8 74.2 1.2 0 33.2
0 0 0 0 5 0 0 0 1.4 4.2 0 0 16.4 0 0 0 0 0 0 0
0 0 9.2 0 0 0 13.4 0 0 0 0 0 4 0 0 0.2 0 0.2 0 0
0 0 0 0 0 0 0 0 20.8 0 1.2 0 0 0 0 0 0 0 0 0
0 0 0 0 0 0 0 0 4 0 9 0 0 0 0 0 0 0 0 0
0 0.8 0 0 0 0.4 0 3.4 0 0 3.4 8.6 0 0 0.4 0 0 9 0 0
10 0 0 0 0.8 7 0 0 3.4 34 0 0 1.2 0 0 0 0 2.6 0 0
0 5.4 0.2 0 0 0 0 30 5 0 8.4 0 0 0 0 11 0 0 0 0
3.4 0 21 0 0 4.8 14.2 0 0 0.2 0 0 3.2 1.6 9.2 7 0 4.4 0 0
0 0 0 0 8 0 0 0 0 2 0 0 0 0 0 0 0 0 12 0
0 0 0 0 0 0 0 0 7.4 0 4.6 0 0 0 0 0 0 0 0 0
0 33.6 0 0 1 0.2 0 0.2 2.4 1.6 11.8 0 0 0 0 44.8 0 0 9.4 0
0 0 0 0 0 0 0 0.2 8.4 2 1.6 4.4 3.4 3 7.6 0 0 0.4 0 0
0 0 0 0 0 0 0 0 9.6 0 7.4 0 0 0 0 0 0 0 0 0
15 0 0 3.2 20.6 34.2 28.8 0.6 8.8 18.2 6.8 0 6.8 0.2 15.2 12.4 1.6 23.2 13.4 0
19 42.6 0 0.2 4.2 8 11.4 23.2 14.6 0 33 36 0.8 0 0.2 24.4 34 0 25.8 13.6
0 0 0 0 0 0 0 0 0.8 4.4 15.6 0 0 0 0 0.2 0 0 0 0
0 0 0 0 0 0 0 0 10.2 0 3.8 0 0 0 0 0 0 0 0 0
0 0 0.8 10.2 0 0 0.2 29.8 0 0 0 0 0 0 0 0 0 0 0 0
0 0 0 0 1.4 0 0 0 6.4 0 13 0 0 0 0 0.2 0 0 0 0
0 0 0 0.2 0 0 0 0 4 0.6 7.2 0 3.2 0 0 0 0 0.8 0 0
50.2 0 85.4 0.2 0 33.6 0.8 0.4 0 16.2 0 1.8 5.8 55.6 67.8 8.4 9 10.4 0 8.4
0 0 4.8 13.6 0 28 0.2 0 3 1.2 0 0.2 0 5.8 0 17 16.6 8.6 0.2 40.8
0 0 0 0 0 0.2 0 1 0 0 7 0 0 0 0 0 3.2 0.6 0 0
12.6 0 10 0 4.2 0 13.6 0 0 0 1.2 0.2 0 0 0 0 0 0.2 0 0
0 0.2 0 0 0 0 0 0 0 0 7.8 0 0 0 0 0 0 0 0 0
0 0 0 0 0 0.2 20.8 0 0 0 0 0 3 0 0 0 0 0 0 0
0 16.6 0 0 0.2 0 0 0 16.8 2.2 0 0 22.8 0 0 7.4 0 0 0 0
8 24.4 15.4 0.4 0 0.4 0.6 15.8 0 15.4 0 15.8 15.6 0 22 0 20.6 0.6 0 0
0 22.2 0.2 10 0 0 0 0.8 6.8 0 0 0 0.2 0 0 24.2 0 7 5.6 0
0 11.8 0 0 0 0 37.4 4.6 0 0 0 13.6 24.8 0.2 14 12.4 0 3.2 11 0
0.2 0.2 0 0 0 3.2 0 10.8 0 1.4 0 0 0 0 0.4 0 0 16.8 0 0
0 0 0 0 0 0 0 1.8 0 0 3 0 11.4 0 1.2 0 0.2 8.4 1.8 0.2
0.6 0 0 0.4 0 0 0 0 11 0 8 0 0 0 0 0 0 0 0 0
0 0 0 0 0 0 0 0 0 0.2 5.8 0 9.2 0 0 46.6 0 0 0.2 0
0 0 0 0 3.6 0.2 0 1.4 0 0 0 0 0.2 0.4 0 7.8 0 7.4 0 0
0 0 0 0 0 0 0 0 0 0 16 0 0 0 0 0 0 0 0 0
0 4.6 15 0 0 0.2 0.2 1 0 0.2 0.4 0 0 0 0 2.4 1 18 0 0
0 14.6 0 0 0 0 0 0 0 0.4 0 0 0 0 0 23.8 0 0 0 0.2
5.2 0 17.8 0 0 0 0 0 0 0 18 0 0 0 0 0 5 0 0 0
0 0 0 0 0 0 0 0 0 0 33 0 0 0 0 0 0 0 0 0
0 0 0 0 9.8 0 0 0 12 0.2 0 0 0 0 0 0 0 0 0 0
0 0 5 0 0 0 0 0 0 0 0 0 0 1 1 0 0 0 0 0
0 0 0 0 4 0 0 0 26.4 0 13.6 0 0 0 0 0 0 0 0 0
0 10.4 0 20.8 1.6 11.8 10.6 0 2.6 12 0 0 12.2 16.4 9 27.2 0 0 0 46.4
0 3 15 0.4 0 0 19.6 0 0 0 0 0 0 0 0 0 0 0 0 0
0 0 0 0 12 0 0 0 6.6 7.4 0 0 15.8 0 0 13.2 0 0 0 0
0.8 0 0 0 3 0 53.8 13.6 0 0 9 13.8 0 0 0.8 0.6 6.4 12 5.2 0
0 21.4 0 17.4 0 22.6 28.4 0 16.4 0 3.6 8.2 12.6 0 0 49.2 42.8 25.4 4.4 10.6
0 0 0 3 0 0 0 0 10.2 0 10.8 0 0 0 0 0 0 0 0 0
0 0 0 0 5.2 26.6 0 1 0 0 4.4 3.4 0 2 0 0 12.2 0 0 0.2
2.4 26 0 0 2.4 0 0 0 11.2 17.4 7.4 1.6 9.6 0 0.2 43.8 3 0 12 0
0 0 5.8 0.4 0 5.2 0.2 0 0 0 0 0 0 0.2 0 16.4 0 0.8 0 0
4 0 0 0 3.2 0 0 0 0 0 0 3 0.2 0.4 0 0 14.4 11 0 2.8
40.2 0 36 3.6 0 23.4 16.8 12.4 0 32.6 0 0.6 8.2 13.8 0.2 17.8 3.8 0.2 0 20.4
3.4 0 10.8 0 0.6 0.2 0 0 3 0.2 1 0 8.2 0 0 9.8 0 3.6 0 0.2
0 11 0 0 0.2 1.2 0 0 13.8 0 5 0 0 0 0 10.6 19.2 10 0 0
12.8 0 0 0 0 26 0.2 0 0 0 0 0 0 7.8 12 0 0 0 0 0.2
4.6 0 2.2 0 0 23.4 0 0 0 0 2 0 7 0.2 0 7.8 47.6 0.2 0 0
37.6 1 39.4 0 0 51 4.2 12 0 9 0 0 13.4 9 0 0.2 0 0 0 0.2
0 5.2 0 0 0 0 0 0 20.6 0 7 0 0.2 0 0 15.2 0 0 16.8 0
0 0 0 0 4 0 0 0 4.2 0 9.8 0 0 0 0 0 0 0 0 0
0 0 0 0 0 0 0 0 0 0 0 0 0 0 0 7.6 0 0 7.4 0
0 6.6 11.4 19.4 0.2 6.8 0 0 5.4 1.6 16.8 0 6 0 0 21.2 9 0 0 13.6
18.8 3.2 21.2 41.8 0 48.8 17 13.6 0 2 0 0 5.4 0 3.2 19.2 13.4 8.4 11.4 16.6
21.2 2 0 5.2 3.6 0.6 6.4 1 0 1.2 13.4 5.2 7.4 0.2 5.4 0 9.4 0 0.2 9.6
0 2.2 0 0 0 0 0 0 3 11 0 0 0 9.2 1.4 1.2 0 0 2 3
0 0 0.2 0 0 0 0 22.8 0 0 15.6 2 0 0 0 0.4 39 0 0 0
0 14.8 0.2 19.8 0 19.8 20.4 0.8 0 0 0.6 2.4 0 11.4 5.4 4.8 0 36 5.6 0
0 0 0 0 0 0 0 0 0 6.6 1 0 17.4 0 0 0 0 0 0 0
0 44.4 2.2 35.4 0 21.8 0.4 38 0 0 0.2 5.2 0 0 0 8 32.2 9.8 0 29.4
33.4 8 4 13.4 0 28.2 18 30.8 8.4 0 0 30.6 23.2 13.4 32 0 16.4 0.4 10.6 9.2
0 0 1.2 0 0 0 0 0 2.6 1 0 0 2.4 0 0 0 0 10.8 0 0
0 0 0 0 0 0 0 0 0 0 0 0 18.6 0 0 18.4 0 0 0 0
5 0 0 0 5 0 0.4 0 17 0.2 0.2 0 0 0 0 0 0 5.2 0 0
0 0 0 0 0 0 0 0 7.4 0 6.2 0 0 0 0 0 0 0 0.4 0
0 0 0 0 5 0 0 0 16.2 0 5.4 0 0 0 0 0.2 0 0.2 0 0
11.6 8 17.8 3.4 3.6 12.8 14.4 0 0.2 7.4 0 4 1.2 8.4 21.2 53.2 20.4 0 0 0.4
0 0 0 0 0 8.2 0 0 4 0 0 0 0 5.4 4.2 0 0 0 0 6.2
0 0 0 0 0 0 0 0 0.8 9.2 0.2 0 2.2 0 0 0 0 7.2 1.4 0
0 5.2 29.4 0.8 0 22.8 0.2 10.6 0 4 0.2 0.2 16.2 3 21 0.2 0.4 12.6 0 21.2
3.6 0 9.8 0 1 0 0 6.8 0 0.6 3.8 0 1 0.4 0 0 0 0 0 0
0 0 17.8 0 0 0 0.4 0 0.2 0 0 0 4.8 5 0 0 0 0.8 0 0
0 15 43.4 0 0 2 41.6 25.2 0 0 2 0 0 5.2 0 18.6 0 0 0 0
16 0 30 0.2 0.8 0.2 52.4 0.2 4.8 0.2 0 5 12.2 0 24.4 0 0 3.6 0 0
0 0 24.8 0.2 9.2 22.2 0 21.4 0.4 0 3 2.6 0.8 0.4 0.2 0.2 0 18.6 0 0
0 0.4 0 0.8 0.2 15.8 14.2 1 0 12.4 0 17.8 6 0 4.6 7.8 21.2 0 12.2 0.6
0 0.8 0 7.6 0 0 0 21.8 0.2 0 1.4 0 0.2 0 0 0.4 17.6 10 0 0
0 0 4.2 0 0 0 0 0 0.2 0.4 2.8 23 0 0 19.4 0 0 0 0 0
5.2 0 5 0.4 0 0 0 0 4.4 0 9.6 0 0 4.8 0 0 0 0.6 3 0
0 0 0 0 5.8 0 0 0 4 0.2 13 0 0 0 0 0 0 0 0 0
4 17 0 1.6 4.6 12.6 19.6 13 5 0 0 0 17.8 0.2 0 0.8 24.2 0 12.2 11.4
0 20.2 0 29.6 0 14.6 39.6 61.4 0 0 5.6 9 0.4 0.2 6.4 15.2 31.8 0 0.6 41.4
0 4.8 0 7.4 0 0 0 0 4.4 3 7.6 0 0.2 0 0 31.6 0 0 1 0
3.4 6.6 0 0 0.2 20.6 0.8 0 5.8 6.2 19.4 0 0 0 0 7 3.8 0 0.2 12
0.2 0 14.6 0 0 0.2 0 0 0 0 0 0 0 0 0 0 4 0 0 0
0.2 0 3 6.4 0 0 4.4 4.8 0 6 0 0 0.2 0 11.4 8 0 12.6 5.8 0.2
0 11.4 0 0 0 0 0 0 0 21.8 12 0 1 0 0 4 0 0 3.8 0
0 0 0 0 0 0 0 0 3 0.4 1 0 0 0 0.6 0 0 0 0 0
0 0 0 0 0 0 0 0 19 0 6.8 0 0 0 0 0.2 0 0 0 0
5.2 5.4 14.8 42.8 0 0 0 0.4 0 0 0 0 0 0 0 6.8 16.4 22.6 0.2 14.4
0 0 0 0.2 0 0 0 0 0 0.2 0 0 0.6 0 0 14 0 0 0 0
9 0 4.4 1 0 12.8 0.2 0 8.6 7.2 0 0 13.8 0 14 0 0 0 0 0
21.4 0 0 22.8 0 27.8 27.8 0 0 7.4 5 0 0 0 0 0.6 0 0 7 3.2
53.6 3 64.6 23 3.2 45.4 32.8 0.4 2.6 25 6 0.4 1.2 18.6 23.8 0 7.6 10.8 8.4 14.6
25.8 0 8.6 0 6.4 21.8 7.4 6 1.6 0 0 0 0 0 10.4 0 0 0 0 0
8.2 0 20.8 0 0 31.4 0.2 0.2 0 0.6 0 0 1.4 0.2 0 21.6 0 26.4 0 0
23.6 0 14.6 0 0 0 6 0 0 0 0 0 6 0 15.8 0 0 0 0 0
0 2.6 0 0 0 0 0 0 6.6 0 0 0 0 0 0 11.6 0 0.2 0 0
48.2 0 51 7.4 7.8 11.2 0.2 6.2 0.2 1.2 0.4 0 9.2 5.8 0 0.2 0 0 0 0
0 0 0 0 0 0 0 0 4.8 0 6.2 0 0 0 0 0 0 0 0 0
0 0 0 0 5 0 0 0 3.2 0 6.8 0 0 0 0 0 0 0 0 0
0 0 0 0 0 0 0 0 0 0.2 5 0 10.6 0.2 0 0 0 0 0 0
26.8 0 0 0 0 21 0.8 0 0 0.6 0 0 6.4 3.2 5.2 7.8 0 0 0 0.2
1.6 12.6 0 19.8 0.2 38 39 0 4.4 0 0 0 22.2 7.4 15.6 4.8 1.4 2 5.8 39.2
0 0.2 0 0 0 2 0 0 0 0 0 0 0 0 0 13.8 0 0 0 0
0 10.2 0.2 17 3.4 7.4 16.4 4.6 0 0 0 37.2 0 0 21 2.8 14.2 20.8 0 18.8
0 0.2 0 0 0 0 0 0 3.4 0 5.8 0 2.6 0 0 0 0 0 0 0
0 0 0 0.2 0 0 0 0.2 0 0 0 0 0 0 0 0 0 19.6 0 0
15.6 26 10.6 3.8 0.6 0 28.2 4 0 6 0 10.6 0 1 0 22 11.4 43.4 11.8 0
0 0 0 15.2 1.2 0 0.4 0 12 6.2 25.4 14.4 17.8 0 4.2 0.4 0 0 2.8 0
0 22.4 4 0 0 0.2 0.2 0 0 0 0.4 0 1.8 0 11.2 36 0.2 13.2 4 0.4
0 5 0 0 0 0 0 0 0 4.6 0 0 14.2 0 0 0 0 0 0.2 0
7.2 8.8 11.6 2 1.8 9.6 20.2 6.6 0 0 16.8 0 0 0 11.6 17.6 0 11.6 4.6 0
0 2.6 14 30 0 14.2 0 29.6 0 0 0.6 0 0 0 0 7.8 7 12.8 0 31.4
0 25.4 0 0 0 0 4.4 0 0 0 7.4 16.4 0 0 0 1.2 0.2 0 0 0
2.4 13.8 0.4 3.2 0 0 27.2 17 0 4.6 0 1 6.6 0 0 43.6 70.8 4.8 0 31.6
9 0 0 0 0 0 0 0 0 6 9.8 0 10.6 12.4 0 2.6 0 0 11.6 0
0 0 0 0 0 0 0 0 0.2 0 3.8 0 0 0 0 0 0 0 0 0
0.4 0 0.6 0.4 0 2.4 5.8 0.2 0 0 0 1.2 4.8 0 6.4 9.6 11 0 0 0.2
0 0 0 0 0 0 0 0 0 0 16.8 0 0 0.2 0 0 0 0 0 0
0 0 0 0 0 0 0 0 0 0.2 19.2 0 0 0 0 6.6 0 0 0 0
0.2 4.2 0 24 0 31.4 0 0 0 0 0 12.2 0.4 8.4 0 11.8 0 7.2 0 22.2
24 0 20 0 0.2 42.8 0 0 12.6 0 5 0 0 0 0 0 0 19 0 1.4
10.6 4 13.8 10.2 0 0.2 22 6 0 18.4 5 10.6 0 8 36.8 0 0 0 5.6 0.8
0 5.6 0 0 0 0 0 0 2.4 0.4 6.8 0 2 0 0 13.8 0 0 0 0
0 0 0 0 0 0 0 0 4.8 18.8 0 0 0 0 0 0.4 0 0 0 0
0 13.8 0 3.4 0 0 13.4 26.2 0 0 0 23.2 8 0 25.2 0 51 3.6 0 14.2
11.4 16.6 12.8 27.6 0 0 19.6 20.2 0.2 5 0 29 8.4 8.2 0 2 44.6 0 0.2 24.2
31.4 7.2 16.4 0 0 18.2 58 0 3.6 0 0 10 0.4 7.6 57.6 4 9.6 0.8 4.4 6.8
17.8 0 0 0 4.6 0.2 6.2 0 0 7.6 0 17.8 2.2 0 0.2 15.2 32.2 6 13.6 28.4
21.2 0 70.6 0.2 0 45.4 33.4 2.8 0 27.6 0 7 0 7.4 0 20.2 19 1.2 1 0
0 0 18.6 4.4 0 0 0 25.2 0 0 0 0 0 0 8.6 0 0 14.2 0 0
0 0 0 0 0 0 0 0 15 0 0 0 0 0 0 0 0 0 0 0
0 1 0.6 0 0 0.6 0 0.2 0 1 4 0 0 4 4.8 56 0 18.2 0.6 0
0 3.2 0 0 0 13 0 30.4 0 0 0 0 3.8 0 0 0.2 0 9.2 0 1.2
13 73.8 16.2 42.6 11 11.2 24.4 5.6 22.4 8.4 0.8 33.2 11 6.4 13 13 45.4 0 0 69.6
0 21 0 0 3 0 0 0 0 0 0 0 29.8 0 0 4 0 0.2 0 0
0 0 0 0 0 0 0 0 28.4 0 8.6 0 0 0 0 0 0 0 0 0
24.4 30.6 4.6 30 2.2 0.2 10.8 21.6 0 17.6 4.4 31.4 11.8 11 34.6 0 26.6 0 3.6 39.6
0.2 11.4 0.2 13.8 0 29.4 12.6 13.4 8.8 1.2 0 19.8 0 0 10 18.2 28 0 7.6 71.4
0 0 0 0 0 0 0 0 5.4 0 18.6 0 0 0 0 0 0 0 0 0
0 0 0 0.2 11 0 0 0 0 0 8.8 0 0 0 0 0 0 0 0 0
0.2 5.2 0 3.8 0 0 0 0.2 0 0 0 0 0 0 28.4 7 0.4 1 0 20.8
0 0 0 0 8 0 0 0 38.6 0 7.4 0 0 0 0 0 0 0 0 0
0 0 4.4 0 0 0 5.8 0 8.4 0 0 0 3.4 0 0 0 0 0 0 0
19.6 1.6 0 54.6 7.6 2.4 3.6 24.2 38 20.4 0 0 0 0.2 36 31.2 4.2 0 6.2 22.2
0 0 0 0 0 0 2.2 1.2 0 0 6.4 5.4 0 0 0 30.8 3.6 0.2 0.2 0
1.2 0 9.6 0 0 0 17.6 20.2 18.4 0 0.8 0 0.6 0 0 0.2 0.6 0 6.8 0
0 0 0 0 0 0 0 0 0 0 0 0 0 0 0.2 7.8 0 0 0 0
0 10.8 4.8 12.2 0 21.8 0 34.6 0 0.2 2.4 0.2 0 0 0 1 0 2.8 0 8.2
0.2 47.6 0.2 34.8 0 0 39.6 0 0 13.8 0 37.2 0 0 0.2 2.8 47.4 0 0 36.2
9.8 20.6 17.2 0.2 0.4 0 0.2 1.6 0 2 1.8 9 0 0 13.8 0 0 14 4.4 0
26.2 25.4 22.8 17.4 0 36.4 10 17.2 11.8 4.4 0.6 0 7.6 18.6 27.2 10 32.6 0 18 6.8
0 26.2 0 0 0.2 0 0 0.2 18.8 0 8.8 0 11.8 0 0 21.6 3.4 0 8 0
20.2 0 0 35.2 0 25 2.2 49.8 0 0 0 0 0.2 0 21.6 0 6.6 0 0.2 41
6.6 6.2 35.6 0 11.4 0 0 0 0 8.2 0 0 6 0 0 17.8 0 24.2 0 0
15.6 0 0.2 0 0 0.2 19.4 8.8 5.6 3 0 21.6 32.2 0 12.6 4 0.2 19.6 0 0
0 0 65.2 7.8 0 24.6 0 0 0 0 0 0 0 0 0 22.2 0 20.6 0.2 0.4
29.2 0 44.4 6.6 22.8 0 0.4 2.2 23 15.4 9.2 4.8 18 0 37 0 4 0 7.8 9.2
0 4 0 0 0 0 0 0 0 0 12.8 0.2 0 0 0 0 0 0 0 0
10.8 28.8 0.4 61.2 0 21.2 31.4 24.2 0 0.2 0 8.8 0 0.6 1.2 2.4 36.6 1 9.6 13.6
0 0 0 0 0 0 0 0 5 0 3 0 0 0 0 0 0 0 0 0
26.8 23.6 0 26.4 16.6 0.2 34.4 0 0 0 7 31 36.8 16.6 33.2 1.4 46.4 24 16.2 43.4
0 0.2 0 0.2 0 0 0 0 0 0 18 0 0 0 0 9.6 0 0 0 0
6 1.4 10.4 0 15 4 31.8 0.2 0 5.2 10.8 0.4 0 20.2 37.8 1.2 0 16.2 7.6 3.8
0 0 0 0 0 0 0 0 0.4 2.4 4.6 0 0 0 0 6.2 0 0.2 0.2 0
10.6 0.2 0 0 0 19.6 0.8 38.6 1 0 0 0.6 0.8 0 0 0 0 9.2 0 5.6
26 23.6 57.2 29.4 11.8 58.8 16.6 13.4 0 6.8 0 19 0.4 7 59.4 18.8 22.2 25.4 0.2 8
0 0.2 0 0 0 0 0 0 13.2 0 9.6 0 0 0 0 0 0 0 0 0
0 0 0 0 0 0 0 0 1 0 0 0 0 0 0 0 0 0 0 0
9.2 0 49.4 29.8 0 47 8.4 18 17.4 0.2 7.6 3.4 0 1 0 0 34.2 31 0 24.4
57.8 0 96.2 15.8 10.6 21.8 15.2 10.4 0 0 0 0 5.6 25 28.2 0 0 0.4 0 0
10.4 13 74.8 27.4 0 22.2 12.6 12.2 0.4 0 15.6 0 0 0 18 0.4 7.6 20.2 0.2 20
0 28 0 25.2 0 20 11.4 0 0 0 0.2 7.8 0 0.4 0 44.4 22 0 18.2 68.4
8.2 0 0 0 6.8 0 9.2 0 0.2 0 0 0 0 0 39.6 0 0 19 0 0
21.2 0.6 10.8 0 0 0 11 0 0 0 0.4 0 0.8 5 0.2 0 0 8 0 0
0 0 0 0 4.8 0 0 0 4 0 22.2 0 0 0 0 0 0 0 0 0
0.2 2 17.8 10.2 0 32.2 0.2 0 0 12.4 1.8 0 1.4 10.6 5 24.2 0 9.2 2.2 25.6
0 0.2 0 0 0 0 0 0 25.8 0.2 2.8 0 0 0 0 0 0 0 0 0
0 14.6 0 25.4 0 4.2 0.6 6 0 0 0 17.4 0 0.2 0 19.4 54 0 0 12.2
40.2 0 36.2 0 0 14.8 11.8 0.6 0 5.2 0 0 0 7.8 5.4 0 0 6 0 0
5 0 13.6 0 0 0 35.4 5.8 0.8 0 0 0 2 0 0 0 0 0 2.4 0
0 0.6 0.6 0 0 0 10.4 9.8 0.2 6.2 10.2 0 3.8 0 0 8 0 6.6 5.6 0
0 4.6 0 0 0 0 0 0 7.2 8.8 35.4 0 19.8 0 0 15.2 0 0 0 0
18 0 18.2 27.4 0 0.4 0 17 0 18.6 0.2 9.4 0 3 5.8 0 0.2 2 2.8 0
17.4 0 33.8 8.6 0 9.2 6.2 38.8 0 0 0 3 0 0 0 0 19.8 0 0 10.2
42.6 6.2 7.2 12 26.6 0.4 37.6 0 0 9 0 26 29.6 0 56 0 24 15.6 1.6 3.6
1 8.6 6 0 3.2 38.8 30.6 10.2 33.2 0 9.8 0 0 4.4 0 8.4 38.8 0.6 4 31.4
1.8 0 9.8 0 0 0 7 0.6 0 0 8 0 0 0 10.6 17.4 0 0.6 0 0
0 0 0 24 0 55 8.2 12.4 0 0 0 0.2 0 0 0.2 47.6 13.6 6.4 0 16.4
11.6 0.2 9.2 0.2 0.4 0 13.6 0.2 0 12.4 6 0 0 3 14.2 0 0 0 0 0
0 61.2 0 12.6 0 0 15 9.6 0 0 4 0 0 0 0 28.2 36.4 0 16 0
1.4 0 0 0 0 0 0 0 0 0 5.2 0 0.2 0 17.8 4.2 0 1 0 0.2
34.8 11.2 52.4 23.8 17.8 17.4 0 32.8 46.4 16.4 23.4 0.2 0.4 16.2 10.8 0 2.2 24.8 20 0
0 0 0 0 0 0 0 0 19.6 0 18.4 0 0 0 0 0 0 0 0 0
0 12 0 0.6 0 0 0 7.2 0 0 0 4.4 0.6 6 5.6 14.2 8.2 7.4 15.2 41.6
0 0.2 0.2 0 0 0.2 0 28.8 0 0 0 0 0 0 0 18.2 0 0 0.4 0
35.4 0 22.6 2 0 0 2.2 3 3.6 0 0.2 0 0 7 6.8 1.2 0 0 0 0
4.8 2 60.6 0 0 4 78.6 49.2 0 0 0 22.2 23.6 18.6 39.4 0.8 8.6 7.2 7 16.4
0 0 10 2.4 0 38.6 0 0 0 0 0 0 0.4 1.6 0 0 0 2 0 0
0 0 0 0 0 0 0 0 0 0 12 0 0 0 0 0 0 0 0 0
4.4 5.8 35.2 0 3 26.8 0 7.8 0 16.4 4.8 5.4 18 0.4 40.6 8.6 7.6 0.4 6.4 0.4
0 2.8 14.6 2 0 0 78.2 18.2 4.2 26.4 0 15.2 16.6 19.4 26.8 0 20 0.2 13.4 19
23.2 9.8 0 0.2 0 13.2 3 9 7.8 17.6 1 0 8 20 0 11.8 0 20.8 14.6 0
16.2 5.4 0 18.4 3.4 18.8 15.6 0.4 0 0 4.2 0 14.2 32.6 0 20.8 22.2 0 4.2 6.6
0 22.2 0 24 0 0 15.6 13 0 0 20.6 9.2 5 0 0 0 59 59.6 0 19.8
0 26.8 0 19.2 0 6.6 0 14.4 0 0 0.4 8.6 0 1.6 0 30.4 50.8 22.6 14 5.6
0 24.4 0 0 0 0.2 0 0 0 4.8 0 0 0 0 0 44.6 2 0 1 0
0 0.4 0 0 2.8 0 0 0 0 13.6 0.2 0 0 0 0 16.6 0 0.2 4.2 0
4.6 0 21.2 0 0 0.4 1.4 11.6 0 0 0 0.2 0 0 0 0 0.2 15.4 0 0
0 0 0 0 3.2 0 0 0 9.6 0 67.2 0 0 0 0 0 0 0 0 0
0 0 0.6 0.4 0 0 4.4 21.6 0 0.4 0 2 14 0 0.8 0 0 9 0 2.8
0 0 0 0 0 0 0 0 9.6 0 16.8 0 0 0 0 0.6 0 0 0 0
64.2 0.2 16.6 0.6 9.2 23.2 0 0.4 0 46.2 0 0.4 17.4 18.2 29.2 6 0 17 4.2 0
0 0.4 0 0 8.4 0 0 0 0 6.2 17 0 0 0 0 0 0 0 0 0
0 0 0 0 0 0 0 0 25 0 7 0 0 0 0 0 0 0 0 0
0 45.8 0 0 5.4 0 0 0 0 11.4 0 0 0 0 0 55.2 0 0 4.2 0
25 0 2.8 0 0 0.2 14.8 0 4.4 0 0 0 1 7.8 0 0 0 0 0 0
0 14.2 0 0 0 0 0 0 0 0 3.4 0 16 0 0 0.2 0 0.2 0 0
22.6 0 13 0 0 0 0 0.2 7.2 8.2 12 0 25.2 0 0 17.6 0 15.8 0.2 0
68.4 0.2 25 0.4 0 0 2 0.2 0.4 4.6 2.6 14.8 17.8 6.8 12.2 0 0 0.4 0.2 9
0 0 0 0 1 0 0 0 6.6 0 16.4 0 0 0 0 0 0 0 0 0
15.6 28 12.8 11.8 0.2 10.2 37.8 15 5.8 0 5.8 50 10.6 11.8 29.2 0 28.6 0.2 0 5.6
0 0 0 0 3 0 0 0 3 0 16 0 0 0 0 0 0 0 0 0
0 0 0 0 6.4 0 2.4 0 15 13 10.6 0 3.2 0 0 19.4 0 0 0 0
0 0 0 0 0 0 4.2 0 0 0 0 30.6 0 0 0 0 0.2 0 0 0
0.6 0 0 0 0 0 4.8 0 0 0 5.6 44.2 4.4 0 0 3.6 0.4 0.2 0 3.2
0 0 0 0.2 0 0 10.2 7 8.4 0 0.4 21.6 0 0.2 0 0.2 0 4.6 0 0.2
5.2 0 0 0.2 0 0 0 0 5.2 0 7 0.2 7 0 0.2 0 0 12 0 0
13.6 0 17.4 0 0 0 0 0 0 7 10 0 0 4.2 9.4 0 0 29.4 0 0
0.4 0.2 0.2 0.2 0 0 29.8 31.6 0 0 0 0 0 0 4.6 0 0 9.8 0 0.2
4.4 0 0.4 0 4 0 12.6 0.4 0 0 6.4 17.6 1.2 0 0 0 0.6 0 11 1.4
8 0.4 27.8 32.6 0 38.6 15.6 40 0 0 0 0 0 19.2 9 13.2 16.2 5.2 0 53.2
0 23.2 1.8 13 0 19 21.6 38.2 0 0.6 1 19.4 7.8 10.4 0 54 25 35.4 6.6 0
3.4 0 0 0 0 0 22.4 1.6 0.2 0 2.4 0 0 0 0 0 0 0 2.8 0.2
11.2 0 0.6 0 0 0 11 0 0.4 0 0.2 0 11.2 3.8 7.4 0 0.2 0 0 0
0 0 0 0 0 0 0 0 8.2 0 5.8 9 6.8 0 0 0 0 0 0.2 0
8.8 2.6 0 48.2 0 41 41.6 28.8 0 21 3.2 14.6 2.6 16.4 26.2 59.4 63.4 0 1 26.2
8.6 0.4 32 0 11 21.2 37.2 19.4 0 16.8 0 12.2 0.4 4.2 0.4 0 15.4 30.8 0 17
41.6 0 7.2 10.4 0 13.2 32.6 0 22 0.2 0.2 9 0 6.6 20 0 4.8 0 0 3.2
25.6 0 24.6 10 1.6 0 23.6 18.6 8 21.8 2.6 0 1.4 8.6 13.8 5.8 0 0.2 5.2 15.6
0.6 0 26.2 0 0 0 0 0.4 0 4.2 4 0 0 0 0 0 0 8.6 5 0
6.6 0 40.4 0 0 0 18 0 20.2 9.4 0 0 0.2 0.2 0 0 0 1 0 0
0 0 0 0 0 0 0 0.2 14 0.2 28.6 0 0 0 0 0 0 0 0 0
43.8 11 86.2 0 39 11 39.2 0 7.8 17.4 0 9.2 16 4.8 43.2 4 0 0.2 0 14.2
0.2 12.2 0 0 0 0 0 0 0 0 0 0 8.2 0 0 11.4 0 0 0 0
25.4 13.8 0 25 6.2 21.2 37.6 72.8 0 15.6 0.2 14.6 42 5.4 33 0.2 0.4 0 0.2 5.4
0 2.6 0 0 0 0.2 0 0 0 0 28.4 8 0 0 0 14.8 0 0 0 0
15 2.4 84.4 5.2 0 21.8 27.8 0.2 0 0 0 8 4.8 0 50.8 0.8 0 34.8 4.6 42.4
0 0 0 0 0 0 0 0 1 23.4 0 0 10.8 0 0 3.8 0 0 0 0
27 0.2 32.8 0 0.2 0 7.2 0 7.2 0 0.6 9.2 0 0 1 7.8 0 38 20.8 0
16 0 37.2 4.4 0 0 0.2 0 24.4 0 15.8 0.2 30.6 0 6.8 0.4 0 3.6 0.4 0
0 33.6 17 62 0 24.2 21.4 0.2 15.2 7 9.2 10.6 0 11.2 0.2 56.4 50.4 0 9.4 84
0 5.2 0 46.2 0 0 0 52 0 0 0 22.2 0 0 0 9.4 41.8 15.2 0 25
0 5.6 0 7.4 4.6 11.6 0 0 7.2 0 5.8 0 0 0 0 9.4 0 11.4 0 0
0 9.6 0 0 0 0 0 0 3.4 0 7.6 0 0 0 0 39.4 0 0 0 0
10.2 0.2 40.2 7.4 0 2.2 30.2 0.6 20.6 0 3.2 0 0 0 1.2 0 0 0 0 0
10.6 0 21.6 33.6 0 21.6 7.2 7 0 7.6 0 0 0 0 19.2 3.8 9 0 0.2 20.6
0 32 0 42.2 1 18.6 32.6 21.6 4.8 10.8 3.8 2.2 0 13.8 0 0 57.6 10.4 7.4 76.2
0 0 0 0 0 0 0 0 18 0 15 0 0 0 0 0 0 0 0 0
5.8 7.6 24.8 4.2 0 40.8 0 0 9.8 3.6 0.4 0 7.8 0 0.2 21.6 0 34 0.2 12.2
8.8 0 0 0 0 0 13 4.2 0 0 0.2 0 32.6 0 7.4 25.6 0 0.2 0 0
0 19 0 0 0 0 0.2 0 0.2 0 0 0 0 0 0 52.6 0 0.4 0.4 0.2
0 0 0 0 1 3.2 0 0 10.2 0 45.6 0 0 0.4 0 0 1.6 4.2 0 0.8
27.6 2.2 42.4 69.4 8 36.6 22.6 10.8 12.6 0.4 3.2 32.6 0.6 25.2 7.4 0 65.8 0 2 112.6
60 14.6 54.4 41 6 29.6 31 0 0 10.6 0 25.2 21 5.6 64 16.8 10 7.6 0 9.6
5.2 16.8 40.8 42.8 0 28.6 0 50 14.4 0 0.6 25.4 0 3.8 14.2 0 9.8 0 6 20.6
0 0 0 0 0 0 0 0 20.2 0 15.6 0 0 0 0 0 0 0.2 0 0
61.6 0 44.6 0 8.4 24.2 9.8 0.6 2.6 8.6 5.4 0 0 5 25.2 0 0 36.8 4.2 0
0 0 0 0 0.4 0 0 0 28.8 0 4.8 0 0 0 0 0 0 0 0 0
0 0 0.2 0 0 13.4 11.2 19.6 1.2 0 0.2 0.2 0 8.2 0 0 14.8 11.8 0 5.2
4 0 0 0.2 0 8 0 0 0 0 0.2 0.4 28 5.2 3.4 0 3.2 20.4 0 0
0 0 0 0 0 0 0 0 8.2 8.2 10.2 0 0 0 0 32.4 0 0 0 0
0 0 0 0 0 0 0 0 16.6 0 13.4 0 0 0 0 0 0 0 0 0
0 0 17.2 0 0 0 0 0 9.6 0 5.4 0 0 0 0 0 0 9.8 0 0
12.2 44.2 16.6 86.6 25.4 54.8 21.4 1.2 49 56.6 48.4 31.4 33.8 36.4 25.4 31.4 60.6 40 20.6 131
26.4 16 7.2 70.6 3.2 0 17.2 50.4 0.4 10 16.2 55.8 28.8 18 36.6 28 48.2 0 0 83
0 0 0 0 0 0 0 0 13.6 0 9.2 0 0.2 0 0 0 0 0 0 0
0 0 27.8 0 0 0 0 3 0 12.6 0 0 0 0.2 0.2 0 0 8.2 0 0
5 0 0 0 5 0 0 0.2 0.2 22.8 0 0 12.8 0 0 0 0 0 0 0
0 0 1 0 3.2 0.8 56.8 0.4 0 0 4 20 0 14 0.8 2.2 0 11.8 0 0
0 20.6 0 0 0 0 0.2 0 5.4 3.6 9 47.2 51.6 0 0 1 0 0 0.4 0
0 3.8 0 0 0 0 0 0 39.2 0 6.8 0 12.8 0 0 3.6 0 0 7.8 0
0 0 0 0 0 0 10.6 0 0 11.4 27.4 0 0 0 0 0.2 0 0.4 0 0
9.2 24.2 0.4 3 8.4 0 23.6 42.6 29 0 21 58.6 0 0 0.8 0 33 0 1.2 0
20.4 0 74.6 0 0 48.4 0 0.2 1 0 4 0 0 4.6 10 0 0 0.6 0 3.2
0 0 0 0 18.4 0 0 0 18 0 20.6 0 0 0 0 0 0 0 0 0
0 0 0 0 0 0 0 0 44.8 0 45.2 0 0 0 0 0 0 0 0 0
41.6 16.2 43.6 46.2 3 0 30 49 0 22.4 0 31.6 33.6 0 80.2 28.6 54.2 0 16.6 33.2
4.2 0 0.4 3 2.4 0 3.2 0 0 22.6 0 16.4 47 0 4.6 0 0 9.2 0 0
0 0 0 0 0 0 0 0 3.2 0 30.8 0 0 0 0 0 0 0 0 0
0 26 0 0 0 0 0 0 5 0 0 0 22 0 0 29 0 0 0 0
9.6 0 20.4 0 12.6 0.2 0 0 10 0 12.8 0 0.4 0 0 0.4 0 11.6 0 0
0 21.8 0 0 0 0 0 0 1 0.2 0 0 0 0 0 42.4 0.2 0 0.4 0
11 54.6 5.8 60.6 0 19.6 0 70.6 10.6 2.2 13.2 31.2 7.2 25.6 38.4 11.6 52.2 28 10.2 62.4
0 18.8 0 26.6 0 0.8 15 3.4 4 4 0 25.4 2.2 11.4 0 0 32.6 10.4 11.8 30.6
61.8 0 26 39.2 5.6 72.6 42 10.8 0 23.2 3.4 18.2 15.6 32.8 32.2 5.6 8.2 8.8 7 0
0 0.2 0 0 0 0 0 0 0 22.2 0 0 0 0 0 39.8 0 0 0.8 0
0 7.2 0 0 0 0 0 0 0 10.8 0.4 0 18.8 0 0 19.8 0 0 0 0
33.8 0 0 0 11.4 0 0 0 0.4 6.6 20.6 0 0 0 0.2 0 0 0 0 0
0 0 0 0 0 0 0 0 0 0.2 10 0 0 0 0.2 22.4 0 0.2 0 0
0 13 3.8 0.6 0 0 32.6 20.2 0.8 0 6.2 33 15.4 0 19.2 0.2 20.8 0 0 7.2
3 0 0 0 0 0 0 0 0 0 22 0 0 0 0 0 0 0 0 0
0 0 0 0 12.8 0 0.2 0.2 7 6.2 8.2 0 6.4 0 0 0 0 0 0 0
0 14 5.6 0 10.4 0.4 18.6 0 7 0 3.8 0 9.8 0 9 13.6 0 1.8 12.8 0
0 0 0 0 6.4 0 0 0 43 0 12.6 0 0 0 0 0 0 0 0 0
0 21.6 15 0 0 0.2 0 6.8 0 0 3.6 14.8 12.8 0.6 22.8 34.8 21.2 34 0.2 7.6
0 0 0 0 9.4 0 0 0 45.6 0 4.4 0 0 0.6 4 0 0 0 0 0
49 8 4.2 0 2.6 0 0 0 2.2 15.2 2.4 5.2 26.6 8 0.2 0 0 0 10.4 0
111.6 0 123.8 45.2 10.6 62.8 19.4 29.2 41.6 0 30 29.8 0.2 43.2 74 67.8 45.6 0.4 0 104.8
0.2 0 0 0 11 0 0 0.2 25.2 0 64.4 0 0 0 0 0 0 0 0 0
39.8 6.4 52.6 5 2.2 68 0 22.6 0 4 7.8 5.4 0 0.4 29.6 17.2 15 2 0 0
3.8 9.2 0 31.4 0 0 36.6 28.2 0 0.2 0 10.6 30.2 0 0 0 20.8 27.6 9.4 13
29.6 9.6 46.2 13.8 0 109.6 10 0.4 21.2 11.4 12.4 0 1.4 0 0.4 11.4 9.2 53.4 0 0
36.4 4.8 1.4 16.2 4.2 8.4 31 31.2 15 22.8 7.4 5.2 0 8.2 12.4 43 0 26.4 9.4 20.6
36.8 18.6 34.8 49.2 0 32 43 17.4 6.4 0.2 4.8 16.6 22.6 10 14 0.4 25 4.2 28 17
50.4 20.8 0 0 0 37.8 61.6 60.2 0 26.6 0 32 0 15.8 31.6 42.2 70.2 1.4 0 34.4
22 6 16.2 0 0 0 70.4 0 17.2 20 0 0.2 21.2 8.8 50.2 23.2 0 4.6 17 0
0 49.6 0 0 0 0.2 7.6 7.2 2 4.4 0.2 0 0 0 1.8 98.8 0 16.2 4 0
0 0.4 0 0 4.2 0 0 0 17 31.2 6.6 0 24.8 0 0 0.2 0 0 15.6 0
0 0.8 4.6 0 0 0 0 0 14.2 0.8 4.8 0 0 0 0 3.8 0 3 0 0
0 0 0 0 0 0 0 0 6 0 37 0 0 0 0 0 0 0 0 0
0 22.8 0 0 1.6 0 0 0.4 12.2 26.2 1 0 24.2 0 0 43.4 0 0 21.2 0
0 0 16 0 3 0 0.2 0 0 7.4 49.6 0 10.6 5 0 0.2 0 0 2 0
33.4 0 18 8.2 0 2.8 31 0 0 8.2 0 0 0 0 0 6.6 0 29.6 0 5.2
0 13.4 0 5.2 0 0 11.8 39 47.2 0 17.2 0 0 0 0 0 12.2 0 0 0
0 15.8 0 0 1.6 0 0 0 0.2 0 0 0.4 54.6 0 0.2 0 0 0 13.2 0
0 15.8 25.8 0.6 4.6 24.6 29.2 12.2 0 34 0 10.6 12.8 0.2 21 1.8 4.4 27.6 8.8 0
14.6 0 63 0 5 5.8 0 0 0 0 0 0 0 5 7.6 0 0 0 0 0
0 0.6 0 0 3.2 0 0 0 0 15.4 0 0 38.8 0 0 22 0 0 18 0
0 0 0 34.6 0 0 0 0 0 0 0 0 0.4 0 0 0 0 0 0 12
0 52.8 0 63.8 0 21.2 4 54 4 0 25.2 30 8.4 0 0 21.8 57.8 1.4 0 129.6
0 0 0 0 0.2 0 0 0 0 19.2 0 0 34.6 0 0 0 0 0 11 0
92.8 0 107.4 2 0 62 55.2 27.4 10.4 15.8 0 0 2.2 21.2 34 30 4.8 63.2 23.2 8.4
0 0.4 0 0 0 0 0 0 16.4 0 2 0 5.2 7 0 0 0 0 0 0
0 0 0 0 4 0 0 0 0 0 10.6 0 0 10 62.6 0 12 0 0 22.8
0 4.6 0 0 0 6.8 0 0 0 0 0 0 0.2 9 0 17.4 0 0 0 3
0 9.6 4.8 9 0 30.6 39.2 0.6 1.4 1 3 9 13.8 3.2 11.4 20 0.2 1.4 8.4 9.4
16.8 15.6 22.2 9.8 0 13 12.4 60.2 7 0 14 7 6 8.6 11.4 28 3.6 55.2 0 13.2
33.2 0.8 15 0 0 0.2 4.6 2.4 6 0 0 1.8 1.8 0.2 0.4 0 0 23.6 0 0
9.2 7.2 23.6 1 0 35.4 0.2 0 0.2 0 0.6 0 0 0 26.8 0 0 0 0 1.8
0 4.8 0 0 0 0 0 0 7.6 0 12.4 0 11.2 0 0 0 0 0 0 0
2.2 0 9.2 0.4 9 0 0.4 27 7 15.4 0 0 14.6 0 0 0.6 0 0 0 2.2
0 20 0 25 0.2 2.4 0 53.2 0 0 1 0 0.4 12 0 38.8 23.8 32.4 5.4 20.4
0 0.2 0 0 0 0 0 0 8.4 0.2 22.2 0 0 0 0 0 0 0 0 0
0 19.8 0 0 14.4 0 0 0 11.8 30 16.8 0 52.4 0 0 55.4 0 0 14.4 0
4.8 35 0 71.8 0 59.6 23.4 23.2 0 0 0 12 0 0.2 3.4 33.8 65.8 5.6 10.4 0
3.8 0.2 44 0 0 45.8 13.4 55.4 0 0 28 0 0 0 0 0 0.2 18.2 0 0
0 0 0 0 17.2 0 0 0 64.6 0 84.2 0 0 0 0 0 0 0 0 0
0 0 0 0 0 0 0 0 0 13 4 2 20.8 0 0 7.2 0 0 0 0
9 0 5 0 6 0 0 0 6.6 15.6 0 0 9.6 0 0 0.2 0 0 0 0
6.8 0 17.4 0 0 9 12.6 4.4 0 0.2 0 0 3.4 8.2 0 0 0 0 0 0
11.4 31.8 0 13 12.8 2.4 26 0.6 5.6 0 4 0 0.4 4.6 0 4.6 0 94.4 19.4 0
0 0 21.8 0 0 0 0.2 0 0 10 0 0 0 0.2 0 25.2 0 21.6 0 0
0 0.6 38.8 51 0 10.2 9 72 0 0 0 31.4 0 0 0 0 52 13.2 0 47.8
14.6 0 20.8 28 0 22 0.4 22 0 0 0 24 15.4 2 0 0 14.6 0.2 0 9.8
4.2 50 0 71 0 0 33 52.2 0 11.8 2.8 33.6 5.8 0 26.6 0 53 0 0 70
40.4 5 12 0.8 6.6 0 32.6 0.8 0.4 0 0.4 20.6 20.4 9.2 15.6 0 2.4 14.8 14 0
12.4 6 36.4 0 0 8.4 14 0 10 0 9.2 0 0 12 0.2 0 0 30.4 0 0
39.2 19.4 7.8 1.2 6.4 38.6 0.2 0 8 0 0.4 12.2 34.4 23.4 41.4 43 14 0.4 26 5
0 11.4 0 0.2 0 0 0 0 8.6 0 0 0 37 0 0 19.6 0 0 15.2 0
0 0 0 0 0 0 0 0 4.6 0 29.4 0 0 0 0 0 0 0 0 0
14 0 46.6 0.2 6.2 37.2 0 7.4 0 11.2 1.4 12.8 11.4 13.6 28.6 10.4 10.6 0 0 0.4
11.6 9 21.4 12.4 0 72.6 13.6 35 0 0 0 13.2 0 0 2.8 49.4 56.2 0.4 1.6 84.8
0 0 14 4.4 0 34.2 0 22.6 0 0 14.4 0.2 0 0 0 4.6 8.4 0.4 6.4 23.4
0 15 51.6 24.6 0 12.8 1.8 54.6 7.4 0 8.2 18.6 0 11.4 13.8 14.6 53 0 0 30.6
0 36.2 0 0 0 0 0 0 14 0 47.4 0 0 0 0 0 5.4 0 0 0
0 0 0 15.4 0 20.8 18.4 57.8 0 0.2 0 4.4 9.4 3.2 9.8 0 0 1.4 0 0.2
0.2 0 4.2 0 0 0 0 0 5.6 0 19.2 0 0 0 0 0.6 0 4.2 0 0
0 0 0 0 0 0 0 0 2.2 0.2 27.6 0 0 0 0 0 0 0 0 0
0 0 0 0 0 0 0 0 6.6 0 49.4 0 0 0 0 0 0 0 0 0
0 0 0 0 0 16.2 22.6 0 3.8 0 0 0 0.2 0 0 4.2 0.4 0.6 4 0
0 7.6 0 0 0 0 0 8.6 0 0 0 0 0 0 0 6.6 0 0.2 0 0
15.2 0 0 29.8 0 46.2 21.2 25.2 16.8 1.2 13.2 5 6.8 0.2 39.6 0 1.4 0 3 0.2
0 0 0 0 0 0 0 0 11.6 0 31.2 0 0 0 0 0.2 0 0 0 0
0 0 7.2 0 0 0 0 0.4 9 0 0 0 0 0 0 6 0 9.4 0 0
0 10 0 0 0 0 0 0 0 14.8 6.8 0 0 0 0 8.4 0 0 0 0
0 22.2 0 0 0 0 0 0 0 7 0 0 26.4 0 0.2 67.2 0 0 0 0
0 0.2 0 0 12.8 0.2 0 0 53.2 0 10.4 0 0 0.2 0 0 0 0 0 0
0 4.4 0 0 0 0 0 0 7.8 20.6 3.8 0 0 0 0 2.4 0 0 0 0
0 12.2 0 18 5.4 16 19.4 33 0 0 2 0 7.4 0 0 0 9 16.4 0 1
0 0 7.6 0 0 0 0 0.8 0 0 0 4.2 0.2 0 0 0.2 0 18 0 0
30.4 5.4 0 1.4 4.4 0 0 0 0 26.2 0.2 0 0 11 51.8 0 0 10 7.2 15
48.4 0.4 41.4 21 8.8 39.4 51.2 10.6 5 13.2 0 8.2 0.2 0 1.8 26.6 7.8 1.6 7 7.4
0 12.8 0 0 0 0 0 0 0 0 4.4 0 0 0 0 48.4 0 0 0.2 0.2
0 0 0 0 5 0 0 0 17.6 5.6 3.6 0.2 25 0 0.2 0.6 0 0 6.2 0
37.6 0 21.4 2 8 13.8 31.6 0 0 10.6 0 6.4 0 4.8 22.8 0 0 25 0 0
0 0 11.8 0 0 10.4 0.6 31.6 1.4 0 8.2 0 0 0 2.6 0 0 0.4 0 0
0 0 0 0 0 0 0 0 9.2 0.4 29.2 0 0 0 0 0.2 0 0 0 0
0 2 0.6 0 0 2.4 13.4 6.8 3.2 0 6.2 0 0.4 0.8 0.2 10.8 1.2 17.2 0.2 0.6
0 0 0 0 0 0 0 0 0 0.6 27.4 0 0 0 0 0 0 0 0 0
0.2 26 26 58 12.2 41.8 0.2 41.2 28.8 1.2 48.2 4.2 8.6 0.2 0 10.4 67.2 0.2 7 29.2
18.4 13.2 39.6 1 0.6 65.4 1 56 11 28.2 6.2 0 3.6 0.6 5.6 83.6 8.6 0 0.2 0.2
0 73.6 0 0 0 0 4.2 0 0 0.8 0 0 4.6 0 0 38.6 0 0 0.2 0
50.4 0 41 0 0 33 28.8 0 3.2 16.6 0 5 18.2 16.6 62.4 8 0 13.4 3.4 0
10.6 0.2 0 7.6 0.2 32.8 0 77.6 0 1.2 0 11.6 0 0 7.6 1 20.6 0 0 27
44.6 3.4 83.6 25.2 8.4 28 29 0 11.2 37.6 14.6 27.2 0.8 10.2 0 0 25.6 0 24.2 3.4
0 1.2 0 0 0 44.2 0.4 11.6 0 0 0 1.6 0 3.4 5.8 0.2 0 33.6 0 0
0 0 30.4 0 0 9.8 0.4 0 0 11 0 0 0 0 14.2 0 0 0 0 3.2
0 1 0 0.2 0 0 0 0 0 8 1.2 0 24 0 0 14.2 0 0.2 0.2 0
0 0 3.8 38 0 24 0.2 0 0 0 0 0 0 0 0 33.2 7.6 0.2 0 20
0.2 11 11.8 28.4 0 1 47.2 1.8 5.8 0.2 0 1 10 0 27.8 0 19.8 2 0 0
41.2 5.8 0 16.6 0 18.6 11 27.8 0 0 1.8 7.8 0 20.8 12.4 0.4 6.8 2.2 7.6 6.2
0 0 0 0 0 0 0 0 5.2 0 15.8 0 0 0 0 0 0 0 0 0
0 0 3.8 34.4 0 7.2 0 52.2 0 0 3.8 21.6 0 0 4.8 1.2 25 0.4 0 11.6
0 14.4 0 0 0 0 14.4 0 7.4 0 0.4 22 0 0 0 9.4 0 0 0 0
0 0 0 0 0 0 0 0 19.8 0 10.2 0 0 0 0 0 0 0 0 0
0 39.6 8.8 0 16 0 16.6 0 16.8 0 8.6 0.4 34.4 0 0 4.4 6.4 0 0 0
0 0.4 0 0 0 0 0 0 0 0 1.2 0 0 0 0 20.2 0 0.2 0 0
0 0.2 0 0 0 0 0 0.2 8.8 0 15.2 0 0 0 0 15.6 0 0 0 0
0 29.6 0.2 17.2 5 7 71.2 10.6 36 0 0 21.2 5 13 1.2 49.4 46.2 17.6 0 53.6
0 13.6 0 0 0 0 0 0 3.8 8.4 5.4 0 0 0 0 52.2 0 0.2 3.4 0
29.4 0 81.8 0 0 0 0 12 1 0.2 3 0 0 0 0 0.2 0 17.4 0 0
0 0 0 16.4 0 0 0 11.2 0 0.2 0 0 0 7.4 0 25 8.6 32.4 0 6.8
5.8 0 4 6.2 0.4 0.8 0 0 0 13.2 7.6 0 0 0 0 19.2 0 0 2.6 1
16 0 4 0 0.8 12.6 16.2 0 0 0 8.8 0 0 0 0.2 0 0 0.4 0 0
4 0 0 0 9 0 0 0 0 0 7.6 0 8.6 0 6.6 6.4 0 0.8 0 0
0 0 0 0 0 0 0 0 0 15.6 0 0 16.4 0 0 0 0 0 0 0
0 0 14.2 4.2 0 0.6 29.2 2 9 0 4 0 0 0 11.8 0 0 2 0 0
0.2 16.2 10 0 3.4 7.4 0 0 0.2 11.8 0 0 17.2 0.2 0 22.4 0 0 0 0
50.4 7 16.2 0 13 15.8 20.6 31.8 13.8 14.2 1.4 21.2 18.4 15.4 22.4 0 0 0.6 2.4 20.4
20.4 0 5.6 13.2 0 1.6 0.4 0.4 0 0 0 0 0 0 0 0 7.6 0.8 0 0
0 0 0 0.2 0 0 0 0.2 0 0 0 0 4.6 0 0.2 0.2 4.4 0 0 19.2
0 0 0 0 0 0 0 0 8 0 0 0 0 0 0 6.8 0.2 0 0 0
39 0 0 0 0 0 0 0 0 0 0 0 0 0 0 0 0 0 0 0
38.4 1 0 6 0 32.6 0 27.4 0 5.6 0 0 0 0 19.2 7.4 5.2 0.2 0 4
26.6 0.2 46.6 0 11.8 0 0 4.8 0.8 0 0 0.6 22.8 6.4 0.2 0 0 13.2 0 0
7.6 0 26 0 1 0 0.2 0 0.2 13.2 0 0 0.4 3.8 8.6 0 0 0 0 0
0 0.2 0 0 0.2 0 0 0 2.2 13.6 0 0 24 0 0 26.8 0 0 3 0
0 0 0 0 0.4 0 0 0 8.2 0 2.2 0 0.2 0 0 0 0 0 0 0
0.6 0 0 0 0 2.4 0 0 0 0 0 0 0 0 0 0 0 0 0 0
0 0 0 0 0 0 0 0 0 3 4 0 0 3 0 0 0 0 2 0
0 0 43 0 0 0 0 0 0 0 0 0 1.6 0 0 0 0 12.4 1 0
0 0 0 0 0 0 0 0 10 0 15.8 0 0.2 0 0 0 0 0 0 0
0.2 0 1.2 3.6 0 15.4 0 0 0 0 3 0 0.2 0 0.4 0 0 0 0 0
0 7.6 0 0 0 0 0 0 0 9.6 0.2 0 0 9 0.6 0.4 0 12.6 0 0
0 7.8 0 16.4 0 7.6 0.2 18.4 0 0 0 7.4 0 0 0 14.4 29 0 0.4 45.4
0 0 0 0 0 0 0 3 0 0 3 0 0 0 0 0 0 0 0 0
0 0 0 9.2 0 0 14.4 0 0 0 1.8 0.4 0 1.6 6.8 19.4 0 9 0 2.4
0 21.8 0 0 0 0 0 0 0 0 10.8 0 0 0 0 1.4 0 0 0 0
0 0 0 0 0 0 0 0 0 0 0 0 12 0 0 0 0 0 0 0
0 10.2 0 0 0 0 0 0 7.6 0 2.4 0 5.8 0 0 1 0 0 0 0
7.6 0 0 0 0 0 5 6.2 0 0 0 0 5 0 8 0 0 0.2 0 0
2.6 0 0 2 0 0 0 0 0 0 3.4 0 0 0 0 0 0 0 0 0
45.6 0 0 0 0.4 0.4 8.2 0 0.2 6.2 0 0 0 15.4 10.2 0 0 0 0.4 0
0 4.2 0 0 0 0 5.8 11.8 0 0 0 22.4 0 0 0 14.4 22.8 5.6 0 0
0 0 0 0 10.2 0 0 0 17 0 20.8 0 0 0 0 0 0 0 0 0
0 0.6 0 22 0 25.4 0 0.4 14.2 0 10.4 0.2 0 0 5.2 22.6 14.4 0.6 0.2 20.8
0 0 0.2 0 2 0 0 0 0 0 34.8 0 0 0 0 0 0 0 0 0
0 0 0 0 0 0 0 0 3 17.2 0 0 13 0 0 0 0 0 5.8 0
6.6 0 0 1.8 0 0 0 0 0 8.6 1.4 0 0 0.4 18 7.8 3.2 7 0 3.2
7.4 13.4 0 20 27.6 0 31.2 0.8 28.2 18 16.6 7.4 24.2 3.4 40.8 15.8 1.2 40.4 25.6 0
0 0 7.8 1.6 0 35.6 2 0 0 0 1 0 0 7.6 0.2 8.4 9 6.2 0 12.6
0 0 0 0 0 0 0 0.4 0 10.4 0 0 0 0 0 5 0 1 0 0
0 17.4 0 0 0 0 0 0 0 2.6 0 0 18.6 2 0 9.6 0 0 1.8 0
0 2.2 0 0 0 0 0 0 0 0 13.6 0 0 0 0 0.2 0 0 0 0
0 0.2 0 0 3 0 0 0 0.2 4.2 6 0 0 0 0 12.4 0 0 3 0
0 0 0 0 0 0 0 0 4 0 4 0 0 0 0 0 0 0 0 0
0 5.6 0 0 0 0 0 0 0 0 10.8 0 0 0 0 23.6 0 0 0 0
0 0 0 0 0 0 5.2 28.8 0 0 0 3.4 0.6 0 0 0 37 0 0 0
11.6 16.2 2.2 24 0 8.2 0 0 0 2.6 1.4 11.6 16.8 0 0 0.4 0 0 0 2
0 0.4 0 0 0 0 0 0 0 0 0 0 0 0 0 11.6 0 0 0 0
0 0 5.8 0 0 0 0.2 13.2 0 0 0.2 0 0 0 0 11.8 0 18.8 0 0
0 0 0 0 0 0 6.2 0.6 0 0 0 7.4 0 0 0 0 0.4 0.4 0 0
0 0 7.2 0.2 0 0.2 17.4 0 3 8 0 0 1.8 0 0 4.6 0 1 0.6 0
0 10.4 0 19.8 0 1.2 0 30.6 0 5.6 0 0 0 0 0 30.8 0 27.6 0 0
5 0 3.8 0 0 0 0.2 0 0 4 0 0 3.8 7 0.2 0 0 0 0 0
20 0 4.2 0 0.6 36.2 6 0 0 0.2 4.6 0 6.6 12 0 0 0 0 5 6.6
0 0 0 0 0 0 0 0 1 6 1 0 0 0 0 0 0 0 0 0
0 0 9 0 4.4 0 0 0 6.6 0 0 0 0 1.6 0 0 8 0 0 7.4
0 0 0 0 3 0 0 0 0 0 9 0 0 0 0 0 0 0 0 0
0 0.2 0.8 0 0 0 0 0 2 0 0 0 1.6 4.4 0 11 0 0 0 0
0 0 0 0 0.6 0 0 0 5.4 0 3 0 0 0 0 0 0 0 0 0
0 0 0 0 0 0 0 0 0 12.6 0 0 0 0 0 13.4 0 0 0 0
21.6 0 0 0.2 0 15.2 0 0 0 0 7.2 0 0 0.2 7.4 0 0 0.2 0 0
0 0 0 0 0 0 0 0 17.8 0 3.2 0 0 0 0 0 0 0 0 0
0 0 12.4 0 0 0 11.2 0 0 3.6 0.8 9 0 0 0 0 0 2 0 0
0 0.2 0 0 0 40.8 10.8 0.2 0 0 0 0 0 5 0 0 11 24.8 13 5.2
0 0.2 0 0.4 0 0.2 0 0 0 0 4.8 2 0.2 0 0 1.6 14.4 0.2 0 0
0 0 0 23.4 0 0 0 0 0.2 0 6.6 14.4 0 0 0 17.2 0 0 0 10.2
1.6 0 0 9.6 1 0.2 0 21.4 0 5.6 11 5.4 21.4 0.4 0 0 20.4 0 0 22
6.4 1.6 10.2 13.6 1.6 0 20.2 0 0 3 0 0 0 0 0.2 9 6.8 0 0.6 21.8
0.8 0 0 0 0 0 0 4.4 0 0 0 2.2 0 0.2 1.8 2.8 0 11.6 0.2 0
0 0 0 0 13.4 0 0 0 9.2 3.8 0.4 0 5.2 0 0 20.8 0 0 0.2 0
3 0 3.4 0 0 0 0 0 0 0 1 0 0.2 0 11.2 5 0 11.4 0 3.8
0 0 0 0 0 0 0 0 0 0 7 0 0 0 0 0 0 0 0 0
0 0 0 0 0 9.4 0.8 14.8 0 1.4 3 0 0 4.2 11.4 2.2 11.4 0 6.4 0
0 0 0 0.8 0 0 0 0 15 0 0 0 0 0 3.2 0 0 0 0 0
4 0 9.8 0 0 0 0.2 0 0 0.4 0 0 0 0 0 1 10.4 0.2 0 0
0 0.2 0 0 0 0 4 0 0 0 0 0 0 0 0 40.4 0.4 0 0 0
0 0 0 0 0 0 0 0 10.6 0.2 0.2 0 0 0 0 0 0 0 0 0
0 0.6 0.2 11.2 0 0 0 0.2 0 0 0.6 3.6 0.4 0 1.2 0 10.4 11.8 0.2 4.6
0 2.2 0.2 0.2 0 10.8 0 0.4 0 0 1.8 0.2 0 2 0 0 0 3.2 0 0
0 12 0 0 0 0 0 0 0.2 9.6 0 0 16.2 0 0 9 0 0 8 0
0 0 0 0 0 0 0 0 0 0 9 0 0 0 0 0 0 0 0 0
0 0 0 0.2 0 0 0 0 0 0 0 0 0 0 0 9.8 0 0 0 0
0 8 0 0 0 0 0.2 0 5 0 0 0 3.4 0 0 2.4 0 0 0 0
0 7 1.2 0 0 0 0 12.2 0 0 0 0 2.8 0 0 0.2 3 0.6 0 0
12.4 0 11.4 0 0 6.8 0 0 0 12.8 0 0 0 14.6 1 0 0 0 0 0
0 0 0 4.6 0 0.2 0 2.2 0 0 0 0 0 0 0 0 14 7.2 0 12.8
11.6 1.8 0 25 0 13.4 0 11.6 0 0 0.2 0 0 0 0 9.2 10.8 12.2 1.2 10
0.2 3 9 2 0 5.6 3.8 4.8 0 0 0 0 0 0 8.6 0 0 0 0 0
0 5.6 0 0 0 0.2 0 0 0 0 11.2 0 12.8 0 0 0.2 0 0 0 0
0 0 0 0 0 3.2 0 0 0 0 1 8.6 0 0 0 0 0 1.2 0 0
0 0 0 0 0 0 0 0 0 0 7 0 0 0 0 0 4 0 0 0
0 5.4 0 0 0 0 9.2 2.4 0 0 7.6 3.2 0 0 7.6 0 6 0.2 0.2 2.2
0 0 0 0.2 0 0 0 0 0 0 0 0 0 0 0 4.8 0 0 0 0
0 0 10.6 0 0 0 0 0 0 0 0 0 0 13.4 0 0 0 0 0 6
0 0 0 0 0 0 0 0 0 5 2 0 0 0 0 0 0 0 0 0
0 0 0 0 0 0 0 0.4 3.8 0 0 5 0 0 0 0 5 4.8 0 2
0 0.2 0 0 0 0 4.8 0 0 0 0 4 0 0 0 0 0 11 0.4 0.6
10.8 0 2.4 0 0 0 3.2 0 6 9.8 0 5 0 4.2 0.6 2.8 0 0 0.2 0
0 0 0 0 0 0 0 0 0 3.8 0 0 0 0 0 0 0 0.2 0 0
