0 1 2.6 3.2 0 7.8 0 3.2 7.8 0 20.2 11.8 0 1.2 0 0 0 0.4 19.8 0
0 0 0 11.8 4.8 0 0 0 0 0 0 0.4 0 0 0 0 0 0 0 0
0 0 0 0 11 0 0 0 0 0 0 0 0 0 0 0 0 0 0 0
0 0 0 0 10 0 0 0 0 0 0 0 0 0 0 0 0 0 0 0
0 16 0 0 0 0 0.6 0 7 8.2 0 0 3.2 0 0 0 0 0 0 0
0 0 0 9.8 6 0 9.2 0.8 0 9.6 2 0 0 8.4 0 0 0 0.2 0 0
0 3.2 0 0.2 3 0.2 16.8 13.6 0 0 8.2 0 11.4 15 2.8 20.8 0 0 0 0.8
0 3 0 0 0 0 0 0.4 0 0 0 0 0 0 3 0 3.6 0 0 0
0 8.2 0 0.8 0 0 0 0 0 0 0 0 0 0 0 0 0 0 0 0
0.6 0 0 0.2 0 15.4 0 4.8 0 0 8.8 0 0 19.8 0 0 0 0 11.6 16.8
0 19.4 10.6 0 0 0.2 0 5.6 0 0 10.8 0.2 0 0 0 0 1 0 0.2 0
0 0 0 0 0 0 0 0 0 0 0 0 0 0 0 16 0 0 0 0
12.4 2.4 6.8 6.4 0 0.2 1.2 13.8 7.2 2.6 16.4 6.2 7.4 21.6 6.4 0 4 0.4 0 38.6
0 0 0 0 0 5 0 0 0 0 6 7.6 0 8 0 0.2 0 0 7.8 0.4
0.2 0 0 0 0 0 0 0 1 0 0 2.6 0 0 3 0 2.2 2 0 0
0 0 0 0 0 0.2 6.2 7 5 0 0 0 1.4 0 0 11.2 0 0 0 5
0 0.6 0 0 4 0 0 0 0 0 0 6.4 0 0 0 0 0 0 0 0
0 0 4.6 10.6 0 20 1.2 16.2 0 0 15 0.6 0 0 0 19.4 0 0 0.2 4.2
0 0 0 0 0 0 0 0 0 0 0 0 0 0 0 0 3 0 0 0
7.8 0 0 0 0 0 0.2 0 0 18.4 0 0.2 0 0 0.2 0 0 0 0.2 0
0 0 0.4 30.8 3.8 0 0 0 0 0 0 0 7.4 0 2 0 17.6 0 0 0
0 15 0.4 0 0 0 0.8 6 0 0 0 0 0 0 0 5.4 0 0 7.2 0.2
0 12.6 0 0 0 2 0 4.6 0 0.2 0 0 1 0 0 0 0 5.8 1.8 9
0 0 0 0 0 0 16.8 0 0.2 16.2 0 0 0.8 0 0 8 1 0 0 0
0 14.2 0 0 0 8.6 0 7 0 2.6 0.2 5 2.2 0 0 0 0 0.2 0 0
0 0 0 8 0 0 0 0 3.6 0 0.2 7.8 0 0 1 0 9 6.4 0 0
0 0 0 1.8 0 0 0 0 7.2 0 0 0 0 0 0 0 0 0 0 0
0 0 0 0 0 6.8 0 0 0 7 0 0 3.2 2.6 0 0 0 0 0 1.4
0 0 7 0 0.2 0 0 0 0 9.4 0 0 0 0 0 0 3.8 0 0 0.6
0 0 0 0 0 0.4 0 0 0 0 0 0 0 3.6 0 4 0 0 0 0
0 0 0 3.2 0 0 5 0 0 0 0 0.2 0 0 0 0 0 6.4 0.2 0
8 0 0 0 0 0 0 0 0 0 0 0 0 0 0 0 0 0 0 0
6 0 0 0 0 0 5.2 0 0 0 0 0 0 0 0 0 5.8 0 0 0
0 0 0 2.8 0 0 0 0 0 0 0 0 0 0 0 0 0.2 0 0 0
0 21 0 0 0 0 0 0 0 0 0 0 0 0 0 0 0 0 0 0
5 1 25.8 0 0 0 0 13.6 0 0.2 0 0 12 0 0 0 0 0 0.4 0
5.2 0 0 0.2 8.2 0 0 0 0 0 0 0 0 0 0 0 0.4 0 0 0
0 0 0 0 5 0 0 0 0 0 0 0 0 0 0 0 0 0 0 0
0 0 0 0 0 0 4.8 0 0 7 0 0 0 0 0 20.8 0 0 0 0.4
0 0 4.6 0 0 0 1.2 6.4 3.2 9.8 0 8 0 1 0 0 0 0.2 8.6 0
0 2.2 11.4 0 0 0 0 4.6 1.8 12.2 0 3.6 0 0 0 0.4 0 0.8 0 0
0 0 0 0 0 7.4 2 0 0 32 4 0 2.2 0 0 1 3.4 0.2 1 8.8
0 0 0 0 0 0 0 0 0.4 0 0 7 0 0 0 0 0 5.2 1.4 0
0 0 0 0 10 0 0 0 0 0 0 0 0 0 0 0 0 0 0 0
0 0 0 0 13 0 0 0 0 0 0 0 0 0 0 0 0 0 0 0
0 0 0 0.4 3.6 3 0 0 0 0.2 5.4 0 0.2 0.2 0 0 0 0 0 0
5.2 0 2 10.8 5.2 0 3.4 0 5.6 8.6 0 0 0.2 0 0 0 0.6 0.6 11.8 24
2.8 0 0 9.8 0 0 0 0 0 5 0 0 0 0 0 0 0 0.4 0 0
0 0 0 0 0 0 0 0 0 0.2 0 4.8 0 0 0 0 0 0 0 0
0 0 0.2 0 0 0 0 0 0.4 0 0 0 0 0 0 0 0 2.4 0 0
0 0.2 0 0 0 0.2 6.4 0 0 0 0 0 0 0 0 0 0 0.2 0 0
0 6 7 0 0 0 0 10.6 2.6 0 0 0 6 0 0 0.6 0 10.8 0.4 0
0 0.8 0 0 0 0.2 0.2 0 0 0 0 0.6 0 0 0 0 0 15.2 7 0
3 0 0 0 0 5.2 0 0 0 0.6 10.6 0 1 0 0 1.8 0 0 0 28.8
0 6 0 7 0 8.4 0 12 0 8.6 6.4 5.2 3.8 17.4 1 0 0 0 17.2 0
0 4 0 0 0 6.8 0 0 0 21 0 0.2 0 10 0 3 0 0 0 0
0 0 0 0 0 0 0 0 0 0 0 0 0 0 0 0 1 0 0 0
0 0 3.4 13.8 0 4.4 1 1.2 0 6.8 7.4 13.4 0 1 0 10.4 0 0 0 0.2
0 0 0 6.8 0 0 0 0 0 0 8.4 0.2 0 0 0 0 2.8 9.8 0 0
0 6.6 3.6 3.8 3 8.8 0 5.2 0 11 0.4 0 12.8 0 0 1 0 0 0.8 0
0 0 0 0 0 8.4 0 8.4 0 5 0 12.8 0 0.2 0 0.2 0 0 0 0
2.8 0 0 3.2 0 0 0 0 0 0 0 0.8 0 0 0 0 0 8.2 0 0
0 0 0 0 0 0 8 0 4 0 0 0 0 0 0 0 0 0 0 0
0 0 0 0 0 0 0 0 1 0 0 0 0 0 0 0 0 0 0 0
0 0 0 0 0 0 0 0 0 0 0 4.6 0 0 0 0 0 1.4 0 0
0 11 5.6 0 0 0 0 0 0 4 0 0.6 2 0 0 0 0 0.4 9.4 0
0 0 0 5.6 0 0.2 5.2 0 0 0 0 0 0 0 0 0 0 0 0 0
0 3.8 0 4 0.2 0 0 0.4 0 0 0 6.8 6.4 0 0 0.4 0 0 1.4 11.6
0 2 0 10.8 0 0 0.4 0 0 0 0 0 0 0 0 0.2 0 0 0 12.6
0.2 0 0 0 0 0 0 0 0 0 0 0 0 0 0 0 8.8 0 0 0
0 0 0 5 0 0 0 0 1 0 0 10.6 0 0 0 0 0 0.2 0.2 0
0 0 0 0 7 0 5.4 0 0 1.4 0 0 3.2 0 0.4 0 0 7.6 0 0
0 11.8 0 0 0 0 0.4 0 0 0 0 0 0 0.2 0 9.8 0 0.2 7.6 0
0 0 0 0 0 0 0 0 3.8 0 0 0 0 0 0 0 0 0.2 0 0
0 0 0 0.2 0 0 0 0 4.6 0 9.2 0.2 0 0 0 0 0 0.8 0 0
0 0 0 0 4 0 0 0 0 0 0 0 0 0 0 5 0 0 0 0
0 7.2 0 0 0 0 1.8 0 2 0 0 0 0 0 0 0 0 0 0 0
0 0 0 0 0 13 0 0.8 1 4.4 8.4 5.8 0 0.2 0 16.2 0 0.2 0 0
0 0 6.2 0 0 0 0.2 7 1.2 0 0 6.8 0 0 0 8.6 0 0 0 0
0 0 0 3 0 0 0 0 0 0 0 11 0 0 0 0 0 0 2 0
0 2.8 0 0 0 8 0.6 6.6 0 0 5.8 0 0 4.8 0 0 3 0.2 7.6 16.6
7 0 0 0 5 0 0 0 0 0 0 0 0 0 0 0 0 0 0 0
0 0.2 7.2 0 3 0 0 8.8 6.8 0 0 0 4 11.6 0 0 0 0 0 16.4
4.4 0 0 0 0 0 0 0 0 0 0 0 0 0 0 0 0.6 0 0 0
0 0 0 0 0 0 0 11.8 0 0.2 0 13 0 0 0 0 0 0 0 0
0 0 0 4.2 0 22.6 0 14.6 0 1.2 19.4 0.8 0 7.4 0 0.2 0 0.6 0 0
8.4 0.2 0 0 0 0 0 0 0 4.2 0 0 0 0 0.2 0 3.4 0 0 16.6
0 4.8 6.4 7.4 0 0 0.2 24.4 14.6 3 15 0.2 0.4 0 0 0 0 4 13.6 0
0 0 0 4 0 0 0 0 0 0 0 0 0 0 0 0 0 6 0 0
5.6 14 11.2 19.8 0.2 0 0 17.6 0.2 12 0.4 1 1 0 0.2 0 4 0 0.4 32.4
0.6 8.2 3.6 0 0 11.8 0.8 2 0.6 2.8 8 0 4.8 7.2 0 0 0 0 21.4 0.2
0 0 0 0 0 4.2 0 0 0 12.4 0 0 0.2 0 0 0 0 0 0 0.2
0 0 0 0 0 0 0 0 0 3.6 0 0 0 0 0 0 0 0 6.4 0
0 0 0 0 0 10 0 0 0 0 0 0 0 0 0 0 0 0 0 0
0 0 0 1.8 0.4 0 13 0 7.4 0 0 0 0 0 0 0 10.6 4 4.8 0
14.4 0 0 0 4.4 0 0 0 0 0 0 0 0 0 2.2 0 0 0 0 0
0 0 0 0 0 0 0 0 7.8 0 0 4 0 0 0 0 0 2.2 0 0
11.6 10.2 0 0 0 0 7 0 0 0 0 0 0 0.2 0 0 0 0 11 0
0 0 0 0 0 0 8 0 0 0 0 0 0 0 0 0 0 0 0 0
6.6 0 0 0 0 0 0 0 2 0 0 6.8 0 0 0 0 0 0.4 0.2 0
2.4 0 0 0 5.6 0 0 0 0 0 0 0 0 0 0 0 0 0 0 0
0 0 0 3.8 0 0 0.2 0 0 8 10 0 0 0 0 0 0 0 0 0
3 0 0 0 0 0 0 0 0 0 0 0 0 0 0 0 0 0 0 0
0 11.4 5.4 3.4 0 0 0.2 0 3.8 0 0 5.6 6 0 0.2 10.8 0.2 6.4 0.2 0.4
0 12.2 7.4 0 0 0 0 8.4 0 0 0 0 3 0 6 0 0 0 0 0
0.4 0 0 0 3 0 0 0 0 0 0 0 0 0 0.4 0 0 0.2 0 0
11.2 0 0 0 5.8 0 0 0 0 0 0 0 0 0 0 0 0 0 0 0
0 0 0 5.2 0 0 0 0 7.8 0 0 0 0 0 0 0 7 0 0 0
0 0.6 0 3 0 0 0 0 0 2 0 0 0 0 0 0.4 0 0 0 21
0 0 0 0 2.6 0 15.2 0.2 0 0 0 9.4 8.6 0 0 0 0 0 0 15
4.4 0 0 8.6 8 1.6 0 0 0 0 0 0 0.4 0 2 0 3.2 6.8 0 0
1.6 0 0 0 0 0 0 0 8.8 0 0 0 5.4 0 0 0 4.4 5.8 0 0
0 0 0 0 0 0 0 0 0 0 0 0 10.2 0 0 0 0 0 0 11.8
8 0 0 4.4 0 6.8 4.6 14.4 2.6 0 0 0 0 0 3 0 10.2 12 0 0
0 0 0 0 0 0 0 0 0 0 0 0 0 0 0 1.2 0 9.8 0 0
7.8 0.2 0 0 0 0 0.8 0 0 5.6 0 4.2 0 0 0 0.4 0 0 1 0
0 0 0 0 0 4 0 18 0 0 0 0 0 0 0 0 0 0 0 0
0 0 0 0 0 0 0 0 0 0 0 0 0 3.2 0 0 4.6 0 0 7.2
0 0 0 0 0 0.2 0 0 0 0 0 2.8 0 0 0 0 0 0 0 0
1.2 0.2 5.6 0 0 0 0 5.8 3 0 0 0 0 0 0 0 3.2 0 27 0
0 0 0 0 6.4 0 0 0 0 0 0 0 0 0 0 0 6.6 0 0 0
0 6.8 0 0 0 4 1.4 0 3.8 0 4 0.2 0 0 0 5.6 0 1 1.8 2.4
0 0 0 0 2 0 0 0 0 0 0 0 0 0 0 0 0 0 0 0
7.6 25 9 0.2 5 0 0 0 13.8 0 0 0 13.4 0 0 0 11.8 19.2 0 0
0 0 0 5 0 0 0 0 0 0 0 0 0 0 0 0 0 0 0 0
0 0 0 0 0 0 0 0 0 0 0 0.2 5.6 0 0 0 0 0 0 9.2
0 0 0 0 0.2 0 0 0 0 0 0 0 0 0 0 0 6.8 0 0 0
2 0 0 0 0 0 0 0 0 0 0 0 0 0 0 0 2 0 0 0
0 2.8 3.2 0 0 0 0 0.2 0 0 0 0 2.8 0 0 0 0 0 0 0
0 0 0 0 0 0 0 0 0 0 0 0 0 0 0 0 0 8 0 0
0.4 0.2 0 0 1.6 0 4.6 0 0 0 0 0 0 0 0 0 0 0 0 0.2
0 0 0 0 0 0 0 0 7.8 0 0 0 0 5 0 0 0 0.2 0 0
0 0 0 10 0 0 0 0 0 0 0 0 0 0 0 0 0 0 0 0
0.2 0 0 0 6.8 0 0 0 0.2 0 0 0 0.2 0 0.2 0 7.4 0 0 0
0 0 0 0 0 0 0 0 0 0 0 16.4 0 0 0 0 3.8 6.8 0 0
0 0 0 0 0 0 0.6 0 0 0.6 0 0 0 4 0 1 8.4 0 4.4 0
3.6 0 0 0 0 0 0 0 0 0 0 0 0 0 0 0 2.4 0 0 0
6.2 0.6 4 0 0 1 0 0 6.6 0 21.8 0 0.4 0 0 0 0 0 0 10.4
3.6 4 0.2 15.2 4.4 0 26.2 16 8.6 1 0.2 0 9.4 0 2.6 0 2.2 3.8 0.2 1.4
2 0 0 0.2 4.6 0 0 0 0 0 0 0 0 0 0 0 2.2 0 0 0
0.6 0 0 0 8.4 0 0 0 0 0 0 0 0 0 0 0 0 0 0 0
0 0 0 0.6 0 8.2 0 0 0 0.2 0 0 4 0 0 0.2 0 0.2 1.6 0
0 0 0 0 3 0 0 0 0 0 0 0 0 0 0 0 1 0 0 0
0 0 0 3.4 0 0 0 0 3 0 0.6 1 0 0 0 0 0 0 0 0
0.6 0.2 0 8.8 1.4 27.4 0 8.4 0 0 0 0 0.2 15 0 0.8 0 0 21.8 9.4
0 7.6 4 0 0.6 0 0 12.8 0 0 0 0 0.2 0 0 0 1.4 0 2.4 0
0 0 0 0 0 0 0 0 0 0 0 0 0 0 0 2 3 0 0 0
0 0 0 0 0 5.6 7.4 0 0 0 0 0 0 4 0 5 0 0 0 0
0.2 0 0 0 0 0 0 0 0 0 0 0 0 0 0 0 8.8 0 0 0
0 0.2 0 7.4 0 8.6 0 1.8 0 0 0 0 0 0 0 0 0 0 0 0
0 0 0 2.6 0 0 0 0 0 0 0 0 0 0 0 0 0 18.2 0 0.2
0 14.4 0 10 0 0 0 18 2.2 0.2 0 0 0 0 0 0 0 6.6 0 5.6
0 0 0 0 0 0 0.4 0 6.2 0 0 34 0 0 0 0 3.6 8.8 0 0
0 0 0 16.2 0 0 0.2 0 0 0 4.4 3.6 0 4.6 0 0 6 11 0 0
0 2.4 0 0 0 0 0 0 0 0 0 0 0 0 0 0 0 2.6 0 0
0.4 0 0 0 0 0 0 0 0 0 0 0 0 0 0 0 2.6 0 4 0
3 0 0 0 0 0 0 0 0 0 0 0 0 0 0 0 0 0 3 0
9 0 0 3.8 0 0 0.2 0 0 0 0 0 0 0 0 0 0 0 0 0
0 0 0 0 0 0 0 3.2 0 1.8 0 0 0 0 0 0 0 0 7.8 3.2
0 0 0.6 0 0 4 0 0 0 7 8.4 0 3 0 0 0 0 0 0 7
0 0 0 0 0 0 1.6 0 5.6 0 0 6.4 0 0 0 0.2 0 2.2 0 0
0 0 0 0 0 0 0 0 0 0 0 0 0 3 0 0 0 0 0 0
5 0 0 0 0 0 0 0 0 0 0 0 0 0 0 0 0 0 0 0
7 0 0 0 0 0 0 0 0 0 0 0 0 0 0 0 0 0 0 0
0 0 0 0 0 0 0 0 0 0 0 0 0 0 0 0 10.8 0.2 0 0
0 0 3.2 2 0 0.2 0 20.6 0 14.4 0.6 4 0.4 0 4.2 2.4 0 0 0 0
0 3.2 0 0.2 0 0 0.6 0 6.2 0 0 0.4 0.2 3.8 0 8.4 0 0 0 0
0 0 0 6.8 5 0 0.2 0 0 0 0 0 0 0 0 0.2 0 4.8 0 0
0 0 0 3 0 0 25.8 0.2 0 0 0 0 0 0 0 0.6 0 0 0 10.4
0 11.8 0.2 0 4.4 0 2.2 5.6 0.2 7.8 2 11.8 0 0 0.4 13.6 13 4.8 0 0.2
6.2 0 0 0 1.8 0 0 0 0 0 0 0 0 0 0 0 0 0 0 0
0 0 2 0 0 0 0 5.2 1.8 0 0 1.8 0 0 0 0 0 3.6 7.6 0
0 0.4 0 2.4 0 0 0.4 1 2 1.2 2.2 17.4 0 0 2.2 1 5 4.8 0 1
0 0 0 0 0 0 0 0 0 0 0 4 0 0 0 0 0 0 0 0
0 0 0.4 0 0 0 0 3.6 1 0 0 0 0 0 0 0 0.2 4.8 0 0
0 0 0 0 0 0 0 0 0.2 0 8 5.2 0 10.2 0 8.4 4 0 5.8 6.2
0 0.6 0 0 4 0.8 0 2.4 0 0 0 0 0 2.8 0 0.4 0 0 0 0
1.4 9.8 0 0 0.8 0 0 0 0 0 0 0 0 0 0 0 3.8 8.2 0 0
0 0 0 0 0 0 0 0 0 0 5 0 0 0 0 0 0 0 5.8 4.2
7 0 0.2 0 0 14 0 0 0 0.2 0 0 2.2 0 0 0 0 0 0 1.4
0 1.6 0 13 0 0 8 0 0 0.2 11.8 0 0.2 5 0 2.6 0 0 6.8 20.8
0.6 0 0 0 0 0 0 0 8.8 0 0 9.6 0 0 0 0 0 0 0 0
0 0 0 9 0 0 0 0 0 0 0 4 0 0 0 0 0 0 0 0
6.8 6.2 0 0 2.2 0 0 0 0 0 0 7 0.8 5 0 0 0 0 0 0
0 6 4.4 0 0 2.2 0 0 0 2.4 0 0 0 9.6 0 10.6 0 0 9.2 1.6
0 0 3 4.6 2.2 13 0 0 0.2 0 0 0 0 0 0 0 0 2 0 0
0 0 0 0 0 0 0 1 0 0 0 0 0 0 0 0 0 0 0 0
2.8 9.6 4 0 2 0 0.8 0 0 0 0 0 0 0 0.2 0 0 1.6 0 0
0 11.6 0 0 0 0 0 0.2 6 0 9.4 0 0 5.8 0 0 0 0 0 19
0 0 0 0 0 0 0 0 0 0 0 0 0 0 1 0 0 0 0 0
0 4 7 0 0 0 0 0.2 4 0 0 0 4 0 0 6.4 0 0 0.4 0
0 14.8 0 5.4 0 0 0.2 3.6 0.6 0.2 8 16.6 12.4 2 0 4.4 3.8 0 0 0
0 1.6 0 0 0 0 0.6 0 0 0 0 0 0 0 0 0 0 0 0.2 2.6
0 0 0 0 0 0 0 0 0 0 0 6.6 0 0 0 0 0 4.4 0 0
0 0 0 1.4 4 0 8.4 0 0 0 0 0 0 0 0 0 0.2 0 0 0
0 0 0 0 0 0 0 0 0 0 0 0 0 0 0 0 3 0 0 0
3 0 0 0 0 0 0 0 0 0 0 0 0 0 0 0 1 0 0 0
0 0 0 2.8 0 0.2 0 0 3 0 5.2 0 0 8 0 0 0 0 3 3.8
0 0 4 0 0 0 0 3 0 0 0 0 0 0 0 0 0 0 0 0
0 0 0 8 0 0 0 0 0 0 0 0 0 0 0 0 0 0 0 0
0 0 0 0 0 0 0 2 0 8.6 4.4 0 0 0 0 0 0 0 5 0
0 0.2 0 0 0 0 0 0 0 5 0 0 0 0 2 0 0 3.8 0 0
0 8.8 0 0 0 5.8 12.6 0.2 0 0 5.4 11.2 0 0 0 0 2 0 0 0
0 0 0 0 0 0 11.2 2.2 0.8 0.4 0.4 0 2.4 0 3.6 0.8 0 0 0 8.2
0 0 0 10.6 0 0 0 5.2 11.4 0 0 0 0 0 0 8.8 0 0 7.8 0.2
0 12.6 0 0 0 0 0.6 0 1.8 0 0 0 0 0 0 0 0 2 0 0
0 3 0 0 0 1.8 0 0 0.2 0.2 0 0 12.6 0.2 0 0 0 0 0 0
0 0 0 0 0 0 0 0 0 0 0 0 0 0 0 0 0 0 5 0
5.4 11 5.4 0 0 0 5.2 4.4 6.2 4 0 0.4 0 0 0 0 0 0 0 0
0.4 25.4 2.2 0 0.2 0 0 0 16.2 10.2 0.2 13.2 0 0 0 0.6 3 0 2 0.4
3 0 0 0 0 1 0 5 5.8 0.4 0 0 0 0 0 4 0 10.2 0.6 0
0 0.8 0.2 0.4 0 0 0 14.8 0 4.8 0 15 0 0 0 3.4 0 0.6 0 0
0 0 0 0 0 0.4 2.2 0 0 0.4 0 0 1 8.8 0 1.2 0 0 0 0
0 0 0 0 0 0 0.6 0 0 0 0 0 0.4 0 0 0 0 3 0 16
0 0 0 7.2 0.2 0 0 0 0 0 0 6.6 0 0 0 0 1 0 0 0
0 0 0 0 0 0 0 0 0 0 2.8 0.2 0 0 0 0 0 0 0 2
0 0 0 0 4 0 0 0 0 0 0 0 0 0 0 0 0 0 0 0
0 0 10 0 0 0 0 6 0 18.8 0 0 0 4 0 8.6 0 0 0 0.6
0 0 0 0 0 0 0 0 0 0 0 3.8 0 0 0 0 0 0.2 0 0
0 0 0 11.4 0 0 3.6 0 0 0.6 2.4 0 1.8 0 0 15.8 0.2 0 0.2 4
0.2 0 0 0 4.6 0 0 12 0 0 0 8.4 0 0 0 20.6 0 0.2 0 0
6.2 3 8.6 2.4 0 11.4 0 4.6 0 6 27.4 3 10.6 12.2 0 0 0 3.6 11 0
0 4 0 6.6 0 0 0 0 0 0 5.4 0 0 0 0 0 0 0 0 0
4 0 0 0 0 0.8 0 0 0 0 0 0 0 0.2 0 6 0 15 0 0
0.8 0 0 0 0 0 0 0.2 0 0 0 0 0 0 0 6.8 0 0 0 0.2
0 0 0 0 0 0 0 0 0.6 0 0 7.2 0 0 0 0 0 0.2 0 0
0 0 0 0 0 0 0 0 0 0 18.4 0 4.8 0 0 0 0 0 4.2 17.6
0 0 0 0 9.8 0 0 0 0 0 0.2 0 0 0 0 0 0 0 0 0
0.4 0 0 0 4.4 0 0 0 0 0 0 0 0 0 0 0 0.2 0 0 0
0 0 0 0 0 0 0 0 5 0 5 0 0 0 0 0 0 0 0 0
0 0 0 0 4 0 7.8 4.2 0 0 0 0 0 0 0 0 0 0 0 0
0 0.8 0 0 0 0 0 21.6 1.8 0 0 11.6 10 0 0 0 0 0 0 12.2
0 0 0 0 0 0 0 0 3 0 0 0 0 0 0 0 0 1 0 0
0 5.8 2 0.2 0 0 0 16.2 9.2 4 0 0 0.2 0 0 0 0 0 10.4 0
0 0 0 0 0.4 0 0 0 0 0 0 0 0.2 0 0 0 0.6 10.8 0 0
0 0 0 0 0 0 0 0 0 0 0 0 0 0 0 3 5 0 0 0
0 0 0 10 0 0.4 0 0.2 0.8 0 0 0 3.6 0 0 3.4 0 11.2 0 5.4
0 7 0 0 0 0 5 0 0 0 0 0.2 3.8 0 0 0 8 0 16.8 0.2
0 0 0 0 0 0 0 0 0.6 0.2 0 7.6 4.2 0.6 0 5.2 0 1.2 4.4 0
0 0 0 5 0 0 0 0 0 0 0 0 0 0 0 0 0 0 0 0
3 0 0 0 0 0 0 1 0 0.4 0 5 8.2 0 0 0 0 0 0 8.4
0 7 3.4 0 0 0.2 0 0 0 10.8 0 0 4.6 4.2 0 0 0 2.6 0.2 0
0 0 0 0 0 0 0 0 0 0 0 1 5 0 0 0 0 0 0 0
7.6 8 5.2 0 0 0 0 0 13.4 0 0 8.2 0 0 0.2 2.4 0 0 0 0
0 0 0 7.8 0 0 0 0 0 0 9.2 0 0 0 0 0 5 0 0 0
9.6 0 0 0 0 0 0 0 0 0 0 0 0 0 0 0 0 0.4 0 0
8 0 0 0 0 0 0 0 7 0 0 0 0 0 0 0 0 0 8.8 0.2
0.4 0 0 0 0 0 0 0 0 0 0 0 0 0 0 0 2.6 0 0 0
4.6 0 0 0 0 0 0 0 0 0 0 0 0 0 0 0 0 2.4 0 0
0 0 0 0 3 0 0.2 18.6 0 8.8 0 0 4.4 0 0 0 0 0 0 0
0 0 0 0 0 0 0 0 0 10 0 0 0 0 0 0 0 4 0 0
0 0 0 0 0 10.6 0 0 0 0 6.6 0.2 0.2 0 0 0 0 0 0 11.4
0 0 0 0 0 0 0 0 6 0 0 1 0 0 0 0 0 14 0 0
0 0 0 9.2 0 0 0 0 0 0 0 4.8 0 0 0 0 3.6 0.4 0 0
0 52.8 0.8 0 0 0 0 0 0 0 0 0 0 0 0 0 0 0 12.6 15.8
0 4.6 4 4 0 0.6 0 5.2 6 0 0.8 0 2.8 0 0 1.2 0 0 10.6 1.2
0 0 1 20.4 0.4 0 0 18.6 6.2 0 0 3.8 10.4 1.2 0 0 0 0 2.2 13.8
0 4 0.4 13.6 0.8 0 0 0 0 0 0 3.2 17.4 0 0.2 0.2 0 0 1.2 0
4 0.4 3 0 0 4.6 0.4 0 0 1.2 3.6 5 0 3 1.4 22.6 0 0 8.8 22
0 0 0 0 0 0 0 0 0 0 0 0 0 0 0 14 0 0 0 0
0 0 0 0.2 0.2 0 0 0 0 0 0 0 0 0 4 0 12.6 0 0 0
0 0 0 0 0 0 0 0 0.2 1.2 0.6 2.8 4.2 0 0 0 0 4 0 0
0 18.4 0 0 0 0 0 0 0 3.6 0 0 0 0 0 0 0 0 0 0
9.2 0.4 23.4 11 0 0 0.2 0 4.8 16.2 0 10.2 16.6 0 0 0 0 0 6.2 42.8
0 0 0 0 0 0 0.4 0 0 0 0 6.6 0 0 0 0 0 0 0 0
0 0 0 0 2.8 0 0 0 0 0 0 0 0 0 0 0 0.2 0 0 0
7 21 14.8 5.8 0.4 0 0 11.2 7.2 10.2 9.4 4 0.6 18.2 0 3.8 0 4 8.4 0
0 24.8 7.8 1 0 0 0.2 14.4 0 13.4 0 15.6 7.4 0 0 0.6 0 0 11.8 0
12 0 0 0 0 0 0 0 0 0 0 0 0 0 0 0 0 0 0 0
0 0 0 0 0 0 0 0 0 0 0 0 0 0 3 0 0 0 0 0
0 0 0 0 0 0 0 0 0 0 0 0 0 0 0 0 0 0 17 0
2.2 0 0 0 2.8 0 0 0 0 0 0 0 0 0 2 0 3 0 0 0
0 0 0 0.2 2.8 0 0 0 0 0 0 0 0 0 0 0 0 0 0 0
0 2.6 0 0 9 0.6 6.4 13.8 12.2 0 0 0 0 0 0 0 0 0 37.4 4
2 0 0 0 0 0 0 0 0 0 0 0 0 0 0 0 0 3 0 0
0 0 0 6.4 0.6 0 1.2 0 0 0 0 0 0 0 0 3 0 0 0.8 0
0 0 0 0 0 0 0 0 9.8 0 0 0 0 0 0 0 0 0.2 0 0
0 0 6 0 0 0 0 0.4 0 23.4 0 0 0.2 0 0 0 0 0 0 0
0 10 4.4 0 0 0 13.2 0 12.6 0.6 4 0 4 0 0 0.2 0 0 8 0
0 9.6 0 0 0 0 0 0 9.2 0 8 0 0 8.4 0 0.8 5 0 0 0
0 0.2 8.4 0 7 0 0 5.4 10.8 16.2 12 12.8 0 0 0 6.2 0 0 16.6 10.4
3.8 0 0 0 0 0.8 0 0 0.2 0 0 0 0 0 0 6.8 18.2 38.2 0 0
0 3.4 1 0 0 5.4 4.2 4.2 0 18.4 0 0 0 0 0 0.8 0 0 0 0.6
4 0 0 14.4 0 18.4 4.4 0 0 0 4.6 0 0.2 0 0 0 0 0 0 25
10.4 0 0 0 0 10 0 3.2 0 0 0 4.4 0 0 0 1 0 0.2 8.6 12.2
0 0.8 0 0 0 0 0 2.8 0 0.6 0.8 6 0.2 9.6 0 0.2 0 0 0 0
4 0 2 0.2 0 6.8 0 12.4 0 0 38.2 0 0 0 3 2.6 0 0 9.2 0.6
0 0 0 0 0 0 4 0 0 0 0 0 0 0 0 0 0 0 0 0
0 12 8.8 0 0 0 0 9.8 1.4 4 0 0 11.6 0 0 0 12.4 1.6 10.4 0
0 0 0 0 0 0 0 0 0 0 0 0 0 0 2.2 0 6.8 0 0 0
0.6 5 16.6 13 0 0 0 22.8 12.4 14.4 0.4 5 8.8 0 4.2 0 1.2 0.4 18.2 0
1 0 0 0 0 0 0 0 0 0 0 4 0 0 0 0 5 0 0 0
0 0 0 0 13 7.4 0 16.2 0 0 10 0 0 0 0 5 0 0.6 0 8.8
0 0 0 5.2 0 0 0 0 0 0 0 0 0 0 0 0 0 6.8 0 0
0 0 0 0 3.6 0 0.2 0 5 0 0 1 0 0 0 0 0 5.6 0 4.6
0 16.8 4.4 0 0 4.6 19 9 2.4 0 0 0 17 16 0.8 0 1.2 6 0 12.8
0 0 0 5 0 0 0 0 0 0 0 0 0 0 0 0 0 0 0 0
0 17.4 8 0 0 0 0.2 4 0 6 10.6 0 8.8 13 0 0 0 0 0 0
0 0 0 7 0 14.2 0 0 0 0 0 0 0 41 0 13.8 0 0 19.8 0.2
0 10.2 0 1 0 0 0 9.2 1 0 0 1.8 4.2 9.6 0 16.4 0 0.4 0 12.2
0 0 17 0 0 0 9.6 2.4 8.6 11.2 0.2 18.8 0.2 0 0 0 0 0 0 0
0.2 0 0 6.6 0 0 2.8 0.6 0 0 5 0.2 8.4 0 0 9.8 0 0 2.4 0
3.8 0 0 0 0 0 0 0 0 8.4 0 0 0 0 0.2 0.6 0 0 0 0
0 0 0 0 0 0 0 0 0 0 0 0 0 0 0 0 2 0 0 0
0 0 11.6 5 0.4 0 0 11.4 0 5.6 0 2.8 2 0 0 2.2 5.6 0 18.2 0.2
0 0 0 0 0 0 0 0 0 0 0 0 0 0 3 0 0 0 0 0
0 4.6 0.2 0 0 0 16.4 6.8 8.4 0 0 0 0 0 0 0.2 8.4 0 0 0
0 0 0 0 0 17.4 0 0 0 2.6 14 0 0 16 0 0 0 0 0 0
0 0 0 0 0 0 4.6 0 0 0 0 0 0 0 0 0 0 0 0.4 0
0 0 0 0 0 0 19.8 0 0 0.4 0 4.4 0 0 0.6 4.6 1.6 0 0 7.6
0 0 0 18.4 0 0 0 0 13 0 0 0.6 0 0 0 0 0 0 0 0
0 0 0.4 0 0 0 0 0.2 0 9.4 2.6 0 3.8 0 0 0.2 0 0 13.4 0
0 0 1.2 0 0 9.8 0.2 0.6 0 4 0.4 0.6 2.2 16.2 0 19.4 0 0 12.6 8.8
0 0 1 5.8 2.6 3.6 14.4 4.6 0 10.4 0.6 0 5 0.2 0 0 8.6 1.8 6.6 20.8
11 31.6 22 0 0.4 12 0.6 0 0 2.2 10.8 12.8 3.4 3 0 0 7.8 0 0 1.4
4.2 0 0 0 0 3 0 0 0 1.2 0 0 0 0 3 5.2 0.6 1.8 0 0
0 4.6 12.4 0 0 0 0.2 0 0 5.4 0 9.8 0 4 0 10 0 0 22.6 0
0 0 0 0.2 5 1 0.8 0.2 0 2.4 0 0 0 5.4 0 2 0 0 0 0
1.4 20.6 14.8 5 2 0.2 0 0 13.6 0.2 0 0 0 0 4.2 6.8 4.2 1 0 1
0.4 7.8 14.8 0.4 5.4 0 0.6 0 4.6 11.8 22.8 0 6.8 3.4 0 0 0 1.8 0 0.4
0 0 0 0 5 0 0 0 0 0 0 0 0 0 0 0 0 0 0 0
0 0.2 11.2 7.8 0 0 0.2 14.8 0 0 0 8 0.2 0 0 0 0 0 14.6 0
0 0 0 0 0 0 0 0 2 0 0 0 0 0 0 0 0 3 4 0
4 0 0 0 0 0 0 0 0 0 1.4 0 0 8 0 0 0 0 8.6 0
0 6 4.8 0 4 15.8 11.4 0 0 7.8 14 0 9.6 20.6 0 0 0 0 0 0
0 0 0 0 0 0 0 0 0 14 0 0 0 0 0 0.2 0 0 2.8 0
0 0 0 0 0 0 0 0 0 0 0 0 0 0 0 0 5 0 0 0
0 0 0 13.2 0 5.6 18.8 0.2 4.6 0 17.4 5.4 0 0 0 0 0 0.2 0.2 10.4
0 7.6 5 2.8 0 0 0 7.8 0.2 0.4 3.8 1.2 0 9.2 0 0 0 15 0 33
0 0 0 8.4 6.2 0 0.8 6.2 8.6 5.4 2.8 0 0 0 0 0.2 0 0.2 3.2 0
0.6 4.6 2.8 0.2 0 0 13.8 8.4 7.2 0.8 0 0.4 8 0 0.2 16.8 0.4 3.6 4 0.2
0 12.8 10.8 0 0 0 0.2 7.2 1.4 4.2 3 0.2 0.2 0 0 0 0 0.2 0 0.8
0 15.4 6.6 0 0 0 1.4 0 18.2 0 0.2 11.8 0.4 0 0 12.6 2.6 0 0.4 0.4
0 0 0 0 0 0 0 0 5.4 0 0 0 0 0 0 0 0 5.6 0 0
0 0 0 9.4 0 0 0 0 0 0 0 14.2 0 0 0 0 0 0.4 0 0
0 0 0 0 0 10.6 0 0 0 0 0 0 0 0.2 0 15.2 0 0 0 1
10.4 0 0 0 2.6 0 0 0 0 0 0 0 0 0 0 0 0 0 0 0
0 4.4 0 0 0 0 0 0 0 0 0 0 0 0 0 2.8 0 0 1.2 0.6
7 0 0 0 0 0 0 0 0 0 0 0 0 0 0 0 0 0 0 0
0 0 0 14.2 9.2 0 0 13.2 0 8 13 0 0 3.8 0 0 0 0 0 0.6
0 0 0 0 0 0 0 0 0 0 0 0 0 0 0 0 9 0 0 0
0.2 0 0 0 0 0 0.2 0 0 0 0 0 0 0 0 0 3.6 0 0 0
1 0 2.8 9 0 0 0 0.2 4.4 0 0 0 0 0 0 0 0 8.6 0 0
0 0 0 0.2 8.8 0 0 0 0 0 12.8 0 0 0 0 0 0 0.2 2 0
0 0 0 0 0 0 0 0 0 0 0 0 0 0 0 0 0 5 0 0
0 0 0 3.2 0 0 0.6 0 0 0 0 6.8 0 0 0 0 0 0.2 0 11.2
0 5.4 0 0 0 0 0.8 7 0 8.8 0 2.8 0 0 0 1.8 0 0 6.4 0
1.4 0 0 0 5.4 0 0 0 0 0 0 0 0 0 0 0 8.2 0 0 0
1.6 16.4 6.6 12.8 6.4 0 25.2 0 0 0 3.8 0 0.2 0 0 14.2 2.8 0 28.2 0.8
2.2 0 0 0 0 0 0 0 0 0 0 0 0 0 0 0 1.8 0 0 0
0 0 0 2.4 3.2 0 0 0 0.2 0 0 0 0 0 0 0 0.2 0 0 0
0 0 0 0 0 0 0 0 3 0 0 0 0 0 0 0 0 0 0 0
0.2 0 0 0 0 0 0 0 0 0 0 0 5 0 2 0 6.8 0 0 0
0 0 0.4 3 0 0 0 0 0 0.2 0 0 5.8 0 0.6 0 0 0 0 0
0 0 0 0 0 0 0 4.4 0 0 0 0 0 0 0 0.2 0 0 0 0.4
0 0 0 0 0 2 0 0 0 0 16.4 0 0 0 0 0.8 0 0 0 0.8
0 0 0 0 0 0 0 7 0 14.8 0 0 0 0 0 0.2 0 0 0 0
0 0 0 11 0 0 0 4 0 0 0 0 6 0 0 0 3.8 0.2 0 0
3.4 17.4 0 0 0 15.8 2.2 4 0.2 20.6 4 6.6 0 0.2 0 3.6 0.6 0.2 0 0.2
0.6 19.4 0 0 0 0.4 0 4.4 9.8 0 10 8 8.8 7.4 0.2 0 0 20.4 11.6 0
0 4 0.2 0 0 0 0 0 0 0 0 0 2.8 0 0 0 0 0 0 0
0 0 0 0.6 0 0 0 0 0 0 0 4.2 0 0 0 5.2 0 0 0 0
0 0 0 0 0 0 0 0 0 0 0 0 0 0 0 0 7 0 0 0
0 5.8 18 3.4 0.2 0 0 30.4 6.4 25 0 0.2 19 0 3.6 0.8 0 0 13.2 0
0 0 4.8 0 3 0 0 12.2 0 0 0 0 0 5.4 0 0.2 0 0 14.4 0
0 0.2 0 0 4.4 3.4 3.6 0 0 0 9.4 0 2.2 0 0 17.8 0 0 0 0
0 0 3 0 4 0 0 0 4.6 14.4 0 0 0 0 0 16.4 0 1.4 0 0.2
0 0 0 0 2 0.2 0 0 12.8 0 0 0.4 0 0 0 0 0 0 1 11.6
0 5 0 4.2 0 9.4 0 0 0 0 18.8 0 9.2 0.2 0 0 0 0 0 0.2
6 0 0 0 1.8 0 0 0 0 0 0 0 0 0 0 0 0 0.2 0 0
0 1.8 1.2 2.8 0 0.6 0 0 3.2 6 9 0 15.2 8.2 0 0.2 0 0.2 0 19.6
0 0 0 0 0 0 1.6 0 0 0 0 0 0 0 0 0.2 0 1.2 0 0
0 33.8 3.4 0 3 5.6 0 5 0 0.2 0.2 0.2 1.2 6.4 0 0.2 4 1.6 20.2 0
0.2 0.2 0 0 0 0 0 0 0 0 0 7.2 15 0 0 0 0.2 0.2 0 0
0 0 3.8 0 6 8.4 0.2 29.2 5.6 13.8 4 0.4 0 32 0 0 0 3 0 6.6
1.4 0 0 0 1.6 0 0 0 0 0 0 0 0 0 0 0 0 0 0 0
0 0 0 0.2 1 20.6 0 0.8 0 4 0 10.8 1 4.8 0 0.4 2.8 0 14.6 0
11.4 0 0 0 0.6 16.8 6.6 0 0 0 0 0 0 5.6 3 0 0 0 0 0
24.2 5 45 0.4 0 0 8.2 19.2 24.2 22.4 0 15 0 5.8 0 7.2 0 0.8 17.6 0
1.2 41.8 11.6 0.2 0 0 0 5.8 16.6 6.2 0 0.2 0 0 0 0 0.2 0.2 23 0
12 0 0 0 0 0 0 0 0 3.8 0 0 0 0 0 5.4 0 11.8 0 0
5.8 0 0 0 0 0 0 0 7 0 0 0.4 0 0 0 0 1.6 9.2 0 0
0 0 0 2.2 0 9.4 0 0 0 0 0.8 1.4 0 0 1.6 0.4 0.4 0 0 24.8
0 0 0 0 0 1.4 0.2 5.4 0 19 2.6 8.8 0 12 0 16.6 0 0 4 12
1 17.6 28 0 0 0 7 0 3.8 0 0 0.6 0 0 0 11 1.4 8.4 8.8 0.4
9 0 0 0 0 0 0 0 0 0 0 0 0 0 0 0 0 0 0 0
0 0 0 0 0 6.4 0 0 0 16.8 5 8 2.2 4.4 3 6.2 0 0 1.2 6.8
0 0 0 0 0 0 0 0 1 0 0 16.2 0 0 0 0 0 3.6 6.2 0
0 0 0 0.4 0 0.2 0 0 1.2 0.2 0 21.4 0 0 0 0 0 7.6 0 0
0.2 0 0 0 0 0 0 0 0 0 0 0 0 0 5 0 8.8 0 0 0
6.4 18.8 3.8 0 1 4.8 2.6 17.8 4.6 17.4 23 0 14.4 3.2 3.6 7.2 0 0 8.2 15.2
1 10.2 0 9 0 8.2 0 0 0 0 21.4 0 28 30.2 0.8 0 0 0 31.4 35.8
0 0 0 0 0 0.4 0.4 7.2 0 22.4 5.4 0.4 15.8 0 0 3.6 0 0.2 48.4 2.8
6 0 0 0.2 5.2 0 0 0 0 0 0 0 0 0 0.6 0 0 0 0 0
0 0 0 0 0 9.6 0.2 0.2 0 0 2.4 0 0 28.6 1.4 3.6 8 2.2 7 9.8
0 0 0 0 7 0 0 0 0 0 0 0 0 0 3 0 0 0 0 0
0 0.2 0 0 0 18.8 0.2 0 0 0.2 0 0 0 0 0 1.4 0 0 0.2 7
0 6.4 0 0 0 0 0 0 0 0 0 0 0 0 0 0 0 0 13.6 0
0 0 0 17 0 0 0 0 0 0 0 5 0 0 0 0 0 0 0 0
13 0 0 0 0 0 5 0 0 0 0 0 0 0 0 0 0 0 4.4 0.6
0 1 0 0 0 0 0.2 0 0 0.2 0 0 0 0 0 5.4 0 0 0 1.2
0 17.6 17 4.6 21.2 16.8 0 25.2 21.4 22.8 10.2 13.6 1.4 0.4 12.8 0 4.2 9.2 11.6 1
0.2 3.4 13.8 0.2 0.2 0 6.4 3.4 0 22 0 0.2 0 0 0 0.2 0.2 7.2 20.2 10.4
1.6 0 0 0 3.8 0 0 0 0 1.4 0 0 0 3 0 7.4 0 5 0 1.8
4.2 0 0 10 3 0.2 0 0 0 0 5.4 0 0 2.8 0 0 0 0 0 0.4
0 0 0 0.6 1 4.6 0 0 0 0.2 2.4 0 0 3.8 0 8.4 0 0 0 3
1.4 0 4.2 0.2 0 0 0.2 0 0 0 0 0 13 0 1.4 0 4.6 4 0 0
0 0 0 12.8 13 0 0 0 0 0 0.2 0 0 0 0 0 0 0 0 0
15.2 0 0 0 0.4 0 0 0 0 1 0 0 0 0 0 0 0 7.4 0 0
0 38.6 3.6 9.2 9.2 0 0 0 6.2 0.2 0 0 0 0 0 10.8 5 0.2 0 0
0 0 0 0 0 20 0 0 0 0 0 0 0 21 0 0 2 0 0 0
0 0 0 0 0 0 0 0 0 0 0 0 0 0 0 0 17 0 0 0
23.4 0 0 0.4 10.8 0 0 0 0 0 0 0.2 0 0 0 0 0.2 0 0 0
2.2 27.8 16.8 4.6 0 15.6 16.8 16.2 6 0 8.4 1 4.8 15.6 0 14.2 0 9.6 10.6 22.8
0 0 0 6 4 0 0 0 0 0 0 0 0 0 0 13.4 0 12.6 0 0
7 0 0 0 4 0 0 0 0 0 0 0 0 0 0 0 0 0 0 0
0.2 0 0 0 0 0 25.8 0 0 0 0 0 0 0 0 0 0 0 0 0
0 0 0 0 0 0 0 0 0 0 0 0 0 0 0 0 6 0 0 0
0 0 0 0 0 0 0 0 5 0 0 9 1 0 0 0 0 0 0 0
0 10.6 19 5 0 9.6 7.2 10.4 24.4 8.8 0 0.2 28.6 0 0 0 2.6 0.4 26.2 0
0 12.8 0 0 0 1.2 5.8 5 11.6 6.2 0 0 16 0 0.6 8.4 0 0 0 16.4
0 1 0.8 15.4 0 0 13.2 22.2 0 6.2 6.4 6.8 0 4.6 0 0.2 0 0 0.2 14
0 0.2 0 0 4.2 0 0 0 0 0 0 0 0 0 0 0 0 16.6 0 0
0 0 0 0 8.6 0 0.2 0 0 0 0 0 0 0 0 0 0.2 0 0 0
13 0 0 0 0 0 0 0 0 0 8.8 0 0 0 0 0.2 0 0 0 0
3 0 0 0.2 0 0 0 0 0 0 0 6.8 0 0 0 0 0 0 0 0
0.4 11.2 0 0 0.2 0 14.8 16.4 8 0 0 0 6 0 0 0 0 0 0 0
0.2 0.6 0 0 0 0 0.6 0 0 0 0 0 0 0 0 0 6.4 0.2 0 0
3 0 0 6.2 0 0.6 4.4 0 3.4 0 0 0 3.6 0 1 0 0 9.8 0 0
0 0 0 0 0.2 0 0 0 0 0 0 0 0 0 0 0 18.8 0 0 0
0 10 0 6.2 0 5.8 1.2 0 4.4 9.4 0 11.4 0 0 0 0.6 0 0.8 4 0.2
1.2 0 0 0 7.6 0 0 0 0 0 0 0 0 0 5 0 6.2 0 0 0
2.8 0 1 5 0 0 0 0 0 0 32.8 3.2 0 0 0 0 0 0 0.2 0
6 6.4 37 0 0 13.6 0 17.4 12.8 43 17.2 14.4 7.6 22.4 0 0 0 0 18.2 0
7.8 0 0 0 2 0 0 0 0 0 0 0 0 0 5 0 25.2 0 0 0
0 0 1.2 0.6 2 0 0.2 4.2 9.2 11 5.8 0 5 9.4 0 24.6 0 0.2 0 16.6
0.2 6.8 1.2 0.4 0 0 11.2 8 0 0 0 16.2 2.6 0 0 0 0 1.2 21.2 0
0.2 0 0 0.4 0.2 0 0 0.4 0.8 19.4 0 0 0 18 2 9.4 18 0 3.2 0
3 32.8 3.4 0.4 0 0 0 0 0 0.2 11.6 9.2 4.4 0 0.2 3.2 1 0.2 0.2 7.2
0 2.2 4.6 15.2 0 0 18.8 0 0 0 0 0 0 0.4 0.2 0 0 0 17.6 23
0 12.8 0 0 0 0 6.4 0 3.4 21.8 0 18.2 0 0 0 0 0 6.6 36 15.8
0.6 0 0 17.8 0 0 0 0 0.4 13.4 16.6 0 0 0 0 35.4 2.4 8.2 0.2 0
0.2 0.8 0.2 0 0 0 0 0 3.4 0 0 17.4 0 0 3.8 3.2 12.4 13 2.6 0
0 0 0 5.8 3.2 0 0.2 0 2.6 0 12.2 0 0 0 0 0 0.6 8.4 0 0
0 0 0 0 2 0 0 0 0 0 0 0 0 0 0 0 0 0 0 0
0 0 0 0 1 0 0 0 0 0 0 0 0 0 0 0 13.6 4.4 0 0
11.6 0 0 23.2 0.8 0 0 0 0 0 2.4 5.4 0 0 5.6 0 0 0 0 0
2.6 0 0 0 0 0 9 0 0.2 0 0 0 0 0 0 14.6 1.4 0 0 0.2
0 0 0 18.4 0 7 0 0 0 0 3.8 0.4 0 3 3 0 0 0.4 0 0
0.4 38.2 0 0 0 0 1.4 0 0 0 0 0.2 0.2 0 5 0.2 5.8 1.4 0 0.2
0 0.4 0 0.6 3.2 0 0 0 4 0 0 0 0 0 0 0 0.2 5.6 0 0
0 3 0 26.2 0 0 19.4 7 0 9.8 0 2.6 10.8 5.4 0.2 1.2 0 0 16.2 3.2
0 0 0 0 0 0 0 0 0 0 0 0 0 13.2 0 4 0 0 4.8 0
0 0 0 9 0.2 0 0.2 0 0 0 0 0 0 0 0 0 5.8 9.8 0 0
0 0 7 0 0 0 0 0 0 8 0 0 0 0 0 0 0 0 0 0
0 27.8 22.2 0 0 11.6 0 0.8 11.2 29.4 0 12 2.6 0 5.6 0.6 7 0 10.2 0
0 0 0 18.6 0 0 0 0 0 0 0 0 0 0 0 0.2 0 0 0 0.2
0.2 0 0 0.8 0 6.4 0.2 0 0 18 27 17 13.2 24.4 0 0.2 5.8 0.4 17 9.4
0 0 0 0 20 0 0 0 0 0 0 0 0 0 0 0 0 0 0 0
0 0 0 0 0 3.6 0.4 4.8 0 0 0 0 0 0 0 0 1 0 16.2 0
0 0.4 0 0 0 0 0 11.2 0 0 0 17.4 0 0 0 0 0 0 0 0
0 12.6 3.2 22.8 0 0 1.6 12.2 0 0 1.4 0 0 0 0 0.6 0 0.4 17.8 3.4
0 14.4 0.2 0.6 0.8 4 0 0 2.2 29 0 0 0 12.4 3 5.4 1.6 11.2 9.4 0.8
0 0 0 0 0 0 16.2 0 0 0 0 0 0.4 0 0 0 0 0 2.4 0
0 0 0 0 0 0 0 0 0 14.4 0 0 0 0 0 0.8 0 0 6.8 0
16.2 0 0 0 0 0 2.4 0 0.2 0 0 0 0 0 0.2 0 0 0 0 0
0.2 10.6 0 1 0 0 0 0 0 0 0.4 1.8 0 0 0 0 0 8.4 12.6 0
0 46 11.2 3.6 0 0 0 18.6 7.6 0 0 1 0 0 0 5.8 0 0 0.2 0
0 0 0 0 12.8 0 0 0 0 0 0 0 0 0 0 0 0.2 0 0 0
10 0 0 60 7.2 0 4 0 0 0 0 0.4 0 0 7.4 0 3.4 36.4 0.2 0
1.4 0 5.8 0 1 0.4 16.2 0 16.4 0 0 0 4 0 0 0 0 0.2 23.6 0
8.2 0 6.4 0.2 1 2 0 0 0 31.8 0.8 0 0 0 0 30.4 0.2 0 0 0
32 0 0 0 10.8 0 0 0 0 0 0 0 0 0 0 0 12 0.2 0 0
0 0 0 16.4 3.2 0 0 0 0 0 0 0 0 0 0 0 0 9.4 0 0
0 7.2 0 7 0 1 2.6 0 0 0 0 0 0 3 0 0 1 0 0 0.2
0 0 0 0 0 0.8 1 0 0 9.2 5.4 0 0 6.4 0 1 0 0 0 12.2
0.6 0 0 0 2.6 12 5.2 0 14.8 0 0 0 0 0 0.2 0 4.6 0 0 0
10.6 0 0 0 0 11.2 0 4.2 0 0 0 0 0 0.4 0 7 0 0 2 6.6
0 19.2 19.6 6 0 0 0 0.2 0 41.8 0 0 23.2 0.2 0 0 0 0 25.8 0
3 0 5.6 0 0 3.2 0 6.8 5.8 9.4 0 0 1.4 0 0 0 0 0.2 6.6 0
2.8 46.2 31 0 0 0 17.2 5 27.6 11 0.2 0 7 3.8 0 0 0.2 0 0 0
0 0.2 0 3.6 8.6 10.4 0 2.6 0 0 5.6 0 5.6 0 0 14.4 0 0.6 0 2.4
6.8 0 0 0 0 9 4.4 0 0 0 0.2 0 0.2 7.2 1 6.6 0 0 0 0.6
4.6 17.4 0 11.4 0 0 0 20.6 19.2 0 14 0 0 3.2 8 0 0 0 0 11.6
0 0 0 25.2 0 0 0 0 7 0 0 9 0 0 0 0 0 11.8 0 0
17.8 0 0 0 0 0 0 0 0 0 0 0 0 0 4.2 0 0 0 0 0
0 0 0 2.4 10 12.2 3.4 0.2 0 9 41.2 1 0 0 0 0 0 0 0.6 23
2 7.8 6.4 0 0 15.8 0 17.4 6.8 0 0.2 24 16.2 0.8 0 29.6 7.4 0.2 8.4 11
3.4 0.2 3.2 0 0 7.2 4 0 0.2 15.2 0 0 0 4 0.2 0 0 11.4 0 0
0.8 15.6 17 0 0 18.6 9.2 6.8 0 0 0 0 12.4 21.2 0 15.2 0.2 0 5 12
19.8 0 0 0 10.6 0 0 0 0 0 0 0 0 0 0 0 0.2 23.4 0 0
0 10 0 0 0 0 0 0.4 0 0.8 0 0 0 0.2 0 20 0 0 2.6 0
9.2 0 0 0 4.8 0 0 0 0 0 0 0 0 0 0 8 0 0 0 0
0 0 0 0 0 0 0 0 0 0 0 0 0 0 0 0 11 0 0 0
0 0 0 0 0 0 0 0 0 0 0 0 0 0 0 0 13 0 0 0
0 0 0 0 0 0 0 0 0 0 0 0 0 0 0 2.4 0 0 2.6 0
0 0 3.8 0 0 0 0.2 0 0 0 0 0 0 0 0 0 0 15.2 11.8 0
2 25.8 4.8 0 0 1.6 17.6 1 0 0.8 6.2 12.6 0 0.4 0 8.4 0 0 5.6 26.2
17.2 0 0 0 0 0 0 0 0 0 0 0 0 0 0 0 4.8 0 0 0
0 0 0 0 0 0.2 0 0 0 0 8.2 0 0 0 0 1 0 0 0 7.6
0.8 4.4 4.8 3.6 0 0 0 0 0.4 3 0 0.6 0 2.2 0 0 1.2 14.8 0.2 0
0 0 0 4.2 0 0 0 0 16.6 0 0 20.2 0 0 0 0 0 0 0 0
0 0 0.2 0 18.2 0 0 0 0 0 0 0 0 0 10.8 0 10.8 0 0 0
6 0 0 0 0 0 0 0 0 0 0 0 0 0 0 0 0 0 0 0
0 38.4 0 0 0 0 16.4 0 0 0 0 0.4 0 0 0 19.2 0 18.4 0 0.2
0 0 0 0 0 0 0 0 0 0 0 0 0 0 0 4.8 0 0 4 3.2
0 0 0 0.4 0 0 0 9.6 0 0 20 0 0 5.4 0 0 0 0 44 6.6
2.2 5.6 3 14.6 6.2 20.4 5.8 0.2 0 6.6 20.2 5.4 3.2 36.6 0 0.6 0 0 7.6 56.8
0 0 0 10 0 0.4 2.8 0 0 0 0 10.8 0 0 0 0 0 6 0 0
15.8 0 0 17.6 0 0 0.2 0 0.2 0 0 1.8 0 0 0 0 0 18.4 0 0
0 0 0 12.4 0 0 1.6 0 0 0 0 0 0 18.8 1.4 0 0 0 0.4 28.4
0 0.8 2 0 0 0 0.4 0 4 18 4 0 0 0.2 0 0 5.2 3.4 0 0
7.4 0 0 0 0 0 0.4 0 0 0 0 0 0 0 0 0 30.2 0 0 0
0 3.6 0 0 0 0 0 0.2 4 0 0 14 0 5 0 0 0 2.2 0 0
8.8 0 0 0 4.8 0 0 0 0 0 0 0 0 0 2.4 0 0 0 0 0
16.8 18.8 0 0 0 0 26.2 0 25 16.8 0 1.4 13.8 0 7 20.6 0 4.2 9.4 0
0.2 36.2 3.4 21.4 0 9.6 0.2 17.8 0 2.2 9.2 0 0 0 2.6 27.8 6.6 23.6 6.2 0
0 0 0 20.2 0 0 1 0 0.2 0 0 0.2 0 0 0 0 0 29.4 0 0
0.8 0.2 0 9 0 25 0.8 0 0 0 23.2 0 0 22.2 0 18.2 0 0 0 49.6
0 5.4 4.4 0 0 0 4.4 4.2 0 9 13.2 0 3.2 18 0 21.6 0 3.4 30.2 0
4.4 9.6 0 10.6 27.6 22.4 0 25.2 5.2 20.8 27.6 21.4 0.8 46.2 2.2 0 0.4 0 5.6 49
0 18.6 0 0 0 2.8 0 2.2 0 1.2 0 0.2 0 0 0 8 1 0 0 12
0 0.4 0 0 1.2 0 0 0.2 0 16 4.6 0 2.2 0.2 0 0 9.8 0 0 1.4
0 0 0 7.6 0 0 0.2 0 17.4 0 0 18.6 0 0 0 0.8 8 0.4 0 0
0 0 21.4 0 0.2 0 0 19.2 10.8 8.6 0.6 0 4.6 0 0 7.8 0 14.2 18.6 0
0 0 0 3.6 0 0 12.8 9.4 0.4 0 0.4 0 0 0 0 26.6 0 0 30.2 0.6
0 16.2 3.2 5.2 0 0 5.2 5 0 17.4 6.4 0 12.2 0 0 0.4 1.2 0 0 37.6
11 0 0 0 19 0 0 0 0 0 0 0 0 0 2 0 0 0 0 0
0 44.6 14.8 0 0 0 0 9.8 4 0 0 0 4.4 0 0 0 3.4 0 0 0
11.8 0.4 0 0 0 0 0 0 7.6 0 1.6 2.8 14.2 0 0 0 9.4 5 0.2 0
10.6 0 0 1 0 0 0 0 0 0 0.2 0 0 0 0 0 0.2 0 0 0
0.2 13.6 0 6.8 10.2 0 0 0 0 0.2 0 13.6 16.8 0 0.8 0 10.2 55.6 0 0
0 0 0 0 0 0 0 0 0.2 0 0 0 0.4 0 0 0 0 19.2 0.2 0
5.2 0 0 0 0 0 7.4 0 1.2 0 0 8.8 0 0 7.4 0 0 1 0 0
18.6 55.2 23.2 12.8 0.2 0.2 0.6 37.4 18.4 0.2 0 0 30.2 0 0 24.6 7.6 0 5.8 0
0 0 0 0 0.2 0 0 0 0 0 0 17.4 0 0 0 0 0 18.2 0.2 0
0 0 0 0 0 26.4 0 0 0 0 11.6 0 0 28 0 13.8 0 0 4.2 0
0.2 0 5 0 0 0 11 10.4 0 0 0 14.6 0 0 0 10 0 14.8 0 0
0.2 9 0 7.6 0 0 0.2 0 0.2 0 0 5.6 0 0 3.4 0 4 19.6 2.2 0
0 0 0 0.4 9.4 0 0 0 0 0.4 0 0 0 8.2 0.2 18 1.4 0 0 0
0.6 0 3 0 12.8 0 0 0 0 0 0 0 0 0 0 0 5.6 0 0 0
0 0 0 21.6 0.2 0 0.2 0 0 0 0 0 0 0 0 0 0 0 0 0
3 0 9.2 0 8.4 5.2 3.6 0 0 0 0 0 0 0 5.2 2.8 0.4 0 6 0.2
0 12.6 0 11.8 4.4 0 12.6 0 2.8 0.8 0 0.2 3 6 0 0.8 0 6.8 0.2 14
2 25.8 8 0 0 34.6 0 0 3.2 8.6 0 8.4 0 24.4 0 0 0 0 16.2 45.8
0.6 11.6 0 0 0 0.2 0 0 0 21.8 0 0 0 9.8 0 0 0 6.4 0 1.6
2.2 9.6 4 0.6 9 0 0 0 2.6 0.2 0 4.8 0 0 0 0 0 0 0 0
0.4 0 0 0 6 0 0 0.4 0 0 0 5.6 0 0 0 0 0.6 0 0 0
0 0 0 0 0 4 0 0.4 0 0 8.6 0 0 0 0 0 0 0 0 0
0 8 8.6 0 0 0 4.4 0 6.2 14.4 11.2 0 7.2 0 0 46 3 0 0 0
0 0.8 0 0 5.4 36 0 0 0 0 13.4 0 3.4 28.6 0 20.8 0 0 0 10.6
0 0 0 0 0 9 0 0 0 0.2 0 0 0 23.2 0 22 0.2 0 0 6.4
10.8 0 0 2 0.4 0 0.2 0 0 0 0 10 0 0 0 0 1.4 15.2 0 0
0 0 0 0 0.2 0 0 0 0 0 0 0 0 0 0 0 14.8 0 0 0
0 1 0 0 0 0 2.8 0 0 0 0 0 0 0 0 3 0 0 0.2 3
0.4 0 0 8.2 5.4 0 0 0 0 0 0 4.8 0 0 0 0.2 0 0 0 0
0 0 0 0 0 16 0 0 0 0.8 0 4 0 6.2 0 8.4 0 0 0 0.6
12.8 0 0 0 20.4 0 0 0 0 0 0 0 0 0 0 0 3.8 0 0 0
0 0 0 0 0 6 0 0 0 0 0 0 0 0 0 15 0 0 0 0
0 0 0 8.4 0 0 0 0 0 0.2 0 0 0.2 0 0 0 0 14.8 4.2 0.2
0 38.8 0 0 0 0 0 2.4 6.8 50.8 0 19.2 26.2 0 0 0 0 1.4 0 0.4
11 0 0 0 5.8 0 0 0 0 0 0 0 0 0 0 0 0.2 5 0 0
0 0 0 0 0 0 5.6 0.2 0 0 0 0 0 0 0 5.2 11.6 0.4 21 0
0 0.2 0 0 0 0 0 0 7.2 0 0 2.8 0 0 0 0 0 9.8 0 0
0 0 0 13 0 0 0 0 0 0 10 0 0 0.2 0 0 0 0 0 3.8
12 0 0 16.4 0 0 0 0 4.8 0 0 21 0 0 0 0 1.8 0 0 0
0 0 0 0 0.2 7.4 0.2 0.4 0 5.8 0 0 1 4.8 0 11.8 0.2 0 0 5.2
0 9.4 3 4.2 0 0 2.2 0 0 0 0 0 0 0 0 0 0 0 0.2 0
3 0 0 0 0.2 0 0 0 0 0 33.2 0 0 7.8 0.4 0.4 0 0 0 0
0 52.6 13.2 0 0 0 0 2 9.2 0 0 0.8 18.4 0 2.2 0 0 0.2 9 2.4
0 0 0 0 10 0 0 0 0 0 0 0 0 0 3.6 0 17.4 0 0 0
15.6 17.8 13 0.2 0 0 2.6 35.4 12.6 28.2 1.2 13.6 8 0 0 0.2 0.4 9.6 40.2 1.4
25.8 0 0 0 0 0 0 0 0 0 0 0 0 0 6.6 0 2.6 0 0 0
0 0 0 12.4 0 0 0.4 0 0.2 0 16 14.8 0 0 0 0 0 2.2 0 0
0 0 0 0 0 0 0 6.6 0 0 8 0.6 0 0.6 0 0.2 0 0 11.8 29.2
20 0 0 32 0 1.6 15 0 38.8 24.4 24.6 14 0.2 0 2.4 22.4 10.4 25.4 0 67.8
0 0 5.6 7.2 0 0.2 24 14.6 3.8 31.6 0 33.8 0.8 0.8 1.2 1.2 0 0 0.2 0
3.8 0 0 10.6 0.8 0.6 0 0 0 0 0.2 0 0 0 0 15 0 0 0 0
0 0 0 19.8 0 0 0 0 12.4 0 0 0 0 0 0 0 0 8.8 0 0
10 0.2 0 0 0 0.4 0 0 0 0 0 0 0 0 0 0 0.2 9.2 0 0
6.4 0 0 0.8 0 0 0 0 3.6 0 3.8 0.2 0 0 0 0 0 8.2 0 0
21.8 0 0 0 0.2 0 2.4 0 0 0 0 0 0 0 1 2.6 5 0 0 0
0.2 0 0 0 0 0 0 0 6.8 0 0 31 0 0 0 0 0 0 0 0
0 24 11 0 0 0 2.6 0 0 0 0 0 0 0 0 5.4 0 0 0 0
0 8.6 0 8.2 0 0 0 9.2 3.6 7 11.2 11.6 0 0 0 0 4 0 8.4 11.2
4 0 0 0 0 0 1.6 0 0 0 0 0.2 0 0 0 0 0.4 5.8 0 0
0 15 0 0 0 0.2 13.8 0 0.2 0 0 0 0 0 0 0 5.2 4.8 0 6.8
0 0 0 0 0 0 0 0 0 0.4 0 0 7.4 0 0 0 7.2 0 0 0
4 0 0 0 0 0 0 0.2 0 0 0 14 0 0 0 29.8 0 11 0 0
0 15 11.4 2.4 0 5.4 0 12.6 14.6 31.2 0 1 20 0 0 0 0 28 1.4 37
0 0 0 5.6 0 0 13 0 0 0 7 0 0 5 0 0.2 0 0 0.2 0
0 0 0 4.2 7 11 22.2 0 0 0 17.2 0 0.8 0 0 23 4 0.6 0 1
5.8 0 0 5.4 2 0 0 0 0.2 0.4 0 5.2 0 0 2.2 0 0.8 0 0 0
0 1.6 0 0 0 2 0 4.6 0 16.2 0 0 0 23.6 0 0 0 0 0 9
9.4 0 0 0 30.2 0 0 0 0 0 0 0 0 0 0.6 0 6.8 0 0 0
0 0.4 0 0 0 1 0 0 0 0 0 12.4 0 4 2 0 0 8.2 1 0
0 9.6 2 0 0 10.4 0 0 0 0 0 0 0 0 4 0 0 0 0 0
0 0 0 14 0 0 0 0 0 0 0 0 0 0 2.2 0 0.2 12.6 0 0
0 0 0.8 11.4 11.4 7.6 0 7.6 0 1.2 18.2 0 2 0.2 0 18 5.4 0 8.2 10
22 0 0 0 0 0 0 0 0 0 0 0 0 0 0 0 9 0 0 0
0 0 0 0 4.4 11.2 0 0 1 0 7.6 0 23.2 22 1 0 0 0 0 14.6
0 33.6 0 0.2 0.2 0.4 6.6 22 0.2 45 7.2 8.4 0.2 14.4 0.2 0.8 0 4 0 0.6
0 44.4 9.2 0 0 0 1.4 0 2.4 0 0 0.2 0 0 0.2 0 4.4 3.8 0 0
0 0 14.8 0 0 0 0 0 16 54.6 0 0 4.2 0 0 0.2 0 26 6.2 0
0 13.4 21.2 0.8 0 0 11.4 8.4 21.6 4 0 0.2 6 0 0 0 1.4 3.2 30.4 0
0 50.8 22.2 10.2 0 16.6 0 4.6 19.4 16.2 0 0 6 0 4.2 0 0 12.8 28.8 12.2
1.8 0 0 0 0 7 0.2 12 0 1 0 0 0.2 0 0 0.6 2.4 0.4 0 2.4
25.6 0 0 17.2 2.4 0 0 0 30.8 0 0 26.4 0 0 0 0 0 12.6 0 0
1 4 0 0.4 0 9.6 0 2.8 0 4.8 10.6 0 0.2 0 0 17.2 0 4.8 7.2 15.4
0 0 0 0 6.6 0 0 0 0 0 0 0 0 0 1.2 0 7.2 0 0 0
8 34.4 7.8 0 0.2 0 0 12 0.2 1 0 8.2 23.2 0 0 18.4 0 0.2 0 25.4
0 0 0 0 0 0 0 0 0 0 0 0 0 0 0 0 9 0 0 0
4 0 0 0 0 0 12.6 9.8 0 1.6 11.8 0 0 1.4 0 20 20 0 0 19.8
0 0 0.2 0 0 0 0 0 4.2 21 0 18.4 0 0 0 0 0 11.2 0 0
10.6 0 0 0 0.6 0 0 0 0 0 0 0 0 0 2 0 9.8 0 0 0
0 36.8 4.8 0 0 2.2 7.6 9.6 0 6 0 4.2 5 0 0.8 39.8 0 0 0.2 0
3.8 19.2 7.6 0 0 4.4 0 0 3.4 13 3 4 0 0 0 0.4 0.2 0 0 0
8 0.2 0 19.6 0 0 0 0 32.4 0 0 29.4 0 0 1.4 0 4.4 0.6 0 0
1 0 0 2.4 2.6 0 9.6 0 0 0 0 0 0 0 3.4 0 13.2 2.8 0 0
4.6 0 0 0 0 0 0.4 0 1.8 0 0 14.4 6.8 0 0 0 0 0 0 0
0.8 0 0 5.2 0 0 0 0 4.4 0 0 8.2 0 0 1 0 0.4 18 0 0
0 15.6 2.2 0 0 0 0 0 0.4 0 0 0 1.4 0 0 13.8 0 1.4 15.4 2.8
1.4 0 3.4 0 1.2 0 0 11 0 0 49.6 6.4 0 0 0 0.4 0 0 0 11.6
5.8 21 16.8 6.4 0 0 0 0 0 0 0 4 2.4 0 3 0 0.2 0 15.4 0
1.6 0 0 0 10.8 0 0 0 0 1.6 0 0 0 10.4 0 0.6 0 0 0 21
0 24.4 41.8 0 0 0 4.4 28.8 33 46.6 0 21.6 5 0 0 0.8 0 17.2 46.4 0
0 50.8 14.8 0 0 19.4 4.2 13.6 13.2 0.8 0 0.2 16 9 0 13.8 0 0 12.4 33.8
7.8 0 0 0 0 0 0 0 0 0 0 16 0 0 0 0 0.2 0 0 0
0.2 1.8 5.6 0 6 18.4 1 0 0 0 6.2 0 26 11 0 20 0 0 0.2 34.6
33.2 0 0.2 0 5.6 0 0 0 0 0 0 0 0 0 8 0 3 0 0 0
6.2 8.6 0 0 0 0 10.8 1.4 2.2 13.8 0 0.2 0 9 0 7.8 0 0 0 0
2.4 22.2 17.2 3.4 0 8.6 1.2 9.4 26.2 39.6 0.4 11.6 12.6 4.4 0 0 0 0 42.8 0
0 0 0 0.2 0 0 0 0 3 0 0 0 0 0 0 0 0 16.8 0 0
11.6 45.6 18 0 0 28.8 0 1.4 0 23 0 0 21.2 41.6 0.2 0 5.6 7 25.4 7.6
0 0 0 15 13.6 0 0 0 0 0 0 0 0 0 0 0 8.4 0 0 0
9.6 0 0 0 0 0 0 0 0 0 0.2 3.8 0 0 0 0 0.4 0 0 0
0 28.6 25.8 0 0 0.4 1.6 8.2 7.2 10 0 22.6 9.2 0.4 2.4 28.8 1.8 9.8 13.6 33.6
1.2 0.2 4.2 11.6 1.2 0 7 7.4 0 20.4 0 20.8 0 0 0.2 0 0 18 17.4 0.4
9.2 10.6 18.4 30 25 0 22.6 51.6 14.2 0 49.8 19.4 29.2 49 17.4 12.8 18 0.2 0 67.6
2.4 0 0 0 0.2 0 0 0 0 0 0 0 0 0 0 0 3.4 0 0 0
0 0 0 6.8 0 0 9.2 0 1.4 0 0 0 0 0 0 0 11.4 0 0 0.2
0 0 0 0 0 0 1.2 0 0 0 3.6 0 7.6 0 0 9.6 0 5.6 0 26.4
0 22.8 0 0 4 14.6 0 10.6 0 0.8 0 10.8 21 67.4 0 19.8 0.2 0 0.2 50.8
10 28.6 6.4 0 0.6 0 0 10 0 0.2 0 0 14.8 0 4 5.2 0.4 10.8 62.4 6.6
0 21 0 0 0 0 0 4 0 0 3.8 9.4 12.8 0 0 33.4 0 9 15.4 0.2
0 0 0 0 0 0 17.2 0 0 0 0 0.2 0 0 5.4 0 0.2 0 0 0
17.8 7.4 0 13.8 3.2 0 4 0.2 36.2 0 0 21.2 1.2 0 0 21.2 13.2 0 6 9.6
0 46.2 0 0 4 0 0 13.2 0 0 0.2 16.4 0 23.2 0 18 0 0.6 0 30.2
5.8 13.6 3.2 0 0 0 10 0 9.4 10.8 0 30.8 0.2 0 3.2 0 1 0 0 0
0 0 0 13.2 0 41 0 18 11.6 5.6 14.6 0 13.2 11 0 0 0 0 7 46.8
0 0 0 16 5.2 0 0 0.2 0 2.2 9.6 0 0 1.4 0 17.2 0.2 0 0 0
0 0 0 9 13.8 0 0 0 0 1.4 0 0 0 0 7 0 0 6.8 0 0
0 0.6 0 0 5.8 10.4 2.8 0 10 0 0 7.2 0 0 0 45.8 0.2 0 0 37.2
0 15.2 0 0 0 22.6 1 0 0 0.2 0 1 0 0.2 0 15.8 3 0 0 0
0.2 40.2 12 0 0 2.8 7.8 15.8 0 0 0 5 13.2 1.8 0 12 0 28.2 0 0
1 0 0 0 3 0 0 0 0 0 0 6 0 0 0 0.2 0 2.8 0 0
24.2 0.2 0 0 9.4 0 0.6 0 0 0 0.2 0 0 0 5.6 4.6 2.2 0 0 0
0.6 0 0 0 3.4 0 0 0 6 0 0 1 0 0 0 0 0 5 0 0
0 0 0 0 17.6 0 0 0 0 0 5.6 0 0 0 0 5.4 0 3.2 0 0.2
28.2 0 0 0 0 0 0 0 0 0 0 0.8 0 0 0 12 0 17 0 0
0 0 0 10 0 0 0 0 21.6 0 0 0 0 0 6.4 0 18.4 0.2 5.4 0
5.8 0 0 16 0 0 0 0 0 0 0 0.6 0 0 0 0 0.2 15.4 0 0
0 0 0 0.2 0 0 0 0 2.8 19.6 0.2 3.4 0 0 0.8 22.2 0 0 22.8 0
0 0 0 15 0 0 0 0 0 0 0 0 0 8 0 0 0 25 0 0
17.4 0 0 0 0.4 0 0 0 0 0 0 0 0 0 1.2 0 0 0 0 0
8.4 59.4 56.4 4 6.6 0 3.4 37.2 28.6 19.8 0 19.6 5.8 0 0 0 1 0 32 25.8
26.8 0 0 0 2.2 5.2 0 0 0 0 0 0 3.6 5 0 3.2 20.2 0.8 0 0
0 0 0.4 0 0 0.4 11.2 5.8 0.2 0 0 4.6 0 0 0 0 0 5 26.4 0
0.2 0 0 0 3 0 0 0 0 0 0 0 0 0 0 0 10.8 0 0 0
0 0 0 0 0 3.2 0.2 0 0 0 0 0 6.4 0 0 26.8 5 0 0 35.4
4.6 0 0 0 6.4 0 0 0 0 0 0 0 0 0 0 0 11 0 0 0
10.6 0 0 0 9.2 0 0 0 0 0 0 0 0 0 4.8 0 0 0.4 0 0
0 0 0 0 0 0 0 0 0 0 0 0 0 0 1.8 0 2.6 22.6 0 0
0 9 9 0 0 0 0 13 0.2 0 0 11.8 10 0 0 8 0 8.8 13.2 0
10.6 7 0 0 0 0.4 2 7.4 0 0 0 0 0.2 6.2 0 17.6 0 0 0 13.6
0 0 0 0 0 0 0 2.6 19.6 0 0 0 0 0 0 0 0 9.8 0 0
0 14.4 0 0 0 17.6 0.6 0 6 13.8 0.8 10 9 0 0 37.4 0 0 4.4 0
0.2 13 3.2 0 0 61.2 0 0.2 2.8 23 0 0 0 29.4 0 24.8 0 0 1.2 0
11.2 0 0 0 7.4 0 0 0 0 0 0 0 0 0 0 0 23.4 0 0 0
0 0 0 7.2 0 4 3.2 0 0 0 0.2 0 0 0 0 0 5.4 0 0 0
0 0 0 7.6 6.6 0 0 0 17 0 0 26.2 0 0 4.6 0 36.2 12.8 0 0
0 16.8 0 0.4 0 0 0 4 0 8.6 5.6 0 0.2 30.4 0 26 1 0 0 8
0 0.2 0 16 0 0 0.6 0 17.4 0 10 14.4 0 0 6.6 0 20.2 12.6 10 0
0 0 0 0 0 0 0 0.6 0 8.6 0.4 0 0 0 0 7 0 0 0.4 0
15.6 0 0 13.4 8.6 0 0 0 0 0 1 11.4 0 0 0 0 0 0 0 0
11 5 0 0 0 0 0 0 0 0 0 0 0 0 0 0 0 0 0 0
0.4 0 0 1 0 0 0 0 6.8 0 0 15.4 0 0 0 0 0 17.4 0 0
0 8.6 0 0 7.8 0.2 0 0.2 0 11 4.8 0 2.4 31.4 0 26 3.6 0 3.6 4.4
0 28.8 5.2 0 0 0 0 0 0 35 5.2 15.8 0 0 0 0 0 11 0 0
0 0 0 0 0 0 0 0 0.4 0 0 10.6 0 0 0 0 3.2 6.8 0 0
9.8 0 5.4 21.2 17.4 13.6 0 26.2 3.2 0 56.4 19.4 5.2 31.6 0 0.2 0 0 0 23.4
8 0 0.2 8.8 3.2 0 1.8 0 18 0 0 12.4 0.2 0 1.6 0 3.4 37.4 0 0
0 51.2 17.4 0 0 0 0 12.2 10.8 0 0 0.2 27 0 0 1 0 28.2 0 0
4.8 0.4 0 5.4 19 0 28 0 0 11.6 0 0 0 0 0 32.6 1 0 0.2 0
8.6 0 18.6 0 6.6 0 0 55.4 1.2 50 16.8 6.6 10.4 0 0 0 3.4 0 24.2 22.2
0.4 0.2 15.4 0.2 0 0 0 24.2 14.6 37 0 0 0 0 0 2.8 0 0 36.2 0
3.4 0 0 0 5.2 0 0 0 0 0 0 0 0 0 0 0 0.4 0 0 0
0 0 0 0.4 0 0 0 0 3 0 0 13.4 0 0 0.2 0 0.8 27.2 0 0
0 50.4 9.2 0 0 0 34.2 23 0 0 0 18.2 1.2 6.6 0 0 0 9.4 24.8 0
1.6 28.8 8.2 3.4 0 37.6 0 21.6 0 59 35.8 17.4 2.6 40.2 0 0 0.8 13 25.4 21.6
16.6 0 0 8.8 6.2 0 0.2 0 21.6 0 0 19 0 0 0 0 8.8 8.8 0 0
0 0 0 0 0 0 0 0 5.2 0 0 0 0.2 0 0 0 0 12.6 0 0
0 0 0 0.8 0 3.8 0 19.8 0.2 0.2 7.4 9 0 0 0 27.4 0 1.2 0 0.2
0.2 0 0 0 28.8 0 0 0 0 0 0.2 0 0 0 4.8 0 0 0 0 0
5.8 23.2 1.4 0.2 16.2 0 0 20.4 0 8 0.4 25 0 0.2 23.2 8.4 41.6 0 0 20
13.4 0 0 0 0 0 0 0 8.4 0 1.2 30.2 0 0 0 0 0.2 12.6 0 0
1.4 0 0 9.4 0 1.6 0.4 0 0 0 0 0 4 0 0 0 2.2 5.2 9.2 3.6
17 0 0 0 17 0 0 0 0 0 0 0 0 0 4 0 19 0 0 0
0.2 0 0 0 0 0 0 0 0.2 0 0 7 0 0 0 0 26.6 0 0 0
3.2 0 0 0 0 0 0 0 0 0 0 23.6 0 0 0 0.2 0 0 0 0
9 66 40.4 0 0 5.6 0 17.8 38.6 10.2 0 0.4 30.8 0 1.4 1 2.4 0 48.4 0
0 0 0 6.2 0 0 0 0 0 0 0 4 0 0 0 0 11.4 0.4 0 0
5 0 0 0 0 0 0 0 0 0 0 0 0 0 1 0 0 0 0 0
0 0 0 7.2 0 0 0.6 0 0 0 0 4.8 0 0 2 0 4 13.4 0 0
0 0 3.6 0 0 22.4 0 0 0 18 7.6 11 0 4.8 1 14.6 1 0 0 0
0 0 0 0 11.4 0 0 0 0 0 0 0 0 0 0.2 0 13.4 0 0 0
0 0 0 39.6 0 0 0 0 10.6 0 4.6 20.6 0 0 5.8 0 0 11.8 0 0
0 0 0.6 0 0 0 0.2 8.8 0 26.6 1.8 15.4 1 16.4 0 1 0.6 4.6 1 0
3.6 0 0 13.8 0 0 0 0.4 0 0 0 11.2 0 0 0 0 10 10 0 0
0 0 0 0 0 0 0 0 0 0 0 0 0 0 0 0 8 0 0 0
1.2 0 0 8 0 0 0.4 0 0 1 1.2 0.2 0 0 0 9.4 0 0 0.2 17.4
9.4 30.6 0 0 0 4.6 0 0 2.2 19 0 0 1 0 0 18.4 0 33.2 27.6 0
0 0.2 0 0 4.8 0.2 1.2 0 0 0 0 0 0 0 0 12 0.6 0 0 0
13.4 0 0 0 4.6 0 0 0 0 0 0 0 0 0 0 0 0 0 0 0
6.8 4 0 0.8 0 0 6.8 22.4 1.8 1.6 0 10.2 6.6 12 0 14.6 0 0.2 19.6 0.6
0 0 0 12.6 0 0 0 0 0 0 0 9.8 0 0 0 0 0.8 6.6 0.2 0
1.8 0 0 14.4 2 0 0 0 0 0 0 0 0 0 0 0 13.6 4.2 1 0
0 0 0 0 0 0.2 2.2 0 0 0 0 0 0 4.6 0 4 0 0 0 0
0 0 0 20.4 0.2 2.2 4 0 0 0 6.6 0 0 0 0 0.4 0 0 4.4 3.8
0 46.2 3.2 0 0 0 0.2 0 0 5.8 0 0 0 3.6 0 4 0 0.4 20.6 0
0.8 0 9.6 26.2 16.6 35.4 0 25.4 1.8 0.2 2 7.2 16.8 57.4 0 53.6 0 0 50 59
0 21.2 0 8 0 16.8 0.2 16.8 0 15.4 6.6 0 0 0 0 26.4 0.2 9.8 11 8.6
0.2 77.8 52.8 0 0 13.8 0 34.6 17.2 40.4 0 0 16 10.6 0 10.6 16 24.2 38.2 16.6
0 0 0 0 0.2 0 0 0 0 0 0 0 0 0 1 0 16.8 0 0 0
8 16.8 4 0 2.2 12.2 0 23.8 0 0.2 11.6 3.4 0 13.8 1 0 0.4 14 53.6 0
24.2 0.6 0 2 25.8 0 0 0 0 0 0 0 0 7.8 3.2 0 32.4 0 0 0
27.2 0.4 0 0 0 8.4 0.2 0 0 10.2 0.6 0 0 0 0.2 13.6 0 0 0 5.2
0 0 0 14 0 0 0 0 2 0 0 0.4 0 0 0 0 4 9.6 0 0
29.2 0 0 0 5 0 0 0 0 0 0 0 0 0 3.2 0 4.6 0 0 0
0.2 0 7.2 10.6 4.8 0 0 14.8 0.6 40.4 0 0 2.8 10.2 0 0.8 3.4 15.4 11.8 0
0 65.2 14.4 0 0 0 0 0 9.6 13.2 3 0 12.6 0 0.2 0 0 35.8 13 0
44 66 22 41.6 24.6 19.6 0.2 26.2 5 22.8 26.2 12.8 14.8 9.2 2 0.4 6.4 28.6 62.4 0
0 0 0 0 0 0 0 0 0 0 0 0 0 0 0 0 0 46 0 0
9.6 0 0.2 0.2 0 0.2 0 6.8 0 11.8 0 15 6.4 0 0 0.2 0 0.4 0 0.2
3.2 1.4 0.2 0.2 0 0.8 0 1.2 0 2 0 26.6 2.6 0 3.2 0 0.2 15.4 0 0
1.6 0 0 0.6 5.8 0 0 9 0 0 0 1 0 0 0 0 0 0 0 0
0 3.2 0 9.4 0 0 0 34.2 2.2 24.2 24.6 8 0 0.6 0 0 0 0 6.2 44.4
0.4 4 11.4 0 0.6 0 7.4 9 10.2 39 0 10.2 6 0 0 0.6 0 31.2 0 0
0 0 0 3.8 0 5.6 0 0 0 2 19.6 0 0 0 0 0 0 0 0 0
0 16.4 6.4 0 0 44.6 0 2 0 26.4 0.8 0 19.6 24.6 0 0.8 0 0 3.6 43.8
0 0 0 0.2 4 5 0 0 0 0 5 0 0 21 0 14.2 0 0 2.6 0
0 0 0 12.6 17.6 0 0 0 2.2 0 0 24.2 0 0 6.6 0 0 7.8 0 0
0 0 0 6.8 0 0 0 0 6 0 0 8.8 0 0 1.8 0 0 13.6 0 0
12.8 0 0 38 0 0 0 0 6.6 0 0 9 0 0 0 0 0 33.6 0 0
0 0 0 11.6 0 0 3.8 0 3.4 36.2 21.2 0.2 0 1.2 0 5.4 0 0.2 5.2 0.6
30.6 0 0 0 10.6 0 0 0 0 0 0 0.2 0 0 0 0 20.6 0 0 0
2 9.8 12.4 7.4 2.2 0.2 13.4 0 1 0 14.8 0 10.6 0 0 7.4 9 0 44.6 49.2
0 29.4 5.4 0.2 0 6.4 0 17 4.4 1.6 0 0 26.4 0 0.2 29.4 0 10.8 13.4 12.4
10.4 0 0 0 16.6 0 0 0 0 0 0 0 0 0 0 0 0 0 0 0
0 15.4 0.2 0 0 15.6 0 0 0 23.6 0 0 53 8.2 3 32.6 0 0 12.4 2
8.6 0 0 8.8 0 0 0.4 7.2 0 0 6.6 0 0 0 0 1.8 0 0.4 0.2 29
0 11.6 1.4 0 0 0 2.8 0.4 0.4 9.4 0 0 6 0 0 0 0 0 18 0
0 0 0 0 0 0.2 0.2 0 0 3.2 0 17.6 4.8 0 0 0 0 44 2 0
0.4 0 0 0 0 17.4 9.8 1 0 4.2 0 0 0 0 0 30.8 0 0 0.4 0
0 7 0 0 4 0 0 0 5.4 0 0 0.2 0 0 1 31 0 0 0.8 9.6
41 0 0 16 36 0 8.8 0 5.6 0 0 8.8 0 0 44.2 0 59.4 21.2 0 0
1.2 0 0 0 0 0 0 0 0 0 0 0 0 0 0.4 0 22.2 0.2 0 0
0 0 0 0 33.2 0 0 0 0 0 0 0 0 0 4.4 0 24.4 0 0 0
0 0.2 0 2.4 4 0.6 6.4 0 0 0.2 0.4 0 0 0 0 28.4 10.2 0 0.2 0
0 25.2 0 7.8 0 17.2 0 25.6 0 0.4 0 3.6 0 5.2 0 25.2 0 6 22 16.8
23 0 0 0 11 0 0 0 0 0 0 0 0 0 0 0 18 0 0 0
0 73.6 39.8 0 0 0.2 0.4 23 3.8 1 3.2 10 20.2 9.4 7.4 29.8 26 6.4 0 54.8
0 0 0 37 0 0 0.2 0 0.2 0 0 6.6 0 0 0 0 3 0 0 0
0.6 61.6 38 18.2 1.6 0 0 36.6 25.8 18 11.4 0 0 0.2 1.4 1.4 6.6 2.2 10.4 0
0.4 0 0 0.2 12.6 0 0 0 0 0 0 6.2 0 0 0 0 10.6 0 0 0
0 0 0 0 0 0 0.2 0 12 0 0 15.6 0 0 0 0 0 10.2 0 0
0 0 0 6.8 0 0 0.2 0 17.4 0 0 10.8 0 0 0 0 0 48.8 0 0
0 0 0.2 53 0 0 0 0 0 0 8.8 0 0 0 0 5.8 0 11.2 0 0
0 35.6 17.2 3 0 0 0 11 23.6 17.8 0.8 0 22.4 0 0 0 0 0 73.6 0
20 72.4 56.2 0 0 6.8 5 49.8 0.6 76.4 1.4 28.4 27.4 38.8 18 24.4 1.8 35 4.6 0
2.6 0 2 0 5.2 0.2 0.8 0 0.2 0 0 0 0 0 8.2 0 0 8.8 0 0
0 0.2 72 0 0 9.2 0 58.2 30 52.8 0.4 23.2 0 13 11.6 1.2 0 13 41.2 0
0 0 0 0 4.4 0.2 0 0 0 0 4.4 0 0 4.2 0 11.4 10.4 0 0 0
0 0 0 0.2 0 0 0 0 0 0 0 18.8 0 0 0 0.4 0 15.6 0 0
14.6 0 0 0 0 0 0 0 0 0 0 0 0 0 0 0 38.4 0 0 0
0.2 0 0 0 0 6.4 0 0 0 0 0 0 50.2 0 18.6 8.4 19.2 0 0 0
12 0 0 0 11.4 0 0 0 0 0 0 0 0 0 1.6 0 18 0 0 0
7.6 67.2 49.2 0 0.4 24 1.2 0 51.8 40.8 6 0.8 47.6 10 0 23.4 13 24.2 13.4 85.4
5 40.2 31.6 24.4 10.2 6.4 0 44.2 16.6 22.8 14.2 0 33 0 0 0 3.4 7.8 41.6 56.6
5.2 26.2 4 28.2 0 0 16 7.6 11.6 18.2 7 0 0 12.2 0 2 7.6 0.2 31.8 58.2
0 51.2 44.8 0 4 14.2 0 23.2 0.2 20.8 0 0.2 0 11.4 0 54.4 0.2 34.6 58.8 0
0 0 0 0 7.6 0 0 0 0 0 0 0 0 0 0 0 32.4 0 0 0
10 0 0 0 0.4 0 0 0 0 0 0 0 0 0 0 0.2 21.4 0 0 0
0.4 0 0 0 0 0 0 0 0 0 0 0 0 0 9.8 0 31.8 0 0 0
16.6 0 0 0 0.2 0 0 0 0 0 0 0 0 0 7 0 0 0.2 0 0
25 0 0 0 0 0 0 0 0 0 0 0 0 0 0 0 0 0 0 0
39.2 0.2 0 1.2 0 0 0 0 0 0 0 1.8 0 0 5.6 0 0 0 0 0
0 0 0 0 0 0 0 0 0 0 0 0 39.8 0 6 0 0.2 0 0 0
8.4 71.8 9.6 0 0 15.2 0 0 1 57.8 12.2 0 9.2 54 0 22.8 0 1.8 40 12.2
15.8 0 0 0 0 0 0 0 0 0 0 0 0 0 0 0 31.2 0 0 0
0 0.2 0 0.2 0 0 0 0 0 0 0 14.6 0 0 0 0 13.6 20.4 0 0
17.4 0 0 0 9.2 0 0 0 0 0 0 0 0 0 0 0 0.4 0 0 0
0.4 0 0 16.8 8.4 0 1.8 0 0 0 0 0.6 0 4 0.4 0 0 8.6 0 0
0 0 0 0 9 0 0 0 0 0 0 0 0 0 0 0 21 0 0 0
0 0 0.6 13 0 12.2 0 0 0.2 20.4 0 29.2 6 10.6 0 0 0 14 0 0.8
0 0 0 0 4 0 0 0 0 0 0 0 0 0 0 0 0 0 27 0
0.2 35.6 1.6 5.4 0 13.4 0 15.6 12.4 45.6 0 5.4 4.6 1 0 0 0 0 66.2 95
0.8 0 0 0 0 0 0 0 0 0 0 0 0 0 0 0 9.2 0 0 0
0 24 0 29.8 0 0.2 1.8 0 63.2 0.2 0 52.2 0 0 0.2 0.2 12.2 60.6 0 0.4
0 87.2 59.6 0 0 0 0 0 0 4.2 0 0 0 0.2 0 11.6 5.8 0.2 8.2 0
45.2 0 0 0.2 0.4 0 0 0 0 0 0 0 0 0 5 0 0 0.2 0 0
0.4 0 0 13.4 21 2 0 0.2 0 0 47.6 0 0 5.8 9 0 13.6 6.8 0 8.2
13.2 0 0 43.4 0 1.8 0 0 4 0 18.6 15 0 16.8 0 2 0 0 0 0.2
1.8 49.8 10.2 0.4 0 8.6 0 24 2.6 17.8 0 0 1 18 0 0.2 0.2 0.2 0 0.2
12 0.2 0 2.4 5.2 0 22 4.4 0 0 0 11.4 0.2 0 0 16.8 9.2 0 5.6 0.6
13 0 0 0.2 0 0.4 0 0 0 0 0 0 0 0 0 0 12.8 3.6 0 0
0 31.2 9.2 14 19.6 11.2 18.6 0 20.2 4 0 2 50.4 12.6 0 0 0.2 24.6 5.6 133.6
27.6 0 0 21.8 0.8 0 0 0 0 0 0 12.8 0 0 0 0 15.6 25.2 0 0.2
1.2 0 0 9.8 0 10.6 0 11.6 19.4 22.6 0.6 2.8 17.2 27.8 0.4 56 0 5.6 0.4 0
0 0 0 0 17.4 0 0.8 0 0 0 0 0 0 2.4 0 33.6 14 0.2 0 10.6
0 0 0 20.2 0 0 0 0 5.8 0 0.6 0 0 0 0 0 0 30.4 0 0
12.4 0.6 0 1.8 0 0.2 4.6 0 0 36 32.2 0 0 19.6 0 3.6 0 36.2 33.8 0
0 0 0 6.6 0 0 0 0 8.4 0 0 15 0 0 4.2 0 0.4 42.4 0 0
0 0.2 0.2 0 3.4 95.2 1.2 0 5.6 19 42 0 12.8 56 0 44.2 0 4.2 41 58
36.6 0 0 0 18.6 0 0 0 0 0 0 0 0 0 0 0 0.8 0 0 0
0.8 0 0 0 39 0 0 0 0 0 0 0 0 0 7.8 0 19.4 0 0 0
9.6 40.6 8.6 0 0 19.2 0.6 0.6 0 37.8 0.2 0 29 7.2 0 23.6 0 0.2 36.2 32.6
0 15.8 0.2 3 0 2.6 23.6 1 0.2 18.4 14.4 13 0 0 0 0 0 12.4 22.4 4
13.4 0 0 0 9.8 0 0 0 0 0 0 0 0 0 3 0 2.8 0 0 0
0 80.8 79.2 0 10.8 51.2 12.4 84.8 3.6 52.8 23 0 55.8 64.8 0 55.2 0.4 0 37 76.2
0 1.2 9.6 9.2 2.2 3.2 0 18.8 7.8 48.8 0 8.4 13.8 19 0 0.6 0 25.6 20.8 18
1 10.2 6 1.4 0 56.8 0 26.4 0 13.2 15.2 0 5.4 70.2 0 72.8 0 0 52.6 6.8
0 0 9.8 0 0 3 0 0 7.2 5.8 0.2 0 0 0 0 0 0 9.8 0.2 13
0 8.2 0 0 0 6 0 0 0 34.8 3 0 0 2.6 0 28.4 0 0 0 0
34 25.6 2.8 18.8 14.6 0.2 32.2 6.2 57.8 15.4 0 23.2 0 0 39.8 32.4 21.8 25 0.2 27
0 5.4 0 0 0 0.2 0.6 0 25.6 0.2 0 10.4 0 3.8 0.4 0.2 8.4 16.8 0 0
0.6 0 0 0 4.4 0 0 0 0 0 0 0 0 0 9.8 0 19.2 0 0 0
1 0 0 35.4 6.4 28 19.4 0 9.6 0 28.8 35.6 0 24.8 0.4 0 10.2 21.8 7 85.6
0 0 0 3.4 0 0 0 0 0 0 33 0 0 0 0 0 0 0 0 8.6
30.6 0 0 0 2.6 0 0 0 0 0 0 0 0 0 0 0 10.8 0 0 0
7.8 0 0 2.6 0 0 0 0 0 0 0.4 0 0 0 0 0 0.2 0 0 0
11 0 0 16.4 0 0 0 0 0 0 4.2 0 0 0 0 0 8 0.4 0 0
6 0 0 9.8 0 0 0.8 0 13 0 10.4 17 0 0 0 0 0 9 0 0
15.8 0 0 10 23.2 0 0 16.8 2.2 0 0 4 0 0.2 5 0 1.4 1.8 18.4 13.2
0.6 0 0 9 12.8 0 0 6.6 0 0 51 0 0 4.8 0 0 8 0 0 0.2
0 22.6 0 0 0 38.6 10.2 0 11 68.4 23.6 9 21.8 17.4 0 47 0 78.6 1 28.8
45.4 0 0 0 45.8 0 0 0 0 0 0 0 0 0 11 0 33.8 0 0 0
0.4 135.4 15.6 0.4 0 0 0 70.2 27.6 104.2 27.2 33.4 41 8.4 0.2 0.2 9.2 43.4 85.8 0.4
0 0 0.2 19.4 0 0 0 0 6.2 3.6 0 1.4 0.2 0 0 0 1.4 31 18.6 0
0.2 0 0 0 29.8 0 0 0 0 0 0 0 0 0 2 0 0 0 0 0
18.8 1.2 0 0 8.8 5.4 12.4 5.2 0 2.2 6 0 0 0 0 23.8 0 8.8 7 95.4
0 31 23.4 2.4 0 34.4 21.6 31.4 0 26.2 25.4 0.6 13.6 11.8 0 6.2 4 0 52 10
3.6 0 0 32.4 0 0.2 4.6 0 10.2 0 0 15.2 0 0 0 0 0 15.8 0 0
17.8 22.8 17.4 33.2 0 34.6 47 45.2 7.2 11.8 19 1 5 60.2 0 20.4 0 11.8 20.8 157.8
31 40.6 4.4 0 38.4 0 0 0 0 8.2 0.4 0 0 0 14.4 35 18.2 6.4 0 0
29 0 0 0 0 0 0 0 39.8 0 0 50 0 0 2.2 0 7 11 0 0
21 0 0 0 5.6 0 0 0 0 0 0 0 0 0 8.8 0 3.6 0 0 0
5 0 0 20.4 18.2 0 0 0 0 0 0 8.8 0 0 0 11.6 0 0.2 0 18.8
0 0 0 0 0 0 0.4 0 0 13.6 34.6 0 0 22.4 0 42.2 24.4 0 0 47.4
3 0 0 0 0 5.8 0 0 0 0.2 0.8 0 0 0.4 2 37 4.8 0 0 0
13.8 11.2 0 10.2 2.2 1.6 0.4 41.2 0 8.8 34 0.4 16.6 8.8 0 0 0 0.2 9.4 0.2
0.2 0 2.4 19.6 3.6 0.2 0 36.8 3.2 25.6 55.4 0.2 0 28.4 1 29.2 0 0 15.2 31.8
6.8 0 0 0 1.6 0 0.4 0 0 0.2 0 26.8 0 0 0 0 0.4 24.8 0 0
5.2 84 71.8 35.8 9 0 30.2 90 82 3.4 0 19.2 59.2 0 10 37.2 30 33.2 91.6 17.2
4.4 64 52.8 0 0 44.8 0.2 7.6 33.4 59.8 0 17.2 21.4 7.6 0 84.6 2.4 1.6 42.2 0
0 57 0 0 0 0 0.4 14 25 111 0 10 0.2 0 0 58.2 0 20.6 26.6 0
20 18 11.4 49.6 40 49.4 24.6 55.6 7.8 0 106.6 0 0 31 15.8 2.2 0 11.8 48.6 113.6
0.2 0 0 12.2 0.4 0 0 2.2 0 0 53.4 0 0 0 0 0 3.2 0 0 11.4
9.4 1.2 31.6 0 0 0 0 0 7.2 58.4 4.4 28.6 1 0 0 0.8 0.2 10.8 17.2 7.2
0.2 69.8 35.8 25.4 0 0.4 60.2 58.8 29.2 20.6 0 0 31.4 0.4 0 0.2 3 0.6 55.6 76.4
0 24 27.8 0 5.2 0 0 18.2 76 94.2 0 48 18.4 0 9.2 14.4 0 26 24.6 0
0 0 0 0 0 0.4 0.2 2.8 0 6.6 0 19 0 7.2 0 0 0 0 4.8 0
0 56.8 31 38.4 8.8 40.8 40.8 38.2 36.4 0 25.2 27.2 29.8 23.4 0.2 23.4 7.4 11.2 49 86
0 13.8 7 0 0 62.8 0 0 0 38.4 0 0 40 37.2 0.2 57.4 0 0 1.6 12.6
0 0 0 11.2 0 0 0 0 7.8 0 0.2 52 0 0 0.2 0 0 30.6 0 0
1 121.2 31.4 6.6 0 55 0 38.2 20.6 83.6 0 2.6 9.6 74.8 0 79.2 0 0 57.4 0.8
0.6 0 3 0 0.4 0 20.4 6.6 17.4 7.4 0 25 1 0 0 0.8 7 20.4 0 0
32.6 0 0 79.4 58.8 0 0 8.4 0 0 134 12.4 0.2 20.4 33.4 0 36.4 63.8 0 26.2
1.4 0.2 0 0 0 0 0 0.2 0 0 0 34.2 0 0 7.2 0 7.8 0 0 0
14.4 88.6 48 13 2.2 17.6 31.6 50.6 30.6 32.8 23.2 24.2 40.4 48.2 0.6 33 0 8.2 68.4 25.4
0 69 14.8 0 0 17.2 0 0.4 58 86.2 0 15.8 41.8 7.4 0 41 0 26.8 17.4 25.2
23.6 0 0 0.2 30.8 0 0.6 0 0 0 0 0 0 0 2 0 12.8 0 0 0
0 63.8 0 0.2 0 7.6 0 18 0.2 24.2 12.4 16 0.2 8.8 0 34.2 0 33.4 12.4 28.6
0 2.4 0 10.6 0 9.4 0 0 5.6 0 0 11.6 0 11.8 0 0.2 0 0 0 0.4
0 0 44 1.4 6.8 1.2 0 38.2 10.8 39.4 0 41.2 8.8 0 12.6 22.6 0 10.8 50 0.2
12.6 6.4 0 0 0 0 19 0 0 12 0 0 0 7.8 0 27.4 15.8 0 0 0
0 0 0 35.6 0 0 46.6 0.6 30.4 0 22.4 14 7.6 11.4 4.2 16.8 0 19 0.6 131.8
2.6 0.2 7.2 0 0 4.4 0 55.8 0 0 0 38 0 0 6 0 0 3.8 0 0
5.6 0.2 0 26.4 8 0.2 0.4 0 5.6 0 0.2 15 0 0 0.4 0 12.8 0.2 0 0
0 0 0 48 0.8 0 0 0 0 0 0 26 0 0 0 0 7.8 6.4 0 0
40.6 21 17.8 21 0 1 2.6 61 53 39.2 0.2 115.4 5.8 0.8 0 20 5.8 44.6 5.6 12.6
0 0 0 1.2 0 0 1.2 1.2 3.6 14.8 0.2 0 0 19.6 0 43.2 4.6 0 0 64.4
0 0 0 5 0 0.2 0 5.4 0 0 14.4 0.2 0 0 8.8 0 10.8 0 0 0.2
11.8 9.8 0.2 0 0 0 18.2 0 3 0 0 22.8 0 0 0 33 3.4 16.6 0 0.2
0 0.4 6 0 0 39.6 0.2 16 0 49.4 15.4 0 0 22.8 0 19 0 0 64 0
0 0 0 0.6 0 34.2 6.4 0 0 19.8 0 2.4 4.2 10.2 0 27 0 0 0 0.2
0 14.4 0 0.2 4.2 0.2 42.6 0 0 48 14 0 12.6 19 0 29 5.2 9.6 22.4 57.6
3 0 3.4 0 0.2 0 0 28.6 0.8 0 0 0 0 0 0 0 0 0 0 0
0.4 0 0 0 34.6 0 0 0 0 0 0 0 0 0 2 0 8 0 0 0
0.4 146.6 29.4 23.4 3.6 0 57 76.2 36.4 21.8 73.4 20.6 37.8 24.4 0.2 0 0 0 40.8 136
10.2 0 0 25.2 0 0 7.6 0 2.8 0 0 42.4 0 0 0 0 0.2 7.6 0 0
0 0 0.2 0 4.6 21.8 0 26 0 9.4 58.8 0 0 37.4 0 0 1.6 0 27.6 11.6
55.4 0 4 76 16.4 0.2 0.4 15 0 71.8 12.8 55 6.8 0 21.2 6 49.8 39 14.8 20.4
26.6 0 0 0 7.8 0 0 0 0 0 0 0.2 0 0 0 0 12.4 0 0 0
19.8 20.4 6 0 0 14.4 0 17.4 22.8 52.6 0 31.4 0 0 0 9 0.2 26 0 0
0 56.8 35.2 0 0 0 0.2 32.4 8 35.6 0 8.4 3.4 0.2 0 0.6 0 20.6 44.6 5
0 0 0 43.4 0.6 0 0.2 0 41.2 0 0 39.8 0 0 0 0 9 56 5.8 0
4.6 13.6 2 9.2 0 12.8 1.8 0 0 23 0 12.6 0 8 5.2 57.6 0.4 0 0 27.2
0 0 0 0 0 0 0 0 3 0 0.2 0 31.8 0 0 0 26.2 0 0 0.8
9.8 0 0 0 29.2 0 0.4 0 0 0 0 3.2 0 0 0 0 0.4 0 0 0
0.2 39.4 83.6 0 0 0 4.4 13.8 27.6 38.4 0 44.2 0 0 2.4 0.4 1.6 14.4 45.6 0
0 3 0 16.4 10.6 0 0.4 0 0 1.2 10.8 0 0 0 5 40.8 18.2 0 0.6 0
0 1.8 0 0 0 6.2 10.4 0 0 0 0 2.4 0 10 0 79 0 0 2.2 2
0 0.2 0 14 3.6 2.8 0 0 9.6 0 31 34.2 0 0 8.4 21.8 0.2 16.4 2.6 7.2
7.2 0 0 39.4 41.4 0 0 0 0.2 0 0 7 0 0 10.6 0 3.6 39.6 0 0
0 31.4 20.4 0.8 0 152.6 0.6 4 0.2 36.8 52 0.2 41.2 164.2 0 30 0 0.2 65.4 61
0 80 17.2 0.2 0 0 13.2 3.2 16.8 27.2 3.2 22 26.8 0 0 47.8 0 0.2 42.2 45
0 24 22.6 0.8 18.4 46.4 0 40.4 0 58 43.4 0.4 7.2 61.8 0 6 0 0 45.8 45.8
8 0 0 0 0 0 0 0 0 0 0 49.8 0 0 0 0 0.2 35 0 0
11.2 0 0 100 13.2 0 0.6 0 49.4 0.4 35 45 0 0 23.2 0 30.6 69.4 0 0
0 0 0 36.6 6.2 0 0 0 0 0 0 8.8 0 0 0 0 7 33.4 0 0
0 0 0 0 0 0 0 0 55.6 0 0 65 0 0 4.4 0 17.4 120.6 0 0
0 0 0 8.4 0 0 0.2 0 12.4 0 0.6 69 3.2 0 4 0 0 48.2 0 0
31 3.2 0 19.4 10 1 6.8 0 0 27.2 14 3.2 8.4 0 0.2 21 9.4 3.2 7 65
0.2 0 0 14.6 0 0 0.2 0 0.6 0 0 0 0 0 1 0 1.4 39.4 0.6 0
51.6 0 0 1 0 53.4 0 0 0 25.8 0 14 0 17.6 0 39.4 0 0 0 0.2
0 79.2 52 0.4 0 0 31 49 41.8 19.8 0 2.6 44.8 12.2 0 50.6 0 9.8 8.6 1
