3	0.04 95.44 0 0 0 0 0 0 0 0 0 0 0.02 0 0 9.98 0 0 90.52 0
4	0 0 0 0 0 84.36 236.08 87.16 0 0 0 0 0 0 0 0 142.94 0 0 57.46
5	0 0 0 0 0 0 110.66 0 0 0 0 0 0 0 0 0 79.04 0 1.68 24.62
6	0 0 0 0 0 0 0.02 0 0 46.2 0 0 0 32.74 0.04 0 0 0 0 0.04
7	1.08 124.8 0 0 0 0 27.4 175.16 0 0 0 175.96 330.5 0.02 0 149.44 0 227.48 0 0.14
10	135 0 0 0 0 0 0 0 0 81.3 0 0 64.66 0 0 0 0 0.02 0 0
11	0.04 0 0 0 0 0 183.52 0 0 0 0 0 0 0 0 0 247.44 229.98 0 0.02
12	0 0 0 0 26.78 0 449.74 0 0 0 0 0 0 0 61.42 0 140.8 222.26 0 0
13	0 0 0 0 0 0 0 0 0 205.46 0 0.54 104.54 0 147.22 42.24 0 0 0 0
14	73.54 0.06 0 0 0 0 0 0 0.02 506.66 0 0 4.72 0 0 0 0 0 0 0.02
15	0.02 0 0 0 0 194.58 0 0 0 72.44 0 0 95.54 0 0 505.4 0 0 0 0
16	0 0 0 0 0 0 0 0 0 107.98 0 0 0 0 0 0 0 0 0 0.02
17	0.14 0 0 0 0 0 0 0 0 0 0 236.84 0 0 0 0.02 0 0 0 0
18	0 0 0 0 1.5 0 0 0 0 17.5 0 0 0 0 0 0 0 0 0 0
19	0.04 0 0 0 0 0 0 0 0 207.96 0 0 0 0 0 0 0 0 0 0
20	0 0 0 0 0 0 0 0 0 174.56 0 0 0 0 3.12 0 0 0 0 0.32
23	64.44 0 304.28 0 0.56 0 0 0 0 0 0 130.86 0 0.02 0 0 0 0 96.76 0.08
24	0 197.84 0 127.9 20.7 0 0 0 0 0 0 0 81.36 0 0 37 0 0 3.2 0
25	0 67.82 0 0 0 9.42 0 0 0 118.76 0 0 0 0 153.76 452.22 0 0 0 0.02
27	0 52.5 0 0 0 0 0 0.02 0 0 0 85.3 0 0 0 0 0 0 0 0.2
28	0.04 0 0.04 247.38 0 209.22 98.02 107.7 0 0 0 0 0 0 0 0.02 0 223.04 0 5.54
29	0.02 0 0 92.46 0 0 0 0 0 0 0 0 0 0 0 0 146.48 0 0 0.04
31	0 0 0 0 0 0 93.86 0 0 0 0 0 0 0 0 0 206.68 140.42 0 0.02
33	0 21.28 0 0 0 0 0 136.94 0 0 0 0 0 24.5 0 0 0 0 0 79.28
35	0 0 0 0 0 0 0 0 0 0 0 0 0 0 0 0 0 0 0 22
36	0 0 0 3.1 0 0 0 0 0 4.28 0 0 0 0 0 0 0 0 0 13.64
39	0 0 0 0 0 0 0 0 0 0 0 225.92 0 0 0 0 0 0 0 0.06
41	0 0 0 0 0 0 0.02 0 0 0 0 0 0 0 0 0 0 0 0 83.98
42	0.28 0 0 143 0 0 0 0 0 0 0 52.96 0 0 228.76 0 0 0 0 0
43	0 0 0 0 0 0.02 0 0 0 0 0 0 0 0 0 0 91.86 0 0 0.12
44	0 0 0 0 0 0 0 0 0 0 0 56.66 0 88.62 0 0 0 0 0 76.72
45	178.74 0 0 0 1.7 0 0 0 0 0 0 0 0 0 88.54 0.02 0 0 0 0
46	35.74 0 0 0 0 0 0.28 0 0 0 0 56.98 0 0 0 0 0 0 0 0
47	57.1 0 0 0 0 0 73.16 0 0 0 0 0 0 0 194.56 0 0 0 0 74.18
48	0.12 0 0 0 0 81.26 212.9 0 0 0 0 0 0 0 35.7 0 0 74.02 0 0
49	0 0 0 0 0 0 0 0 0 0 0 0 0 14.56 0 0 0 0 0 208.48
50	0.66 0 144.02 90.3 0 0 0 347.14 0.04 51.24 0 0 379.98 0 0 421.88 0 576.64 0 0.06
51	0 0 0 0 0 89.2 0 0 0 0 0 0 0 0 0.02 0 98.4 0 0 53.38
52	41.88 0 0 0 0 0 0 0 0 0 0 0 0 114.9 131.22 0 0 0 0 0
53	0 0 0 0 0 0 0 0 0 0 0 175.76 0 0 0 0 111.02 0 0 1.22
54	0.12 0 0 0 0 0 0 22.16 0 0 0 0 0 0 0 0 224.68 0 0 0.04
55	0.36 0 0 0 0 0 0 0 0 0 0 364.28 0 0 0 0 0 108.36 0 0
56	0.14 0 58.88 0 0 0 309.48 124.58 0 0 0 179.36 0 0 133.22 0.14 0 420.28 0 13.92
57	78.06 0 0 0 0 0 0 0 0 55.92 0 0 0 0 0 0 0 0 0 0.02
58	0.02 0 0 0 0.02 113.54 0.02 0 0 0 0 0 0 0 148.9 0 123.22 95.28 0 0
59	234.24 0 0 0 0 0 0 0 0 0 0 0 0 25.76 0 0 0 0 0 0
60	163.78 0 0.06 0 29.94 0 0 0 0 0 0 0 0 0 0 0.2 0 0 0 0.02
61	124.48 0 0 0 36.44 0 0.04 0.04 0 0 0 0 0 0 0 0 0 0 0 0.02
62	0 0 0 49.12 0 0 0 110.62 0 0 0 0 0 0 0 0 168.24 0 0 0
64	0.06 0 0 0 0 116.54 234.76 0 0.04 0 0 0 0 98.2 0 0 186.66 368.74 0 0
65	53.24 0 0 0 0 0 0 0 0 0 0 0 0 152.4 0 0 0 0 0 135.42
66	0.02 0 0 0 0 173.76 0 0 0 0 0 0 0 56.54 0 0 21.42 0 0 209.2
67	0.06 0 0 0 0 0 0 0 0 0 0 0 0 0 0 0 0 0 0 265.94
69	0.08 0 0 41.84 0 276.22 105.44 130.98 0 0 0 0 0 0 0 0 0 304.42 0 119.02
70	25.82 0 0 93.62 0 3.1 17.66 73.78 0 0 0 0 0 299.42 99.66 0 0 103.9 0 0.06
71	0.1 0 0 375.94 0 197.7 0 0 0 0 0 0 0 0.06 0 0 0 105.18 0 0
72	0 0 0 51.62 0 0 0 0 0 0 0 0 0 0 82.9 0 0 0 0 183.48
73	0 0 0 280.22 0 88.78 0 0 0 0 0 0 0 0 0 0 0 0 0 0
74	0 0 0 0 0 0 0 18.96 0 0 0 0 0 0 0 0 0.04 0 0 0
76	0 0 0 0 0 79.74 0 0 0 0 0 0 0 0 0 0 0 0 0 72.26
77	41.48 0 0 0 0 0 0 0 0 0 0 0 0 0 0 0 250.88 68.36 0.02 31.26
78	0 0 0 0 0 0 0 0 0 0 0 0 0 0 0.08 0 0 0.02 0 62.9
79	0.94 25.3 54.58 19.88 0 96.74 162.08 245.72 0 0 0 0 0 0 0 0 149.28 344.08 0 0.4
80	0 0 0 0 0 0 0 0.02 0 0 0 0 0 0.02 0 0 0 0 0 145.96
81	0 0 0 0 0 0 167.86 0 0 0 0 0 0 0 137.1 0 0 0 0 0.06
82	0.28 0 0 225.1 0 125.22 0 234.22 0 0 0 0 0 0 0 0 148.18 65.94 0 0.06
83	247.68 0 0 201.68 0 96.44 29.94 0 0 0 0 0 0 0 0.24 0 0 0 0 0
84	0 0 0 0 0 0 0 0 0 0 0 0 0 0 0 0 0 0 0 35
85	0 0 1.88 0 0 0 0 0 0 0 0 0 0.02 0 47.54 0 43.88 0 0 40.7
86	285.22 0 0 22.98 0 0 0 0 0 0 0 0 0 197.5 0 0 0 0 0 0.3
87	0 0 0 145.22 0 73.96 142.18 0 0 0 0 0 0 64.56 0 0 0 0 0 0.06
88	0.02 0 0 79.44 0 254.62 0 0 0 0 0 0 0 0 0 0 0 0 0 271.92
90	0 0 0 96.34 0 0 0 0 0 0 0 0 0 0 0 0 0 0 0 129.68
91	0.06 0 0 298.42 0 0 0 0 0 0 0 0 0 0 117.5 0 0 0 0 0
92	0.06 0 0 0 0 0 216.82 0 0 0 0 0 0 0 0 0 86.12 0 0 0
94	0 0 0 28.38 0 0.02 0.02 55.08 0 0 0 0 0 0 0 0 0 0 0 259.5
95	0.08 0 0 523.2 0 0 0 0 0 0 0 0 0 0 0 0 0 128.72 0 0
96	4.78 0 0 0 0 0 125.54 271.66 0 0 0 0 0 0 0 0 297.36 312.58 0 0.1
97	0.06 0 0 0 0 353.8 0 52.8 0 0 0 0 0 0 0 0 43.16 178.46 0.04 129.7
98	2.18 0 87.46 0 0.28 147.38 142.36 131.78 0 0 0 255.42 0 0 0 0 0 571.98 0 0.16
100	0.1 0 138.46 0 0 0 158.2 7.5 0 343.06 0 127.96 415.06 0 0 250.76 0 283.76 0 0.12
101	0 0 0 162.28 0 0 0 25.7 0 0 0 0 0 0 0 0 0 0 0 0
102	0 0 0 146.98 0 0 0 0.02 0 0 0 0 0 0 0 0 0 0 0 0
103	0 0 0 0.88 0 0 0 0 0 0 0 0 0 0 0 19.36 0 0 0 3.76
104	0 0 0 0 0 0 0 0 0 0 0 6 0 0 0 0 0 0 0 0
106	0 137.32 0.14 0 0 0 0 0 0.04 0.18 0 0 28.16 0 0 0 0 0 0 19.16
107	0.02 0 0 0 0.08 34.42 0 0 0 82.3 0 0 0 0.16 0 0 0 0 0 0.02
108	0 60.74 0 0 0 0 0 0 0 0 0 0 0 0 55.74 0 0 0 50.5 0.02
109	0 0 0 183.9 0 0 0 0 0 0 0 0 136.18 0 0 34.74 0 0 0 0.18
110	0 0 0 0 0 0 0 0 0 0 0 0 0 0 0 0 0 0 0 58
111	0.12 0 0 69.32 0 0 0 0 0 59.56 0 0 42.68 54.34 0 372.94 0 86.88 49.48 0.68
112	0 0 0 0 0 0 0 0 0 0 0 0 0 0 0 43 0 0 0 0
113	0 0 0 0 0 0 0 0 0 0 0 0 0 0 14.74 0 0 0 15.26 0.02
114	114.16 0 0 101.4 20.34 0 0 0 0 0.08 0 0 0 0 0 0 0 0 0 0
115	0 0 0 0 0 0 0 0 0 0 0 0 0 40.9 0 0 0 0.1 0 0
116	0 0 0 0 0 0 0 0 0 309.06 0 0 0 0 86.92 0 0 0 0 0.02
117	0.02 134.14 0 0.14 0 0 0 129.42 0 0 0 0 169.3 0 0 486.2 49.66 120.1 0 0.02
118	0.04 223.4 0 0 0 0 0 108.78 0 0 0 0 0 0 0 426.5 1.28 0 0 0
120	0 41.44 0 0.96 0 0 0 0 0.02 0 0 0 0 0 0 33.9 0 0 0 41.68
121	0.16 217.7 0 1.34 0 0 0 274.36 0 0 0 0 0 0 0 558.62 0 132.1 23.72 0
122	0 130.28 0 0 0 0 0 0 0 0 0 0 0 0 0 0 0 0 60.86 21.86
123	0 186.42 0 0 0 0 0 0 0 0 0 68.58 0 0 0 0 0 0 0 0
124	0.7 0 76.46 0 0 0 0 0 0 267.04 0 0 250.8 0 0 0 0 0 0 0
125	0 0 0 94.42 0 47.98 0 0 0 0 0 0 0 0 0 460.36 26.84 36.38 63.02 0
126	0.04 0 0 0 0 0 0 0 0 143.8 0 0 0 0 6.1 116.98 0 0 0 0.12
127	0 0 207.86 0 0 0 298 86.52 0 0 0 0 426.7 0 0 240.14 0 168.74 0 0
128	0.04 10.3 0 79.58 0 0 0 38.34 0 0 0 57.74 0 0 0 0 0 0 0 0
129	0 0 0 0 0 0 0 0 0 0 0 0.52 262.94 0 0 0 0 0 155.44 0.1
130	0 7.96 0 0 0 0 0 0 0 0 0 0 0 0 0 0.04 0 0 38 0
132	149.4 0 0 0 0 313.1 0 91.64 0 0 0 0 0 0 0 0 0 219.84 0 0.02
134	96.16 0 340.42 0 0 0 190.24 0 0 0 0 0.06 0 0 86.12 0 0 0 0 0
137	0 0 0 0 0 0 0 0 0 326.08 0 0 77.08 0 112.84 0 0 0 0 0
139	0 0 0 0 0 0 0 0 0 0 0 0 0 0 0 0 0 0 0 107
140	0 0 0 78.86 0 0 0 0 0 1.92 0 0 0 0 0 0 0 0 0 59.24
142	0.22 0 0 71.28 0 0 0 0 0 0 0 0 0 0 0 0.02 0 0 0 87.48
143	0 0 53.12 209.18 0 360.36 0 0 0 0 0 0.38 0 0 0 0 0 12.46 0 30.48
145	0.02 0 0 0 0 0 0 56.86 0 0 0.22 0 0 0 0 0 0 0 0 67.92
148	0.02 62.2 0 0 0 0 0 0 0 0 0 0.02 0 0 0 214.12 72.62 0 0 0
149	3.4 0 0 0 0 0.02 0 0 0 0 0 0 0 0 0 0 0 0 52.56 0.04
150	0 0 0 0 0 0 0 0 0 0 0 0 300.14 0 0 0 0 0 180.78 0.1
151	1.52 0 0 130.54 0 0 0 138.14 0 0 0 0 186.94 0 86.04 336.28 0 59.5 0 0
152	0 0 0 0 0 0 0 64.18 0 0 0 0 0 0 194.82 0 0 0 0 0
153	0 0 3.28 0 0 58.18 0 189.36 0 0 0 0 0 0 297.94 0 0 154.56 0 69.7
154	1.98 0 0 120.66 0 0 0.12 129.24 0 0 0 0 0 0 270.98 0 0 0 0 0.02
155	0.04 0 0 0 0 49.1 0 0 0 0 0 0 0 0 0 0 0 0 0 199.86
156	0.02 0 0 0 0 0 317.52 0 0 0 0 125.44 0 0 0 0 0 0 0 0
157	0 0 0 0 0 97.86 0 139.08 0 0 0 0 0 0 0 0 68.2 66.82 0 0.04
159	0 0 0 0 0 0 0 0 0 0 0 0 0 0 0 0 262 0 0 0.02
160	0.02 0 0 0 0 0 124.94 0 0 0 0 0 0 41.1 39.92 0 0 0 0 0
161	0.04 0 0 20.08 0 70.68 0 312.36 0 0 0 0 0 0 0 0 0 26.42 0 176.42
162	0 0 0 0 0 256.34 0 0 0 0 0 0 0 0 0 0 0 0 0 55.68
163	3.18 0 0 0 0 0 0 126 0 0 0 0 0 0 125 0.04 0 0 0 28.76
164	0.1 0 0 138.76 0 83.8 0 0 0 0 0 230.34 0 0 0 0 0 0 0 0
165	201.98 0 0 0 0.02 0 0 0 0 0 0 0 0 0 0 0 0 0 0 0
167	0 0 0 0.22 0 0 0 32.46 0 0 0 0 0 0 0 0 0 0 0 124.34
168	0.14 0 83.62 212.46 0 0 59.92 157 0 0 0 0 0 0 283 0 0 216.82 0 0.02
169	0.02 0 0 138.56 0 0 0 0 0 0 0 0 0 0 250.5 0 0 68.92 0 0
170	243.84 0 0 0 0 0 0 0 0 0 0 0 0 0 139.14 0 0 0 0 0.02
171	54.8 0 0 0.02 0 0 0 0 0 0 0 0 0 0 112.18 0 0 0 0 0.02
172	0 0 93.8 267.32 0 59.28 109.62 281.84 0 0 0 0.04 0 0 0.02 0.1 82.74 406.1 0 0.14
174	0.24 0 76.98 167.04 0 138.42 163.6 394.14 0 0 0 0 0 0 0 0 0 491.56 0 0
175	56.68 0 0 0 0 0 182.56 139.16 0 0 0 0 0 0 224.6 0 0 0 0 0
177	0.04 0 129.92 0 0 0 0 217.3 0 0 0 0 0 0 0 0 76.62 0 0 0.18
178	199.02 0 0 62.16 0 0 69.66 0 0 0 0 0 0 0 0 0 0 133.08 0 0.04
180	0.02 0 195.04 0 0 0 273.88 88.28 0 0 0 0 0 0 69.38 0 0.04 100.34 0 0
182	0 0 104.4 0 0 0 438.9 0 0.02 0 0 0 0 0 0 0 178.94 6.7 0 0.04
183	0.24 0 112.66 0 0 0 77.16 350.18 0 0 0 150.88 0 0 0 0 0 265.46 0 0.42
184	0 0 0 197.56 0 0 136.36 0 0 0 0 0 0 0 0 0 0 0 0 0.12
185	6.66 0 248.4 0 0 122.98 289.4 86.5 0 0 0 0 0 0 0 0 0 0 0 0.04
186	0 0 0 3.44 0 185.16 47.36 299.76 0 0 0 0 0.1 0 238.16 0 0 0 0 0
188	0.06 0 46.4 0 0 0 208.12 205.7 0 0 0 0 0 0 0 0 66.66 0 0 0.06
189	0 0 0 67.78 0 0 0 0 0 0 0 0 0 0 148.22 0 0 0 0 0
190	350.18 0 0 0 0 0.06 0 0 0 0 0 0 0 0 0 0 46.76 0 0 0.04
191	128.18 0 35.06 156.64 0 200.06 126.02 0 0 0 0 0 0 0 30.56 0 0 223.38 0 0.06
192	0.04 0 106.54 0 0.26 0 288.14 0.02 0 0 0 0 0 0 0 0 0 0 0 0.02
193	1.46 0 133.76 0 0 69.08 65.96 173.28 0 0 0 0 0 0 0 0.02 0 55.24 0 0.2
195	0.06 0 111.08 0 0 0 0 340.46 0.04 0 0 0 0 0 0 0 190.74 317.6 0 0
196	0.02 0 0 184.64 0 323.34 166.54 101.78 0 0 0 0 0 0 17.16 0 0 14.46 0 0.08
198	264.24 0 0 0 0 0 127.74 0 0 0 0 0 0 0 0 0 0 0 0 0
199	0.04 0 427.62 0 0 0 0 120.28 0 0 0 0 0 0 0 0 0 0 0 0.1
200	0.04 0 62.54 0 0.02 147.84 169.58 0 0.04 0 0 270.86 0 0 0 0 0 0 0 0.04
201	0 0 0 0 0 0 0 0 0 0 0 232 0 0 0 0 0 0 0 0
202	0.06 0 0 97.52 0 129.52 43.02 142 0 0 0 0 0 0 99.42 0 0.02 177.06 0 187.4
203	91.86 0 34.94 0 0 178.1 0 0 0 0 0 173.08 0 21.86 0 0 47.14 0 0 0.02
204	0.48 0 0 3.1 0 254.2 0 228.24 0 0 0 0 0 0 147.38 0 27.64 261.62 0 156.32
206	0 0 0 0 12.4 0 52.82 0 0 0 0 0 0 0 0 0 70.78 0 0 0
207	165.84 0 0 24.16 0 0 0 0 0 0 0 0 0 0 0 0 0 0 0 0
208	0 0 59.52 0 0 73.72 0 161.4 0 0 0 0 0 0 270.66 0 0 24.74 0 60.98
209	2.66 0 65.76 0 0 0 0 169.22 0 0 0 0 0 0 344.32 0 0 0 0 0.02
210	0.08 0 0 143.7 0 136 0 286.98 0 0 0 0 0 0 159.2 0 83.1 200.94 0 0
212	153.26 0 0 0 0 0 0 0 0 0 0 0 0 0 112.74 0 0 0 0 0
213	313.84 0 0 0 0 0 0 0 0 0 0 0 0 119.78 0 0 0 0 0 0.4
214	45.26 0 0 50.62 0 0 0 200.56 0 0 0 7.16 0 0 0 0 0 0 0 3.4
215	0 0 112.8 81.84 0 357.06 0 0 0 0 0 0 0 0 0 0 91.28 0 0 0
216	0.1 0 0 31.2 0 274.54 115.26 96.84 0 0 0 0 0 171.62 0 0 0 125.8 0 91.64
217	0.02 0 0 0 0.02 0 0 0 0 0 0 210.88 0 0 0 0 0 0 0 87.08
218	0 0 0 0 0 120.96 0 0 0 0 0 290.24 0 0 0 0 86.8 0 0 0.02
219	0 0 0 0 0 0 0 0 0 0 0 279.54 0 0 0 0 0 0 0 17.44
221	0 0 0 0 41.26 0 0 0 0 155.72 0 0 0 0 0 0 0.02 0 0 0
222	0 101.56 0 0 0 0 0 327.16 0 0 0 0 118.94 0 0 364.94 0 165.38 0 0.02
223	0 0 0 0 0 0 177.04 0 0 0 0 0 0 0 100.64 0 55.44 128.12 18.72 0.04
224	0 0 0 0 0.04 0 0 0 0 127.96 0 0 0 0 0 0 0 0 0 0
225	0.04 0 0 0 0 0 0 22.4 0 0 0 0 0 0 0 157.44 0 0 0 70.12
226	0.02 0 0 0 0 0 0 154.86 0 0 0 0 0.04 0 0 0 298.04 0 0 0.06
227	0.1 0 0 0 0 0 0 305 0 0 0 0 0 0 0 0 132.84 0 0 0.06
228	0.38 0 0 0 0 0 0 512.2 0 0 0 0 0 0 0 0 101.6 155.72 0 0.1
229	0.02 0 0 0 0 0 0 294.88 0 0 0 0 0 0 0 0 119.08 0 0 0
230	0.08 0 0 0 0 43.32 0 362.74 0 0 0 0 0 0 0 0 132.84 0 0 0.02
231	0 0 0 148.8 0 0 0 0 0 0 0 0 0 0 0 0 152.2 0 0 0
232	0 0 0 0 0 0 0 0 0 0 0 0 0 0 0 0 264 0 0 0
233	0.02 0 0 0 0 0 0 72.72 0 0 0 0 0.02 0 0 0 276.24 0 0 0
235	0 148.54 0 117.98 0 0 0 0 0 0 0 45.4 107.12 0 0 79.96 0 0 0 0
236	0 0 0 0 0 0.02 0 0 0 88.08 0 0 0 0 11.96 26.88 0 0 0 0.06
238	0.1 0 0 0 0 97.18 158.26 135.64 0 0 0 0 0 0 406.82 0 0 0 0 0.02
240	0 212.58 0 0 0 0 0 0 0.02 31.88 0 64.32 0 0 0 0 0 0 0 40.18
241	0 0 0 30.32 0 117.38 0 52.7 0 0 0 0 0 0 0 0 160.58 0 0 0.02
242	0.06 0 0 0 0 0 0 0 170.32 195.62 0 0 0 0 0 0 0 0 0 0
243	0.04 0 0 0 0 0 0 0 0 0 141.28 0 0 0 0 115.68 0 0 0 0
244	0 0 0 0 0 0 0 0 0 0 0 0 0 0 0 0 0 0 109 0
245	0 3.58 0.04 0 0 0 0 0 0 0 427.2 0 0 0 0 178.18 0 0 0 0
248	0 129.8 0 0 0 0 0 0 0 0 0 0 238.12 0 59.04 6.66 0 0 6.98 36.42
250	0.06 312.54 0 0 0 0 0.02 83.42 0 0 0 0 0 0 0 50.76 0 35.84 62.34 0
251	0 0 0 0 131 0 0 0 0 0 0 0 0 0 0 0 0 0 0 0
252	0.02 158.06 0 0 0 0 0 20.6 0 0 0 0 0 0 0 142.12 0 48.16 0.1 7.94
253	0.3 0 0 0 0 0 0 0 0 40.08 0 0 48.62 0 0 0 0 0 0 0
254	0 0 0 0 0 0 0 0 0 0 0 0 0 0 0 40.86 0 15.58 0 69.56
255	0.04 0 0.04 0 0 0 0 0 0 0 0 0 114.8 0 0 350.12 0 0 0 0
258	0.06 0 0 47.64 0 0 0 0.02 176.22 86.28 562.32 93.54 106.62 0 0 286.42 0 181.04 0 0.88
259	0.5 61.52 0 0 0 0 0 0 0 0 254.48 0 0 20.46 0 0 0 0 0 22
260	0.02 94.32 0 0 0 0 0.06 0 0 0 160.6 0 0 0 0 0 0 0 0 0
261	0 0 0 0 0 0 0 0 7.76 0 77.44 0 0 0 0 4.78 0 0 0 0.02
262	0 0 0 0 193 0 0 0 0 0 0 0 0 0 0 0 0 0 0 0
263	0 0.02 0 0.1 23.46 0 0 0 0.26 0 0 0 0 0 0 0 0.16 0 0 0
264	0 42.56 0 0 162.44 0 0 0 0 0 0 0 0 0 0 0 0 0 0 0
265	0.06 0 0 0 0 124.24 24.34 229.86 0 0 0 0 0 0 0 0 199.84 113.66 0 0
266	0 0.06 0 0 0 0 0.02 0 0 0 76.9 0 0 0 0 0 0 0 0.02 0
267	0 0 0 0 0 0 0 0 0 0 0 31 0 0 0 0 0 0 0 0
272	41.88 0.02 0 0 0 0 0 0.52 569.58 0 30.74 0 0 0 0 0 0 55.1 0 0.16
237	0.26 0 40.04 0 0 0 0 0 0 150.44 0 0 84.1 0 0 588.56 47.5 135.46 57.56 7.1
257	0.1 140.74 0 0 0 0 0 111.5 0 0 0 0 193.62 0 0 372.26 0 74.72 0 0.06
269	0.14 0 0 0 0 0 0 0 510.02 213.86 89.86 0 69.88 0 114.96 0 0.02 0 0 0.28
274	3.18 0 0 84.32 0.52 0 0 0 0 98.54 0 0 0 0 0 350.38 0 0 0.02 0
275	0.68 0 0 0 0 0 0 0 0 458.48 0 0 0 110.4 0 166.52 0 140.92 0 0
278	0.92 24.22 0 0 0 5.24 0 0 0 0.74 0 0 0 0 0 125.88 0 0 0 0
279	0 0 0 0 0 0 0 0 0 82.98 0.02 0 0 0 0 0 0 0 0 0
280	0.5 142.88 0 0 0 0 0 0 0 54.62 0 0 0 0 0 0 0 0 0 0
281	6.12 84.8 0.04 0 0 0 0 0 0 0 0 0 0 0 0 222.56 0 0 46.48 0
284	0 0 0 0 0 0 0 0 0 0 0 0 0 3.7 0 313.16 69.8 0 100.16 0.22
285	0 0 0 0 0 0 0 0 0 481.22 0 0 66.72 0 0 0 0 0 0 0.04
286	0.18 0 95.96 0 0 13.18 0.44 0 401.72 382.12 299.68 0 113.6 0 0 55.64 0 95.46 0 0.02
288	0.04 55.64 0 0 0 0 88.82 0 82.34 0 483.62 143.46 77.52 0 0 282.44 0 0 0 0.1
289	0.02 0 18.66 0 0 0 0.04 0 46.32 185.56 276.14 0 0 0 0 106.26 0 0 0 0
290	0 97.68 0 74.18 0 0 0 0 0 0 0 0 58.14 0 0 0 0 0 0 0
292	0 0 0 0 0 0 0 0.04 116.56 0 196.8 0 0 36.6 0 0 0 0 0 0
296	0 0 0 0 16 0 0 0 0 0 0 0 0 0 0 0 0 0 0 0
297	25.94 0 0 0 0 0 0 0 52.92 0 0 0 0 0 0 0 0 0 78.14 0
298	0.02 227.48 0 0 0 0 0 0 0 0 0 0 187.02 0 0 160.48 0 0 0 0
299	0 0 0 0 0 0 0 0 39.7 0 149.26 0 0 0 0 0 0 0 0 0.08
300	0 0 7.76 0 0 0 0 0 96.64 0 684.78 0 0 0 0 333.44 0 113.34 0 0
301	0 0 0 0 0 0 0 0 295.8 156.44 134.32 0 0 0 0.26 35.18 0 0 0 0
302	0 0 0 0 0 0 134.12 0.02 575.42 79.2 113.18 0.12 102.88 0 0 0 0 0 0 0.06
303	1.52 0 0 0 136 0 0 0 262.28 0 0 0 0 0 3.2 0 0 0 0 0
304	0 0 0 0 0 0 0 0.04 182.1 0 167.02 0 0 27.22 0 69.62 0 0 0 0
307	0.02 49.58 0 0 0 0 0 0 215.12 0 321.24 0 0 0 0 0 0 0 0 0.04
308	0 0 0 0 0 0 0 0 61.08 0 0.92 0 0 0 0 0 0 0 0 0.02
311	0 0 0 0 0 0 0 0 222.98 0 0 0 0 0 0 0 0 0 0 0
312	0 0 0 0 0 0 0 0 0 63.6 138.4 0 0 0 0 0 0 0 0 0
313	0.3 0 0 95.52 55.34 77.66 0 0 533.86 0 282.3 0 0 0 0 144.02 0 0 0 0
314	0 0 0 0 0 0 0 0 5 0 0 0 0 0 0 0 0 0 0 0
315	0.04 0 0 0 0 0 0 0 462.86 0 0 0 0 39.1 0 0 0 0 0 0
316	0.04 0 0 0 0 0 0 0 360.88 0 0 0 0 0 0 0 0 0 0 0.1
271	0 102.38 0 0 74.64 0 0 0 0 0 289.44 67.28 0 0 0.02 0 0 0 0 0.22
294	0.18 54.78 0 0 0 60.58 0 0 0 0 559.6 0 74.86 0 0 345.4 0 116.36 0 73.26
318	0.08 0 0 0 0 369.98 318.64 1.52 0 0 0 0 0 0 0 0 0 336.28 29.44 0.04
319	2.18 0 0 0 0 0 0 0 225.4 184.28 0 0 0 0 0 0 0 0 0 0.18
323	0 79.02 0.02 0 0 0.18 0 0 0 0 343.9 0 0 0 0 136.84 0 0 0 0
324	0 0 0 0 0 0 63.42 0 36.6 0 163.14 31.84 0 0 0 0 0 0 0 0
325	0 57.78 0 0 69.94 0 0 0 0 0.08 129.16 0 0 0 0 0 0.04 0 0 0.02
326	0.06 0 0 0 0 0 0 0 6.4 0 480.52 0 0 0 0 0 0 0 0 0.02
327	0.02 0 0 0 76.5 0 0 0 75.38 0 263.08 0 71 0 0 0 0 0 0 0.04
328	0 0 0 0 0 0 0 0 97.42 0 507.46 0 0 0 0 168.7 60.28 0 0 0.1
330	0 0 0 0 0 0 0 0 104 0 0 0 0 0 0 0 0 0 0 0
331	0.04 0 0 0 0 0 0 0 45.76 0 267.2 0 0 0 0 0 0 0 0 0
332	0 0 0 0 0 0 0 0 63.72 0 354.26 0.02 0 0 0 0 0 0 0 0
333	0.02 56.92 0 0.06 0 0 1.82 0 144.3 0 418.62 0 0 0 0 0 0 0 99.26 0
334	0 28.48 0 0 0 0 0 0 123.9 0 0 9.62 0 0 0 0 0 0 0 0
335	0 0.16 0 0 41.66 0 0 0 0 0 0 0 0 0 0 0 0 0 0 0.18
336	0 0 0 0 0 0 0 0 87.96 0 0 0 0.04 0 0 0 0 0 0 0
337	27.92 0 0 0 0 0 0 0 0 0 18.06 0 0 0 0 0 0 0 0 0.02
340	0.82 0 37.4 0 86.88 0.04 0 0 364.7 0 0 0 48.16 0 0 0 0 0 0 0
341	0 0 0 0 0 0 0 0 0 0 23.82 0.02 0 0 0 0 0.16 0 0 0
343	0.02 103.2 0 7.3 183.36 0 0 0 0 0 0 0 0 0 0 0 0 0.1 0 0.02
344	0 0 0 0 0 0 0 0 161 0 0 0 0 0 0 0 0 0 0 0
345	0 0 0 0 0 0 0 0 165.2 0 0 0 0 9.78 0 0 0 0 0 0.02
346	0 0 0 0 0 0 0 0 352 0 0 0 0 0 0 0 0 0 0 0
347	0.02 0 0 0 0 0 0 0 382.92 0 0 0.02 0 0 0 0 0 0 0 0.04
348	0 0 0 0 0 0 0 0 0 0 60 0 0 0 0 0 0 0 0 12
349	0 0 0 6 0 0 0 0 60 0 0 0 0 0 0 0 0 0 0 0
350	0 0 0 0 0 0 0 0 0 0 106.94 0 0 0 0 0 0 0 0 0.06
351	0 0 0 0 0 0.02 0 0 37.54 0 11.44 0 0 0 0 0 0 0 0 0
352	0 0 0 0 0 0 0 0 48 0 0 0 0 0 0 0 0 0 0 0
353	0 0 0 0 32 0 0 0 0 0 0 0 0 0 0 0 0 0 0 0
354	0 0 0 0 0 0 0 0 125.82 0 66.18 0 0 0 0 0 0 0 0 0
356	0 0 0 0 0 104.98 0.02 0 0 0 0 0 0 0 0 0 151.94 0 0 0.1
357	0.08 0 268.5 0 0 102.38 273.06 0 0 0 0 0 0 0 0 0 0 243.82 0 0.12
358	0 112.1 0 0 0 0 0 0 0 0.04 184.86 0 0 0 0 0 0 0 0 0
359	0 0 0 0 53.98 0 0 0 0 0 0 0 0 0 0 0 0 0 0 0.02
360	0 0 0 0 24 0 0 0 0 0 0 0 0 0 0 0 0 0 0 0.02
361	0 0 0 0 33.98 0 0 0 0 0 0 0 0 0 0 0 0 0 0 0
362	0 0 0 0 0 0 0 0 0 0 68 0 0 0 0 0 0 0 0 0
1	0.08 0 0 247.76 0 0 0 98.94 0 0 0 0 292.18 0.02 0 450.08 0 302.94 0 0
2	0.02 0 0 90.14 0 0 0 60.96 0 0 0 0 0 0 0 0 199.88 0 0 0.02
40	0 0 0 43.88 0 0 0 0 0 0 0 0 0 0 0 0 0 0 0 87.1
63	0 0 0 59.08 0 0 0 0 0 0 0 0 0 0 0 0 0 0 0 138.92
89	0 0 107.56 0 0 0 194.64 443.14 0 0 0 0 0 0 128.62 0 0 0 0 0.04
105	0 0 0 0 0 0 0 41.02 0.04 0 0 0 0 0 0 0 0 0 32.88 53.06
144	0.18 0 0 0 0 0 25.08 244.46 0 0 0 0 0 0 0 0 185.32 331.96 0 0.04
173	55.9 0 0 304.2 0 118.04 1.64 81.28 0 0 0 40.12 0 0 134.24 0 0.06 366.22 0 54.3
176	0 0 58.66 3.88 0 0 0 348.1 0 0 0 187.96 0 0 0 0 0 255.26 0 0.1
181	0 0 70.02 183.54 0 0 0 299.76 0 0 0 0 286.2 0 0 445.24 0 333.1 0 0.14
211	0.04 0 244 0 0 0 13.02 207.12 0 0 0 0 0 0 159.78 0 0 0 0 0.06
234	0.02 0 94.62 0 0 215.22 184.32 100.1 0 0 0 258.7 0 0 0 0 0 0 0 0
239	0.06 0 0 171.8 0 85.3 0 65.82 0 0 0 0 0 0 0 0 111.02 0 0 0
363	0 113.98 0 0 0 0 0 0 0 0 0 0 0 0.02 0 0 0 0 0 0
364	0 0.12 0 69.88 0 0 0 0 0 0 0 0 0 0 0 0 0 0 0 0
365	0 0 0 0 0 0 0 0 0 0 0 0 0 0 0 0 0 0 0 111
366	0 0 0 0 0 0 0 0 0 0 0 0 0 0 0 0 0 0 0 133
367	0.06 0 0 116.74 0 59.8 0 0 0 0 0 0 0 0 174.9 0 0 0 0 131.5
368	0 0 0 0 0 0 0 0 0 0 0 0 0 0 0 0 31.56 0 17.44 0
369	0 108.96 0 0 0 0 0 0.02 0 0.02 0 0 0 0 0 0 0 0 0 0
370	0 34.44 0 0 0 0 0 0 0 0 0 0 0 0 0 36.84 0.72 0 0 0
372	0 0 0 0 0 0 0 0 0.08 0 0 0 0 72.6 0 0 0 0 0 27.32
373	0 0 0 63.58 0 0 0 0.02 0 0 0 0 0 0 0 0 26.4 0 0 0
374	0 0 0 22 0 0 0 0 0 0 0 0 0 0 0 0 0 0 0 0
375	0 0 0 0 0 0 10.68 0 0 0 0 0 0 0 0 0 0 0 0 28.32
376	0 0 0 0 0 0 0 0 0 0 0 0 0 0 0 0 0 0 0 44
377	0 0 0 0 0 0 0 0 0 0 0 0 0.06 0 0 0 0 0 0 27.94
379	0 0 0 0 0 0 0 0 0 0 0 103 0 0 0 0 0 0 0 0
380	0.04 0 0 0 0 0 0 212.64 0 0 0 0 0 0 0 0 86.32 0 0 0
382	47.98 0 0 0 0 0 0 0 0 0 0 0 0 158.24 89.78 0 0 0 0 0
383	0 0 0 0 0 0 0 0 0 0 0 0 0 0 0 0 0 0 0 52
384	0 0 0 0 0 0 0 0 0 0 0 0 0 0 0.02 0 0 0 0 168.04
385	0 0 0 109.8 0 54.5 0 313.78 0 0 0.02 0 0 48.8 0 0 0 0 0 82.04
386	0 0.02 0 1.34 0 0 0 0 0 0 0 0 0 0 0 0 0 0 0 208.64
387	145.02 0 0 0 0 0 0 0 0 0 0 0 0 0 0 0 39.98 0 0 0
388	0 0 0 25.9 0 0 0 21.1 0 0 0 0 0 0 0 0 0 0 0 0
389	23.68 0 0 0 0.02 0 0 51.3 0 0 0 0 0 0 0 0 0 0 0 0
391	0 0 0 0 0 0 0 0 0 0 0 0 0 0 0 0 122.96 0 0 3.06
393	0.08 0 0 0 0 77.14 0 97.24 0 0 0 0 0 0 0 0 0 0 0 373.52
394	0 0 0 28.98 0 0 0 0 0.02 0 0 0 0 0 0 0 0 0 0 0
396	0.26 0 0 5.16 0 0 40.54 0 0 0 0.02 0 0 0 48.88 0 0 0 0 26.14
397	0 0 0 0 0 0 0 0 0 0 0 0 0 0 0 0 22 0 0 0
398	0 0 0 0 0 0 0 12.68 0 0 0 0 0 0 0 0.02 0 0 0 35.3
400	0 0 0 0 0 0 0 0 0 0 0 0 0 0 0 0 1.96 0 0 31.04
402	0.04 0 0 29.6 0 162.84 0 0 0 0 0 0.02 0 0 0 0 0 0 0 288.5
403	0.94 0 0 150.78 0 0 0 181.4 0 0 0 0 0 0 0 0 190.52 0 0 0.36
404	0 0 0 265 0 0 0 0 0 0 0 0 0 0 0 0 0 0 0 0
406	0 0 0 0 0 0 0 0 0.02 0 0 0 0 0 0 69.68 37.3 0 0 0
407	0 87 0 0 0 0 0 0 0 0 0 0 0 0 0 0 0 0 0 0
409	0.02 0 0 0 0 0 0 0 0 0 0 0 0 0.02 0 123.06 0 0 0 61.92
410	0.12 210.1 0 0 0 0 0 0 0 0 0 0 0 0 0 70.16 0 0 125.6 0
411	0.02 171.7 0 0 0 0.04 0 0 0 0 0 0 0 0 0 149.36 0 0 0 68.9
412	0 85.66 0 0 0 0 0 0 0 0 0 0 0 0 0 61.42 0 0 32.9 0
413	0 0 0 0 0 0 34.28 0 0 0 0 0 0 0 0 0 58.72 0 0 0
417	0 0 0 0 0 79.94 0 0 0 0 0 0 0 0 0 0 0 0 0 98.06
418	0.08 0 49.42 289.92 0 57.54 0 0 0 0 0 0 0 0 0 0 0 0 0 0.08
419	0.44 0 103.08 252.78 0 183.66 0 0 0 0 0 0 0 0 0 0 0 0 0 0
420	0 0 0 0 0 63.26 0 0 0 0 0 0 0 0 0 0 0 0 0 178.74
421	49.54 0 0 145.1 0 0 44.02 0 0 0 0 0 0 0 0 0 0 0 53.34 0
422	0 0 0 0.06 0 0 0 0 0 0 0 0 0 0 0 0 0 0 0 61.96
423	0.02 0 81.66 0 0 250.08 0 171.46 0 0 0 0 0 0 0 0 0 228.26 0 150.5
424	0 0 0 0 0 0 0 10.9 0 0 2.04 0 0 0 0 9.06 0 0 0 0
425	31.9 0 0 0 0 0 97.64 0 0 0 0 0 0 0 137.46 0 0 0 0 0
426	0 0 0 0 0 0 0 0 0 0 0 21.42 0 0 0 0 57.54 0 0 2.04
428	0 0 96.52 0.04 0 0 0 0 0 0 0 0 0 0 257.44 0 0 0 0 0
429	0.06 0 237.12 49.18 0 0 0 0 0 0 0 39.64 0 0 0 0 0 0 0 0
431	0 0 0 128.46 0 0 45.4 301.3 0 0 0 0 0 0 0 0 0 0 0 5.86
433	153.26 0 0 130.6 0 0 0 78.58 0 0 0 96.98 0 0 0 0.08 0 21.68 0 49.8
434	55.76 0 0 0 0 0 0 155.14 0 0 0 0 0 0 0 0 0 0 0 0.14
435	0.02 0 205.08 0.5 0 94.8 0 181.16 0 0.2 0 0 0 0 151.52 0 0 41.68 0 0
436	0.06 0 0 0 0 0 0 88.58 0 0 0 181.48 0 0 0 0 0 0 0 0.88
438	0 0 0 0 0 0 0 0 0 0 0 6 0 0 0 0 0 0 0 0
439	0 0 0 0 0 0 0 0 0 0 0 5 0 0 0 0 0 0 0 0
441	0.02 0 0 0 0 0 0 0 0 0 0 120.98 0 0 0 0 0 0 0 0
444	0 0 0 0 0 0 0 0 0 0 0 101.98 0 0 0 0 0 0 0 0.02
445	0 0 0 0 0 0 0 0 0 0 0 59.66 0 0 0 0 0.34 0 0 0
446	0 0 0 0 0 0 0 0 0 0 0 20 0 0 0 0 0 0 0 0
447	0 0 0 0 0 0 42.78 0 0 0 0 241.18 0 0 0 0 0 0 0 69.04
448	0.02 0 0 0 0 36.84 0 0 0 0 0 199.12 0 0 0 0 0 0 0 0.02
450	0 0 0 0 0 0 0 122 0 0 0 0 0 0 0 0 0 0 0 0
453	0 0.02 0 0 0 0 0 0 0 0 0 20.98 0 0 0 0 0 0 0 0
454	0 0 0 0 0 0 0 0 0 13.28 0 0 0 0 0 0 10.02 0 0 14.7
455	0 282.98 0 0 0 0 0 0 0 0 0 0 37.2 0 0 0 0 52.82 0 0
457	0 0 0 0 0 0 0 0 0 0 16.08 0 0 0 0 16.92 0 0 0 0
8	0 0 0 173.84 0 171.06 0 0 0 0 0 0 0 0 219.76 0 0 129.44 0 0.92
9	0.06 0 94.08 0 0.1 0 0 0 0 254.88 0 0 343.34 0 0 214.88 66.62 0 0 0.02
32	0 0 36.54 0 20.56 0 0 0 0 0 0 0 0 0 169.9 0 0 0 0 0
131	79.68 0 51.36 0 0 152.9 0 0 0 0 0 0 0 0 0 0.14 0 0 0 0.94
133	0 0 196.14 0 0 314.94 0 0 0 0 0 0 0 0 0 0 0 0 0 6.92
135	114 0 266.14 0 0 0 167.48 228.12 0 0 0 0 0 0 0 0 0 56.24 0 0
136	16.72 0 255.42 82.86 0 0 0 0 0 0 0 0 0 0 0 0 0 0 0 0
187	0.06 0 319.16 0 0 0 302.48 0 0 0 0.04 0 0 0 0.02 0 101.14 0 0 0.1
197	126.1 0 268.72 0 0 84.92 148.44 51.28 0 0 0 0.08 0 90.3 0 0 0 0 0 0.16
205	0.1 0 319.82 0 0 0 0 125.84 0 0 0.02 0 0 0 0 0 0 4.32 0 0.92
268	0 0 0 0 0 0 0 0 276.32 0 120.06 66.9 348.7 0 0 0 0 0 0 0
276	0.06 0 0 0 0 0 0 0 0 107.98 0 0 371.48 0 0 157.4 0 168.64 68.44 0
306	0 0 0 0 0.34 0 0 0 191.46 108.18 0 0.02 0 0 0 0 0 0 0 0
309	0 0.24 0 0 0 0 0.06 0 39.38 0 0 0 0.02 22.4 0 0 2.08 6.82 0 0.06
317	0.06 0 0 0 0 99.54 140.86 0 0 0 0 0 0 0 66.46 0 0 0 0 0.06
432	0 0 156.98 351.98 0 31.94 0 0 0 0 0 0 0 0 0 0 0 0 0 0.08
458	0.04 0 0 0 0 31.22 0 0 0 0 0 0 112.24 0.02 0 75.46 0 0 0 0
459	22.54 0 0.02 0 0 0.56 0 0 0 0 0 0 0 0 0 51.88 0 0 0 0
460	0 0 0 0 0 0 0 0 0 0 0 0.02 0 0 0 0 0 0 53.98 0
462	322.26 0 0 0 0 0 0 0 0 18.58 0 0 0 111.16 0 0 0 0 0 0
463	0 0 0 0 0 0 0 0 0 0 0 0 0 182 0 0 0 0 0 0
464	84 0 0 0 0 0 0 0 0 0 0 0 0 0 0 0 0 0 0 0
466	0 0 0 0 0 0 0.04 0 0 25.64 0 0 0 136.06 0 0 0.02 0 0 0.24
467	6.52 0 0 0 0 44.48 0 0 0 0 0 0 0 0 0 0 0 0 95 0
468	0 0 0 0 0 80.3 0 0 0 0 0 0 0 0 0 0 87.7 0 0 0
469	0.04 0 0 0 36.5 0 136.74 0 0 0 0 0 0 0 0 0 0 0 0 0.72
470	0 0 0 0 0 66.96 0 71.08 0 0 0 0 0 0 0 0 166.86 0 0 0.14
471	0.1 0 0 0 0 0 0 0 0 0 0 0 0 97.58 0.18 454.88 57.1 0 66.86 0.3
472	0.42 224.1 0 93.54 0 0 0 0 0 0 0 0 0 0.02 0 113.86 0 0 0 0.04
474	0.04 0 286.32 0 0 0 109.18 116.02 0 0 0 0 0 0 143.42 0 0 0 0 0
475	0.04 0 0 0 0 0 176.84 0 0 163.66 0 0 423.78 0 0 0 0 0 3.64 0.04
476	0 0 0 0 0 0 0 0 0 0 0 0 0 0 24.88 339.16 0 0 49.96 0
477	0 0 0 0 0 0 0.02 0 0 0 0 30.92 0 0 0 183.38 0 0 0 49.7
478	50.64 0 222.06 0 0 60.62 0 0 0 0 0 0 0 0 0.6 0 0 0 0 0.06
479	93.12 0 401.52 0 0 0 104.5 0 0 0.06 0 0 0 0 0 0 0 0 0 0.82
480	75.44 0 442.22 0 45.64 60.6 0 0 0 0 0 0.04 0 0 0 0 0 0 0 0.04
481	31.32 0 175.54 0 0 0 0 0 0 0 0 0 0 0 0 0 0 0 0 0.16
483	29.96 0 442.64 0 0 74.42 0 90.78 0 0 0 0 0 0 0.02 0 0 188.1 0 1.06
484	0 0 473.96 0 0 0 0 0 0 0 0 0 0 0 0.04 0 0 0 0 0.02
486	0 0 0 0 0 66.3 0 0 0 0 0 0 0 104.72 0 0 0 40.92 0 0.06
487	0 0 0 0 0 89.66 0 0 0 0 0 0 0 140.28 0 0 0 0 0 0.04
488	0 0 150.24 0 0 0 0 0 0 0 0 0 0 1.02 48.74 0 0 0 0 0
489	158 0 0 0 0 0 0 0 0 0 0 0 0 0 0 0 0 0 0 0
490	105.3 0 0 0 0 57.7 0 0 0 0 0 0 0 0 0 0 0 0 0 0
491	0.02 11.16 118.42 57.64 0 0 0 0 0 0 0 0 0 0 0.02 0 0 0 0 0.74
492	0 0 191 0 0 0 0 0 0 0 0 0 0 0 0 0 0 0 0 0
496	123.6 0 0 160.18 0 281.08 70.4 0 0 0 0 0 0 0 0 0 0 160.68 0 0.06
497	75.3 0 23.62 0 13.46 73.54 0 0 0 0 0 0 0.04 0 0 0 0 18.04 0 0.02
498	110.44 0 338.1 0 0 81.42 0.02 0 0 0 0 0 0 0 0 0 0 0 0 0
499	0 0 197.96 0 0 0 0 0 0 0 0 0 0.02 0 0 0 0 0 0 0.02
500	36.08 0 0 0 0 0.04 0 0 0 0 0 0 0 0 0 0 0 12.96 0 34.92
502	0 0 0 0 0 9.76 0 47.92 0 0 0 0 0 0 84.32 0 0 0 0 0
506	161.06 0 0 25.36 0 64.2 0 0 0 0 0 0 0 0 0 0 13.38 0 0 0
508	0 0 31.38 0 0 0 99.66 0 0 0 0 0 249.1 0 0 155.86 0 0 61 0
509	245.86 0 0 0 0 0 0 0 0 0 0 0 0 0 101.5 0 0 32.56 0.58 15.56
511	162.7 0 263.04 0 0 0 37.44 155.76 0 0 0 0 0 0 0 0 0 0 0 0
513	172.22 0 0 0 0 0 0 0 0 0 0 0 0 0 50.78 0 0 0 0 0.02
515	125.54 0 142.5 0 0 0 0 134.22 0 0 0 0 275.72 0 0 0 0 0 0 0
517	3.1 0 63.24 0 0 0 0 0 0 0 0 0 0 23.88 162.76 0 0 0 0 0.04
518	58.36 0 0 0 0 0 207.62 0 0 0 0 0 0 0 0 0 0 0 0 0
519	0.02 0 281.8 0 0 0 0 0 0 0 0 0 0 0 0 0 0 0 0 0.2
521	0 0 256.08 0 0 0 117.86 0 0 0 0 0 0 0 0 0 0 0 0 0.06
523	0.02 0 279.46 0 0 0 5.56 121.52 0 0.04 0 0 0 0 108.36 0 0 0 0 0.02
524	0 0 0 0 0 0 0 29.34 0 0 0 0 0 0 118.66 0 0 0 0 0
525	151.64 0 0 0 0 0 0 30.14 0 0 0 0 0 29.22 0 0 0 0 0 0
526	0 0 202.44 0 0 132.56 0 0 0 0 0 0 0 0 0 0 63 0 0 0
527	0 0 257.06 113.96 0 0 194.98 0 0 0 0 0 0 0 0 0 0 0 0 0
528	0.02 0 250.94 0 0 0 122.28 0 0 0 0 0 0 0 1.76 0 0 0 0 0
531	97.72 0 0 0 0 0 114.82 0 0 85.98 0 0 0 0 0 0 0 98.42 10.06 0
532	0 0 0 0 0 0 0 0 0 0 0 0 45 0 0 0 0 0 0 0
533	0 0 0 0 47 0 0 0 0 0 0 0 0 0 0 0 0 0 0 0
534	0 0 0 0 22.52 0 0 0 0 0 14.32 0 0 0 0.12 0 0 0 0.04 0
535	0 0 0 0 0 0 0 0 0 24.9 0 0 0 0 0 120.1 0 0 0 0
537	58.42 0 0 17.58 0 0 0 0 0 0 0 0 0 0 0 0 0 0 0 0
539	0 0 0 0 0 0 0 0 53.58 0.04 34.34 0 0 0 0 0 0 0 0 0.06
22	0 0 0 34.48 0 0 149.62 176 0 0 0 0 0 0 0 0 248.64 426.24 0 0.02
68	0 0 0 70.76 0 0 0 0 0 0 0 0 0 0 0 0 311.18 0 0 0.04
93	0 0 0 0 0 0 0 0 0 99.02 0 10.7 138 0 0 0 0 0 92.28 0
141	47.28 0 0 0 0 0 0 119.74 0 0 0 0 0 0.02 0 0 0 0 0 42.96
166	148.28 0 0 0 0 0 0 0 0 0 0 0 0 0 0 0 0 0 0 1.74
179	157.96 0 120.04 0 0 0 0 55.74 0 0 0 119.52 0 0 129.74 0 0 90.98 0 0
273	0 288.54 0 0 0 0 131.72 0 0 0 0.12 0 170.92 0 0 0 0 0 18.7 0
378	0.08 0 0 0 0 205.32 0 0 0 0 0 0 0.02 0 0.02 0 0 0 0 100.56
399	0 0 0 104.86 0 0 0 0 0 0 0 0 0 0 0 0 134.14 0 0 0
401	0 0 0 0 0 0 0 0 0 0 0 23.74 0 0 0 0 0 0 0 135.26
415	0 0 0 0 0 4.86 0 0 0 0 0 0 0 0 0 0 0 0 0 44.16
427	71.36 0 235.94 35.52 0 273.64 139.52 0 0 0 0 0 0 0 0 0 0 0 0 0.02
430	19.16 0 260.48 0.02 0 0 0 0 0 0 0 0.32 0 0 0 0 0 0 0 0.02
443	23 0 79.58 0 0 198.34 0 0 0 0 0 208.06 0 0 0 0 0 0 0 0
451	0 0 0 0 0 157.12 0 0 0 0 0 0 0 0 30.46 0 0 0 0 287.42
452	0 0 0 0 0.02 0 42.76 0 0 0 0 0 0 0 0 0 0 0 0 93.22
461	33.16 0 0.02 0 0 0 152.34 0 0 0 0 0 0 0 0 0 0 0 0 1.5
482	64.16 0 348.82 0 0 0 0 0 0 0 0 0 0 0 0 0 0 0 0 0
485	91.72 0 0 0 0 295.28 0 0 0 0 0 0 0 0 0 0 0 0 0 0
495	0 0 142.44 0 0 33.56 0 0 0 0 0 0 0 0 0 0 0 0 0 0.02
501	0.16 0 93.06 233.46 0 0 0 0 0 0 0 0 0 0 0 0 0 0 0 2.32
503	0 0 0 0 0 123.72 0 0 0 0 0 0 0 0 0 0 0 0 0 0.3
504	0 0 319.58 0 0 1.5 51.88 0 0 0 0 0 0 0 0 0 0 0 0 0
505	63.16 0 146.34 0 0 0 0 16.5 0 0 0 0 0 0 0 0 0 0 0 0
510	74 0 171.82 0 0 0 0 131.14 0 0 0 0 0 0 0 0 0 0 0 0.06
514	0.28 0 283.24 0 0 0 0 0 0 0 0 0 0 0 253.46 0 0 0 0 0
520	0.06 0 229.5 0 0 89.32 0 94.86 0.26 0 0 0 0 0 0 0 0 0 0 0
530	0.06 0 198.86 0 0 0 0 48.68 0 0 0 0 0 0 14.38 0 0 0 0 0.02
540	0 0 0 0 0 0 0 0 0 0 0 0 0 0 0 0 86 0 0 0
541	0 0 0 38.7 0 0 0 0 0 0 0 0 0 0 0 0 79.3 0 0 0
542	0 0 0 0 0 0 0 0 0 0 0 0 0 0 0 0 0 0 0 117
543	24.04 0 0 0 0 19.28 7.68 0 0 0 0 0 0 0 0 0 0 0 0 0
544	0 65.14 0 0 0 0 0 0 0 0 0 0 0 0 0 0 0 0 105.86 0
545	0 0 0 0 0 0 0 0 0 0 0 0 0 0 0 0 0 0 0 20
546	0 276.54 0 0 0 0.02 0 0 0 0.04 0 0 0 0 0 200.44 82.16 0 37.8 0
548	0 0 0 14.76 0 0 0 0 0 0 0 1.24 0 0 0 0 0 0 0 0
549	86.74 0 0 63.78 0 0 0 0 0 0 0.02 0 0 0 0 0 100.42 0 0 0.06
550	0.14 0 0 0 0 0 0 140.9 0 0 0 0 0 0 0 0 260.94 0 0 0.02
551	0 0 0 0 0 0 0 0 0 0 0 45.98 0 0 0 0 0 0 0 0
553	0.02 0 0 0 0 0 0 0 0 0 0 0 0 49.74 0 0 26.84 0 0 75.4
554	0 0 0 0 0 0 0 0 0 0 0 0 0 0 0 0 217 0 0 0
555	1.02 0.02 0 0.22 0 0 0 0 0 0 0 0 0 0 3.78 0 8.96 0 0 0
559	0 0 0 0 0 0 0 0 0 0 0 166.2 0 0 0 0 0 0 0 165.8
560	0 0 0 0 0 0 0 0 0 0 0 0 0 0 0 0 0 0 0 46
561	0 0 0 0 0 0 0 0 0 0 0 83.36 0 0.06 0 0 0 0 0 43.58
562	0 0 0 123.96 0 0 0 0.04 0 0 0 0 0 0 0 0 0 0 0 0
563	0 0 0 0 0 0 0 0 0 0 0 47 0 0 0 0 0 0 0 0
564	0 0 0 0 0 0 0 0 0 0 0 48.92 0 0.02 0 0.04 0 0 0 0.04
566	1.36 0 0 0 0 125.7 0 142.08 0 0 0 0 0 0 0 0 269.84 0 0 0
567	0 0 0 0 0 0 0 0 0 0 0 77 0 0 0 0 0 0 0 0
568	0.04 0 0 235.14 0 101 43.82 104.08 0 0 0 0 0 0 0 0 178.92 0 0 0
569	0 0 0 0 0 0 0 0 0 0 0 112.66 0 0 0 0 35.24 0 0 0.1
570	1.18 0 0 0 0 0 0 0 0 0 0 0 0.02 0.02 0 0 124.78 0 0 0
573	0 0 0 0 0 0 0 0 0 0 0 88.96 0 0 0 0 0 0 0 0.06
575	0 0 0 0 0 0 0 0 0 0 0 0 0 0 0 0 0 0 0 85.98
576	0 0 0 0 0 0 0 0 0 0 0 0 0 0 0 0 250 0 0 0
577	0 0 0 0 0 0 0 0 0 0 0 0 0 0 0 0 0 0 0 82
579	0 0 0 0 0 0 0 0 0 0 0 0 0 0 0 0 0 0 0 43.02
580	0 0 0.96 0 0 0 0 40.38 0 0 0 1.64 0 46.52 0 0 0.02 0 0 0.46
581	0 0 0 0 0 0 50.16 0 0 0 0 0 0 0 0 0 78.18 0 0 9.68
582	214.12 0 0.02 0 0 0 58.36 57.32 0 0 0 0.02 0 147.14 0 0 0 0 0 0
586	0 0 0 0 0 0 0 0 0 0 0 0 0 0 0 0 62 0 0 0
587	0 0 0 0 0 0 0 44 0 0 0 0 0 0 0 0 0 0 0 0
589	86.52 0 0 0 0 0 62.48 0 0 0 0 0 0 0 0 0 0 0 0 0.02
591	0.02 0 0 0 0 0 0 0 0 0 0 0 124.86 0 0 229.78 65.56 0 70.68 0.08
592	0 0 0 0 0 0 4.04 9.54 0 0 0 0 0 0 0 0 0 0 0 13.42
594	0 0 0 0 11 0 0 0 0 0 0 0 0 0 0 0 0 0 0 0
598	0 0.16 0 0 0.1 0 0 8.3 0.02 0.08 0.04 0 0.1 0 0 0.12 0 0.02 0.06 0
599	0.08 0 0.12 0.08 0.06 0.06 0.04 0.12 0 0.04 0.02 0.16 0 0.04 0.12 0 0 0 0 0.06
601	0 0 65 0 0 0 0 0 0 0 0 0 0 0 0 0 0 0 0 0
602	0 0 102.84 0 0 45.16 0 0 0 0 0 0 0 0 0 0 0 0 0 0
604	0 0 279 0 0 0 0 0 0 0 0 0 0 0 0 0 0 0 0 0
605	0 0 73.98 0 0.02 0 0 0 0 0 0 0 0 0 0 0 0 0 0 0
606	0 0 175.98 0 0 0 0 0 0 0 0 0 0 28.02 0 0 0 0 0 0
607	202.98 0 0 0 0 0 0 0 0 0.02 0 0 0 0 0 0 0 0 0 0
608	44.66 0 41.34 0 0 0 0 0 0 0 0 0 0 0 0 0 0 0 0 0.02
610	0 0 0 0 0 114.98 0 0 0 0 0 0 0 0 0 0 0 0 0 0
614	36 0 124.5 0 0 1.44 0 0 0 0 0 0 0 0 0 0.06 0 0 0 0.02
615	0.08 0 199.84 0 0.04 0.02 0 0 0 0 0 0 0 0 0 0 0 0 0 0
618	0 0 0 0 0 0.58 0 0 0 0 0 0 0 0 49.42 0 0 0 0 0
619	0.08 121.92 0 0 0 0 0 0 0 0 0 0 0.06 0 0 49.94 0 0 0 0
621	0.02 0 0 0 0.06 0 0 0 0 0 0.02 0 0 0 0.02 0 0 0 0 21.88
622	13.24 0 0 0 0 0 0 0 0 0 0 0 0 0 0 0 0.24 0 0 82.52
623	0 0 0 0 0 0 0 0 0 0 0 0 0 0 0 0 0 0 0 94
624	0 0 0 51 0 0 0 0 0 0 0 0 0 0 0 0 0 0 0 0
625	0 0 0 225 0 0 0 0 0 0 0 0 0 0 0 0 0 0 0 0
626	0 0 0 0 0 0 0 0 0 0 0 0 0 0 12.98 0 0 0 0 0.02
627	0.04 0 0 91.4 0 0.06 0 21.04 0 0 0 0 0 0 0 0 0 0 0 91.48
629	0 0 0 0 0 59.44 0 25.4 0 0 0 0 0 0 111.14 0 0 0 0 0
630	0 0 78 0 0 0 0 0 0 0 0 0 0 0 0 0 0 0 0 0.02
631	200.04 0 0 0 0 0 56.76 0 0 0 0 0 0 0 0 0 0 0 0.02 101.16
632	0 0 0 0 0 0 0 0 0 0 0 0 0 0 99.34 0 0 75.64 0 0.02
633	0 0 57.38 0 0 165.62 0 0 0 0 0 0 0 0 0 0 0 0 0 0
634	0 0 0 0 67 0 0 0 0 0 0 0 0 0 0 0 0 0 0 0
635	0 0 0 0 0 0 0 0 0 0 0 49.98 0 0 0 0 0 0 0.02 0
636	0 0 0 0 0 0 0 118.42 0 0 0 0 0 0 0 0 131.58 0 0 0
637	0 0 0 0 0 0.02 0 0 0 0 0 93.98 0 0 0 0 0 0 0 0
638	146 0 0 0 0 0 0 0 0 0 0 0 0 0 0 0 0 0 0 0
639	101 0 0 0 0 0 0 0 0 0 0 0 0 0 0 0 0 0 0 0
640	43.5 0 0 0 0 0 58.12 0 0 0 0 0 0 44.56 45.82 0 0 0 0 0
641	0 0 95.8 0 0 0 0.2 0 0 0 0 0 0 0 0 0 0 0 0 0.02
642	111.66 0 0 0 0 0 0 0 0 0 0 115.32 0 0 0 0 0 0 0 0
643	0 0 0 0 10.7 0 0 0 0 0 0 0 0 0 0 0 0 0 0 0.3
644	106.86 0 0 0 0 0 0.12 0 0.02 0 0 0 0 0 0 0 0 0 0 0
645	62.86 0 0 0 0 16.14 0 0 0 0 0 0 0 0 0 0 0 0 0 0
647	232.98 0 0 0 0 0 0 0 0 0 0 0 0 0.02 0 0 0 0 0 0
648	0 0 195.06 0 0 27.86 0 0 0 0 0 0 0 0 0 0 0 0.08 0 0
649	27.4 0 0 0 0 0 60.66 26.94 0 0 0 0 0 0 0 0 0 0 0 0
650	69 0 75.36 0 0 25.6 0 0 0 0 0.04 0 0 0 0 0 0 0 0 0
651	0.46 0 0 0 0 138 206.22 61.28 0 0 0 0 0 0 0 0.02 127.02 0 0 0.02
652	113.42 0 0 67.3 0 0 0 0 0 0 0 0 0 0 101.26 0 0 0 0 0
653	0 0 103 0 0 0 0 0 0 0 0 0 0 0 0 0 0 0 0 0.02
654	0.08 0 314.9 0 0 0 195 0 0 0 0 0 0 0 0 0 0 0 0 0.02
655	0.08 0 0 167.1 0 287.22 250.58 0 0 0 0 0 0 0 0 0 0 0 0 0
657	0.02 0 326.08 0 0 0 125.9 0 0 0 0 0 0 0 0 0 0 0 0 0
658	0.02 0 0 133.74 0 58.22 0.02 0 0 0 0 0 0 0 0 0 0 0 0 0
659	0.08 0 216.48 27.66 0 119.78 0 0 0 0 0 0 0 0 0 0 0 0 0 0
661	0.12 0 281.82 0 0 0 0 0 0 0 0 0 0 0 0 0 0 0 0 0.08
662	0 0 87.66 0 0 0 0 0 0 0 0 0 0 79.8 0 0 0 0 0 62.52
663	0 0 152.76 0 0 0 0 0 0 0 0 0 0 0 185.54 0 21.7 0 0 0
664	132 0 0 0 0 0 0 0 0 0 0 0 0 0 0 0 0 0 0 0
666	0 0 6.98 0 0 0.02 0 0 0 0 0 0 0 0 0 0 0 0 0 0
667	0.34 0 0 0 0 0.08 0 0 0 0 0 0 0 0 0 0 0 0 0 19.58
668	0 0 0 0 0 0 0.06 0 0 0 0 12.94 0 0 0 0 0 0 0 0
669	0 0 0 0 0 0 0 0 0 0 0 16 0 0 0 0 0 0 0 0
670	0 0.04 0 0 0 0 0 0 0 0 0 85.96 0 0 0 0 0 0 0 0
671	0 0 91.18 0.02 0 0 0 0 0 0 0 42.8 0 0 0 0 0 0 0 0.02
672	0 0 0 49.02 0 0 97.96 0 0 0 0 0 0 0 0 0 0 0 0 0
673	0.2 0 2.86 0 0 121.34 81.26 0 0 0 0 0 0 0 0 0 0.32 0 0 38.02
674	0 0 20.66 0 0 0 0 0 0 0 0 85.34 0 0 0 0 0 0 0 0.02
675	54.54 0 0 0 0 0 0 0 0 0 0 97.44 0 0 0 0 0 0 0 0
676	34.04 63.76 0 0 0.06 0 0 0 0 0 0.14 0 27.82 0 0.12 0 0 0 91.06 0
680	0 0 0 0 0 0 0 0 56.88 0 0 11.1 0.02 0 0 0 0 0 0 0
681	0 0 0 0 0 0 0 0 0 0 47 0 0 0 0 0 0 0 0 0
683	0 0 0 0.52 0 0 0 0 0 0 79.36 16.12 0 0 0 0 0 0 0 0
338	0.02 43.76 0 0 0 0 0 0 148 0 0 0 0 0 0 0 0 0 0.06 0.18
685	0.1 256.36 0 0 0 0 0 48.56 0 0 0 0 0 0 0 128.86 0 0 0 0.12
686	0 0 0 0 0 0 47.84 0 0 0 0 0.02 0 0 0 0.36 104.76 0 0 0
687	0 0 0 0 0 0 0 0 0 0 78.82 0 0 0 0 40.18 0 0 0 0
688	0 0 0 0 0 0 0 0 61 0 0 0 0 0 0 0 0 0 0 0
689	0.02 0 0 0 0 0.02 0 0 72.26 0 100.28 0 0 0 0.06 21.32 0 0 0.04 0
371	0 0 0 0 0 0 0 0 0 0 0 0 0.02 138.2 0 0 0 0 0 35.78
507	89.82 0 167.18 0 0 39 0 0 0 0 0 0 0 0 0 0 0 0 0 0
691	0 0 0 0 0 0 0 0 50.98 0 0 0 0 0.02 0 0 0 0 0 0
99	0 0 63.28 0 0 174.68 0 58.56 0 0 0 0 0 0 0 0 0 0 0 173.48
194	0 0 229.48 0 0 172.84 69.52 116.54 0 0 0 0 0 0 173.52 0 0 0 0 0.1
283	0 0 0 0 0 0 0 0 0 328.9 0 0 0 0 0 119.28 0.1 67.72 0 0
321	0.02 0 0 0 0 0 37.62 0 102.08 119.64 126.74 0 38.86 0 0 0.02 0 0 0 0.04
414	0 0 174.98 0 0 0 0 0 0 0 0 0 0 0 0 0 0 0 0 0
493	0.04 0 214.96 0 0 0 0 0 0 0 0 0 0 0 0 0 0 0 0 0
558	0 0 0 0 0 0 0 0 0 33.88 0 118.48 0 36.64 0 0 0 0 0 0
588	0.36 0 54.58 455.72 0 110.3 0 0 0 0 0 0 0 0 0 0 0 0 0 0.04
603	101.66 0 443.56 0 0 0 134.66 57.12 0 0 0 0 0 0 0 0 0 0 0 0
611	23.92 0 119.08 0 0 0 0 0 0 0 0 0 0 0 0 0 0 0 0 0
617	0 0 46.52 0 0 0 0 0 0 0 0 0 0 4.48 0 0 0 0 0 0
656	0 0 89.66 0 0 0 53.34 0 0 0 0 0 0 0 0 0 0 0 0 0
693	0 0 0 0 0 0 176.54 0 0 0 0 0 0 0 0.06 0 100.4 0 0 0
695	0 0 0 0 0 0 24 0 0 0 0 0 0 0 0 0 0 0 0 0
696	0.08 0 0 0 0 0 0 0 0 0 0 0.06 0 0 0 93.68 0 0 111.18 0
698	0 0 0 0 0.46 0 0 0 0 0.22 0 0 0 18.32 0 0 0 0 0 0
699	0 0 0 0 0 268.8 0 0 0 0 0 0.02 0 0 0 0 0 0 0 34.18
700	0 0 0 0 0 0 31 0 0 0 0 0 0 0 0 0 0 0 0 0
701	0 0 32 0 0 0 0 0 0 0 0 0 0 0 0 0 0 0 0 0.02
702	51.8 0 0 0 0 0 0 0.02 0 0 0 0 0 65.16 0 0 0 0 0 0
703	0 0 0 0 0 0 0 0 0 37.64 0 0 0 0 11.36 0 0 0 0 0
704	0 0 0 0 0 0 0 0 0 0 0 0 0 63 0 0 0 0 0 0
705	2.34 0 327.92 0.08 0 62.08 0 0 0 0 0 0 0 0 63.94 0 0 0.62 0 0.02
706	0 0 6.54 0 0 0 0 0 0 0 0 0 0 0 0 0 0 0 0 3.46
707	207 0 0 0 0 0 0 0 0 0 0 0 0 0 0 0 0 0 0 0
708	91.2 0 82.86 0 0 0 0 32.44 0 0 0 0 0 12.58 0 0 0 0 0 62.92
709	0 0 0 0 0 0 40.76 0 0 0 0 0 0 308.24 0 0 0 0 0 0
710	0.02 0 0 90.1 0 0 0 0 0 0 0 0 0 0 126.88 0 0 0 0 0
711	0 0 0 0 0 0.54 0 0 0 0 0 0 0 3.46 0 0 0 0 0 0
712	0 0 4.84 0 0 0 0 0 0 0 0 0 0 0 49.5 0 0 0 0 48.66
38	0.04 0 0 51.36 0 0 0 0 0 0 0 0 0 0 0 0 217.6 0 0 0
277	0.02 0 0 0 0 0 0 0 0 169.18 0 0.04 36.76 0 0 0 0 0 0 0
291	0 183.36 0 0 0 0 0 1.3 0 0 0 0 0 0 0 164.34 0 0 0 0
395	0 0 0 0 0 0 0 0 0 0 0 0 0 0 0 0 0 0 0 107
449	3.24 0 0 0 0 0 0 195.74 0 0 0 0 0 0 0 0 80.72 0 0 0.34
597	0 337.18 0 0 0 0 0 0 0 0 0 0 0 0 0 193.78 0 0 0 0
646	20.8 0 0 0 0 0 27.62 0 0 0 0 46.58 0 0 0 0 0 0 0 0
660	0 0 0 0.02 0 394.4 51.88 0 0 0 0 0 0 14.7 0 0 0 0 0 0
690	0 0 0 0 0 0 0 0 221.3 0 199.74 0 0 30.68 0 0 0 0 0 0.28
713	0 0 0 0 0 0 0 0 0 33.58 0 0 0 72.02 0 21.68 0 0 105.72 0
714	31 0 0 0 0 0 0 0 0 0 0 0 0 0 0 0 0 0 0 0.04
715	0 0 0 0 0 0 0 0 0 0 0 0 0 0 123.78 0 0 0 0 95.18
717	0 76.46 0.04 0 0 0.08 0 0 0 0 0 0 0 0 0 116.42 0 0 0 0
718	0 0 0 0 0 0 0 0 0 16.82 0 0 0 0 35.18 0 0 0 0 0
720	0 0 0 48.6 0 0 0 0 0 0 0.38 0 0 0 0 0 141.02 0 0 0
721	2.54 0 0 113.12 0 0 0 0 0 0 0 0 0 16.34 0 0 0 0 0 0
722	0 0 0 0 0 0 0 0 0 0 0 0 0 0 0 0 0 0 0 142
723	0.02 0 0.06 0 0 0 0 0 0 14.42 0 0 0 0 0 0 0 0 0 69.5
724	0 0 0 0 0 119.62 0 0 0 0 0 0 0 0 36 0 0 0 0 57.38
725	0 0 0 0 0 0 0 0 0 0 0 0.02 0 0 0 0 0.04 0 0 40.94
726	0 0 0 0 0 0 0 0 0 0 0 0.06 0 0 0 0 27.94 0 0 0
729	0.52 0 0 65.3 0 132.12 0 0.04 0 0 0 0 0 0 0 0 0 0 0 0.02
730	24.92 0 0 0 40.04 0 0 0 0 0 0 0 0 0 0 0 0.02 0 0 0.04
732	0 0 0 71.6 0 161.88 0 0 0 0 0 0 0 0 92.28 0 0 0 0 194.22
733	0 0 0 0 38 0 0 0 0 0 0 0 0 0 0 0 0 0 0 0
734	0 0 0 0 0 0 0 0 0 0 0 0 0 0 0 0 0 0 0 57.02
735	0 0 0 69.22 0 243.16 105.6 0 0 0 0 0 0 0 0 0 0 0 0 0
736	189.52 0 0 55.46 0 0 0 0 0 0 0 0 0 0 0 0 0 0 0 0.02
737	91.06 0 0 0 0 0 0.04 0 0 0 0 0 0.02 0 0 0 49.88 0 0 0
738	0 0 0 0 0 0 0 0.02 0 0 0 0 0 0 0 0 0 0 0 68.98
739	0 0 0 0 0 156.26 0 1.14 0 0 0 0 0 0 0 0 0 0 0 272.62
740	16.06 0 0 0 0 0 0 0 0 115.16 0 0 0 0 0 68.76 0 0 0 0
741	0 0 0 0 0 0 0 0 0 128.56 0.02 18.18 0 0 0 0 0.22 0 0 0.04
743	0 0 0 32.94 0 0 0 0 0 0 0 19.26 0 0 0 12.78 0 0 0 0
744	2.72 0 0 0 0 0 0 0 0 79.36 0 0 108.98 0.68 0 76.26 0 0 0 0
746	0.12 17.08 0 289.62 0.18 0 0 0 0 0 0 0 0 0 0 0 0 0 0 0.02
747	0 0 0 148.64 0 0.08 0 0 0 0 0 0 0 140.94 0 0 0 0.02 2.7 3.64
748	0.08 27.54 0 0 0 0 0 3.36 0 0 485.7 0 0 0 0 290.26 0 0 0 0.02
751	0 18.92 0 0 28.16 0 0 62.38 234.08 0 180.44 0 0 0 0 0.02 0 0 0 0
752	0.04 0 0 0 0 0 0 0 98.22 0 3.36 0 0 0 0 0 0 0 0.3 0.08
282	0.18 0 0 0 0 0 0 0 0 0 0 0 0 0 0 493.3 60.06 0 125.46 0
381	0 0 0 0 0 0 0 0 0 0 0 0 0 194.2 77.42 0 0 0 0 0.38
416	0 0 0 69.98 0 0 0 49.72 0 0 0 0 0 42.48 0 0 0 0 0 0.82
684	0.04 0 0 0 0 99.54 100.16 120.88 0 0 0 0 0 0.48 0 0 191.84 0 0 0.06
753	48.72 0 0 0 0 8.28 0 0 0 0 0 0 0 0 0 0 0 0 0 0
754	0 0 0 0 0 0 0 0 141.96 0 0 0 0 0 0 0 0 0 0 0.04
21	15.8 61.78 0 0 0 0 0 32.76 0 0 0 0 0 0 0 64.66 0 0 0 0
37	0 0 0 0 14.96 0 0 0 0 0 0 0 0 1.04 0 0 0 0 0 0
147	0.02 214 0 0 0 0 0 0 0 0 0 0 62.36 0.02 0 142.34 47.46 33.8 0 0
158	0 1.02 0 0 0 0 0 0 0 0 0 0 0 0 0 0 0 0 0 115.98
270	0 0 0 0 53.1 0 0 0 281.8 0 0 0.16 0 37.94 0 0 0 0 0 0
287	0 0 0 0 0 0 0 0 0 170.1 0 0 0 0 0 56.86 0 0 0 0.04
305	0 0 0 0 0 0 0 0 269.98 0.02 0 0 0 0 0 0 0 0 0 0
310	0.08 0 0 0 0 0 0 0 269.2 0 158.72 0 0 0 0 0 0 0 0 0
320	0 0 0.02 0 0 0 0 0 0 0 0 66.94 0 0 0 0 0 0 0 0.06
322	0.04 16.16 0 0 0 0 0 0 0 0 411.18 0 0 0 0 122.02 0 0 0 4.6
405	0.76 249.4 0 0 0.16 0 0 191.06 0 0 0 0 0 0 0 439.6 0 0 32 0
437	0 0 0 0 0 0 0.06 0 0 0 0 3.9 0 0 0 0 0 0 0.04 0
440	0 0 0 0 0 0 0 0 0 0 0 21 0 0 0 0 0 0 0 0
473	34.96 103.54 0 0 0 0 0 37.9 0 85.7 0 0 0 0 0.02 67.62 0 0 0 0.26
516	0 0 117.06 0 0 0 0 0 0 0.04 0 0 0 79.9 0 0 0 0 0 0.02
522	0.02 0 0 0 0 0 0 0 0 0 0 0 0 0 107.96 0 0 0 0 0
572	0 0 0 0 0 0.02 0 0.06 0 0 0 0 0 0 0 0 55.92 0 0 0
590	0 0 0 0 0 0 0 0 0 0 0 24.92 0 0 0 0 0 0 0 0.08
596	0 42.04 0 144.3 0 0 0 0 0 0 0 0 0 0 14.2 173.46 0 0 0 0
612	0 0 101 0 0 0 0 0 0 0 0 0 0 0 0 0 0 0 0 0
665	0 0 0 0 0 0 0 0 0 0 0 124.4 0 0 0 0 93.6 0 0 0.04
678	0.06 106.26 0 0 0 0 0 0 0 0.06 286.26 0 0 0 0 90.32 0 0 0 0
682	0 0 0 0 0 0 0 0 0 0 219 0 0 0 0 0 0 0 0 0
692	0.02 0 0 0 0 193.64 0 0 0 0 0 0 0 0 96.46 0 66.82 0 0 108.06
694	134 0 0 0 0 0 0 0 0 0 0 0 0 0 0 0 0 0 0 0
716	0.76 0 0 0 0 58.2 0 0 0 0 0 0 0 0 55.16 0 49.88 0 0 0
749	2.44 0 0.18 0 1.74 0 0 0 123.64 0 0 0 0 0 0 0 0 0 0 0.02
750	0.02 0 0 0 0 0 0 0 386.96 0 0 0 0 0 0 0 0 0 0 0
755	0 0 0 67.86 0 0 0 58.18 0 0 0 0 0 0 0 0 0 0 0 145.96
756	0 0 0 25.3 0 0 0 0 0 0 0 0 0 0 0.04 271.66 0 0 0 0
758	0.02 0 0 0 0 0 0.02 0 0 0 0 26.86 0.08 0 0 0 0 0 0.02 0
759	0 0 0 0 0 0 0 0 0 0 0 0 0 0 0 0 24 0 0 0
761	0 0 0 0 0 0 0 0 0 0 0 0 0 0 0 0 105 0 0 0
762	0.02 0 0 0 0 0 0 0 0 34.2 0 0 0 0 0 84.04 0 0 188.74 0
764	0 0 0 0 0.52 0 0.02 0 0 0 0 0 60.46 0 0 0 0 0 0 0
765	0 0 0 0 0 0 0 0 0 0 0 0 0 0 0 0 59 0 0 0
766	0 0 0 0 0 0 0 0 0 0 0 0 10.18 0 13.82 0 0 0 0 0
767	20 0 0 0 0 0 0 0 0 0 0 0 0 0 0 0 0 0 0 0
771	0 0 0 0 0 0 0 16.06 0 0 0 0 0.04 0 0 0 0 0 0 71.9
772	0 0 0.08 0 0 0 0 0 0 0 0 0 30.84 0 58.34 0 25.7 0 0 0.04
774	0 0 0 0 0 0 0 0 0 0 0 69 0 0 0 0 0 0 0 0
775	0 0 0 0 0 0 0 0 0 0 0 0 0 0 0 0 0 0 0 64
776	0 0 0 0 0 0 0 0 0 0 0 0 0 0 0 0 0 0 0 28
777	0 0 0 0 0 0 0 0 0 0 0 5 0 0 0 0 0 0 0 0.02
778	0 0 0 0 0 0 0 0 0 0 0 0 0 202.78 0 0 0 0 0 1.2
779	0 0 0 0 0 0 0 0 0 0 0 0 0 0 0 0 70 0 0 0
780	0.16 0 0 0 0 0 0 0 0 0 0 0.02 0 0 0 0 0 0 0 152.82
781	0 0 0 0 0 0 0 0 0 0 0 0 0 63.18 0 0 148.82 0 0 0
782	0 0 0 0 0 0 0 0 0 0 0 0 0 19.98 0 0 0 0 0 0.02
783	0 0 0 0 0 0 0 0 0 0 0 0 0 0 0 0 72 0 0 0
784	0 0 0 0 0 0 1.42 0 0.42 0 0 0 0 0 0 0 0.16 0 0 0
786	0 0.02 0 0.06 0 0 0 0.04 0.1 0 0 0 0 24.78 0 0 0 0 0 0
787	0 0 0 0 0 0 0 0 0 0 0 0 0 0 0 0.84 27.16 0 0 0
788	0 0 0 0 0 0 0 0 0 0 4 0 0 0 0 0 0 0 0 0
789	0 0 0 0 0 0 0 0 0 0 0 0 0 0 49.62 0 0 0 77.38 0
793	0.18 0 0 0 0 0 0 0 0 0 0 0 0 0 22.42 0 0 0 6.4 0
794	0 0 0 0 0 0 0 0 0 25.84 0 0 0 0 0 0 98.16 0 0 0
797	0 0 0 0 0 0 0 1.46 0 0 0 0 0 0 0 0 68.54 0 0 0
798	0 0 0.2 0 0 0 0 0 0 0 0 8.8 0 0 0 0 0 0 0 0
799	0 0 0 0 0 0 0 0 0.02 0 0 0 0 11.98 0 0 0 0 0 0
802	0 0 0 0 0 0 0 0 0 0 0 86.44 0 0 0 0 0 0 0 0.56
803	0 0 0.06 0 0 0 0 0 0 0 0 20.92 0 0 0 0 0 0 0.02 0
805	58.2 0 0 0 0 0 0 0 0 0 0 0 0 0 0 0 0 0 0 18.82
806	0 0 0 0 0 0 138.98 0 0 0 0 0 0 0 0 0 0 0 0 0
807	0 0 0 0 0 0 0 0 0 0 0 0 0 0 0 0 16.92 0 0 0.1
808	0 0 0 0 0 5.14 0 49.46 0 0 0 0 0 0 0 0 0 0 0 9.38
809	0 0 0 0 0 0 0 16.04 0 0 0 0 0 0 0 0 83.96 0 0 0
810	0 0 0.02 0 0 0 0 0 0 0 0 51.88 0 0 0 0 0 0 0 58.1
811	0.02 0 0 0 58.98 0 0 0 0 0 0 0 0 0 0 0 0 0 0 0
812	0 0 0 0 0 30.16 0 0 0 0 0 0 0 0 0 0 20.84 0 0 0
813	0 0 0 0 0 0 0 0 0 0 0 0 131.96 0 33 0 0 0 0 0.04
814	0 0 0 0 0 0 0 0 0 0 0 0 0 0 0 0 5 0 0 0
815	0.44 0 0 0 0 0 0 0 0 0 0 0 0 0 0 260.94 0 0 40.62 0
816	0 0 0 0 0 0 0 0 0 0 0 41 0 0 0 0 0 0 0 0
817	0 0 0 0 0 0 0 0 0 0 0 7.94 0 0 0 0 0.06 0 0 0
818	0 0 0 0 0 0 0 14.68 0 0 0 0 35.32 0 0 0 0 0 0 0
819	0.04 0 0 0 0 0 0 0 0 0 0 0 0 0 0 82.18 0 0 0 17.78
820	0.04 153.96 0 0 0 0 0 0 0 0.04 0 0 0 0 0 0 52.34 0 5.62 0
821	0 0 0 0 0 0 0 0 0 0.02 0 0 0.02 47.76 0 0 0 4.2 0 0
822	12 0 0 0 0 0 0 0 0 0 0 0 0 0 0 0 0 0 0 0
823	0 102.48 0 0 0.02 0.04 0 0 0 0 0 0 0.02 0 0 0 0 0 82.44 0
825	0 186.98 0 0 0 0 0 0 0 0 0 0 0 0 0 0 0 0 0 0.04
826	0.02 132.48 0 0 0 0 0 0 0 0 0 0 0 0 0 0 0 0 0 27.48
828	0 0.02 0 0 0 0 0 0 0 0 0 0 0 0 0 21.2 0 0 5.78 0
830	0.02 0.02 0.06 0.04 0.2 0 0.04 0.06 0.04 0.04 0.1 0.08 0 0.04 0.06 0.06 0.08 0 0.02 0.04
831	0 163.88 0 0 0 0 0 21.12 0 0 0 0 0 0 0 0 0 0 0 0
832	0 0 0 0 0 0 0 0 0 0 0 0 0 11.7 0 34.3 0 0 0 0
834	0 28.38 0 0 0 0 0 0 0 0 0 0 0 0 0 0 0 0.02 0 13.6
835	0 0 0 2 0 0 0 0 0 0 0 0 0 0 40 0 0 0 0 0
836	0 0 82.96 0 0 0 0 0 0 0 0 0 0 0 0 0 0.04 0 0 0
837	40.3 0 0 26.7 0 0 0 0 0 0 0 0 0 0 0 0 0 0 0 0
839	0 2.6 0 0 0.02 0 0 0 0 0.04 0.08 0.06 0 7.16 0 0 0 0.04 0 0
840	0 103.2 0 0 0 0 0 0 0 0 0 0 0 0 0 0 26.8 0 0 0
841	0 0 0 0 0 0 0 0 0 0 0 0 0 0 0 68.96 48.04 0 0 0
842	0 0 0 0 0 64 0 0 0 0 0 0 0 0 0 0 0 0 0 0
844	0 36 0 0 0 0 0 0 0 0 0 66 0 0 0 0 0 0 0 0
847	0 0 0 0 0 0 0 0 0 0 0 0 95.38 0 54.62 0 0 0 0 0
848	23.2 0 0.74 0 0 0 0 0 0 0 0 0.06 0 0 0 0 0 0 0 0
852	0.06 0.02 0.08 0.04 0.08 0.06 0.06 0.04 0.1 0.04 0.06 0.08 0 0.04 0.12 0 0.06 0 0.04 0.02
853	0 0 0 0 41.5 0 0 0 0 0 0 3.5 0 0 0 0 0 0 0 0
854	0 0 0 0 0 0 0 0 0 0 0 48.98 0 0 0 0 0 0 0 0.02
856	0 0 0 0 0 0 0 0 0 0 0 0.02 0 0 102.98 0 0 0 0 0
857	0 0 0 0 0 0 0 0 0 0 0 0 0 3 0 0 0 0 0 0
858	0 0 0 0 0 0 3 0 0 0 0 0 0 0 0 0 0 0 0 0
859	0 0 0 0.02 0 0 0 0 0 0 0 27.98 0 0 0 0 0 0 0 0
860	0 0 0.02 0 3.58 0 22.4 0 0 0 0 0 0 0 0 0 0 0 0 0
861	0 0 0 0 0 0 0 0 0 0 0 0 0 0 0 0 0 0 7 0
862	0 0 0 0 0 0 0 0 0 0 0 0 0 0 0 0 31 0 0 0
863	0 0 0 0 0 26.26 28.9 0 8.84 0 0 0 0 0 0 0 0 0 0 0
864	0 26 0 0 0 0 0 0 0 0 0 0 0 0 0 159.3 0 0 28.7 0
865	0 0 0 0 47.18 0 0 0 0 0 0 0 0 0 7.82 0 0 0 0 0
866	0.02 81.52 0 0 0 0 0 0 0 0 0 0 0 0 0 229.46 0 0 0 0
868	0 0 0 0 0 0 14.94 0 0.04 0 0 0 0 0 0 0 0 0 0 0.04
869	0 0 0 0 0 8.56 0 0 0 0 0 0 0 0 0 0 0 0 0 56.42
870	0 0 0 0 0 0 0 0 0 0 1.58 0 0 0 0 20.42 0 0 0 0
873	0 0 0 0 0 0 0 0 0 0 188.74 0 0 0 0 0 0 0 0 0.26
874	0 0 0 0 97 0 0 0 0 0 0 0 0 0 0 0 0 0 0 0
875	0 0 0 0 0 0 0 0 0 0 68.82 0 0 0 0 0 0 0 45.1 0.08
876	0 0 0 0 0 0 0 0 0 0 106 0 0 0 0 0 0 0 0 0
877	0 0 0 0 0 0.98 0 0 0 0 99.14 0 0 0 0 0 0 0.02 0 0.86
878	0 0 0 0 0 0 0 0.62 35.36 20.02 0 0 0 0 0 0 0 0 0 0
881	0 10.3 0 0 0 0 0 0 0 0 108.7 0 0 0 0 0 0 0 0 0
882	0 0 0.02 0 0 0 0 0 39.44 0 44.26 0 0 11.28 0 0 0 0 0 0
885	0 0.02 0 0 0 0 0 0 0 0 28.98 0 0 0 0 0 0 0 0 0
886	0 0 0 0 63.66 0 0 0 0 0.02 71.32 0 0 0 0 0 0 0 0 0
887	0 0 0 0 137.96 0 0 0 62.04 0 0 0 0 0 0 0 0 0 0 0
888	0.02 0 0 0 0 0 0 0 0 0.18 37.8 0 0 0 0 0 0 0 0 0
890	0 0 0 24.84 0 0 0 0 0 0 41.1 0 0 0 0 0.06 0 0 0 0
891	0 0 0 0 0.34 0 0 0 0 0 7.66 0 0 0 0 0 0 0 0 0.02
892	0 20.54 0 0 0 0 0 0 0 0 90.44 0 0 0 0 0 0 0 0 0
893	0 0 0 0 0 0 0 0 0 0 29 0 0 0 0 0 0 0 0 0
894	0 0 0 0 6 0 0.02 0 25.96 0 0 0.02 0 0 0 0 0 0 0 0
895	0 57.68 0 0 0 0 0.12 0 0.04 0 213.16 0 0 0 0 0 0 0 0 0
896	0 0 0 0 37.78 0 0 0 103.2 0 0 0 0 0.02 0 0 0 0 0 0
897	0 0 0 0 0 0 0 0 0 0 3 0 0 0 0 0 0 0 0 0
898	0.02 0 0 0 0 0 0 0 168.96 0 0 0 0 0 0 0 0 0 0 0.02
899	0.02 0 0 0 0 1.6 0 0 24.36 0 0 0 0 0 0 0 0 0.02 0 0
901	0.72 0 0 0 0 0 0 0 0 0 19.28 0 0 0 0 0 0 0 0 0
902	0 0 0 0 0 0 0 0 128.98 0 0 0 0 0 0 0 0 0.02 0 0
903	15.28 0 0 0 0 0 0 0 0 0 40.7 0 0 0 0 0 0 0 0 0.02
904	0 0 0 0.64 22.6 0 0 0.36 0 0 35.38 0 0 0.02 0 0 0 0 0 0
905	0 0 0 0 0 0 0 0 0.04 0.92 58.46 0 0 1 0 0 0 0 0 2.6
906	0 0 0 0 0 0 0 0 53.98 0 0 0 0 0 0 0 0 0 0 0
907	0 0 0 0.02 0 0 0 0 0 0 0 0 0 3.98 0 0 0 0 0 0
908	0 0 0 0 0 0 0 0 2.34 0 27.66 0 0 0 0 0 0 0 0 0
910	0 0 0 0 8 0 0 0 0 0 0 0 0 0 0 0 0 0 0 0
911	4.46 5.54 0 0 0 0 0 0 0 0 0 0 0 0 0 0 0 0 0 0
912	0 0 0 0 16.94 0 0 0 0 0 0.06 0 0 0 0 0 0 0 0 0
913	0 0 0 0 5 0 0 0 0 0 0 0 0 0 0 0 0 0 0 0
915	0 0 0 0 0 0 0 0 38 0 0 0 0 0 0 0 0 0 0 0
916	0 20.98 0 0 0 0 0 0 24.98 0 0.04 0 0 0 0 0 0 0 0 0
917	0 0 0 12 0 0 0 0 0 0 0 1 0 0 0 0 0 0 0 0
918	0 0 0 0 0 0 0 0 12.48 0 0 0 0 0.48 0 0.02 0 0 0.02 0
408	0 0 0 0 0 0 0 40.18 0 13.38 0 0 143.64 0 199.78 0 0 0 0 0.02
792	93.12 0 0 0 0 0 13.38 0 0 0 0 23.46 0 0.04 133 0 0 0 0 0
845	0.02 0 0 0.02 0 103.74 0 0 0 44.58 0 0 0 0 0 259.72 0 0 79.9 0.02
919	53.88 0 0 71.68 0 0 0 0 0 18.16 0 0 150.26 0.02 0 0 0 0 0 0.02
922	0 0 0 0 7.04 0 0 0 0 32.62 0 0 0 0 0 0 0 0 77.32 0
923	0.04 0 0 0 0 0 0 0 0 0 0 0 0 188.96 0 0 0 0 0 0.02
220	0 0 0 0 0.02 0 0 0 0 0 0 0 0 0 0 150.78 0 0 28.18 0
249	0 0 0 0 0 0 0 0 0 0 0 46.1 121.22 0 0.04 119.98 0 0 58.66 0
620	0 0 0 0 0 0 0 0 0 0 0 0 0 0 0 97 0 0 0 0
742	0 183.42 0 0 0 0 0 0 0 0 0 0 71.1 0 0 370.38 91.08 85.02 0 0
889	0 0 0 0 27 0 0 0 0 5.86 0 0 0 0 0 0.14 0 0 0 0
924	0 0 0 0 0 0 0 0 0 0 0 0 0 0 0 202.2 27.42 0 0 0.38
925	0 90 0 0 0 0 0 0 0 0 0 0 0 0 0 0 0 0 0 0
929	0 0 0 0 0 0 0 0 0 42.7 0 0 0.16 0 0 0 20.48 19.66 0 0
931	0 0 0 0 0 0 0 0 0 0 0 0 0 0 0 49.98 0 0 0 45.02
932	0 105 0 0 0 0 0 0 0 0 0 0 0 0 0 0 0 0 0 0
933	0 0 0 0 0.02 0 0 0.02 0 0 0 0 0 0 0 0 0 0 36.94 0.02
934	0.06 0 0 0 0 0 0 0 0 0 0 0 0 0 0 145.9 0 0 0.04 0
937	0.26 0 0 0 0 0 0 0 0 0 79.74 0 0 0 0 0 0 0 0 0
938	0 0 0 0 0 0 0 0 0 0 65 0 0 0 0 0 0 0 0 0.02
583	0 0 0 0 0 0 0 0 0 0 0 0 0 0 0 0 88.98 0 0 0
939	0 0 0 0 0 57.92 0 0 0 0 0 0 0 0 0 0 0 0 53.72 65.36
940	0 16.3 0 6.24 0 0 0 0 0 0 0 36.46 0 0 0 0 0 0 0 0
942	0 0 0 0 0 81.08 47.92 0 0 0 0 0 0 0 0 0 0 0 0 0
943	0 0 0 0 0 0 0 0 0 0 0 109 0 0 0 0 0 0 0 0
944	0 0 0 0 0 0 0 0 0 0 0 0 0 0 0 0 0 0 0 106
945	0.58 0 125.42 0 0 0 0 0 0 0 0 0 0 0 0 0 0 0 0 0
628	0 0 0 0 0 0 0.12 0 0 0 0 0 92.78 0 0 249.72 49.08 0 108.26 0.06
26	57.66 0 0 0 0 0 0 0 0 0 0 0 0.02 0 85.78 0 0 0 0 58.52
392	0 0 0 0 0 80.54 0 0 0 0 0 0 0 0 0 0 0 0 0 95.46
494	0 0 145.3 0 0 0 0 0 0.02 0 0 0 0.02 0 29.66 0 0 0 0 0
512	148.44 0 0 0 0 0 0 0 0 0 0 0 0 0 19.56 0 0 0 0 0
529	272 0 0 0 0 0 0 0 0 0 0 0 0 0 0 0 0 0 0 0
609	80.68 0 0 0 0 0 0 0 0 0 0 0 0 0.06 0 0 79.26 0 0 0
921	148 0 0 0 0 0 0 0 0 0 0 0 0 0 0 0 0 0 0 0
950	0.02 0 0 0 0 0 0 0 0 0 0 0 0 14.5 0 0 0 0 56.48 0
952	0 0 0 0 0 0 0 0 0 0 0 0 55.46 0 0 0 0.02 0 62.52 0
953	0 0 0 23.7 0 0 0 0 0 0 0 0.02 0 0 28.28 0 0 0 0 0
954	0 0 0 0 0 0 0 0 0 0 0 0 0 0 29 0 0 0 0 0
955	0 0 0 0 0 0 0 0 0 0 0 0 0 129.48 0 0 0 0 0 12.52
956	0 0.02 0 0 0 62.42 45.56 0 0 0 0 0 0 0 0 0 0 0 0 0
957	0 0 0 0 0 2.98 0.02 0 0 0 0 0 0 0 0 0 0 0 0 0
958	10.68 0 0 0 0 0 0.16 0 0 0 0 0 0 0 33.16 0 0 0 0 0
959	0.02 0 0 0 0 13.56 0.04 4.22 0 0 0 0 0 0 78.86 0 0 0 0 74.32
960	0 0 2.44 0 55.04 0 0 0 0 7.5 0 0 0 0 0 0 0 0 0 0
961	100.16 0 0 0 0 0 0 0 0 0 0 0 0 0.84 0 0 0 0 0 0
962	58.14 0 0 0 5.86 0 0 0 0 0 0 0 0 0 0 0 0 0 0 0
963	0 0 0 0 0 36.2 11.76 0 0 0 0 0 0 0 51.4 0 0 0 23.64 0
964	30 0 0 0 0 0 0 0 0 0 0 0 0 0 0 0 0 0 0 0
965	17.46 0 0 0 0 0 0 0 0 0 0 0 0 0 34.54 0 0 0 0 0
966	48.88 0.02 0 0 0 0 0 0 0 0 0 0 0 0 0 0 0 41.1 0 0
967	0 0 19.86 0 0 0 0 13.12 0 0 0 0 0.02 0 0 0 0 0 0 0
968	22.08 0.02 0 0 0 0 0 21.56 0 0 0 0 0 0 0 0 0 0 0 12.34
970	22 0 0 0 0 0 0 0 0 0 0 0 0 0 0 0 0 0 0 0
971	78.92 0 0 0 0 0 0 0 0 0 0 0 0 22.08 0 0 0 0 0 0
295	0.02 94.06 0 0 37.18 0 0 0 0 0 0 5.6 0 0 0.02 79.12 0 0 0 0
565	0 0 0 0 0 0 15.82 0 0 0 0 0.28 0 0 0 0.04 0 0 0 18.86
595	0 132.66 0 0 0 0 0 0 0 0 0 0.12 0 0 0 3.22 0 0 0 0
769	0 0 0 0 0 0 0 0 0 0 0 34.08 0 0 0 0 31.92 0 0 0
773	0 0 0 0 0 0 0 0 0 0 0 44.98 0 0 0 0 0 0 0 0.02
800	0 0 0 0 0 0 10.52 0 0 0 0 21.6 0 0 0 0 0 0 0 10.9
928	0.02 0 0 0 0 0 0 0 0 0 0 0 0 0 0 192.96 0 0 0 80.02
930	0 155.58 0 23.2 0 0 0 0.2 0 0 0 0 0 0 0 0 0 0 0 0
948	0 26.32 0 0 0 0 0 0.12 0 13.4 49.92 0.22 0 0 0 0 0 0 0 0.02
974	0 0 0 0 0 0 5.04 0 0.06 0 0 0 0 0 0 68.9 0 0 0 0
975	0.02 92.3 0 0 0 0 0 0 0 0 0 0 0 0 0 27.68 0 0 0 0
977	0.02 90.44 0 0 0 0 0 0 0 0 0 0 0 0 0 0 24.54 0 0 0
978	0 0 0 0 0 0 0 0 0 0 0 0 0 0 0 0 0 0 57 0
979	0 92.88 0 0 0 0 0 0 0 0 0 0 0 0 0 0 0 0 0 0.12
980	16.94 0 0 0 0 0 0 0 0 40.06 0 0 0 0 0 0 0 0 0 0
982	0 41 0 0 0 0 0 0 0 0 0 0 0 0 0 0 0 0 0 0
983	0 29.98 0 0 0.02 0 0 0 0 0 0 0 0 0 0 0 0 0 0 0
985	0 42.78 0 0 0 0 0 0 0 0 0 0 0 6.22 0 0 0 0 0 0
986	0 48.26 0 0 0 0 0 0 0 0 0 0 0 0 0 0 0.74 0 0 0
987	0 10 0 0 0 0 0 0 0 0 0 0 0 0 0 0 0 0 0 0
990	7.84 0 0 0 0 0 0 0 0 0 82.16 0 0 0 0 0 0 0 0 0
991	0 0 0 0 0 0 0 0 33.76 0 0 0 0 0 0 0 0 0 13.24 0
992	0 12 0 0 0 0 0 0 0 0 0 0 0 0 0 0 0 0 0 0
994	0 0 0 0 0 0 0 0 0 0 0 0.12 12.88 0 0 0 0 0 0 0
995	0 0 0 0 63.28 0 0 0 0 18.7 0 0 0 0.02 0 0 0 0 0 0
456	0 78 0 0 0 0 0 0 0 0 0 0 0 0 0 0 0 0 0 0
731	0 0 0 0 0 0 0 0 0 0 0 0 0 0 0 0 0 0 1.84 114.16
791	0 0 0 0 0 0 0 0 0 0 0 0 0 0 0 0 17 0 0 0
871	0 0 0 28.2 0 0 0 0 0 0 0 0 0 0 0 120.8 0 0 0 0
926	0.04 185.72 0 0 0 0 0 0 0 0 0 0 0.02 0 0 31.2 0.02 0 0 0
997	0 0 0 24 0 0 0 0 0 0 0 0 0 0 0 0 0 0 0 0
998	0 0 0 0 0 0 0 0 0 0 0 0 0 0 0 0 0 0 0 39
999	0 0 0.18 0 0 0 0 0 0 0 0 0 0 0 0 0 0 0 0 19.82
1000	0 0 0 21 0 0 0 0 0 0 0 0 0 0 0 0 0 0 0 0
1001	0 0.1 0 0 0 0 0 0 0 0 0 0 12.16 0 0 0 19.82 0 1.92 0
679	0 0 0 0 0 0 0 193.24 0 0 0 0 0 0 0 0 43.66 0 0 0.1
1004	0 0 0 0 0 0 0 20 0 0 0 0 0 0 0 0 0 0 0 0
1005	0 0 0 0 65 0 0 0 0 0 0 0 0 0 0 0 0 0 0 0
1006	0 0 28.14 0 1.88 0 0 0 0 0 0 0 0 0 0 0 0.14 5.8 0.04 0
763	0 34.62 0 0 0 0 0 0 0 0 0 0 54.54 0 0 191.36 0 0 0 79.48
1007	0 0 0 0 0 0 0 0 0 39.6 0 0 72.34 0 0 0 0 0 51.06 0
969	0 0 0 141.54 0 103.46 0 0 0 0 0 0 0 0 0 0 0 0 0 0.02
293	0.02 0 0 0 0 0 0 0 0 0 0 0 211.04 0 0 105.32 0 0 118.6 0
760	0 69.92 0 0.02 0 0 0 0 0 0 0 18.06 0 0 0 0 0 0 0 0
936	0 0 0 0 38.82 0 0 0 0.02 0 0 0 36.42 22.74 0 0 0 0 0 0
1008	0 0 0 0 0 0 0 0 0 32.36 0 0 54.64 0 0 0 0 0 0 0
1009	42.26 0 0 0 0 0 0 0 0 0 0 0 42.4 0 0 0 0 0 88.34 0
1010	0 0 0 0 0 0 0 0 0 0 0 0 0 0 0 0 0 0 130 0
1013	0 0 0 31.08 0 0 0 0 0 0 0 0 39.74 0 0 0 0 5.18 0 0
1015	0 24.56 0 2.5 0 5.72 0 0 0 0 0 0 0 0 0 0.16 0.06 0 0 0
1016	0 312.9 0 0.06 0 0 0 0 0 0 0 0 0 0 0 75.68 0 0 0 0.38
246	0 25.44 0 0 0 0 0 0 0 0 0 0 367.38 0 0 0 0 0 0 0.16
1017	0 0 0 0 0 0 0 0 0 0.02 0 0.04 101.38 0 20.48 0 0.08 0 0 0
1018	0 0 0 0 0 0 0 0 0 0 0 0 0 33.74 46.24 0 0 0 0 0.02
1019	0 0 0 0.02 42.22 0 0 0 0 0 0 59.76 0 0 0 0 0 0 0 0
538	0 20.14 0 0 0 0 0 0 159.86 0 0 0 0 0 0 0 0 0 0 0
1020	100.96 0 0 0 6.04 0 0 0 0 0 0 0 0 0 0 0 0 0 0 0
1022	0 0 0 0 91.48 0 0 0 1.52 0 0 0 0 0 0 0 0 0 0 0
1012	0 0 0 0 0 0 0 0 0 0 0.02 0 129.36 0 0 86.94 0 0.04 56.64 0
329	0 0 0 0 0 0 0 0 0 0 115.94 0.06 0 0 0 0 0 0 0 0
339	0.16 0 0 0 0 0 0 0 27.7 0 102.14 0 0 0 0 0 0 0 0 0
872	0.08 0 0 0 0 0 0 0 0 0 84.62 0 0 0 0.1 7.2 0 0 0 0
880	0.02 0 0 0 0 0 0 0 44.88 0 113.1 0 0 0 0 0 0 0 0 0
1025	0.08 0 0 0 0 0 0 0 0 0 94.92 0 0 0 0 0 0 0 0 0
883	0 0 0 0 0.04 0 0 0 26.96 0 0 0 0 0 0 0 0 0 0 0
578	0 0 0 111.56 0.02 0 0 0 0 0 0 122.42 0 0 0 0 0 0 0 0
827	0 0 0 0 0 0 0 0 0 0 0 0.02 20.48 0 0 31.7 74.8 0 0 0
833	0 0 0 0 0 0 0 0 0.06 0 0 0 0 0 0 68.08 61.86 0 0 0
1027	0 0 0 0 0 0 0 0 0 0 0 0 0 0 0 0 8 0 0 0
465	0 0 0 213.24 0 0 0 21.68 0 0 0 0 0 0 0 0 0 0 0 5.08
616	0 0 121.94 0 0 0 0 0 0 0.06 0 0 0 0.16 0 0 0 0 0 46.84
768	0 2.84 0 117.16 0 0 0 0 0 0 0 0 0 0 0 0 0 0 0 0
838	0 0 0 0 0 0 0 0 0 0 0 0 0 0 0 0 4.96 0 0 0.06
1014	0 0 0 0 0 0 0 0 0 0 0 0 0 0 0 139.02 0 0 106.94 0.04
1028	0.02 26.22 1.66 0 0 0 0.04 22.94 0 0.74 0 0 0 0 0 235.94 0 0 0 100.42
1029	0 0 0 7.6 0 0 0 0 0 0 0 0 0 0 0 0 20.08 0 0.32 0
1030	0 0 0 0 0 0 0 0 0 0 0 0 0 0 0 0 0 0 0 37
1031	0 0 0 0 0.02 0 0 0 0 0 0 2.26 0 0 0 0 0 0 0 10.72
1032	0 18.92 0 0 0 0 0 0.64 0 0 0 0 0 0 0 0 0 0 0 22.46
1034	0 47.02 0 0 0 0 0 0 0 0 0 0 0 0 0 0 0.96 0 0 0
1037	0 0 0 0 0 0 0 0 0 0 0 0 0 0 0 0 0 0 0 42
900	0.06 0 0 0 113.56 0 0 0 0 0 4.38 0 0 0 0 0 0 0 0 0
1038	0 0 0 0 0 0 0 0 38 0 0 0 0 0 0 0 0 0 0 0
1039	103.76 0 0 0 0 56.8 0 0 0 0 0.04 0 0 0 0 0 52.58 96.8 0 0.02
785	0 0 0 15.44 0.02 0 0 0 0 0 0 0 0 0 0 0 0 0 0 83.54
941	0 0 0 0 0 0 0 0 0 0 0 0 0 0 0 0 0 0 0 115
1040	0 0 0 0 0 0 0 0 0 0 0 0 0 0 0 52 0 0 0 0
1041	0 0 0 0 0 37.62 0 0 0 0 0 0 0 0 0 0 0 0 0 110.38
1043	0 0 0 0 0 0 0 0 0 0 0 0 0 0 0 0 0 0 0 20.02
1044	0.06 0 0 0 0 26.1 0 0 0 0 0 0 0 0 0 0 0 0 0.6 68.22
1045	48.98 0 0 0.06 0 0 0 0 0 0 0 0 0 0 0 0 20.96 0 0 0
1046	0 0 0 0 0 0 0 0 0 0 0 0 0 0 0 0 112 0 0 0
1048	0 0 0 0 0 0 0.02 0.02 0 0 0 0 79.1 0 0 89.32 19.54 0 0 0
1049	0 0 0 0 0 0 0 0 0 0 0 0 0 0 0 40.4 9.6 0 0 0
1050	0 0 130.44 0 0 0 0 0 0 0 0 0 0 0 0 0 0 0.52 0 0.06
1051	0 103.98 0 0 0 0 0 0 0 0 0 0 0 0 0 0 0 0 0 0
879	0 30.96 0 0 0 0 0 0 0 0 287.3 0 0 0 0 0 0.02 20.3 0 0.44
946	0 0.02 0.08 0 0 23.26 0 0 0 0 0 0 0 0 0 0 0 0 0 132.62
951	0 0 0 79.18 0 0 0 0 0 0 0 0 0 0.18 0 0 0 0 0 0.64
993	0 0 0 94.78 0.04 0 0 0 0 0 0 0.04 30.38 0 0 51.76 0 0 0 0
1053	0 0 0 0 0 0 0 0 0 0 0 0 0 0 0 0 0 0 0 66
1055	0 0 0 0.32 0 0 0 0 0 0 0 0 0 0 0 0 0 0 0 27.68
1057	0.02 0 0 0 0 0.02 0 0 0 0 0 0 0 0 0 0.02 0.22 0 24.58 19.14
1058	0 0 0 0 0 0 0 0 0 0 0 0 0 0 0 0 0 0 0 46
1059	0 74 0 0 0 0 0 0 0 0 0 0 0 0 0 0 0 0 0 0
1060	18.16 0 0 22.16 0 0 0 0 0 0 0 0 0 0 0 59.68 0 0 0 0
1061	0 46.54 0 0 0 0 0 0 0 0 0 0 32.44 0 0 0 0.02 0 0 0
909	0 0 0 0 0 0 0 0 39 0 0 0 0 0 0 0 0 0 0 0
1024	0 0 0 0 0 0 0 0 41 0 0 0 0 0 0 0 0 0 0 0
1062	0 0 0 0 0 0 0 0 37 0 0 0 0 0 0 0 0 0 0 0
988	0 18.26 0 0 0 0 0 0 0.02 4.88 83.96 0.02 0 0 0 50.8 0 0 0 0.08
1063	0.04 0 47 0 0 0 0 0 0 0 0 0 0 61.94 0 0 0 0 0 0
256	0 0 0 0 0 0 0 0 0 49 0 0 0 0 0 0 0 0 0 0
547	0 0 0 0 0 0 28.32 0 0 36.48 0.18 0 46.02 0 0 0 0 0 0 0
1003	0 0 0 0 0 0 0 0 0 12 0 0 0 0 0 0 0 0 0 0
1036	0 0 0 0 0 0 0 0 0 0 0 0 0 0 0 0 0 0 0 58
1068	0 0 0 0 15.46 0 0 0 0 15.34 0 0 4.2 0 0 0 0 0 0 0
1069	0 0 0 0 14.44 0 0 0 0 0 0 30.44 0 0 0 0 0 0 0 0.14
1070	0 0 0 0 0 0 0 0 0 0 0 0 0 0 72.74 0 0 0 2.24 0
1073	0 0 0 0 50.04 0 0 0 0 0 0 127.84 0 0 0 0 0 0 0.04 0.1
1074	0 0 0 83.68 0 0 0 0 0 0 0 0 0 87.3 0 0 0 0 0 0
1075	0 0 0 0 0 11.4 0 0 0 0 0 0 0 0 3.6 0 0 0 0 0
1076	0 0 0 0 0 0 0 0 0 0 0 0 0 0 0 0 0.32 0 0 26.68
1077	0 0 0 0 0 0 0 0 0 0 0 0 0 0 0 0 0 0 0 21
1078	0 0 0 0 0 0 0.02 0 0 0 0 0 0 0 0 0 0.02 0 0 54.96
1079	0 0 0 0 0 0 0 0 0 0 0 0 14.52 0 0 0 0 0 0 55.48
1081	0 0 0 0 0 0 0 0 0 0 0 0 0 0 0 0 0 0 19 0
1082	0 0 0 0 0 0 0 0 0 0 0 0 0 0 0 0 0 0 21 0
1084	0 0 0 0 0 0 0 0 0 6.4 0 12.6 0 0 0 57 0 0 0 0
1085	0 0 0 0 0 0 0 0 0 0 0 0 0 0 0 0 0 0 25 0
1086	0 0 0 0 0 0 0 0 0 41.2 0 0 0 0 0 0 0 0 24.8 0
1088	0 27.94 0 0 0.02 0 0 0 0 0 0 0 0 0 0 0 0 0.04 0 0
1089	0.02 46.42 0 0 0 0 0 0 0 0 12.5 0 0 0 0 0 0 0 0 4.08
585	0.02 0 0 0 0 0 0 0 0 0 0 0 0 0 0 0 0 0 0 76.96
728	0 0 0 0 0 0 0 0 0 0 0 0 0 0 0 0 109 0 0 0.02
849	0 0 0 15.42 0 0 0 0 0 0 0 0 0 0 0 0 119.56 0 0 0
1047	0 188.88 0 15.8 0 0 0 0 0.02 0 0 0 0 0 0 102.3 0 0 0 0
1090	0 0 0 0 0 0 0 0 0 0 0 0 0 0 0 0 73 0 0 0
1091	0 0 0 0 0 0 0 0 0.04 0 0 0 0 0.2 0.06 0 0 0 0 84.7
1092	0 0 0 0 0 0 0 0 0 0 0 0 0 0 0 0 0 0 0 24
1011	0 126.2 0 0 0 0 0 0 0 0 0 0 108.8 0 0 0 0 0 0 0
1071	0 0 0 0 0 0 0 0 0 0 0 0 0 0 0 0 0 0 42 0
1093	0 45.96 0 0 0 0 0 0 0 0 0 0 0 0 17.04 0 0 0 0 0
1094	0 21.9 0 0 0 0 0.1 0 0 0 0 0 0 0 0 0 0 0 0 0
1095	0 53 0 0 0 0 0 0 0 0 0 0 0 0 0 0 0 0 0 0
584	131.1 0 0 0 0.04 0 0 0 0 0 0 0 0 0 0 0 0 0 0 90.86
850	0 0 0 0 7 0 0 0 0 0 0 0 0 0 0 0 0 0 0 0.02
1097	0 0 0 0 47.98 0 0 0 0 0 0 0 0 0 0 0 0 0 0 0
1098	4.98 0 0 14.06 0 0 28.76 0 0 0 0 0 0 0 87.2 0 0 0 0 0
1099	0 0 0 0 0 0 0 0 0 0 0 0 0 0 39 0 0 0 0 0
1100	0 0 0 0 21 0 0 0 0 0 0 0 0 0 0 0 0 0 0 0
1102	0 0.02 0 0 0 0 0 0 0 0 0 0 0 0 0.02 16.96 0 0 0 0
1103	0 0 0 0 0 0 0 0 0 0 0 43 0 0 0 0 0 0 0 0
1104	0 0 0 0 0 0 0 0 0 0 0 0 0 11 0 0 0 0 0 0
1106	0 0 0 0 0 0 0 0 0 0 0 0 0 0 0 0 0 0 7.98 0.04
30	114.88 0 0 0 0 0 0 0 0 0 0 0 0 0 0 0 0 0 0.1 0
727	76.84 0 0 0 0 0 0 0 0 0 0 0 0 0 0.04 0 73.12 0 0 0
846	0 0 0 0 0 0 0 0 0 0 0 0 0 0 0 109 0 0 0 0
855	200.96 0 0 0 0 0 0 0 0 0 0 0 0 0 0.04 0 0 0 0 0
972	65.96 0 0 0 0 0 0.04 0 0 0 0 0 0 0 0 0 0 0 0 0
1065	50.46 0 0 0 0 0 0 48.2 0 0 0 0 0 0 55.34 0 0 0 0 0
1107	0 0 0 0 0 42.08 0 0 0 0 0 0 0 0 0 0 0 0 8.92 0
1108	0 0 0 0 11 0 0 0 0 0 0 0 0 0 0 0 0 0 0 0
1109	50.62 0.02 0 27.36 0 0 0 0 0 0 0 0 0 0 0 0 0 0 0 0
1110	0 0 0 0 0 0 0 86.4 0 0 0 4.6 0 0 0 0 0 0 0 0
1111	16 0 0 0 0 0 0 0 0 0 0 0 0 0 0 0 0 0 0 0
1112	0 0 0 0 0 31.98 0 0 0 0 0 0 0 0.02 0 0 0 0 0 0
1113	64 0 0 0 0 0 0 0 0 0 0 0 0 0 0 0 0 0 0 0
1114	0 0 0 0 0 0 0 0 0 0 0 0 26 0 0 0 0 0 0 0
1116	16.92 0 0 0 0 0 0 18.48 0 0 0 0 0 0 0 0 0 0 0 11.6
1117	21.58 24.42 0 0 0 0 0 0 0 0 0 0 0 0 0 0 0 0 0 0
1118	0 0 0 0 0 0 0 0 0 0 0 0 0 0 57.22 0 0 0 0 63.78
1120	0.04 0 0 0 0 0 0 0 0 40.94 0 0 0 0 0.02 0 0 0 0 0
138	0 0 0 0 0 9.9 0 0 0 0 0 0 0 0 0 0 0 0 0 33.1
613	45.42 0 0 18.58 0 0 0 0 0 0 0 0 0 0 0 0 0 0 0 0
745	24.14 0 0 0 0 0 0 0 0 0 0 7.94 0 0 12.92 0 0 0 0 0
1021	108 0 0 0 0 0 0 0 0 0 0 0 0 0 0 0 0 0 0 0
1122	1.84 0 3.16 0 0 0 0 0 0 0 0 0 0 0 0 0 0 0 0 0
1123	7 0 0 0 0 0 0 0 0 0 0 0 0 0 0 0 0 0 0 0
1124	0.12 0 0 0 0 37.88 0 0 0 0 0 0 0 0 0 0 0 0 0 0
1125	0 0 17 0 0 0 0 0 0 0 0 0 0 0 0 0 0 0 0 0
1126	0 0 0 0 0 86 0 0 0 0 0 0 0 0 0 0 0 0 0 0
342	0 0 0 0 0 0 0 0 40.88 0 74.12 0 0 0 0 0 0 0 0 0
1127	0 0 0 0 31 0 0 0 0 0 0 0 0 0 0 0 0 0 0 0
697	0 0 0 0 0 0 0 0 0 0 0 0 0 64.06 0 0 0 0 52.94 0
949	0.14 0 0 115.6 0 0 0 0 0 60.56 0 0 0 0 38.7 0 0 0 0 0
1128	0 0 0 0 0 0 0 0 0 19 0 0 0 0 0 0 0 0 0 0
1129	0 0 0 0 36.34 0 0 0 0 0 0 0 0 0 0 0 0 0 51.66 0
1130	0 0 0 0 0 0 0 0 0 0.62 0 0 0 0 3.38 0 0 0 0 0
1131	34.76 0 0 0 7.24 0 0 0 0 0 0 0 0 0 0 0 0 0 0 0
1133	0 0 0 0 0 0 0 0 0 0 0 0 0 0 0 0 0 0 0.02 68.98
1135	0 0 0 0 0 0 0 14.52 0 0 0 0 0 0 0 0 85.48 0 0 0
1136	0 0 0 0 0 0 0 0 0 0 0 0 0 0 0 0 0 0 39.18 53.82
1067	0 0 0 0.02 0 0 0 0 0 0 0 0 136.98 0 0 0 0 0 0 0
1137	0 0 0 0 0.02 0 0 0 0 93.98 0 0 0 0 0 0 0 0 0 0
1138	0 0 8.86 0 0 0 0 0 0.3 3.82 0 0 0 0 0 0 0 0 0 0.04
1139	0.02 0 0 0 0 0.04 0 0 0 0 0 0 0 0 0 0 0 0 0 66.92
1141	0 0 0 0 0 0 0.1 0 0 0 0 0 0 23.9 0 0 0 0 0 0
1142	0 0 0 0 0 0 0 0 0 0 0 0 2.32 0 0 0 0 0 139.68 0
1052	0 0 0 0 0 0 0 0 0 0 0 0 0 0 0 0 0 0 28.86 20.14
1134	1.28 0 0 0 0 0 0 0 0 0 0 0 97.72 0 0 0 0 0 0 0
1143	0.02 0 0 0 0 0 0 0 0 0 0 0 55.98 0 0 0 0 0 0 0
1144	0 0 0 0 1.74 0 0 0 0 0 0 0 9.26 0 0 0 0 0 0 0
1035	0.02 0 0 78.88 0 0 0 0 0 0 0 0 0 0 0 0 0 0 0 76.1
1145	0 0 0 0 0 0 0.56 0 0 0 0 0 0 0 0 0 0 0 0 21.44
770	0 0 0 0 0 0 114.88 0.02 0 0 0 0 0 23.1 0 0 0 0 0 0
1147	0 0 0 0 0 0 43.14 0 0 0 0 0 0 0 0 0 25.86 0 0 0
1148	2.54 0 0 0 0 0 0 0 0 0.42 0 12.04 0 0 0 0 0 0 0 0
1149	59.36 0 33.64 0 0 0 0 0 0 0 0 0 0 0 0 0 0 0 0 0
824	0 0 0 0 0 0 0 0 0 0 0 0.44 0 0 0 0 0 0 64.78 38.78
1150	0 0 0 0 0 0 0 0 0 0 0 0 0 0 0 0 0.06 0 26.94 0
1151	0 12 0 0 0 0 0 0 0 0 0 0 0 0 0 0 0 0 0 0
1152	0.06 0 0 0 0 0 0.04 0 0 0 0 0 0 0 0 61.9 0 0 0 0
851	0 0 0 0 0 0 5 0 0 0 0 0 0 0 0 0 0 0 0 0
1153	0 0.02 0 0 0 0 0 0 0 0 0 0.02 0 52.96 0 0 0 0 0 0
1154	0 0 0 0 31.98 0 0 0 0 0 0 0 0 0.02 0 0 0 0 0 0
1156	0 0 0 0 3 0 0 0 0 0 0 0 0 0 0 0 0 0 0 0
1158	0 0 0 0 0 0 4.62 0 0 0 0 0 0 0 0 0 0 0 2.38 0
1159	0 0 0 0 30.96 0 0 0 0 0 0 0 0 0 0 0 0 0 0 0.04
1160	0 0 0 0 0 0 0 0 0 71.96 0 0.04 0 0 0 0 0 0 0 0
1161	0 12.86 0 0 21.14 0 0 0 0 0 0 0 0 0 0 0 0 0 0 0
1033	0 0 0 0 0 0 0 0 0 0 0 0 0 0 0 52.5 0 0 0 1.5
1101	17.94 0 0.02 0 0 33.66 95.76 0 0 0 0 0 0 85.62 0 0 0 0 0 0
1162	0 0 0 0 0 0 0 0 0 7 0 0 0 0 0 0 0 0 0 0
1164	0 12 0 0 0 0 0 0 0 0 0 0 0 0 0 0 0 0 0 0
795	0 0 0 0 0 0 0 0 0 0 0 0 0 0 0 0 0 0 0 44
1165	0 26 0 0 0 0 0 0 0 0 0 0 0 0 0 0 0 0 0 0
984	0 33.04 0 0 0.04 0 0 0 0 0 66.92 0 0 0 0 0 0 0 0 0
1166	0 0 0 0 0 0 28 0 0 0 0 0 0 0 0 0 0 0 0 0
1167	0 0 0 0 0.32 0 0 0 0 10.58 0 0 0 18.1 0 0 0 0 0 0
1168	0 0 0 0 0 55.9 0 0 0 0 0 0 0 0 0 0.02 0 0 0 0.08
1169	0 0 0 0 0 0 0 0 0 0 0 0 0.02 0 0 0 0 0 36.98 0
1171	0.06 0 0 0 0 0 0 0 0 0 0 0 22.4 15.54 0 0 0 0 0 0
1174	0 0 0 0 0 0 0 0 0 0 0 0 0.04 0 0 0 0 0 22.96 0
1175	0 0 0 0 2.94 0 0 0 14.06 0 0 0 0 0 0 0 0 0 0 0
1176	0 0 0.04 0 67.96 0 0 0 0 0 0 0 0 0 0 0 0 0 0 0
790	0 0 0 0 0 0 0 0 0 0 0 0 0 0 0 0 46.18 0 0 110.82
796	0.04 0 0 0 0 0 0 0 0 0 0 0 0 0 0 0 0 0 0 91.96
801	0 37.96 0 0 0 0 0 0.02 0 0 0 0 0 0 0 0 0 0 0.02 0
804	0 0 0 0 0 0 0 0 0.02 0 0 0 0 0 0 0 20.98 0 0 0
996	0 0 0 0 0 0 0 0 0 0 0 0 0 0 0 0 0 0 0 20.02
1072	0 0 0 0 0 0 0 15.98 0 0 0 0 0 0 0 0 0 0 0 0
1178	0 0 0 0 0 0 0 0 0 0 0 0 0 0 0 0 0 0 0 36
1179	0 0 0 0 0 0 0 0 0 0 0 0 0 0 0 0 18 0 0 0
1180	0 0 0 0 0 0 0 0 0 0 0 0 0 0 0 0 0 0 0 25
1182	0 0 0 0.84 0 0 0 0 0 0 0 0 0 0 0 0 22.16 0 0 0
1183	0 0 0 25.7 0 0 1.22 0 0 0 0 0 0 0 0 0 0 0.08 0 0
1184	0 0 0.06 0 0 0 8.04 0 0 0 0 0 0 11.9 0 0 0 0 0 0
1185	0 0 0 0 0 0 0 0 0 0 0 0 0 0 0 0 0 0 0 29
1186	0 0 0 0 0 0 0 0 0 0 0 0 0 0 10 0 0 0 0 0
1187	0 0 0 0 0 0 0 0 0 0 0 15.72 0 0 0 0 0 0 15.28 0
1188	0 0 0 0 0 0 0 0 0 0 0 0 0 0 0 0 106 0 0 0
1189	0 0 0 0 0 0 0 0 0 0 0 0 0 0 0 0 0 0 0 15
1190	0 0 0 0 0.02 0 0 0 0 0 0 0 0 0 0 33.84 0 0 0.14 0
1119	0 0 0 0 0 0 0 0 0 0 0 0 0 0 0 0 0 46.74 0 121.26
1192	20.24 0 0.3 0 0 0 0 0 0 0 0 0.02 0 0 0 0 0 9.44 0 0
1193	18.32 0 0 0 0 0 0 0 0 0 0 0 0 0 0 0 0 0 1.68 0
1194	0 0 0 0 0 0 0 0 0 58.3 0 0 0 0 30.7 0 0 0 0 0
1196	0.02 0 0 0 8.98 0 0 0 0 0 0 0 0 0 0 0 0 0 0 0
1197	0 0 0 0 0 0 14.76 0.94 0 0 0 0 0 0 0 113.3 0 0 0 0
1198	0 0 0 0 0 0 0 0 0 0 0 0 0 0 0 0 0 0 19 0
1200	0 0 0 0 0 0 12.96 0 0 0 0 0 0 6.04 0 0 0 0 0 0
1201	0 0 0 0 0 0 0 0 0 0 0 0 0 5 0 0 0 0 0 0
1202	0 0 0 0 0 0 0 0 0 21 0 0 0 0 0 0 0 0 0 0
1203	0 0 59 0 0 0 0 0 0 0 0 0 0 0 0 0 0 0 0 0
1204	0 0 0 6.08 0 0 0 0 0 0 0 0 0 36.92 0 0 0 0 0 0
1205	0 0 0 0 0 0 0 0 0 0 0 0 0 17 0 0 0 0 0 0
1206	0 0 0 0 0 0 0 0 0 0.02 0 0 0 0 0.02 0 44.96 0 0 0
552	0 0 0.02 0 0 0 0.02 0 0 0 0 0 0 0 0 0 0 0 0 100.96
947	0 0 0 0 0 0 0 0 0 0 0 27.64 0 0 22.36 0 0 0 0 0
1023	0 56.36 0 0.04 0 0 0 0 0 0 0 0 0 0 0 12.6 0 0 0 0
1042	0 0 0 0 0 0 0 0 0 0 0 0 0 0 0 0 74 0 0 0
1207	0 3.14 0 5.58 0 0 0 0 0 0 0 0 0 0 0 0 21.28 0 0 0
1209	0 0 0 0 0 0 0 0 0 0 0 0 0 0 0 0 0 0 0 35
1210	0 0 0 0 0 0 0 0 0 0 0 74.82 0 0 0 1.18 0 0 0 0
1212	0 0 0 0 0 0 0 0 0 0 0 6.22 0 0 0 0 0 0 0 10.78
1213	0 11.4 0 0 0 0 0 0 0 0 0 1.42 0 0.18 0 0 0 0 0 0
1215	0 0 0 0 0 0 0 0 0 0 0 0 0 0 0 15.7 30.64 0 0 0.66
1216	0 17.74 0 0.24 0 0 0 0 0 0 0 0 0 0 0.02 0 0 0 0 0
34	0 0 0 16.98 0 0 0 0 0 0 0 0 0 0 0 0 0 0.02 0 0
355	0 0 0 0 0 0 0 0 83.9 0 2.1 0 0 0 0 0 0 0 0 0
390	0 0 0 0 0 0 0 0 0 0 0 0 0 0 22 0 0 0 0 0
556	0.02 0 0 0 0 0 0 0 0 0 0 0 0 0 0 0 24.98 0 0 0
829	0 0 0 0 0 0 0.48 0 0 0 0 0 0 0 0 59.52 0 0 0 0
1140	0 0 0 0 0 0 0 6.1 0 0 0 0 0 0 0 0 0 0 0 27.9
1199	0 0 0 0 0 0 28.92 0 0 21.08 0 0 0 0 0 0 0 0 0 0
1211	0 0 0 0 0 0 16.16 0 0 10.84 0 0 0 0 0 0 0 0 0 0
1217	0 0 0 0 0 0 0 0 0 0 0 100 0 0 0 0 0 0 0 0
1219	0.02 0 0 0 0 0 0 0 0 0 0 0 0 0 0 0 0 0 0 49.98
1220	0 0 0 0 0 0 0 0 0 0 0 0 0 0 0 0 0.04 0 0 88.96
1221	0 0 0 0 0 95 0 0 0 0 0 0 0 0 0 0 0 0 0 0
1223	0 0 0 0 0 0 0 0 0 0 0 0 0.34 0 0 0 0 0 10.66 0
1224	0 25.72 0.08 0 0 0.2 0 0 0 0 0 0 0 0 0 0 0 0 0 0
1225	0 18.76 0 0 0 0 0 0 0 0 0 0 0 11.22 0.02 0 0 0 0 0
1226	0 0 0 0 0 0 0 0 0 0 0 0 29.62 0 0 0 0 0 52.38 0
843	0 0 0 0 0 0 0 0 0 0 0 0 0 0 0 0 0 0 0 71
976	0 20.94 0 0 0 0 0 0 0 0 0.06 0 0 0 0 0 0 0 0 0
1222	0 0 0 0 0 0 0 0 0 0 0 0 0 0 0 0 52 0 0 0
1227	19 0 0 0 0 0 0 0 0 0 0 0 0 0 0 0 0 0 0 0
1228	0 0 0 0 0 0 0 0 0 0 0 0 0 0 0 0 92 0 0 0
1229	0 11.82 0 0 0 0 0 0 0 0 0 11.18 0 0 0 0 0 0 0 0
1230	0 0 0 26 0 0 0 0 0 0 0 0 0 0 0 0 0 0 0 0
1232	0 0 0 0 0 0.02 0 0 0 0 0 23 0 0 10.98 0 0 0 0 0
1132	0 62 0 0 0 0 0 0 0 0 0 0 0 0 0 0 0 0 0 0
1233	0 0 0 0 0 0 0 0 18.6 0 0.9 0 0 0 0 1.5 0 0 0 0
1236	0 0 0 0 0 0 0 0 0 0 3 0 0 0 0 0 0 0 0 0
1238	0 0 0 0 0 0 0 0 0 0 18 0 0 0 0 0 0 0 0 0
1239	0 0 0 36.9 0 0 0 0 0 0 0 0 0 0 0 0 0 0 0 0.12
1241	0 0 0 0 0 0 0 0 0 0 0 0 0 0 0 0 0 0 15.98 0
1115	51.26 0 0 0 30.74 0 0 0 0 0 0 0 0 0 0 0 0 0 0 0
1243	0 0 0 0 22 0 0 0 0 0 0 0 0 0 0 0 0 0 0 0
1157	0 0 0 0 0 0 0 0 0 0 0 0 0 0 0 0 0.02 0 0 55.98
1244	0.02 76.98 0 0 0 0 0 0 0 0 0 0 0 0 0 0 0 0 0 0
1245	0 43.74 0 0 0 0 0 0 0 0 0 0 0 0 9.26 0 0 0 0 0
1246	0 0 0 0 0 0 0 0 0 0 0 8 0 0 0 0 0 0 0 0
1248	0 0 0 0 0 0 0 0 0 0 0 0 0 0 0.02 0 44.98 0 0 0
1250	0 0 0 0 0 0 0 0 0 0 0 0 0 0 0 0 9 0 0 0
1251	0 0 0 0 16.04 0 0 0 0 0.02 0.14 0 16.8 0 0 0 0 0 0 0
1252	0 0 0 0 23 0 0 0 0 0 0 0 0 0 0 0 0 0 0 0
914	0 0 0 0 19 0 0 0 0 0 0 0 0 0 0 0 0 0 0 0
1253	0 0 0 0 0 0 0 0 0 0 2.26 0 0 0 0 0 13.74 0 0 0
1255	13.6 0 0 0 0 0 0 0 0 0 3.4 0 0 0 0 0 0 0 0 0
1256	0 0 0 0 6 0 0 0 0 0 0 0 0 0 0 0 0 0 0 0
1257	0 0 0 0 0 0 0 0 7 0 0 0 0 0 0 0 0 0 0 0
1258	0 0 0 0 0 0 0 0 0 0 0 0 48.52 0 0 5.48 0 0 0 0
1170	32.64 0 0 32.36 0 0 0 0 0 0 0 0 0 0 0 0 0 0 0 0
1259	0 7.32 0 0 0.1 0 0 0 0 0 0 0 0 0.56 0 0 0 0 0 0.02
1261	0 0 0 0 0 0 0 0 0 0 0 0 0 5 0 0 0 0 0 0
1262	0 0 0 0 0 0 0.02 0 0 0 0 0 0 21.98 0 0 0 0 0 0
1263	0 0 0 0 0 0 0 0 0 0 0 0 0 0 2.32 0 29.4 4.28 0 0
1264	0 0 0 0.02 0 5.3 0 0 0 0 0 0.04 0 15.64 0 0 0 0 0 0
1265	0 0 0 0 0 0 0 0 43.64 0.36 0 0 0 0 0 0 0 0 0 0
1267	0 0 0 0 0 0 0 0.34 0 0 0 0 0 0 0 0 0 0 50.78 31.88
1268	24.98 0 0 0 0 0 0.02 0 0 0 0 0 0 0 0 0 0 0 0 0
1269	0 0 0.02 0 0 0 0 0 0 0 0 0 0 0 7.56 0 25.42 0 0 0
571	0 0 0 0 0 0 0 0 0 0.02 0 0 0 0 0 0 0 0 0 59.98
1249	0 0 0 0 0 0 0 0 0 0 0 0 0 0 0 0 0 0 0 30
1270	0 13.1 0 0 0 0 0 0 0 0 0 1.9 0 0 0 0 0 0 0 0
1271	0 0 0 19 0 0 0 0 0 0 0 0 0 0 0 0 0 0 0 0
1272	0 0 0 0 0 0 0 0 0 0 0 0 0 0 0 5.98 0 0 0 0.02
884	3.58 0 0 0 0 0 0 0 0 0 9.48 0 0 3.94 0 0 0 0 0 0
1208	0 0 0 0 0 0 0 0 0 0 0 0 0 0 0 0 50 0 0 0
1273	0 0 0 0 0 0 0 0 0 0 0 33 0 0 0 0 0 0 0 0
1274	0 0 0 0 0 0 0 18 0 0 0 0 0 0 0 0 0 0 0 0
1275	0 0 0.02 0 0 0.02 0 0 0 0 0 9.96 0 0 0 0 0 0 0 0
1276	0 0 0 0 0 0 0 0 0 0.02 0 0 10.02 0 0 0 0 0 0 9.96
1277	0 0 0 0 0 0 0 0 0 0 0 0 0 0 0 42.32 0 0 0 4.68
1278	0.02 0 0 0.22 0 0 0 0 0 0 0 0 0 0 0 0 0 0 46.76 0
1279	0 0 0 0 9.76 0 0 0 0 0 0 0 0 0 0 0 12.24 0 0 0
1280	0 0 0 0 0 0 0 0 28.98 0 0 0 0 0 0 0 0 0 0 0.02
536	0 0 0 0 0 0 0 0 28 0 0 0 0 0 0 0 0 0 0 0
1281	0 0 0 0 0 0 0 0 38 0 0 0 0 0 0 0 0 0 0 0
1282	0 20.76 0 0 0 0 0 0 0 0 0 0 0 0 0 0 0 0 0.24 0
1284	0.02 69.98 0 0 0 0 0 0 0 0 0 0 0 0 0 0 0 0 0 0
1285	1.24 0 0 36.76 0 0 0 0 0 0 0 0 0 0 0 0 0 0 0 0
1286	0 0 13.92 0 0 0 0 0 0.02 0 0 0 0 35.04 0 0 0 0.02 0 0
574	0 0 0 0 0 0 0 0 0 0 0 0 0 0 0 0 0 0 23.02 3.98
1002	0 13 0 0 0 0 0 0 0 0 0 0 0 0 0 0 0 0 0 0
1054	0 0 0 0 0 0 0 0 0 0 0 0 0 0 0 0 0 0 23.86 17.14
1283	0 20.4 0 0 0 0 0 0 0 0 0 0 0 0 0 21.6 0 0 0 0
1289	0 0 0 0 0 0 0 0 0 0 0 0 0 0 0 13 0 0 0 0
1292	0 5 0 0 0 0 0 0 0 0 0 0 0 0 0 0 0 0 0 0
1293	0 0 0 0 0 0 0 0 2.02 0 7.98 0 0 0 0 0 0 0 0 0
1294	0 0 0 0.02 0 0 0 0 17.98 0 0 0 0 0 0 0 0 0 0 0
1295	0 0 0 0 0 0 0 0 17.98 0 0 0 0 0 0.02 0 0 0 0 0
1296	0 0.18 0 0 0 0 0 0.02 49.74 0 0 0 0.06 0 0 0 0 0 0 0
1297	0.1 0 0 0 0 0 0 0 0 0 0 0 0 0 0 0 0 0 0 29.9
1298	0 0 0 0 0 0 0 0 0 0 0 0 0 0 29.98 0 0 0 0 0.02
1300	0 16 0 0 0 0 0 0 0 0 0 0 0 0 0 0 0 0 0 0
1302	0 10.96 0 0 0 0 0 0 0 0 0 0 0.02 0 0 0 0 0 0.02 0
593	0 0 0 0 7.54 0 0 16.46 0 0 0 0 0 0 0 0 0 0 0 0
1303	0 0 0 0 0 0 0 0 0 0 0 0 0 0 0 0 39 0 0 0
1254	0 18 0 0 0 0 0 0 0 0 0 0 0 0 0 0 0 0 0 0
719	0 0 0 0 0 0 0 0 0 0 0 0 0 0 4.78 0 50.76 0 5.46 0
1266	0 0 0 0 0 0 0 0 0 0 0 0 0 30 0 0 0 0 0 0
1305	0 0 0 0 0 0 0 0 0 0 0 0 0 0 0 0 13 0 0 0
1306	0.8 0 0 0 0 0 5.2 0 0 0 0 0 0 0 0 0 0 0 0 0
1307	0 0 0 0 0 0 0 0 0 0 0 0 0 2 0 0 0 0 0 0
1309	0.06 0.02 0.24 0.06 0.04 0.14 0.08 0 0 0.02 0 0.04 0 0.2 0.04 0 0.04 0 0.02 0
1310	0 0 0 0 0 0.5 0 0 0 0 0 0 0 0 2.5 0 0 0 0 0
1172	0 0 0 0 0 0 0 0 0 0 0 18.24 0 18.76 0 0 0 0 0 0
1311	0.02 0 0 0 0 31.98 0 0 0 0 0 0 0 0 0 0 0 0 0 0
1312	0 16.22 0 0 0 0 0 0 0 0.78 0 0 0 0 0 0 0 0 0 0
1313	0 0 0 0 0 0 0 0 33 0 0 0 0 0 0 0 0 0 0 0
1234	0 0 0 0 0 0 0 0 0 0 18 0 0 0 0 0 0 0 0 0
1316	0.02 0 0 0 0 0 0 0 0 0 17.3 0.68 0 0 0 0 0 0 0 0
146	0 0 0 0 0 0 0 0 0 14 0 0 0 0 0 0 0 0 0 0
927	0 0 0 0 11.98 0 0 0 0 0 0 0 0.02 0 0 0 0 0 0 0
981	0 0 0 0 0 0 0 0 0 0 0 0 0 0 0 8 0 0 0 0
1087	0.02 6.56 0.22 0.02 0 0.06 0 0 0 0.02 0 0 0 0 0 0 0.08 0.02 0 0
1163	0 0 0 0 0 0 0 0 0 3.92 0 0 0 14.16 0 42.92 0 0 0 0
1173	0 0 0 0 0 0 0 0 0 0 0 0 0 0 0 0 0 0 14 0
1242	0 0 0 0 0 0 0 0 0 7.98 0 0 0 0 0 0 0.02 0 0 0
1287	0 0 0 0 0 0 0 0 0 0 0 0 0 0 0 6 0 0 0 0
1288	0 0 0.02 0 7.48 0 0 0 0 0 0 0 0 0 5.48 0.02 0 0 0 0
1291	0 0 0 0 0 0 0 0 0 0 0 15.54 0 0 0 8.38 0 0 0.08 0
1317	0 0 0 0 0 0 0 0 0 0 0 0 0 0 0 0 0 0.42 7.58 0
1318	0 0 0 0 1.42 0 0 0 0 0 0.5 0 0 0 0 0 0 0 0 0.08
1319	0 0 0 0 6 0 0 0 0 0 0 0 0 0 0 0 0 0 0 0
1320	0 0.16 0 0 0.22 0 0 0 0.02 0.14 0.08 0 0.12 0 0 0.12 0 0 0.14 0
1321	0 0.08 0 0 0 0 0 0.02 0 3.26 0 0 0 0 0.44 0.02 1.12 0 0.06 0
1322	0 14 0 0 0 0 0 0 0 0 0 0 0 0 0 0 0 0 0 0
1323	0 0 0 0 0 0 0 0 0 0 0 0 0 0 0 0 0 0 8 0
1324	0 6 0 0 0 0 0 0 0 0 0 0 0 0 0 0 0 0 0 0
1325	0 0.14 0 0 0.18 0 0 0 0.04 0.1 0.16 0.02 0.04 0 0 0.12 0 0 0.2 0
1326	0 0.08 0 0 0 0 0.02 0 0 0 0 0 12.9 0 0 0 0 0 0 0
1327	0 7 0 0 0 0 0 0 0 0 0 0 0 0 0 0 0 0 0 0
1328	0 0 0 0 0.04 0 0 0 0 0 14.96 0 0 0 0 0 0 0 0 0
1329	0 0.14 0 0 0.3 0 0 0 0.02 0.12 0.06 0 0.06 0 0 0.16 0 0 0.14 0
1330	0 0.18 0 0 0.02 0 0 0 0 0.06 0.68 0 0 0 0 2.84 0 6.22 0 0
1332	0 0 0 0 0 0 0 0 0 0 0 3.98 0 0 0 0 0 0 0.02 0
1333	0 0 0 0 5 0 0 0 0 0 0 0 0 0 0 0 0 0 0 0
1334	0 0 0 0 0.62 0 0.02 0 0.1 0 0.24 0 0 0 0.04 0.02 0.02 0 0.94 0
1335	0 0 0 0 0 0 0 0 0 0 0 0 28.96 0 0 0 0 0 0 0.04
1336	0 0.34 0 0 0 0 0 0 0 0 0 0 0 0 0 7.54 4.12 0 0 0
1341	0 0.08 0 0 0.24 0 0 0 0.06 0.06 0.1 0.02 0.04 0 0 0.1 0 0 0.3 0
1342	0 0 0 0 0 0 0 0 0 5 0 0 0 0 0 0 0 0 0 0
1343	0 0.14 0 0 0.12 0 0 0 0.06 0.08 0.1 0.04 0.1 0 0 0.12 0 0 0.24 0
1344	0 0 0 0 0.4 0 0 0 0 0 0 0 0 0 0 0 0 0 15.6 0
1345	0 0 0 0 4 0 0 0 0 0 0 0 0 0 0 0 0 0 0 0
1346	0 0 4.92 0 0 0 0 0 0 0 0 0 0 0 0 6.08 0 0 0 0
1347	0 0 0 0 0 0 0 0 0 4 0 0 0 0 0 0 0 0 0 0
1348	0 0.08 0 0 0.22 0 0 0 0.02 0.22 0.08 0.02 0.12 0 0 0.1 0 0 0.14 0
1350	0 1.34 0 0 0 0 0.06 0 0 1.44 0 0 0 0 0 0 0 0 0.12 0.04
1351	0 0 0 0 0 0 0 0 0 0 0 0 0 0 0 0 0 0 6 0
1352	0 0.14 0 0 0.18 0 0 0 0.02 0.2 0.12 0.02 0.06 0 0 0.1 0 0 0.16 0
1353	0 0.04 0 0 12.96 0 0 0 0 0 0 0 0 0 0 0 0 0 0 0
1354	0 0 0 0 0 0 0 0 0 2 0 0 0 0 0 0 0 0 0 0
1356	0 0 0 0 0 0 0 0 0 0 0 0 8 0 0 0 0 0 0 0
1357	0 0 0 0 0 0 0 0 0 8 0 0 0 0 0 0 0 0 0 0
1358	0 0.1 0 0 0.2 0 0 0 0.04 0.1 0.12 0 0.06 0 0.02 0.1 0 0 0.26 0
1360	0 0 0 0 3 0 0 0 0 0 0 0 0 0 0 0 0 0 0 0
1361	0.54 0.06 0 0 0.82 0 0 0 0 0 0 3.58 0 0 0 0 0 0 0 0
1362	0 4 0 0 0 0 0 0 0 0 0 0 0 0 0 0 0 0 0 0
1364	0 0.16 0 0 0.18 0 0 0 0.02 0.08 0.08 0.04 0.04 0 0 0.14 0 0 0.26 0
1365	0 0.94 0 0 0 0 0 0 0 0 0 0 2.06 0 0 0 0 0 0 0
1366	0 0.18 0 0 0.1 0 0 0 0.02 0.18 0.12 0 0.06 0 0 0.06 0 0 0.28 0
1367	0 0 0 0 0 0 0 0 0 0 0 17 0 0 0 0 0 0 0 0
1368	0.06 0 0 0 0 0 0 0 3.7 0 0 0 0 0 0.04 0 0 0 18.2 0
1369	0 0 0 0 2.2 0 0 0 0 8.8 0 0 0 0 0 0 0 0 0 0
1370	0 0 0 0 0 0 0 0 0 0 0 0 8 0 0 0 0 0 0 0
1371	0 0.14 0 0 0.16 0 0 0 0.04 0.12 0.18 0.02 0.02 0 0 0.1 0 0 0.22 0
1373	0 0.1 0 0 0.16 0 0 0 0.06 0.16 0.04 0.02 0.08 0 0 0.18 0 0 0.2 0
1374	0 0 0 0 0.14 0 0 0 0 0 0 0 0.98 0 0 0.88 0 0 0 0
1375	0 0 0 0 0 0 0 0 0 0 0 0 0 0 0 0 0 0 31 0
1376	0 0 0 9.2 0.02 0 0 0 0 0 0 0 0 0 0 4.78 0 0 0 0
1377	0 0 0 0 0 0 0 0 0 10 0 0 0 0 0 0 0 0 0 0
1378	0 4.62 0 0 0 0 0 0.02 0 6.36 0 0 0 0 0 0 0 0 0 0
1379	0 0 0 0 0 0 0 0 0 0 0 0 0 0 0 0 0 0 17 0
1380	0 0 0 0 0 0 0 0 0 0 0.02 0 13.98 0 0 0 0 0 0 0
1381	0 0 0 0 0 0 0 0 0 0 0 0 0 0 0 0 0 0 23 0
1382	0 0 0 0 0 0 0 0 0.02 0 7.98 0 0 0 0 0 0 0 0 0
1383	0 0 0 4.88 0 0 0 0 5.12 0 0 0 0 0 0 0 0 0 0 0
1384	0 0 0 0 4 0 0 0 0 0 0 0 0 0 0 0 0 0 0 0
1385	0.02 0 0 0 0 0.02 0 0 8.62 5.34 0 0 0 0 0 0 0 0 0 0
1386	0 0 0 0 0 0 0 0 15 0 0 0 0 0 0 0 0 0 0 0
1387	0 0 0 0 5.98 0 0.02 0 0 0 0 0 0 0 0 0 0 0 0 0
1388	0 0 0 0 0.48 0 0 0 0 0 19.42 0 0.08 0.02 0 0 0 0 0 0
1390	0 0 0 0 4 0 0 0 0 0 0 0 0 0 0 0 0 0 0 0
1391	0 0 0 0 0 0 0 0 0 0 5 0 0 0 0 0 0 0 0 0
1392	0 0 0 0 0 0 0 0 9 0 0 0 0 0 0 0 0 0 0 0
1393	0 0 0 0 0 0 0 0 0 0 13 0 0 0 0 0 0 0 0 0
1394	0 0 0 0 0 0 0 0 0 0 16 0 0 0 0 0 0 0 0 0
1395	0.02 0 0 0 0.06 0 0 0 12.9 0 0 0 0 0.02 0 0 0 0 0 0.02
1121	59.86 0 0 0 0 0 0 0 0 0 0 0 0 0 0 0 0 0 0 0.12
1195	0 0 0 0 0 0 0 0 0 0 0 0 0 25 0 0 0 0 0 0
1396	0.06 0 0 0 0 0 0 0 0 0 0 0 0 16.94 0 0 0 0 0 0
1397	11 0 1 0 0 0 0 0 0 0 0 0 0 0 0 0 0 0 0 0
1398	0 0 0 0 0 0 0 0 0 9 0 0 0 0 0 0 0 0 0 0
1083	0 6.98 0 0 0 0 0 0 0 0 0.02 0 0 0 0 0 0 0 0 0
1056	0 1.88 0 0 0 0 0 0 0 7.68 0 0 0 0 9.96 0 1.48 0 0 0
1315	0 0 0 0 0 0 0 0 0 0 0 0 0.02 0 0 0 0 0 59.98 0
1372	4 0 0 0 0 0 0 0 0 0 0 0 0 0 0 0 0 0 0 0
1401	26.78 0 0 0 0 0 0 0.02 0 0 0 0 0 0 0 0 12.2 0 0 0
1402	4.62 0 0 0 3.38 0 0 0 0 0 0 0 0 0 0 0 0 0 0 0
1403	6.98 0 0 0 0 0 0 0 0 0 0 0 0.02 0 0 0 0 0 0 0
1404	34 0 0 0 0 0 0 0 0 0 0 0 0 0 0 0 0 0 0 0
1405	0 0 0 0 0 0 0 0 0 0 0 0.02 16.98 0 0 0 0 0 0 0
1406	0 0 0 0 0 0 0 7.16 0 0 0 0 0 9.8 0 0 0 0 0.04 0
1407	0 0 0 0 0.08 0 22.1 0 0 0 0 0 0 0 0 2.82 0 0 0 0
1408	0.56 0 1.44 0 0 0 0 0 0 0 0 0 0 0 0 0 0 0 0 0
1409	0 0 0 20 0 0 0 0 0 0 0 0 0 0 0 0 0 0 0 0
1410	0 0 0 0 0 0 0 0 6.22 0 0 0 0 0 4.26 0 0.52 0 0 0
1414	0 0 0 0 2 0 0 0 0 0 0 0 0 0 0 0 0 0 0 0
1417	0 0 0 0 4.98 0 0 0 0 0 0 0 0.02 0 0 0 0 0 0 0
1418	0 0 0 0 2.38 0 0 0 0 0 0 0 5.62 0 0 0 0 0 0 0
1419	0 0 0 0 0 0 0 0 0 0 0 0 0.02 0 0 0 20.98 0 0 0
1420	0 0 0 0 0 0 1.86 0.14 0 0 0 0 0 0 0 0 0 0 0 0
989	0.02 0 0 0 0 0 0 0 0 24.66 43.26 0 0 0.06 0 0 0 0 0 0
1411	26.66 0 0 34.34 0 0 0 0 0 0 0 0 0 0 0 0 0 0 0 0
1355	0 0 0 0 0.06 0 0 0 0 10.88 0 0 0 0.06 0 0 0 0 0 0
1423	0 0 0 0 0 0 0 0 0 0 0 9 0 0 0 0 0 0 0 0
1424	0 0 0 0 0.02 0 0.22 0 0 0 0 0 0 1.62 0 0 5.14 0 0 0
1425	0.02 0 0 0 0 0 0 0 0 0 0 0 0 0 0.02 0 20.96 0 0 0
1426	0 0 0 0 13 0 0 0 0 0 0 0 0 0 0 0 0 0 0 0
1427	0 0 0 0 0 0 0 0 0 0 0 0 0 0 8.94 0 0 0 0.06 0
1429	0.04 0 0 0 0 0 0 0 10.94 0 0 0 0 0 0 0 0 0 0 0.02
1430	0 0 0 0 0 0 0 0 0 0 7 0 0 0 0 0 0 0 0 0
1432	0 0 0 0 0.38 0 0 0.02 2.6 0 0 0 0 0 0 0 0 0 0 0
1433	0 0 0 0 0 0 0 0 0 0 4 0 0 0 0 0 0 0 0 0
1331	0 0 0 0 0 0 0 0 0 6.98 0 0 0 0 0 0 0 0 0.02 0
1435	0 0 0 15 0 0 0 0 0 0 0 0 0 0 0 0 0 0 0 0
1436	4.98 0 0 0 0 0.02 0 0 0 0 0 0 0 0 0 0 0 0 0 0
1105	0 0 0.06 0 0 0 0 0 42.94 0 0 0 0 0 0 0 0 0 0 0
935	0 14.98 0 0 0 0 0 0 0.02 0 0 0 0 0 0 0 0 0 0 0
1218	0 0 0 0 0 0 0 0 0 0 0 0 0 0 0 0 65 0 0 0
1314	0 0 0 0 0.02 0 0 0 0 0 0 0 0 0 0 0 19.98 0 0 0
1437	0 12.96 0 0 0 0 0 0 0 0 0 0 0 0 0 0 0.02 0 0 0.02
247	0 0.82 0 0 0.02 0 0 0 0 0 0.12 0.02 1 0 0 0 0 0 0 0.02
1066	0 0 0 0 0 0 0 0.2 0 0 0 0 0 0 0 0 0 0 0 33.8
1438	0 0.04 0 0 0 0 0 0 0 0 0 0 0 0.34 0 0 11.62 0 0 0
1439	0 0 0 0 0 0 0 0 0 0 0 0 0 0 0 0 0 0 0.02 15.98
1440	0 0 0 0 0 0 0 0 0 0 0 0 0 0 0 12 0 0 0 0
1441	0.16 0 0 0 0 0 0 0 0 0 0 0 0 17.84 0 0 0 0 0 0
1442	0 0 0 0 0 0 7.98 0 0 0 0 0 0 0.02 0 0 0 0 0 0
1443	0 4.86 4.1 0 0 0 0 0 0.02 0 0 0 0 0 0 0 0 0 0.02 0
1444	0 0 38.98 0 0 0 0.02 0 0 0 0 0 0 0 0 0 0 0 0 0
119	13 0 0 0 0 0 0 0 0 0 0 0 0 0 0 0 0 0 0 0
557	41 0 0 0 0 0 0 0 0 0 0 0 0 0 0 0 0 0 0 0
867	0 0 0 0 6.32 0 0 0 0 0 0 0 2.8 0 0 0 9.88 0 0 0
1400	0 0 0 0 0 0 0 0 0 0 0 0 0 20 0 0 0 0 0 0
1446	0 0 0 36.98 0 0 0 0 0 0 0 0 0 0 0.02 0 0 0 0 0
1448	11 0 0 0 0 0 0 0 0 0 0 0 0 0 0 0 0 0 0 0.02
1449	0 0 36.98 0 0 0 0 0 0 0 0 0 0 0 0 0 0 0 0 0
1451	0 0 50 0 0 0 0 0 0 0 0 0 0 0 0 0 0 0 0 0
1452	3.92 0 0 0.08 0 0 0 0 0 0 0 0 0 0 0 0 0 0 0 0
1454	15.76 0 0 0 0 0 0 0 0 0 0 0 0 0 0 0 0.24 0 0 0
1455	0 0 5 0 0 0 0 0 0 0 0 0 0 0 0 0 0 0 0 0
1456	0 0 0 0 19 0 0 0 0 0 0 0 0 0 0 0 0 0 0 0
1457	1.7 0 0 0 0 0 0 0 0 1.28 0 0 0 0 0 0 0 0 0.02 0
1458	0 0 1.02 0 0 0 0 0 0 2.98 0 0 0 0 0 0 0 0 0 0
1459	0 0 0 0 0 20.98 0 0.02 0 0 0 0 0 0 0 0 0 0 0 0
1460	0 0 0 0 0 0 0 0 0 0 0 0 0 3 0 0 0 0 0 0
1462	0 0 0 0 21.9 0 0 0 0 0.1 0 0 0 0 0 0 0 0 0 0
1463	4.56 0 0 0 0 0 0 0 0 0 5.44 0 0 0 0 0 0 0 0 0
1464	0 0 0 0 0 0 0 5 0 0 0 0 0 0 0 0 0 0 0 0
1466	0 0 0 0 0 0 0.02 0 0 0 0 0 0 0.08 18.9 0 0 0 0 0
1428	0 0 0 0 0 0 0 0 0 0 0 0 0 0 0 0 0 0 0 36
1467	0 0 0 0.02 0 0 0 0 0 0 0 0 0 0 0 0 0 0 0 9.98
75	0 0 0 0 0 0 0 0 0 0 0 0.02 0 0 0 0 0 0 0 4.98
1231	0 0 0 0 0 0 0 0 0 0 0 0 0 0 0 0 34.98 0 0.02 0
1471	0 0 0 0 0 0 0 0 0 0 0 0 0 0 0 0 17 0 0 0
1260	0 0 0 0 2.5 0 0 1.18 0 0 0 0 0 0 0 0 0 0 0 2.32
1237	0 0 0 0 0 0 0 0 17.94 0 0.06 0 0 0 0 0 0 0 0 0
1473	0 0 6.46 0 0 0.48 0 0 0.02 0 0 0 0 0 0 0 0 0 0 11.04
1240	0 0 0 84 0 0 0 0 0 0 0 0 0 0 0 0 0 0 0 0
1413	0 0 0 0 0 0 0 0 0 0 0 0 0 0 0 0 0 0 0 20
1477	0 0 0 0 5 0 0 0 0 0 0 0 0 0 0 0 0 0 0 0
1478	0 0 0 0 0 0 0 0 0 0.08 0 0 0 0 0 0 0 0 0 36.92
1480	0 0 0 0 0 0 0 0 0 0 0 0 0 0 0 0 0 0 0 22
1416	0.02 0 0 0 0 0 0 0 0 0 0 9.98 0 0 0 0 0 0 0 0
1481	0 0 0 0 0 0 0 0 0 0.02 0 0 0 0 0 0 0 0 0 5.98
1482	0 0 0 0 0 0 4 0 0 0 0 0 0 0 0 0 0 0 0 0
1483	0 0 0 0 0 0 0 12.2 22.8 0 0 0 0 0 0 0 0 0 0 0
1181	0 0 0 0 0 0 0 0 0 0 0 0 0 0 0 0 20 0 0 0
1247	0 0 0 0 0 0 0 0 0 0 0 0 0 0 0 0.02 0 0 0 5.98
1484	0 0 0 0 0 0 0 0 0 0 0 0 0 0 0 0 0 0 0 7
1486	0.1 0.1 0 0.06 0.04 0 0 0.1 0 0.04 0 0.06 0 0 0.12 0 0.24 0 0.08 0.06
1487	0 0 0 0 0 0 0 0 0 0 0 0 0 0 0 0 0 0 10 0
1488	0 0 0 0 0 0 0 0 0 0 0 0 0 0 8 0 0 0 0 0
1489	0 0 0 0 0 0 0 0 0 0 0 0 0 0 0 0 0 0 0 11
1490	9 0 0 0 0 0 0 0 0 0 0 0 0 0 0 0 0 0 0 0
1491	0 0 0 0 0 0 0 0 0 0 0 0.02 0 0 0 0 5.98 0 0 0
1492	0 0 0 4 0 0 0 0 0 0 0 0 0 0 0 0 0 0 0 0
1493	0.06 0.14 0 0.08 0.08 0 0 0.04 0 0.06 0 0.02 0 0.06 0.12 0 0.04 0 0.16 0.14
1494	0.06 0.12 0.02 0.1 0.06 0 0 0 0 0.08 0 0.08 0 0.02 0.1 0 0.2 0 0.06 0.1
1495	0.04 0 0 0.02 0 0 0 0 0 0 0 0 0 0 14.94 0 0 0 0 0
1496	0 0 0 0 0 0 0 0 0 0 0 0 0 0 0 0 0 0 0 11
1497	5.94 0 0 0 0 0 0 0 0 0.06 0 0 0 0 0 0 0 0 0 0
1498	0 0 0 0 0 0 0 0 0 3.98 0 0 0 0.02 0 0 0 0 0 0
1500	0 0 10 0 0 0 0 0 0 0 0 0 0 0 0 0 0 0 0 0
1501	0 0 0 0 14.98 0 0 0 0.02 0 0 0 0 0 0 0 0 0 0 0
1479	0 0 0 0 0 0 0 0 0 0 0 0 0 0 13.8 0 1.42 0 0 0.78
1502	0 0 0 0 0 0 0 0 0 2 0 0 0 0 0 0 0 0 0 0
1503	0 0 0 24.94 0 0 0 0 0 0 0 0 0 0.06 0 0 6 0 0 0
1504	6.98 0 0 0 0 0 0 0 0 0 0 0.02 0 0 0 0 0 0 0 0
1505	0 0 0 0 0 0 0 0 0 0 0 0 0 0 0 0 0 0 0 4
1421	0 0 0 0 0 8.78 0 0 0 0 0 0 0 0 0 0 0 0 19.22 0
1214	0 0 0 0 0 0 0 0 0 0 0.02 0 0 0 11.98 0 0 0 0 0
1337	0 0 0 0 0 0 0 0 0 0 0.02 0 0 0 0 0 16.98 0 0 0
1508	0.04 0.08 0.04 0.04 0.04 0 0.02 0.04 0.02 0.06 0 0.14 0.06 0.06 0.04 0.02 0.08 0 0.14 0.08
1509	0 0 0 5.86 0 0 0 0.02 0 0 0 0 0 1.54 0 0.46 0 0 0.12 0
1485	0 0 0 0 0 0 0 0 0 0 0 0 0 10 0 0 0 0 0 0
1514	0 0 0 0 0 0 0 0 0 0 0.56 0 10.72 6.72 0 0 0 0 0 0
1515	0 0 3.18 0.72 0 0 0 0 0 0 0 0 0 0 0.1 0 0 0 0 0
1299	0 0 20 0 0 0 0 0 0 0 0 0 0 0 0 0 0 0 0 0
1470	0 0 0 0 0 0 0 3.98 0 0 0 0.02 0 0 0 0 0 0 0 0
1469	0 0 0 0 0 0 0 0 0 0 0 0 0 0 0 0 0 0 0 27
1517	0 0 0 0 0 0 0 0 0 0 0 0 0 0 0 0 13 0 0 0
1518	0 0 0 0 0 2.9 0 0 0 0 0 0 0 0 0 0 0 0 0 24.1
1520	0 0 0 0 0 0 0 0 0 0 0 0 0 0 0 3 0 0 0 0
1521	0 6 0 0 0 0 0 0 0 0 0 0 0 0 0 0 0 0 0 0
1523	0 0 0 0 3.98 0 0 0 0 0 0 0 0 0 0.02 0 0 0 0 0
1524	17.76 0 0 0 0.2 0 0 0 0 0 0.02 0 0 0.02 0 0 0 0 0 0
1301	0 0 0 0 0 0 0.36 0 0 0 0 0 0 0 0 0 0 0 0 9.64
1527	0 0 0 0 0 0 0 0 0 0 17 0 0 0 0 0 0 0 0 0
1529	0 0 0 0 10.98 0 0 0 0 0 0 0 0.02 0 0 0 0 0 0 0
1530	9 0 0 0 0 0 0 0 0 0 0 0 0 0 0 0 0 0 0 0
1533	0 0 0 0 3.98 0 0 0 0 0 0 0 0 0.02 0 0 0 0 0 0
1534	0 0 0.02 0 0 0 0 0 0 0 0 0 0 0 0 0.02 0 0 7.96 0
1499	0 0 0 0 0 0 0 0 0 0.08 0 8.2 0 0 0.72 0 0 0 0 0
1506	0 0 0 0.02 6.98 0 0 0 0 0 0 0 0 0 0 0 0 0 0 0
1535	8 0 0 0 0 0 0 0 0 0 0 0 0 0 0 0 0 0 0 0
1536	0.48 0 0 0 4.52 0 0 0 0 0 0 0 0 0 0 0 0 0 0 0
1538	0 0 0 0 9 0 0 0 0 0 0 0 0 0 0 0 0 0 0 0
1531	0 0 0 15 0 0 0 0 0 0 0 0 0 0 0 0 0 0 0 0
1539	0 0 0 0 0 0 0 0 0 0 0 0 0 0 0 0 0 0 0 6
1450	0 0 0 0 0 0 0 0 0 0 0 0 0 0 0 0 0 5 0 0
1540	0 0 0 0 0 0 0 0 0 0 0 0 0 0.02 0 0 0 0.28 0 23.7
1541	0 0 0 0 0 0 0 0 1.62 0 0 0 0 5.38 0 0 0 0 0 0
1542	0 0 0 0 0 0 0 0 0 0 0 0 0 0 0 0 6 0 0 0
1543	0 1.66 0 0 0 0 0 0 0 0 0 1.34 0 0 0 0 0 0 0 0
442	0 0 0 0 0 0 0 0 0 0 0 3 0 0 0 0 0 0 0 0
757	0 0 7.82 0.06 0.12 0 0 0 0 0 0 0 0 0 0 0 0 0 0 0
920	0 0 0 0 0 0 0.08 0 0 0 0 0 5.8 0.12 0 0 0 0 0 0
1177	0 0 0 0 0 0 0 0 0 0 0 0.02 0 0 0 0.16 10.82 0 0 0
1308	0.04 0 0.04 0.1 0.18 0.06 0.08 0 0.02 0 0 0.08 0 0.02 0.06 0 0.16 0 0.02 0.14
1338	0 0 0 0.02 0 0 0 0 0 0 0 0 0 0 0 0 0 0 4.98 0
1412	0 0 0 8 0 0 0 0 0 0 0 0 0 0 0 0 0 0 0 0
1415	0 0 0 0 0 0 0 11.98 0 0 0 0.02 0 0 0 0 0 0 0 0
1434	0 0 0 0 0 0 0 0 9.72 0 10.28 0 0 0 0 0 0 0 0 0
1445	0 0 0 0 0 0 0 0 0 0 0 0 0 0 7 0 0 0 0 0
1475	20.86 0 0 0 0 0 0 0 0 0 0 0 0 0.14 0 0 0 0 0 0
1519	0 0 0 0 0.2 0 1.8 0 0 0 0 0 0 0 0 0 0 0 0 0
1544	0 0 0 0 0 8 0 0 0 0 0 0 0 0 0 0 0 0 0 0
1545	0 0 0 0 0 0 0.02 0 0 0 0.52 0 0 0 7.46 0 0 0 0 0
1546	0 0 0.02 0.08 0.22 0.04 0.02 0.04 0 0 0 0.12 0 0.06 0.06 0 0.16 0 0.02 0.16
1548	0.02 0 0.02 0.12 0.06 0 0.1 0.06 0.02 0 0 0.12 0 0.08 0.06 0 0.14 0 0.04 0.16
1550	0 0 0 0 0 0 0 0 0 0 0 0 0 0 0 0 3 0 0 0
1551	0 0 0 0 0 0 0 0 0 0 0 0 0 0 3.98 0 0.02 0 0 0
1552	0 0 0 0 0 0 0 0 0 0 0 0 0 0 0 0 0 0 0 6
1554	0 0 0 0 5.98 0.02 0 0 0 0 0 0 0 0 0 0 0 0 0 0
1555	0 0 0 0 0 0 0 0 0 0 0 0 0 0 0 0 11 0 0 0
1556	0.02 0 0 0 0 0 0 3.98 0 0 0 0 0 0 0 0 0 0 0 0
1557	0 0 0 0.18 0.12 0.06 0.12 0.04 0 0 0 0.04 0 0.08 0.06 0 0.16 0 0 0.14
1561	0.02 0 0.04 0.06 0.14 0 0.1 0.06 0 0 0.02 0.1 0 0.06 0.12 0 0.06 0 0.02 0.2
1562	0.04 0 0.02 0.08 0.1 0.06 0.08 0.04 0.02 0 0 0.12 0 0.1 0.08 0 0.08 0 0.02 0.16
1563	0.12 0 0.02 0.06 0.1 0.02 0.08 0.06 0.02 0 0 0.16 0 0.1 0.06 0 0.12 0 0 0.08
1564	0.1 0 0.04 0.08 0.16 0 0.06 0.02 0.04 0 0 0.1 0 0 0.14 0 0.04 0 0 0.22
1565	0.04 0 0.02 0.14 0.14 0.06 0.04 0.04 0 0 0 0.12 0 0.04 0.08 0 0.06 0 0.02 0.2
1567	0.02 0 0.06 0.06 0.14 0.02 0.08 0.04 0 0 0.04 0.06 0 0.08 0.12 0 0.08 0 0.02 0.18
1570	0.06 0 0.04 0.12 0.12 0.06 0.1 0 0.02 0 0.04 0.12 0 0.1 0 0 0.1 0 0 0.12
1572	0 0 0.02 0.08 0.2 0.02 0.08 0.02 0.02 0 0 0.16 0 0.04 0.06 0 0.1 0 0.02 0.18
1573	0 0 5 0 0 0 0 0 0 0 0 0 0 0 0 0 0 0 0 0
1574	0.12 0 0.04 0.06 0.08 0.04 0.16 0 0 0 0.02 0.14 0.02 0.04 0.06 0 0.04 0 0.06 0.12
1577	0.1 0 0.02 0 0.1 0.06 0.1 0.02 0 0 0.06 0.06 0 0.06 0.02 0 0.12 0 0.02 0.26
1578	0 0 0 0 4 0 0 0 0 0 0 0 0 0 0 0 0 0 0 0
1581	0.02 0 0.04 0.06 0.14 0.04 0.02 0.08 0 0 0.04 0.12 0 0.1 0.06 0 0.08 0 0.02 0.18
1582	0.06 0 0 0.04 0.1 0.04 0.1 0 0 0 0.04 0.1 0 0.04 0.06 0 0.06 0 0.08 0.28
1584	0.14 0 0 0.08 0.16 0.04 0.06 0 0 0 0 0.06 0.02 0.06 0.14 0 0.06 0 0.02 0.16
1586	0.06 0 0.02 0.14 0.14 0.16 0.1 0 0 0 0 0.08 0 0.06 0 0 0.1 0 0.02 0.12
1591	0 0 0 0 0 0 0.02 0 0 0 13.98 0 0 0 0 0 0 0 0 0
1512	0 0 0 0 0 0 0.06 0 0 0 0 2.38 0 12.56 0 0 0 0 0 0
1558	0 0 0 0 16 0 0 0 0 0 0 0 0 0 0 0 0 0 0 0
1594	0 0 0 0 0 0.04 0 0 8.96 0 0 0 0 0 0 0 0 0 0 0
1595	0 0 0 0 0 0 0 0 0.7 0 0 0 1.3 0 0 0 0 0 0 0
1522	0 0 0 0 0 10 0 0 0 0 0 0 0 0 0 0 0 0 0 0
1599	0 0 0 0 0 0 0 0 0 0 0 0 0 5 0 0 0 0 0 0
1600	0 0 0 0 0 0 0 0 0 0 10.48 0 0 4.52 0 0 0 0 0 0
1598	0 0 0 0 11 0 0 0 0 0 0 0 0 0 0 0 0 0 0 0
1547	0 0 0 0 0 0 0 0 0 0 0 4 0 0 0 0 0 0 0 0
1604	0 0 0 0 0 0 0 0 0 0 0 4 0 0 0 0 0 0 0 0
1606	0 0 0 0 0 0 0 0 0 0 0 0 2 0 0 0 0 0 0 0
1607	0 0 0 0 10 0 0 0 0 0 0 0 0 0 0 0 0 0 0 0
1608	0.04 0 0 0 0 0 0 0 0 0 5.22 0.02 0 0 0 0 0 1.72 0 0
1609	0 0 0 0 4.98 0 0 0 0 0 0 0 0 0 0 0.02 0 0 0 0
1610	0 0 0 0 0 0 0 0 0 0 6 0 0 0 0 0 0 0 0 0
1611	0 0 0 0 0.02 0 0 0 0 0 0 0 5.98 0 0 0 0 0 0 0
1612	0 0 0 0 0 0 0 0 0.92 0 0 14.08 0 0 0 0 0 0 0 0
1613	0 0 0 0 0 0 0 0 4 0 0 0 0 0 0 0 0 0 0 0
1614	0 0 0 0.26 0 0.62 0 0 0 0 0 2.12 0 0 0 0 0 0 0 0
1615	0 26 0 0 0 0 0 0 0 0 0 0 0 0 0 0 0 0 0 0
973	0 0 11 0 0 0 0 0 0 0 0 0 0 0 0 0 0 0 0 0
1399	0 0 0 0 0 0 0 0 9 0 0 0 0 0 0 0 0 0 0 0
1472	0.44 0 0 0 0 0 0 0 0 0 0 0 0 0 0 4.56 0 0 0 0
1553	0 0 0 0 0 0 0 0 0 0 0 0 0 0 10 0 0 0 0 0
1618	0.08 0.14 0.18 0.14 0 0.08 0 0 0 0.02 0 0.02 0 0 0 0 0.02 0.3 0 0.02
1474	0 0 0 0 0 0 0 0 0 0 0 0 0 10.9 0 0 0 0.1 0 0
1620	0 0 0 0 0 0 0 0 0 0 18.18 0 0 0 0 0 0 0 0 7.82
1304	0 0.12 0 0.08 0 0 0.08 0.04 0 0 0.04 0.08 0 0 0.02 0.02 0.16 0 0.2 0.16
1621	0 0.12 0 0.02 0 0 0.08 0.02 0.06 0.02 0.06 0.1 0 0 0 0 0.22 0 0.16 0.14
1622	0 0 0 0 0 0 0 0.02 0 0 0 0 0 6.96 0.02 0 0 0 0 0
1155	8 0 0 0 0 0 0 0 0 0 0 0 0 0 0 0 0 0 0 0
1623	0 0 0 0 0 0 0 0 0 0 0 0 0 0 0 0 0 0 8 0
1625	0 0 0 0 0 0 0 0 0 0 4 0 0 0 0 0 0 0 0 0
1468	0 0 0 0 0 0.08 0 0 0 0 0 0 0 0 0 0 0 0 6.9 0.02
1465	0 0 0 0 0 0 0 0 0 1 0 0 0 3 0 0 0 0 0 0
1146	0 0.04 0 0.16 0 0.12 0 0.02 0 0 0 0.02 0 0.08 0 0.02 0.14 0 0 0.4
1626	0 0.06 0.1 0.14 0 0.02 0 0.24 0 0 0 0.08 0 0 0 0.04 0.1 0.04 0 0.18
1627	0 0 0 0 0 0 0 0 0 0 0 3 0 0 0 0 0 0 0 0
1516	0 0 0 0 3 0 0 0 0 0 0 0 0 0 0 0 0 0 0 0
1532	0 0 0 0 0 0 0 0 0 0 0 0 0 0 0 0 0 0 2 0
1549	2 0 0 0 0 0 0 0 0 0 0 0 0 0 0 0 0 0 0 0
1560	0 0 0 0 6 0 0 0 0 0 0 0 0 0 0 0 0 0 0 0
1585	0 0 0 0 3.76 0 0 0 0.24 0 0 0 0 0 0 0 0 0 0 0
1602	0 0 0 0 0 0 0 0 0 0 0 0 0 0 6 0 0 0 0 0
1605	0 9.82 0 0 0 0 0 0 0.14 0 0 0 0 0 0 0 0 0.04 0 0
1628	0 0 0 0 0 0 0 0 0 0 0 0 0 0 0 0 0 0 15 0
1629	0 0 0 0 0 0 0 0 0 0 0 8 0 0 0 0 0 0 0 0
1630	0 0 0 0 3 0 0 0 0 0 0 0 0 0 0 0 0 0 0 0
1631	0 0 0 0 0 0 0 0 0 0 0 0 0 0 0 0 0 0 7 0
1632	0 0 0 0 0.96 0 0 0 0 0 0 0 0 0 2.04 0 0 0 0 0
1633	0 0 0 0 0 0 0 0 0 0 0 0 0 0 0 0 0 0 3 0
1634	0 0 0 0 2 0 0 0 0 0 0 0 0 0 0 0 0 0 0 0
1635	3 0 0 0 0 0 0 0 0 0 0 0 0 0 0 0 0 0 0 0
1636	0 0 0 0 0 0 0 0 0 0 0 0 0 0 4 0 0 0 0 0
1637	0 0 0 0 0 0 0 0 0 0 0 0 0 0 0 0 0 0 3 0
1638	0 0 0 0 3 0 0 0 0 0 0 0 0 0 0 0 0 0 0 0
1639	0.02 0 0 0 0 0 0 0 0 0 0 0 0 12.98 0 0 0 0 0 0
1640	0 0 0 0 0 0 0 0 0 0.12 0 0 0 0 2.88 0 0 0 0 0
1641	0.02 0 0 0 0 0 0 0 0 0.8 0 0 2.18 0 0 0 0 0 0 0
1642	0 0 0 0 9 0 0 0 0 0 0 0 0 0 0 0 0 0 0 0
1643	0 0 0 0 0 0 0 0 0 14.98 0.02 0 0 0 0 0 0 0 0 0
1644	0 0 0 0 1.54 0 0 0 1.46 0 0 0 0 0 0 0 0 0 0 0
1645	0 0 0 0 0 0 0 0 0 0 0 0 0 4 0 0 0 0 0 0
1646	0.74 0 0 0 0 0 0 0 0 0 0 0 0 0 6.26 0 0 0 0 0
1647	0 0 0 0 2.08 0 0 0 0 0 0 0 0 0.92 0 0 0 0 0 0
1648	1.06 0 0 0 0.24 0 0 0 0 0.7 0 0 0 0 0 0 0 0 0 0
1649	0 0 0 0 0 0 0 0 0 0 0 0 0 0 3 0 0 0 0 0
1650	0 0 0 0 0.02 0 3.44 0 0 0 0 0 0 0 0.54 0 0 0 0 0
1651	2.04 0 0 0 0 0 0 0 0 0 0 1.96 0 0 0 0 0 0 0 0
1064	0 0 0 0 0 4.94 0 0 0.06 0 0 0 0 0 0 0 0 0 0 0
1511	0 0 0 0 0 0 0 0 0 0 0 0 6.38 0 0 0 2.62 0 0 0
1652	0 0 0 0 0 0 0 0 0 4.98 0 0 0 0 0 0 0 0 0 0.02
1597	0 0.02 0 0 0 0 1.24 0.08 0 0 0 2.08 0 0 8.38 0 0.2 0 0 0
1653	0 0 0 0 0 0 0 0 0 0 0 0 0 0 0 0 0 0 5 0
1654	0 0 0.02 0 0.16 0 0 0 0.24 0 0.12 0 0 0 0 0.04 0 0.42 0 0
1655	0 0 0 0 0 0 0 0 0 0 0.12 0 0 0 0 0 0.92 0 0 0.96
1431	0 0 0 0 0 0 0 0 16 0 0 0 0 0 0 0 0 0 0 0
1656	0 0 0 0 0 0 0 0 6.94 0 0 0 0 0 0 0 0 0 0 0.06
1026	0 0 0 0 0 0 0 3 0 0 0 0 0 0 0 0 0 0 0 0
1617	0 0 0 0 0.2 0 0 0 0.32 0 0.46 0 0 0.02 0 0 0 0 0 0
1657	0 0 0 0 0 0 0 0 0 0 0 0 0 0 0 0 3 0 0 0
1658	0 0 0 0 0 0 0 0 0 9 0 0 0 0 0 0 0 0 0 0
1659	0.02 0 0.08 0.1 0.1 0.08 0.06 0 0.04 0.12 0 0.02 0 0.14 0.08 0 0 0.02 0.14 0
1660	0 0 0 0 2 0 0 0 0 0 0 0 0 0 0 0 0 0 0 0
1661	0.1 0.06 0.06 0.24 0 0.04 0 0.14 0.04 0 0 0 0.04 0.12 0.08 0 0 0.04 0 0.04
1662	0 0 0 0 0 0 0 0 0 0 0 0 0 0 0 0 0 0 5 0
1096	0 0 0 0 0 0 0 0 0 0 2 0 0 0 0 0 0 0 0 0
1191	0 0 0 0 3 0 0 0 0 0 0 0 0 0 0 0 0 0 0 0
1389	0 8 0 0 0 0 0 0 0 0 0 0 0 0 0 0 0 0 0 0
1513	0 0 0 0 0 0 0 0 0 0 0 0 0 0 0 0 0 0 2 0
1528	0 0 0 0 2 0 0 0 0 0 0 0 0 0 0 0 0 0 0 0
1537	0 0 0 0 8 0 0 0 0 0 0 0 0 0 0 0 0 0 0 0
1588	0 0 0 0 0 0 0 0 0 0 3 0 0 0 0 0 0 0 0 0
1589	0 0 0 0 0 0 0 0 0 0 0 0 8 0 0 0 0 0 0 0
1590	0 0 0 0 0 0 0 0 0 0 3 0 0 0 0 0 0 0 0 0
1663	0 0 0 0 0 0 0 0 0 0 2 0 0 0 0 0 0 0 0 0
1664	0 0.04 0 0 0 0 0 0 0 0 0 0 0 0 0 0 0 0 12.96 0
1665	0 0 0 0 0 0 0 0 0 0 2 0 0 0 0 0 0 0 0 0
1666	0 0 0 0 0 0 0 0 0 0 2 0 0 0 0 0 0 0 0 0
1667	0 0 0 0 0 0 0 0 0 0 3 0 0 0 0 0 0 0 0 0
1668	0 0.32 0 0 0.04 0 0 0 2.64 0 0 0 0 0 0 0 0 0 0 0
1669	0 0 0 0 0 0 0 0 1.5 0 0.5 0 0 0 0 0 0 0 0 0
1670	0 0 0 0 3 0 0 0 0 0 0 0 0 0 0 0 0 0 0 0
1671	0 0 0 0 0.16 0 0 0 0.42 0 0.42 0 0 0 0 0 0 0 0 0
1672	0 0 0 0 3.94 0 0 0 0 0 0 0 0 0 0 0 0.06 0 0 0
1673	0 0 1.96 1.04 0 0 0 0 0 0 0 0 0 0 0 0 0 0 0 0
1674	4 0 0 0 0 0 0 0 0 0 0 0 0 0 0 0 0 0 0 0
1592	0 0 0 0 0 0 0 0 12 0 0 0 0 0 0 0 0 0 0 0
1675	0 2.96 0 0 0 0 0 0 0 0 0 0 0 0 0 0.02 0.02 0 0 0
1676	0 1.56 0 0 0 0 0 0 0 0 0.44 0 0 0 0 0 0 0 0 0
1677	0 0 0 0 0 0 0 0 0 0 0 0 0 0 0 0 0 0 3 0
1678	0 0 0 0 0.36 0 0 0 0.42 0 0.22 0 0 0 0 0 0 0 0 0
1679	0 0 0 0 3 0 0 0 0 0 0 0 0 0 0 0 0 0 0 0
1680	0 0 0 0 0 0 0 0 0 0 2 0 0 0 0 0 0 0 0 0
1422	0 0 0 0 0 0 3 0 0 0 0 0 0 0 0 0 0 0 0 0
1080	0 0 0 0 0 0 0 0 3.94 0 0.06 0 0 0 0 0 0 0 0 0
1681	0 0 0 2.16 0 0 0 0 0 0 0 0.82 0.02 0 0 0 0 0 0 0
1682	2.98 0 0 0 0 0 0.02 0 0 0 0 0 0 0 0 0 0 0 0 0
600	0 0 0 0 0 0 0 0 0 0 0 0 0 0 0 0 0 0 0 6.46
