0 0 0.8 0 8.6 0 5.4 0.8 4.2 0 14.2 10.2 23.8 0 0 0 2.8 0 0 8.2
0 0 15 0 0 0 0 0 2.8 0 0 0 0 0 0.2 0 0 0 0 0
0 0 6 0 0 0 0 0 0 0 0 0 0 0 0 0 0 0 0 0
0 0 17 0 0 0 0 0 0 0 0 0 0 0 0 0 0 0 0 0
0 0 0 0 9.8 0 0 0 1.8 12.4 0 0 2 6.8 0 0 0 0 0 6.2
6.4 0 0 0 0 3 0 3.2 3.4 0 6 2.2 0 0.4 0 0 10 0 0.4 0
28.8 34.8 3 0 14.4 0 0 13.8 7.2 0.6 0 0.2 0 0 0 51.4 1.6 0.2 0 0
0 0 0 4.8 0 3 0 0 0 1 0 0 7 0 0 0 0 0 6.2 0
0 4.4 0 0 0 0 0 0 0 0 0 0 0.2 0 0 0 0 5 0.4 0
19.8 0 0 4 0 0 0 0 10 12.8 9.4 11 0 0 0 0 0 0 0 0
0 0 0.4 0.2 0 0.2 0 6.8 7.2 0 0.2 0 0 0 0 44.6 11 0 0.8 3.6
0 0 0 0 0 4 0 0.8 5 0 0 4.2 0 0 0 0 0 0 0 0
11.2 10.4 34.4 23.6 23.4 17.4 5.6 0.2 0 45.4 16.2 0 0.6 1.8 15.8 11.6 15.2 0.6 0 7.6
6.4 0 0 0 0 0 5 0.4 0 10.6 0 0 5 0 0 0 0 1.2 11.4 0
0 0 0 0 0 1.4 9 0 0 0 0 0 0.2 7.2 12.6 0.4 0.2 0 0 0
0 0 0.2 0 6 0 0 0 1.2 8 0 0 4.4 10.2 0 0 0 0 0 0
0 0 0 0 0 0.6 2.8 2 0 0 0 0 2.2 0 0 0 0 0 0 0.4
12.8 0 0 0.2 8.2 0 17 14.4 6.6 8.2 0.2 0 0 0 0 23.6 25.2 0.2 0 4.4
0 0 0 0 0 0 0 0 0 0 0 0 0 0 0 0 0 0 0 5
0 0 0 0 0 0 0 0 0 4 0 0 0 0 0 0 0 0 0 0
4.2 1 4 0 0.2 0 0 0 0 0 0 0 0.6 4.6 2 0 1.2 0 0.2 0
0 0 0 7 6.4 0 0 0 0 0 0 0 0 16.6 0 0 0 0 0 0
0 6.8 0 0 0 0 5 0 4 0 0 0 0 0 0 3.6 4.6 0 18 0
0 0 0 0 5 0 0 0 0 0 0 0 0 0 0 0 0 0 0 0
0 0 0 0 0 0 0 0 0 0 4.8 0 0 0 0 19.6 0 0 13.6 0
0 0 0 0 0 6.6 0 0 0 0 0 0 0 12.8 6.4 0 0.2 0 0 0
0 0 0 0 0 3 0 0 0 0 0 0 0 0 2 0 0 0 0 0
0 19 0 8.2 0 0 0 0 0 0 0 0 0 0 0 6.8 0 0 0 0
0 0 12 0 0 0 0 0.2 0 0.4 0.4 0.2 3.8 0 0 0 0 7 0 0
0 0.4 0 0.2 1.8 1.8 0 0 0 0 0 0 0 0 0 4.8 0 0 0 0
4 0 7.2 0 0 0 0 5.4 0 0 0 0 0 0 0 0.2 0 0 0.2 0
0 0 0 0 0 0 0 0 0 0 0 0 1.6 4 0 0 0 0.2 0.2 0
0 0 3 0 0 4 0 0 0 0 0 0 0 0 0 0 0 0 0 0
0 0 0 0 0 10 0 0 0 0 0 0 0 0 0 0 0 0 0 0
0 0 0 0 0 5 0 0 0 0 0 0 0 0 0 0 0 0 0 0
0 0 0 10.4 0 0 0 0 0 0 0 0 0.2 4.4 0 0 0 2 0 0
0 2.2 0 1 0 18.4 0 0 0 0 0 0 0.2 0 10 0 0 0 0 6.2
0 0 0 0 0 5.6 0 0 0.4 0 0 0 0 0 0 0 0 0 0 0
0 0 0 0 0 2 0 0 0 0 0 0 0 0 0 0 0 0 0 0
0 0 0 0 0 0 0 0 0 6.8 0 0 0 0 0 0 0 13.2 0 0
3.8 1.2 0 0 10.4 0 0 0.2 4.4 0.8 0.2 0 0 0 4.8 24.6 0.4 1.2 0 3
0 0 0 0.6 5.4 0 7.4 0.2 0 0 0 0 3.6 0 15.6 0 0 4.8 20 10.4
0 0 0 0 0 4 0 0 0 21.2 0 0.2 0 0 3 27 0 0.4 0 0.2
0 0 0 0 0 0 0 0 0 0 0 0 0 0.2 25.8 0 0 0 0 0
0 0 0 0 0 12 4 0 0 0 0 0 0 0 0 0 0 0 0 0
0 0 17 0 0 1 0 0 0 0 0 0 0 0 0 0 0 0 0 0
1.2 0 0 0 3 6 0 0 0 0.6 0 0.4 0 0 0 0 0 0 0 1.8
0 0 2.8 7.4 6.4 0 0 8 0 0 0 0 0.2 0.2 2 0 0 0 3 1
0 0 0 0 0 0 6 0 0 0 0 0 0 0 0 0 0 0 0 0
1 0 0 0 0 0 0 0 3 0 0 0 0 9.6 0 0.2 0 0 0 0.2
0 0 4 0 0 0 0 4 0 0 0 0 0.4 0.2 3.4 0 0 0 0 0
0.6 0 0 0 0 0.6 0 0 0 0 0 0 4.6 8 4.8 0 0 0 0.4 0
0 5.6 0 5 0 5 0 0 0 0 7 0.6 0.2 10.6 10.2 0 0 0.2 0 5.6
0 0 0 0 0 0 0 0 0 0.2 0 0 0 23.2 8.4 0.2 0 8.2 0 0.8
0 0 0 0 0 0 5.8 4 3.4 0.4 5.2 0.8 0.4 0.2 0.8 13.8 0 0 0 0.2
12 11.6 0 1 7.2 0 0 8.8 14.6 26.2 0 0 9.4 0 9.4 1 16.4 14.2 6.2 0
25 0 0 0 0 0 0 0 0 0 0 0 0 4 0 0 0.2 0 4.8 3
0 0 9 0 0 0 0 0 0 0 0 0 0 0 0 0 0 0 0 0
0 0 0 0 8.6 0.2 0 2.2 0 0 2.6 0 1.8 0 8 0.2 13 15 0 16.4
0 0 4.8 0 0 6 5.2 0 0 0 0 0 0.6 7.2 0 4.4 0 0 0.8 0
0 0 0.6 0 0 2.6 0 7.4 3.8 1.4 0 8.2 0 0 0 35.4 7.4 0 0 0.2
0 0 0 0 0 0 0 0 11 0 0 0.4 0 0 0 0 0 4.6 0 0
0 0 0 0 0 0 0 0 3.8 0 0 0 0 2 4.2 0 0 0 0 0
0 0 0 0 0 0 0 0 0 0 0 0 0 0 3 0 0 0 0 0
0 0 0 0 0 0 0.8 0 0 0 0 0 0 17.4 0 0 0 1.8 0 0
0 0 0 1.4 0 7.2 0 0 0 0 0 0.2 0 0.2 0 0 0 0 8 0
0 6.4 0 7.4 8.6 6.6 0 0 0 0.2 0 0 0 5.8 0 0 0 0 0 10
0.4 0 6.2 0 0 0 0 0 0 6.6 5.6 0 0.2 0 0 0 0 0 5 0
6.4 0 0 0 1.8 0 0 9.4 4 9.6 13.8 1 0 0 7.2 0 0 0.8 0 0
0 0 1 0 0 0 0 0 0 0 0 5 0 0 0 0 0 0 0 0
0 0 7.8 0 0 0 0 0 0 0 0 0 0.4 3.8 0 0 0 0 0 0
0 0 0.6 0 0 1.4 0 0 0.6 0 0 0 17.2 1.4 6.8 0 0 0 0 0
0 0 0 0 0 3 0 5.6 0 5 0 0.2 9 0 0 0 0 0 0.2 0
0 0 0 0 0 0 0 0 0 1.2 17 3.8 0 0 0.6 0 0 0 10.2 0.2
0 0 0 0 0 0 0 0 3 0 0 0 0 0 0 0 0 0 0 0
0.2 0 4 0.2 0 0 8.6 0 0 0 0 0 0 16 0 0 0 0 0 0
0 0 0 0 0 0 0 0 0 2 0 2 0.4 0 0 1.8 0 0 2.8 0
0 0 0 0 0 0 8 0 0 0 0 0 0 0 5 0 0 0 0 0
0 0.4 0 0 0.4 1.8 0 2.4 0.4 0 0 3.2 0.6 9.2 0.2 5.4 7 1 0 1
0 0 0.2 0 4 0.4 0 0 4 0.4 0 0.2 0.2 10.4 5.2 6.8 0 0 0 0.2
0 0 0 0 0.2 0 0.2 0.2 0 0 0 8.2 5 3.4 0 0 0 0 6 5.8
4.4 0 9.8 0 1.2 0 0.2 8.8 0 8.6 21.2 11.2 0.4 0 4.2 0 0 0 0 0
0 0 0 4.4 18.2 0 0 0 7.8 0 0 0 0 0 4.4 12.2 0 0.2 0 5.8
0 0 0 0 0 0 0 0 14.2 0 0 0 0 0.2 0 0 0.6 0 0 0
26.4 0 19 0 0 0 3 19.2 6.6 6.4 15.8 5.8 0 0 0 0 5.8 0 0 0
0 0 0 0 0.2 3.8 0 0 0 13.4 5.2 0 0 0 0 0.2 0 0.2 0 2
0 7.4 0 11.6 11.8 0.6 5.6 10 1.4 0.6 3.8 0.2 8 23.4 4.2 0.6 4.8 0 0.6 4.4
0 0 0 0 0 0 0 0 0 0 0 0 0 2 0 0 0 0 0 0
0.2 10 0 20.2 17.4 1 4 16.4 0 10.8 0.4 0 0 0 0 0 0 0 0.2 36.4
0 0.4 0 11.2 16.8 0 0 0.6 0 9.2 6.6 0 1.4 0 0.2 12 2 0.2 0 23.4
0 4.8 0 4.4 0 0 0 0 0 0 0 0 0 0 0 0.8 0 0 0 0
0 0 0 0 0 0 0 0 0 0 0 0.2 0 0 0 17.8 0 0 0.2 0.8
0 0 0 0.2 0 1 0 0 0 5.6 0 0 0 0 0 0 0 0 0 2.2
0 0 3.4 0 0 4.2 2.8 0 3.4 0 0.6 0 0 0 0 0.4 2 0 4.2 0
0 0 5.4 0 0 0.6 0 0 0 0 0 0 0 0 0 0 0 0 0 0
0 0 0 0 0 1 0 0 0 0 0 0 0 0 11 0 0 0 0 0
0 11.6 1.2 12.4 6 3.4 0 0 0.2 7.2 0 0 5.8 0 2.4 0 0 1.8 0 0
0 0 0 0 0 4 0 0 0 0 0 0 0 0 0 0 0 0 0 0
0 0 4.2 0 0 0 5.2 0 0 0 0 0 0.2 1 0 0 0 0 2.4 0
0 0 1.8 0 0 2 2 0 0 0 0.2 0 0 0 0 0 0 0 0 0
0 0 0 0 0 0 1.8 0 5 0 0 0.2 0 0 0 0 0 0.4 0.6 0
0 0 0 0 0 6.8 0.2 0 0 0 0 0 0 0 0 0 0 0 0 0
0 0 0 0 0 0 0 0 0 0 0 0 0 9 3.6 0 0 0 0.4 0
0 6.6 0 11.8 0 0 0 2.2 0.2 0 0 0 2.6 8.8 8.4 0 0 0 13.4 6
0 0.4 0.4 3 9.8 0.6 0 0.4 2.8 2 0.2 0.4 6 0 0 0 0 0 0 0
0 0 13 0 0 0 0 0 0 0 0 0 0 0 0 0 0 0 0 0
0 0 25 0 0 0 0 0 0 0 0 0 0 0 0 0 0 0 0 0
0 0 6.6 0 0 10.4 0 0 0 0 0 0 0 12 0 0 0 0 0 0
0 0 0 0 0 0 0 0 0 0 0 0.2 0 0 0 0 0 0 2.4 0.4
0 0 0 4.2 0 0 0 0 0 0 0 0 6.6 0 0 0.2 0 0 0 0
0 3 0 0 2.4 15.4 0.4 0 0 0 0 0 0 9.8 0 0 3 7 0 0
0 0 0 0 0 0 0 0 0 0 0.6 0 15.8 0 0 3.6 0 0 0 0
0 0 0 0 0 0 2 0 0 0 0 4.6 0 1.2 0 0 0 11.2 0 0
0.2 0 6 0 1.2 13.8 13.8 0 0 0 0 0 0.4 1.2 15.2 22.4 0 0 14.8 0
0 0 0 0 0 0 0 0 0 0 0 0 0 10 0 0 0 0 0 0
0 0 0 0 0 0 0 0 0 0 0 0 0.4 11.4 0 0 5 13 0.2 0
4.6 0 0 0 3.4 0 0 2 0 0.6 0 0 0 0.2 0 0 4.4 6.6 1.2 0
0 0 0 0 0 1.4 0 0 0 0 0 0 2 1 0 0 6.2 5.2 0 0.2
5.8 0 0 0 3.4 1.8 0 1.6 7.8 15.2 0.2 0 0.2 0 0 0 0 0 0 0
0 0 8 0 0 13 0 0 0 0 0 0 0 0 0 0 0 0 0 0
0 0 1 0 0 1.4 0 0 0 0 0 0 0 0.6 0 10.6 0 1.4 0 0
1.8 0 0 0 0 0 9.2 15 3.8 24.2 0 2 0 0 0 7.8 0.6 0 0.6 6
0 0 8 0 0 2 0 0 0 0 0 0 0 0 0 0 0 0 0 0
0 18.8 6 7.2 22.6 14.6 0 0.8 0.2 0 0 0 0.4 9.8 11.8 10 0 0 0.2 18.6
0 0 0 0 0 0 12 0 0 0 0 0 0 2.2 0 0 0.6 0 0.2 0
0 0 5.8 0 0 1 0.2 0 0 0 0 0 0 0 0 0 0 0 0 0
0 0 2.4 0 0 2.8 0 0.2 0 0 0.6 0 0 8 0 0 0 0 0 0
0 4 0 3 0 0 0 0 0 0 0 0 0 0 0 0 0 0 0 0
0 0 3 4.6 0 0 0 0 0 0 0 0 0 0 10 0 0 0.4 0 0
0 0 0 0 0 0 0.6 0 0 0.4 0 0 0 0 0 0 2.4 0 12.6 0
0 0 0 0 0 0 0 0 0.2 0 0 0 0 2.8 0 0 0 0 0 0
0 0 0.8 0 0 1 0 0 4 0 0 0 5 0.2 14 0 0 0 0 0
0 0 0 0 0 0 0 0 0.4 0 0 0 1.4 0.2 0 0 0 0 3 0
0 0 2.2 0 0 14.6 1.2 0 0 0 0 0 0 0 0 0 0 0 0 0
0 0 0 0 0 0 0 0 0 0 0 12.8 0.2 26.4 3.8 0 0 9.6 0 0.2
0 20.6 3.8 17.6 3 7.8 2.2 0 2.6 0 0 0.6 16 3.4 10 0.2 0 0 0.2 0
0 0 6.8 0 0 0.2 0 0 0 0 0 0 0 0 0 0 0 0 0 0
0 0 0 0 0 0 0 4.2 0 0 0 0.2 0.2 0 0 14.2 0 0 4.2 0
0 0 25.8 0 0 0.2 0 0 0 0 0 0 0 0 0 0 0 0 0 0
0 0 0 0 0 0 9 0 0 0 0 0 0 0 0 0 0 0 0 0
18.8 4.4 0 0 4 0 4.2 0.8 0 0 0 20 0 0 5.6 0.4 0 17.6 0.6 2.6
0 0 0 0 0 2.6 3.6 0 17.8 0 0 0 10.8 3 0 0 0 0 0 0.2
0 0 0 4 0 0 0 0 0 0 0 0 0 0 0 0 0 0 0 0
0 7.8 0 0 0 0 0 0 0 9 0 0 0 0.8 0 0.2 0 0.8 1.4 0
0 0 7 0 0 0 0 0 0 0 0 0 0 0 0 0 0 0 0 0
0 0 0 0 2 0 0 0 0 9.4 0 0 0 0 0 0.2 0.4 0 0 0
0 0 0.4 0 13 0 3 0.6 0 11 0 0 0 0 7 0.2 0 29.8 0 0
0 0 8 0 0 3 0 0 0 0 0 0 0 11 14 0 0 0 0 5
0 0 0 0 0.4 0 6.8 4 0 0 0 7.4 7.4 0 0 0 4 0 0 0
0 0 0 0 0 0 0 0 2.2 1.4 0 3.6 0 0 0 0 0.8 0 0 0
0 0 0 0 0 0 0 0 0 1.2 3.8 0 8.8 0 3 0 0 0.2 0 0
0 0 5 0 0 0 0 0 0 0 0 0 0 0 0 0 0 0 0 0
0 0 0 0 0 7.8 0 0 1.6 0 0 0 0 0.8 10 0 1.8 0 0 0
0 0 0 0 0 8 0 0 0 0 0 0 3 0 0 0 0 11 0 0
0 0 3 0 0 4 0 0 0 0 0 0 0 0 0 0 0 0 0 0
8 0 0 1 0 0 0 0 0 4 0 0 0 0 0 0 0 0 0 0
0 0 0 0 0 0 0 0 0 0 0 0 4.8 3 15.2 0 0 0 0 2
10.6 1 4 0 0 0 0 0 0 4 0.4 0 0 0 0 0 0 0 0 0
0 0 0 0 0 7 0 0 0 0 0 0 0 0 0 0 0 0 0 0
0 0 6 0 0 0 0 0 0 0 0 0 0 0 0 0 0 0 0 0
0 0 0 0 0 0 0 0 0 0 10.6 0 0.4 0 0 0 0 0 0 0
0 0 7.4 0 0 13.4 0.2 0 0 0 0 0 0 0 0 0 0 0 0 0
0 3.8 0 1.2 10 0.2 0 0 11.8 7.8 1 0 0.6 0.4 6 2.6 0 2.8 0.6 5.2
0 0 0 0 0 0 0 0 3.6 0 0 0 0 0 0 0.4 0 0 0 0
0 0 5.8 0 0 3.8 17.2 1.8 0 0 0 0 0 0 0 0 0.2 0 0.2 0
0 3.2 0 0 0 16.2 0 0 0 0.4 0 0 0 0 0 0 0 20.2 0 0
0 0 0 0.2 18.6 4 1.8 0 1 4.8 0 1.2 0.2 30.8 0.4 14.6 0 12.4 0 0
0 0 4.6 0 0 11.4 0 0 0 0 0 0 0 0 0 0 0 0 0 0
0 5 0 0 0 0 0 0 0 0 2.6 1 0 0 0 0 0 0 0.4 0
0 0.4 5.8 0 0 7.8 8.4 0 0 0 0 0 4.2 22.8 6.6 0 1 0 0 0
0 0 0 0 0 0 0 0 0 0 0 0 0 3 0 0 0 0 0.8 0.2
0 0 0 0 0 0 0 0 0 0 0 4.4 0.2 0 2.4 10 0 0 0 0
0 0 11 1.6 5.4 0 0 14.6 13.4 0 0 34.2 0 0 0 0 5.2 0 0.6 4
0 0 0 0 0 0 0 10 0 0.2 0 0 0 5.8 0 0 0 0.6 7.4 0
0 3.4 0 0 8.4 10.6 0 0 0 0 0 0 6.4 0 0 0 0 0.2 0 0
0 2.6 0 0.2 0 3.8 0.4 0 0 2.2 0 0 0 0 0 1 16.2 0 12.6 0
0.2 0 0 12.8 4.2 0 0 0 0 0.2 0.2 0 0.4 0.2 0 0 0 17.8 0 0
32.2 0 0 0 1.4 0 0.4 13.6 0.2 1.8 19 8.2 0 2.8 4 0 9 0 0 0.4
0 0 0 0 0 5 0 0 0 0 0 0 0 10.4 0 0 0 0.2 0.4 0
0 0 5 0 0 0 0 0 0 0 0 0 0 0 0 0 0 0 0 0
0 0.2 5.4 0 0 3 0.4 0 0 0 0 0 0 9.8 0 0 0 0 0 0.2
0 3 4 0 1.4 0 0 2.4 0 0 0 0.4 9 0 4.8 0 0 0 0 0
0 0 0 6.2 17.8 0 0 0 2.4 30.8 0 9.6 0 0 0.4 0 0 14.2 0 4.6
0 0 0 3 0 3 0 0 3 0 0 0 0 0 0 0 0 0 0 0
0.4 0 6.6 0 0 0 0 0 0 0 0 0 0 0 4 0 0 0 0 0
1.6 0 14 3.8 0.6 0 0 0 0 0 0 0 0 0 0 0 0 0 0 0
0 3.8 0 0 0.4 5.6 0 5.4 0.2 12.2 0 0.2 14.2 8 0 9.4 1.6 0 0 0
0 0 6.4 0 0 1.2 4.4 0 0 0 0 0 0 0 0 0 0 0 0 0
0 0 0 12.6 16.6 2.6 0 0 0 0 0 0 14.8 0 0.4 37.8 0.2 0 0.2 4.8
15.6 12.6 0.2 0 20.4 4 0.8 5.4 7.2 6.2 4.6 18.6 9.4 0 3 0 14.6 0.4 0 0
0 0 0 0 0 6 0 0 0 0 0 0.6 0 5.8 0 0 0 0 0 0.6
0 0 2 0 0 0 0 0 0 0 0 0 0 0 0 0 0 0 0 0
0 0 0 0 0 4 0 0 0 0 0 0 0 0 0 0 0 0 0 0
0 0 1.8 0 0 5.6 2.6 0 1 0 0 0 0 0 0 0 0 0 0 0
3 0 7 4.4 3.8 0 3.4 0 0 11.6 0.2 0.4 9.8 0 4.2 0.8 0 8.2 0 17.2
0 0 0 0 0 0 0 0 5.8 0 0 0 0.6 2.6 0 0 0 0 0 0
0 0 0 0 12.4 0 0 0 0 11.2 0 0 0 0 9.6 0.8 0 16 17.6 5.4
3.4 0.2 0 0 0 0 0 0 0 0 1.4 0 0 0.6 3 0 0 0 0 2.4
0 0 0 0 0 0 0 0 0 0 0 9 0 0 0 0.8 2 0.2 0 0
0 0 0 0 4 0 0 0 0 0 9.6 0.2 21.2 0 0 0 0.2 0.8 0 0
0 0 0 0 0 0 0 2 0 9.8 0 0.2 0 7.8 0 0 0 0 12.2 0
0 0 3 0.2 16.4 0 0 0.2 0 0 9 0.2 0 0.2 0 0.2 0 0 12.4 0.2
0 0 5 4.2 0 0 0 0 0 1 9 0 3.2 9 0.6 5.2 0 0 0 8.8
0 7 0 0 0 0 0 0 0 0 0 0 0 0 0 0 0 0 0 0
0 0 0 0 0 0 0 0.2 0 12.8 0.6 8 0 0 0 0 0 0 0.2 0.2
0 0 3.6 0 0 0 0.4 0 0 0 0 0 0 0 0 0 0 0 0 0
0.2 0 0 4 0 0 11.8 4.2 0 0 0 0 11.2 0.2 0 0 0.2 0.2 0 0
0 16.6 0.2 0 34.2 1 0.2 9.2 0 0 0 0.6 14.4 19.8 2.4 0 0 25 0.6 29.8
0 0 8.2 0 0 8.2 0 0 0 0 0 0 0.4 0 2.4 4.2 0 0 0 6.6
0 0 0 3.8 0.2 1 0 0 7.4 0 0 0 0 1.4 6.6 2 0.6 0 0 0
5 0 0 0 0 0 0 0 0 0 0 0 0 0 0 0 0 0 0 0
3 0 0.2 0 0 0 6.6 0 0 0 0 0.2 0 0 0 0 0 0 0 0
0 0 0 0 0 0 8 0 0 0 0 0 0 4 2 0 0 0 0 0
0 0 5 0 0 0 0 0 0 0 0 0 0 0 0 0 0 0 0 5
0 0 7.8 0 0 0 0 0 0 0 0 0 0 0 0 0 0.2 0 0 0
0 0 0 6 0 0 0 0 0 0 0 0 0 0 0 22.8 0 2 0.2 0
0 0 0 0 0 6.8 0 0 0 0 0 0 0 0 3 0.2 0 0 0 0
6 0 10 0.2 0 0.6 0 0 0 0.2 0 2.8 0 0.4 0 0 0 6.4 1.2 0.2
0 0 0 0 0 0 0 0 0 18 10.8 3 0.2 0 0 0 7.2 0.2 1.6 0
28.2 5.2 3 0 12.4 0 0 18 16.4 0.4 12.4 0.6 5.6 0 8.2 2.4 13.4 0 0 1.8
0 0 7 0.6 0 0 0 4 2 6.6 0.6 0 0 0 0 0 4 3 0.2 0
0 0 0.2 0 0.4 0 0 0 0.4 15 0 0 5.8 0.2 0 3 0 0 0 0
0 0 0 0 0 0 0 0 0 8.2 0 0 0.2 0 0 0 0 0.6 0 0
0 0 0 0 0 1 0 0 0 0 0 0 0 4 0 0 0 0 0 0
14.4 0 2.8 0 0 0 0.2 21 0 8.8 0 16.8 0 0 0 0 0 0 0 0
0 0 17 0 0 7 0 0 0 0 0 0 0 0 0 0 0 0 0 0
0 0 0 0 0 3.8 0 0 0 0 0 0 0 0 0 0.2 0 0 0 0
0 0 0 0 2.2 0 11.2 0 13.6 0 3.6 5.8 0 0 0 3.6 0 0 0 0
0 0 0 0 0 0 0 0 0 0.2 0 15.4 0 7.8 4.2 0 0 0 22.2 1.2
0 0 0 0 0 0.2 0 0 0 0 0 0 0 6.2 0.2 0.2 0 0 0 0.2
0 9 0 0 5.4 0 0 0 0 0 0 0 0 4.4 0 18.6 0 0.4 0 0.2
0 0 3 0 0 0 0 0.2 0 0 0 2.6 0 0.2 0 4.6 0 0 9.4 0
0 0 0 0.2 0 0 0 0 0 0 0.2 6.8 0.2 0 0 0.4 0 0 9.2 0
0 0 0 0 0.2 4 0 0 0 0.2 11.4 7.6 5 0 3 0.2 0 9.6 23.8 0
0 0.2 0 0 0 0 0 0 0 0 7.2 0 2.4 2.6 0 0 0 11.2 0 7.4
0 0 0 2.8 0 0 0 0 3.8 0.2 0 0 1.8 7.6 8.8 2.4 0 0 0.6 0
0 0 0 0 0 0 8 0 0 0 0 0 0 0 0 0 0 0 0 0
5.6 0.2 0 0 0 0 0 0 0.2 0 0 0 0 0 0.6 26.4 0 0 0 0
4.2 3 0.2 0.4 0 2.6 0 0 2 1.2 0.8 0 0.2 0 0 0 0 0 0.2 0.2
0 0 0.4 0 0 8.4 0.2 0 0 0 0 0 3.6 0 4.4 0 0 0 0 0
0 4.4 0 7.4 0 11 0 4.6 0 0.2 0 4.2 0.2 6.6 21.4 30 0 6 0 0
0 0 0 0 0 0 0.2 5 0 0 4 0 0 0 0 0 9.8 0 0 0
0 0 0 0 0 10 0 0 0 0 0 0 0 0 0 0 0 0 0 0
0 3.4 0.4 5.4 0 4 0 0 0.2 0 0 0 0 5 0 0 0 2.6 0 0
0 0 0 0 0 13.8 0.2 0 0 0 0 0 0 0 0 0 0 0 0 0
0 0 0 0 0 4 0 0 0 0 0 0 0 0 0 0 0 0 0 0
8.8 2.6 0 0 0.4 4 0 6.2 7.4 1.6 9 0 5.6 3 0.6 0 2.4 0 0 2.4
0.2 0 0 0 1.2 6 0 0 0 29.2 0 16.2 0 0 0 0 0 0 0 0.2
0 13.6 0 0 0 0 4.8 0 0 0 0 0 0 1 1.6 0 0 0 0 0
0 0 0 0 0 0 0 0 0.2 0 0 0 0 14.6 0.2 0 0 0 0 0
0 14.4 0 7 12 0 0 0.2 0 0 0 0.4 2.2 2.6 3 0 0 0 0 0.2
0.2 8.4 0.2 21 7.6 0 0 0 0 0.2 0 5.4 10.4 15.4 0 3.8 8.2 1.2 17 0
12.4 2.6 0 6.4 0 0 0 7 2.8 11.4 22 7.4 0 0 1.8 0 0 0 0 3.2
0 10.4 2.8 5 0 0.6 0 0 0 0 0 0 0 0 0 0 6.6 8.6 0 0
11.2 0 3.8 0.6 3.2 2.8 0 6.6 0 7.6 0.2 26 0.2 3 8.6 21.4 10.6 3.2 0 0
0 0 0 0 0 0 0 0 0 0.8 0 0 0 0 0 0.6 0 22.6 0 0
0 0 6 0 0 0 0 0 0 0 0 0 0 0 0 0 0 0 0 0
0 0 3 0 0 0 1 0.6 0 0.2 0 12.8 0 0 9 0 0 0 0 6.4
0 0 0 0 0 0 0.2 0 0 4 0 0 0 0 2.4 14.8 0 0 0 4.6
0 12.6 12.8 17.2 15.6 11 7.2 0 0 0 19 0 23.6 0 1 0.2 5 0 0.8 17
0 0 0 0 0 0 5.8 1 0.6 0 0 0 0 4.6 4 0 0 0 0 0
0.2 6.6 5 36.6 8.6 5 0 19 0.2 0 0.2 5.8 0.2 12.4 0.8 1.6 8.8 7.4 6.4 12.2
0 8 5 4.6 7.2 0 0 0 0 0 0 0.2 5.2 0 11.4 0.2 0 0 2 7.2
0 0 0 0 0 7.6 0 0 0 0 0 0 0 0 0 0.4 0 0 0 0
0 0 0 0 0 0 4.8 0 0 4 0.2 0 0.2 3.8 0 0 0 0 0.2 4.8
0.2 0 0 0 0 1.8 4 0 0 0 0 0 0 0 0 0 0 0 0 0
0 0 4.6 0 0 7.4 0.2 0 0 0 0 0 0 0 0 0 0 10.8 0 0
0 0 0 0 10.6 11.8 10 0 3.2 0 0.6 6.4 18 2 16 0 0 0 7.6 8.8
0 0 0 0 3.8 0 1 0 0 0 0 0.4 0 9.6 0 0 0 3.4 7.8 0
0 0 1 0 0 0 0 0 0 11 10 0.4 0.2 0 0 0 0 17 0.4 0
0 0 0 0 0 0 0 0 0 0 0 0 0 11.6 0.2 0.2 0 0 0 0
0 7.2 0 6.8 0 0 0 0 11.2 0.4 0 0 0 0.6 8.8 5.6 0 6 0 12.4
0 11 0 5 29 3.6 5 2.2 0.4 0 0 0 11.6 0.2 10.6 25.4 0 0 18.4 11.6
5.8 0.2 0 0 0 0 0.2 0 0 0 0 0 1.8 13.4 0 0 0 0 8.8 7.8
7.4 15.8 0 0.8 8.6 2 0 6 2.4 5 0 0 7.6 0 0 1.8 0 11.2 11 12.4
0 0 12.8 0 0 3.8 4 0 0 0 0 0 1.2 17.2 9 0 0 0 0 0
0 0 0 7.4 15.6 0 0 11.8 0 0.4 0 0 3.2 0 2.8 13 0 9.2 8.6 0
0 0 0 0 0 0 7.6 0 0 10.6 0.8 4.8 0 17.8 0 0.2 0 0 15.2 0
0.2 0 0 0 0 0 4 0.2 2.2 1.4 0 0.8 0 0 5.8 29.6 0 0.2 9.8 2.8
0.2 0 0 0 10 5 0 0 0 1.6 0.4 0 0 5.4 13.8 0 0 35.4 3 0.2
3.2 0 0 5 8.2 7 9 2.4 0.2 2.2 10 1 0 2.8 5 0 6 15 0 0
0 0 0 0 0 4.8 0 0 0 0 0 0 0 0 0 0.2 0 0 0 0
4.4 0 0 7 0 0 0 0 8.8 11 0 0 17 1.2 18.4 0 0 0 0.2 0
21.8 14 7.4 9.6 24.2 0.4 12.6 16.6 0 0.4 3.4 0 20.6 0 16.4 16.8 0 0.4 0 20.4
0 0 0 0 0 3 0 0 0 0 0 0 0 0 0 0 0 0 0 0
4 0.2 0.2 3 5 1.8 5 0 0.4 0 14 0.8 1.8 0 0 0 22.2 0 7.6 0
0 0 4.2 0 0 0 5 0 0 0 0 0 0 5.8 1.6 0 0 0 0 0.4
5.2 0 0 0 3.4 0 0 0.4 0 0 0 0 0 0 4.2 8.8 0 0.2 3.8 0
7 17.8 0 3.2 11.4 5 0 10 2.8 14.8 15.2 0 20.4 0.2 6 0 0.2 0 0 1
0 0 3.8 0 0 3.6 0.4 0 0 0 0.2 0 0 0 0 0 0 0 0 0
0 0 0 0 0 1 0 0 0 0 0 0 0 0 0 0 0 0 0 0
7.4 10.8 0 7.2 6.2 0 0 3.4 6.4 0 7.8 0 3.2 0 0 34.6 0.2 0 1.2 4.6
28.4 0 0 0 0 0 4.2 8.6 0 27.2 0 7 0 2.4 0 12.2 14 0 0 0
15.2 0 0 5.2 0.2 4 0 0.2 0 0.2 0.6 7.6 0 0.6 1.8 14.6 0.2 21.2 0 5.4
0 4.2 0 14.4 21.6 0 4.2 0 0.4 0 0 0 0 18.2 4.6 0 0 0 0 33.4
0 4 5.8 0 0 0 5 12.8 0 0 0 0 0.2 0 0 0 0.2 0 0 0
8.8 0 0 0 0 0 1 0 10.6 0 0.2 0 0 0.2 0 1.8 10.8 7.6 0 0
0 0 0 0 0 6 0 0 0 0 0 0 0 0 0 0 0 0 0 0
7.6 4 4 0 0 0 0 0 8.4 0.8 0.8 0.2 0 0.4 0.8 0 13 0 0 0
0 0 6.8 0 0 0 0 0 0.2 0 0 0 0 0 0 0 0 0 0 0
0 0 0 0 0 0 0 0.2 0 5.6 0.2 0 0.2 0 8.8 0 0 0.4 0 5.6
14.6 0 0 0 0 0 7.4 0 0 14.6 0 12 0.2 0 0 0 0 0.4 0.4 0.4
13.6 0 0.6 0 0 0 0 6 0 0.2 0 0 6.8 0.8 0 0 0 0 0 0
0 0 0 0 0 0 7 0 0 0 0 0 0 0 0 0.6 0 0 3.4 0
0 0 25.6 0 0 0 4 0 0 0 0 0 2.8 11.4 0 0.2 0 0 0 0
0 1.6 0 0.2 5 0 0.6 6 0 4.6 3.2 0 0 0 0 0 0.4 11.6 0 0.8
12 7 0 17.4 0.2 0 0 0 0 20 0 0 0 0.2 0 5.6 0 0 0.6 0
0 0 5.8 0 0.8 0 7.2 6.2 0.2 0 0 0 11.6 5.2 0 0.4 9 9.8 18.8 0
17.2 0.6 24.6 0.6 6.6 1.2 0 0.2 0 0 0 0 15.2 0.2 0.2 9.6 5.6 0.2 0 1
0 0 3.8 0 0 0 0 0 0 5 0.2 0.4 0 6.6 3 0 0 1 0 0
0 0 0 4.8 0.6 0 0 0 6.4 0 0 22.8 0 0 10.6 0.2 5 0 0 14.6
0 0 0 0 0 0 0 0 0 0 0 13.6 0.2 0 0 0 0 0.2 3 0
0 7.4 0 24.4 0 16.8 0 0 7.8 0 0 0 7 7.4 11.2 0 0 0 3.8 0.2
0 0 0 0 0 0 0 0 0 9.4 0.2 0 0 0 0 0 0 2.4 0 0
0.8 4.4 0 0 6.8 6.8 20.8 4 13.8 21.4 10.2 3 0.6 9.6 0.2 0.2 4.6 10.2 0 9.6
0 0 0 3.4 5.4 0 0 4 2.6 0 0 0 0 15.6 0 0 0 0 0 0
0 0 0 5 5 0 0 0 0 0 0 0 0 0 0 0 0 0 0 3
14.2 0 0 0 0 0 0.2 0.6 0 0 0 4 0 0.6 0 0.8 6.6 0 0 0
0.2 14.8 0 0 0 6 0 0.2 0 27.2 0 0 0 10.2 5.8 0 9 5.8 0 5.8
5 0 0 2 0 0 0 0 0 0 0.2 0 0 0 0 0.2 0 4.8 0 2.8
0 0 7 0 0 5 0 0 0 0 0 0 0 0 0 0 0 0 0 0
19.4 0 0 0 0 0 0 0 1.2 0 0 0 10.8 17.6 0 0 0 0 15 0
0 5.4 0 3 9.6 0 9 0 0 18 0 4.6 17.6 0 0 0 8 0 6.6 0.2
16.8 0 0 0 0 0 5.2 0 1.6 0 0.4 0 8.4 0.4 0.2 19.2 0.2 0 14.6 0
0 10.8 0 0 10 0 16.8 0.2 7.2 1 6.4 9.8 0 6 8.8 0 10 0 0 0
0 3.6 0 19.8 8 0 0 0 2 0.2 0 0 0 0 3.6 0 0 14.4 8 0.4
0 5 0 0 0 0 0 0 0 0 0 7.6 7 0 17.4 14.2 2 10.2 0.6 0
0 0 0 0 0 0 0 0 0 0 0 0 0 0.2 14.2 0 0 0 0.4 0.2
0 0 0 0 0 0 5 0 0 0 0 0 0 4 4 0 0 0 0 0
0 0 0 0 0 0 0 0 0 0 0 0 0 0 0.2 0 0.2 17.6 0 0
0 0 0 0 0 7 0 0 0 0 0 0 0 0 0 0 0 0 0 0
0 0 0 1.8 0.2 0 0 0 0 0 0 0 0 0 0 0 0 0 0 0
0 0 1.6 0 0 4.4 0 0 0 0 0 0 0 0 0 0 0 0 0 0
7.8 0 6.8 0 15.4 0 7 0 9.8 0 8.6 0.2 0 10.2 0 0.2 12.4 0.4 22 0
0 0 0.2 0 0 11.8 0 0 5 0 0 0 0 0 0 0 0 0 0 0
0 0 4.8 0 0 6.8 0 0 0 0 0 0 0 0 0 0.2 0 0 0.2 0
0 0 0 0.2 0 0 5.8 0 0 0 0 0 0.2 0 15.8 0 0 0 0 0
0 0 0 0 0 0 0 0 0 0 0 0 0 0 0 0 3 0 5 0
0 0 0 0 0 0 0 0 0 0 0 0 0 0 4 0 0 0 0 0
1 0 0 0 0 4 5.2 6 0 13.2 0.2 6.8 0 8.2 0 0.8 0.4 7.8 8.4 0
0.8 3.2 0 0 0 0 13 0 0.4 1.8 0.8 0 0 0 0 0 0 2 21.8 0.2
0 0 2.8 0 0 6.2 0 0 0 0 0 0 0 0 0 0 0 0 0 0
0 0 11.4 1 21.2 0 1.8 8.8 0 0 4.6 5 25.6 0 0.2 0 0 10.4 0 0
0 0 2.6 0 0 1.4 0 0 0 0 0 0 0 0 0 0 0 0 0 0
0 0 6 0 0 0 0 1.4 0 0 0 0 0.6 0.2 12.8 0 0 0 0 0
0 15.6 0 0 0 4.8 0 0 0 0 0 0 0 0 0 0 0.6 0 0 0
0 8.4 4 0 0 0 0 0 0 0 0 0.2 0 0 0 0 0 0.4 0 0
0 23 0 0 0 0 0 0 0 0 0 0 0 0 0 0 0 0 0 0
0 1.6 1.2 0 0 0 0 0 0 0 3.2 0 0 0 0 0 0 0 0 0
0 0 0.2 0.6 0 0 6 7 0 5 0.8 0 0 0.4 1.4 0 0 11.4 1.2 0
0 0.4 0 2.6 9.6 0 0 0 0 0.2 0 0 0 0 0 0.8 0 6.4 0 0
0 24 0 0 0 17 0 0 0 0 0 0 0 0 0 0 0 0 0 0
9.2 0 0 11.6 6.2 0 0 0 8.8 0 19.8 0 0.2 0 0 2.4 0 0.2 2.6 0
0 5.2 0 13.4 9 0 0.4 2.8 9.4 2.4 0 20.4 31.8 0 16.6 0 0.2 6.2 0 0.2
0 0 0 0 0 1.2 0 0 0 0 0 0 0 0 0 0 1.8 0 0 0
0 0 0 0 0 0 0 0 0 0 2.4 0 0 0 0 0 0 1.6 0 0
0 0 0 0 0 10 0 0 0 0 0 0 0 0 0 0 0 0 0 0
7 1.2 0.2 0 0.8 5.8 2 8.8 3 10.4 0 24.6 0 0.2 9 0.2 15.6 16.6 12.2 19.4
0 10.6 0.2 0 0 3.8 0 22 0 38.8 21 0 0 7 0 5.8 0.2 0 12.2 8.4
0 4.6 0 0 0 0 0 0.2 0 12.8 1.4 0 0 0 3 19.4 0 20.6 0 0
0 0 1.6 0 0 1.6 5 0 0.2 0 0 0 3 0 0.4 9.6 0 0 0 3.6
6.6 0 0 0 0 5 0 4 0 0 0 0 0 0 0 0.4 6 0 0 0
19.2 0 5 0 1.6 0 0 0 0 7.4 3 3.6 0 0 0 0 0 0.2 0 0
0 0 0 0 0 4 0 0 0 0 0 0 0 0 0 0 0 0 0 0
37.8 0 3 3.6 5.4 0 0 25.2 1.2 0 10.2 5.2 1.4 0 0 0.2 10 14.6 0.2 0
0 0 0 0 0 0 0 0 0 0 0 0 0 0.2 6 0 0 4.8 0 0
12 20.4 0.2 6.6 0 0 0 0 1.8 7.6 9.6 3 0.2 14.2 6 0 9.8 0 32.2 0.4
0 13.6 13.4 0 0 0 0 0 0 0 0 0.2 0.2 9.2 0 0.2 0 0 0.2 0
25.8 0 0.6 0 3.8 0 7.8 8.2 0 21.4 5.2 7 0 0 0 3.8 0 20.8 0.4 27.2
0 0 0 0 0 9 0.4 0 0 0 0 0 0 10 0 0 0.4 0.2 0 0
5.8 0 0 0 12.2 2.6 0.2 0 0 16.4 0.2 0.2 0.4 0 0.2 0 0 12.8 0 0
30.4 0 12.2 0 0 6.2 0 0.6 0 0.2 1.8 0 0 9.6 0 0 0 0 0 0
0.2 4.2 14.4 13.6 23 19.8 0 1 10.4 0 0 0 1.2 4.6 15.2 31.2 0 0 0 21.2
0.2 8 0 17.2 18.2 0 0 0.8 0 0 0 0 0.2 0 4.2 21 0 0.2 4.4 6.6
0 0 0 0 0 0 1.6 0 0.2 12 0 9.4 0 4.8 4.8 0 0 0.2 0 0
0 0 0 0 0 0 0 0 0 0 0 0 0 0.6 10.4 0 0 0 0 0
0.2 5 5.2 0 0 8.2 0 0.4 0 0 4.8 11.4 6.4 5.6 0 0.2 0.4 7.8 14.4 0
26.2 5.8 0 0.4 16.2 0 0 0 3.6 4.6 0 0 0 0 0 0 0 3 21.4 0.8
0 24.4 0 10.4 7 0 0 5.8 11.8 0.6 5.6 0.2 6.6 0 0.2 7.8 0 12.2 0 23.4
0 0 0 0 0 2 0 0 0 0 0 0 0 0 0 0 0 0 0 0
14.6 0 0 0 0 3.8 0 0 0 0.2 4 4.4 0 1 7 0 0 0 0 0
0.8 0 0 0 0.8 0 9.4 0 0.2 7.2 0 0 0 2.4 0.6 21.6 0.2 0 3.8 0
0 0 0 0 0 0 0 0 0 0 0 0 0 11 0 0 0 0 0 0
0 0 7 0 0 0 0 0 0 0 0 0 0 0 0 0 0 0 0 0
0 10.6 0.6 6.8 25.4 0.2 2.2 14.8 22.8 12.4 0 4.2 2.2 0 0.4 0.2 10 7.4 0 24.8
35.2 9 0 0 0 0 8.8 20.4 17.8 12.2 0 31.6 4.6 0 12.2 0 0 0 0.2 6
0.2 10.2 0 6.2 7.4 0 2 0.6 5.4 28 0.2 0 0 0 2 0 4.8 0.2 11.6 4.2
0 0 5.4 0 0 5.6 0 0 0 0 0 0 0 0 0 0 0 0 0 0
17.6 3.4 5.4 0.2 0 0 17 4.4 3 14.6 16.4 1 0 0 0 0 23 0 0 0
0 0 0.2 0 0 7.8 0 0 0 0 0 0 0 0 0 0 0 0 0 0
2.4 0 0 0.2 0 0 0 0 0 0 0 0 0 9 0 8 0 0 0.2 1.2
0 0 0 0 0.4 0 0 0 0 0 0 2.6 7.4 0 0 7.4 0.2 7.4 0.6 0
0 0 15 0 0 0 0 0 0 0 0.8 0 0 10 2.8 0 0 0.4 0 0
0 0 23.8 0 0 0 0 0 0 0 0 0 0.2 0 0 0 0 0 0 0
7.8 0 0.4 0 0 0.4 0 0 0 0 0 0 0 0 0 0 0 0 9.4 0
0 17.2 18.6 15 17 6.2 0 0.2 16 15.6 0.4 0 0 32.4 23.2 1.6 2.8 7 0 20.8
0 13 0 18.8 7 4 9.6 0.2 13.6 15.6 0.2 17.2 2.4 0.2 13.4 0 0.4 8.2 7.4 20.8
0 0 0 0 0 4.8 0 0 0 0 0 0 0 0.2 0 0 0 0 0 0
0.6 0 0 0 0 0 2.2 0 0 0.8 0.2 0 0 0 0 14 0 0 0.2 0
0 0 0 0 0 0 4 0 0 0 11.8 0 0 0 0 0.2 7.2 0 2 0.8
0 5 0 0.2 0 6 0 0 0 0 6.6 1.8 0 0 0 0 0 3.2 6.2 0
3 16 3.4 0 0 5.6 0 0 0 0 0 0.2 0.4 7 5 0.2 0.2 0 0 0
0 0.2 5.8 0 0 13 0 0 0 0 0.6 0 0.4 8 7 0 0 0 0 0
0 0 8.8 0 0 0 12.4 0 0 0 0 0 0.2 10.4 0 0 0 0 0.2 0
0 14 6 10.2 6.4 12.2 0 0 0 0 3.6 0 15.8 0.2 0 0.8 0 0 5.8 0
32.4 0 0 0 0 0 0.4 0.2 0 1.6 0 0.2 0 0 0 0 0 5.2 0 0
0 0 14 0 0 0 0 0 0 0 0 0 0 0 0 0 0 0 0 0
0 0 28 0 0 5 0 0 0 0 0 0 0 0 0 0 0 0 0 0
12.8 38.8 3.4 10.2 28.8 0.6 0 11.6 1.2 1 6 11.2 15 4.8 1.8 0 0 3.4 13.4 29
0.6 0.2 0 0 0 3.6 4 0 0 0 3.6 0 0 3.2 4.8 0 0 0 0 0
0 0 5.2 0 0 2.6 0 0 0 0 0 0 0 0 0 0.2 0 0 0 0
0 0 0 0 0 0.2 0 0 0.4 0 0 0 0.4 18 0 0 0 0 0 0
0 0 8.8 0 0 0.8 7.2 0 0 2.8 0 0 0.2 6 0 0 0 0.2 0 0
0 0 0 0 0 2 0 0 0 0 0 0 0 6.8 17 0 0 0 0.2 0
1.4 19 7.2 20.6 15.8 6.2 0 10.6 0 0 5 3.4 23 10.8 15.6 0.6 0 40.8 0 22
0 0 0 3.6 11.6 6 0 0.2 2.4 16.4 3.6 0 6.8 0 1 1.6 0 0.4 0 14.4
9 21.2 0 0 7.2 0 3 0 8.6 0 26.4 0 6 2.4 0 2.8 0.6 0.6 11 16.2
0 0 0 0 0 0 0 0 0 0 0 0 0 0 18.4 0.4 0 0 0.2 0
0 0 0 0 0 0 0 0 0 0 0 0.6 0.2 7.4 0 0 0.2 0 0 0.6
0 0 19.8 0 0 0.2 0 5 0 0 0 0 0 0 0 0 5 0 0 0
0 0 11 0 0 0 0 0 0 0 0 0 0 0 0 0 0 0 0 0
0 10.8 0 10.4 0 0.2 0 4.6 0 0 0 0.2 18 1 5 0 0 0.6 24.2 0
0 0 3.4 0 0 9.4 0 0.2 0 0 0 0 0 0 0 0 0 0 2 0
0 0 24 0 0 0 0 0 0 0 0 0 0 0 0 0 0 0 0 0
0 0 13 0.2 0 0.6 8.4 0 0 0 0 0 2.2 0.6 13.6 0 0 0 11.4 0
0 0 0.2 0 0 11.8 0 0 0 0 0 0 0 0 0 0 0 0 0 0
0 0 0 8.4 0 0 5.6 0 17 0 0 8.8 11.6 35.4 0.4 0 8 0 17.8 0
0 0 13.6 0 0 0 0 0 0 0 0 0.4 0 0 0 0 0 0 0 0
0 0 0 0 0 0 2.6 0 0 0 0.4 0 1 6.8 4.6 0 20.6 0 0 0
49.8 26.8 29.6 4.2 31 0 0 8.2 0 11.6 24.8 13.8 21.2 7 42.4 39.2 0 0 13.4 30
0 0 28.2 0 0 20.8 0 0 0 0 0 0 0 0 0 0 0 0 0 0
31 0 0 7.6 0 0 0 0 7.2 1.4 10 0 0 9 6 0.8 4.8 22 0 13.2
0 2 8 9.8 26.2 0 0.4 0 0 0 0 0.2 17.4 0 8.8 0 0 4.8 0 6.4
11.6 0 6.2 0 2.6 0 3.2 0.4 20.4 8.2 0 16 0 0 7.4 30 0 0 0 0
0 0 2.8 17.4 7.8 0 3.6 0 16.6 0 0 16 0 8.6 8.8 39.8 1 1.6 0 0
7.4 0 0.6 2.2 18.4 0 0 17.6 0 12.8 0 9 5.6 14.8 7.6 0.4 0.8 8.2 0.4 11.2
0.2 5 0 13.8 10.4 0.2 6 0.2 1.2 0 2.6 33 0 19.2 6.6 22.8 0 1.4 35.8 7.6
25 0 0 0 0 0 0 4.6 10 0.2 1.2 18.4 15 0.2 6.2 0.4 4.2 12.6 2.8 0.2
0 0 4.4 0 0 7.6 0 0 0 0 0 8.6 0 10.8 14.4 0.2 0 1 0 0
0 0 10.4 0 0 0.2 20.2 0 0 0 0 0 0 1.6 8.6 0 0 0 0 0
0 0 0 0 0 12 0 0 0 0 0 0 0 0 0 0 0 0 0 2
0 0 0 0 1.6 9 0 3.2 0 0 0 0.2 0 0 0 0 0 0 0 0
0 0 24.4 0 0 2.4 21.6 0 2 0 0 0.4 0 10.6 17.6 0 0 0 0 0
0 0 3.2 0 0 34.4 0 0 0 8.4 0 0 0 8.8 3 0 0 0 0.2 0
0 0 0 0 0 0 0 0 0 0 12.2 16.8 0 0 0 0 0 0 0 0
5.2 9.6 0 8 0 5 5 0 0 0 0 0 0.2 0.2 0 0 0 5.2 2.6 0
0 0 0 0 0 0 0 0 0 0 0 0 0 11 2 0 0 0 0 0
0.4 0 0 0.2 0 0 4.6 15.8 0 0 6.4 19.4 0 7.8 0 8 0 19.8 12.4 0.2
7.4 0 0 2.8 0 0 0 0 0 0.4 10.2 0.2 0 0 0 0.2 0 0 3.6 0.2
0 0 9 0 0 0.2 7.8 0 0 0 0 0 0.2 0 0 0 3.8 0 0 0
0 0 0 0 0 0 0 0 0 0 0 0 0 0 0 0.2 0 0.2 0 10.6
0 11.2 0 36 21.4 0 0 1.2 7.8 0 0 0.2 12.4 6 11 49.2 0 0 10.6 9
0 0 0 0 0.2 0 18.8 0 0 0 0 0 0 0 0 0 0 0 0 0
51.2 0 5.8 0.4 0 0.2 1.8 10.8 16 47.2 0 61.6 4.6 18.8 12.2 0 13 20 0.4 0
0 0 3 0 0 0 0 0 0 0 0 0 0 0 0 0 0 0 0 0
0 0 6.8 5 1.2 1.4 0 2.8 15.6 0 0 0 1.2 0 0 0 0 0 0 18
0 0 0 0 0.2 4 4 0 7.8 0 0 0 0 0 0 0 0 0 0 0
0.2 0 0.2 2 0.2 1.2 3.8 0 0 0.4 0 10 0 0 0 0 0 9 0.4 9.4
20.8 4 0.2 0.2 0.2 1 0 3 3.4 0.4 0 20.6 5 4.8 4 0 11.2 15.4 22.8 2
17 0 0 0 0 0 0 0 0 10.2 0.2 5.2 3.2 0 0 1.2 0 5.8 0.2 0
12.2 0 0 0 0 1.4 0 0 12.4 12.2 6.2 0.2 0.6 0 0.6 13.8 3.4 3.2 2.8 0
0 0 4.2 0 0 11.4 0 0 0 0 0 0 0.4 0 0 0 0 0 0 0
0 0 0 4.8 0 0 3.6 0 0 0.6 0 0 0.8 0.6 0 10.4 0 0 0 0.2
0 5.2 0 15.4 2.4 0 0 0 0 0 0 0 0 0 16.6 25.2 0 0 12.2 0
0 0 20.4 0 0 0 0.6 0 0 0 0 0 0 0 0 0 0 0 0 0
0 0 36.2 0 0 3.4 23.6 8 0.4 0 0 0 0 36 9.2 0 0.2 0 0 0
0 7.8 0 22.6 26 11 0.2 0 11.8 0 0 14.8 27.8 12.8 7.6 0 2.2 0.2 0.2 1
10.4 0 4.4 0 0.6 12.4 0 0 0 1.4 0.2 7.4 0.2 0 0 32.8 0 8 19 0.2
0 0 37.8 0 0 40.2 0 0 0 0 0 0 0 0 0 0 0 0 0 0
0 0 0 0 0 0 0 0 1 0 0 0 0 8.8 1.2 0 0 0 0 0
12.4 0 0 0 0 0 10.2 0 0 0 0 0 0 9.4 1 0 0 0 0 0
0 0 0 0 0 0 0 0 0 4.6 7.6 8.6 0 0 0 0 3.2 0 0 0
0.2 0 0 0 0 5.6 0 0 0 0.2 0 11.8 1.4 29.8 3.6 1.4 0 11.6 23.4 0
0 0 6.2 0 0 3 0.2 0 0 0 2.2 0 0 1.6 6.8 9 0 0 0 0
0 8.6 0 29.8 4.4 0 0 6.8 6.8 30 5 0 2.8 0 9 12.2 0 11.4 0 10.2
8.4 10.8 0 0 0 0 5.8 4.6 0 4 0 0 18 0 0 0 1 17.8 0 3.6
0 25.2 0 19.4 34.4 0 0 0 7 0.4 0 6.2 0.6 0.2 14 0 0 0 18.4 22.2
26.6 1.2 0 0 0 0 0.2 0 0.2 0 17.2 4.2 9.6 0.6 0 1.4 10 20.4 1.4 0
13.8 3 8 0.4 0 0 0 0.6 0 10.6 14.4 0 6.2 0 0 7.2 6 0 8.4 1.4
0 15.4 0 0 17.8 0.6 20.8 5.8 0 0 8.8 3.6 0 12 16.4 2.8 10.2 0 0 10.8
0 0 0 0 0 0 0 0.4 0 0 0 0 13.4 19.2 6 0 0 0 0 0
0 0 1.8 0 0 23.2 0 0 0 0 0 0 0 0 0 0 0 0 0 0
16 0 0.2 6.4 6.2 0 21.8 27 3 10.8 0 13.8 0 0.2 6 0 20.6 19 0 0
0 27 0.4 2.4 10.4 7.4 0 9.6 8.2 17.6 0 0 0 0 25.4 0 0 13.8 0.2 28.6
6.6 0 7.6 0 0 4.6 0 0 7.4 0 0 0 1.2 0 8.8 34.8 0 4.6 0 13.4
46.2 6.4 0.2 25.2 0 6 0 16.2 0 36.8 3 9.8 15.8 0.4 0 20 0 0 0.6 8.4
0 0 18.4 0 0 0 0 0 0 0 0 0 0 10.4 9 0.2 0 0 0.8 0.2
0.4 0 0 0 7 0 0.4 0.4 0 32.6 1.2 0.8 5.6 0 0 0.2 0 3.6 0 12.8
0 0 2.6 0 0 9.4 0 0 0 0 0 0 0 0 0 0 0 0 0 0
0 0 0 0 0 15 0 0 0 0 0 0 0 0 0 0 0 0 0 0
0 0 6.6 0 0 6.4 0 0 0 0 0 0 0 0 0 0 0 0 0 0
0 0.4 9.8 0 0 0.2 2.4 0 0 0 0 0 0 0.6 0 0.2 0 10.4 0 0
0 0 0 0 0 0 0 0 0 0 0 0 0 0 13 0 0 0 0 0
0 0 8.6 7.6 12.2 0 0 0.4 19.6 24.4 7.2 8.2 0 9 0 20 0 12.2 12.4 10.2
0 0 16.8 0 0 0 0 0 0 0 0 0 0 0 0 0.2 0 0 0 0
0 0 0 0 0 0 0 0 0 0 0 0 0 0 0 0 0 0 10 0
0 0 3 0 0 0 0 0 0 0 0 0 0 3 0 0 0 0 0 0
0 0.2 0 0 0 0 0 0 0 0 0 0 0.4 25.4 0 0 0 0 0 0
0 0 39.6 0 0 5.4 0 0 0 0 0 0 0 0 0 0 0 0 0 0
0 0 11.6 0 0 0 0 0 0 0 0 0 0.2 1.2 0 0 0 0 0 0
0 0 0 21.4 0 10.6 0 0 0 4.8 0 13.2 12.4 8.4 0 1 0 1.6 0 5.6
9 0 0 0 0 0 0 0 0 21.6 0 1 1.4 0 0 0.6 0 0 10.4 0
6.6 0 9 0.2 0 0 0.6 0 11.4 0 6.2 11.2 0 0 12.8 0 5.2 0 0 8.8
21.2 14.2 4.6 19 5.4 2 6.4 23.6 32.4 0 12 34.6 20.6 1.4 4.8 6 0.2 10 0 0.6
0 0 0 0 0 0 9.8 0 0 0 0.8 0 0 8 2.4 1 0 0 0 0
0 0 4.4 0 0 6 5.2 0 0 0 0 0 0.2 18.2 0 0 0 0 0 0
7.6 0 0 0 0 0 5.8 11.2 0 1 12.4 10.6 0 0 0 0 9 42 20.4 0
0 0.4 0.8 0 3 0 0 0 2 0 0 0 0 0 0.4 12 0 0.4 0 0
0 0 14.6 0 0 9.4 0 0 0 0 0 0 0 0 0 0 0 0 0 0
0 4.8 0 0 0 3 0 0 0 0 0 2 0 9.4 0 4.8 0 7 0 0
0 0 16 0 0 0 0 0 0 0 0 0 0 0 0 0 0 0 0 0
13.2 0 23.2 26.8 36 0.6 7.8 0 0 20.8 1 17.8 19 0 21.2 0 7.6 8.8 0 26.2
16.4 0 0 8.4 12 0 8.6 0 17 0.6 1 10.8 0 0.2 11 24.4 4 3.6 6 0
0 0 0 0 0 14.6 0.6 0.2 6.8 0 0 0 5.6 23.2 18 0 0 0 0 0
20.8 0 6.2 0.2 0 0.2 4.8 22 0.2 6.4 21 27.4 0 7.2 0 27.4 27.2 0 0 0
15.4 3 0 0 12.2 0 0 0 0 0 8.8 0.2 0 0 5 43.4 0.2 0 3.4 14.4
59.4 13.2 26.6 5.4 0 4.4 29.2 2.4 20.8 0.6 29.8 13.8 14 4.4 3.4 16.4 44.4 0.4 16.4 7
0 0 0 0.4 0 0 2.4 0.4 0 17.4 6.4 8.8 0.4 0 0 10.4 0.6 0.8 0 0
1.4 0 13.4 0 0 0 0 0 0 0.2 4.6 0 0 0 0 12.4 6 0 0 0
0.2 0 17.6 0 0 0 10.8 0 0 0 0 0 0.2 20.2 15 0 0 0 0 0
2.2 0 0 1.8 22 0 0 0 6 17.2 0.4 0.2 1.2 0 5.2 0 0 10.6 0 36.2
0 0 4.8 0.2 6.4 0.4 0 0.2 0 0 0.2 4 17.4 12.6 0 7 0 5.2 0.2 11.2
0 0 0 17.6 6.2 0 12 22.2 0.2 0.2 0 38.2 3.6 0 0 0.6 20.4 15.6 0 0.2
0 0 0.2 0 0 14.8 0 0 0 0 0 0 0 0 0 0 0 0 0 0
0 9.6 0 17.6 38.4 5.2 0 0 0 27.2 0 0.2 0 0 7.8 0 0 0 9.4 5.6
0 11.4 7.4 0 0 3.6 0 0 0 0 0 0 0 0 0 8.4 0 0 0.2 0
0 0 12 0 0 0 0 0 0 0 0 0 0 0 0 0 0 0 0 0
10.6 4.2 10.8 14 0 3.8 5.4 0 0 0 0 0 35.6 11.8 6.8 0.6 0 1.2 0 0.2
0 0 0 0 0 2.4 0 0 0 0 0 0 0 0 8.8 0 0 0 0 1.8
0 0 0.4 0 0 3.6 0 0 0.2 0 0 0 0 26.2 0.6 0 0 0 0 0
0 21 0.6 9 43.2 0 0 0.2 17.2 0 4.8 50.8 27.6 0 29.8 0.4 8.4 0 18.2 14.8
0 0 3 0 0 0 0 0 0 0 0 0 0 23.6 27.2 0 0 0.2 0 0
23.4 3 0 0 0.2 0 0.4 12.4 0 0 0 0 0 0 0 11.2 7.8 5.6 0 2
0 0 0.4 0 3.6 5 0 0 0 5.6 0 28 11.8 1.6 7.2 22.8 0 0 0 0
4.2 0 10 0 0 0.2 5.6 0 0.4 0.2 0 3.4 0 16.2 0 0 0 0 0.8 0
6.2 0 13 0 0 4.4 1 0 0 0 0 0 0 0 0 0 3.6 0 18.8 0
0 0 19.4 0.2 0 0 11.6 0 0 0 8.6 0 0 0 5 0 0 5 0.2 0
0 0 0 0 0 0 11 0 0 0 0 0 0 0 0 0 0 0 0 0
0 0 0 4 0 0 0 0.2 0 9.4 0 8 0.2 0 0 0.6 6.6 24.8 0 4.2
3.6 0 3.2 0 0 3.6 6.4 0 0 8.2 0 0.2 14.8 0 18.6 0.4 0 0 0 0
17.4 12.2 0 10 18.2 0.2 11.6 29.4 0.2 36.8 14.8 0.2 30.4 1.2 2.4 0 24.8 0.8 26.4 3
0.8 0 0 0 0.6 0 0 0 0 0 4.2 13.6 0 0 1.4 4.4 0 27 11.6 2.4
0 0 0 0 0 0 0 0 0 0 0 0 0 12.8 0 0 0 0 0 0.2
0 0 8.8 0 0 7 0 0 0 0 0 0 0 0 16 0 0 4.2 0 0
0 0 0 0 0 0 0 2 0 0 7 0 0 0.2 0 0.6 29 0.2 0 0
0 5 0 11.6 0 0.4 0.4 0.2 0.2 13.4 13.8 0.2 16.4 0.2 0.6 17.6 17.4 0 0 14.6
37.8 0 0 5.6 0 0.2 7.2 0 4.8 0 15.4 0.8 6.4 0.4 0 0 0 25 15.4 0
24.8 0 0.2 0.2 0.4 0 0 0 0 17.8 2.4 0.4 0 0 0 0 12.8 18 0 0
0 0 0 0 0 0 5 0 0 0 0 0.8 0 35 0 0 0.2 0 0 0
0 0 6.4 0 0 4.6 0 0 0 0 0 0 0 0 0 0 0 0 0 0
2.4 0 0 0 0 0 0 0 0 4.2 12 0.2 0 0 0 0.2 4 0 0 0
0 0 0 0 0 0 7 0.6 0.4 0 0 0 0 6.8 0 0 0 0 0.2 0
0 0 0 0 0 0 0.2 0 0 0 0 21.6 0 0 0 0 0 0.2 0 0
0 0 27.6 0 0 0 0.6 0 0 0 0 0 0.4 5.2 0 0 4.2 0 0 0
0 0.2 0 9 0 0 0 0 0.4 0 0 1.2 0 0.6 0 1.2 0 6.4 0 0
0 0 0.2 0 0 0.2 1.8 0 0 1.4 0 0 0.6 11.2 3.8 1.4 0 0 0.4 4
0.2 0 0 12.8 36.2 0 0 7.8 3.8 0.2 0 19.2 17.6 0.6 13 50.2 0 0.2 1.8 18.2
0 0 3.8 0.2 0 0.8 0.4 0 0 0 0 0 0 12.6 0 0.2 0 0 0 0
0 2 0 0 0 0 0 0 11.2 20.4 0 0 0 0.2 0 0 0 0 10.2 0
0 0 0 0 0 13.2 0.2 0 0 0 0 0 0 30.8 14.8 0 0 0 0 0
0 0 0 0 0 0 0.4 4 0 0 0 0 0 21.2 0 0 0 0.6 0.8 0
0.2 0 0 0 0 3 7.2 0 0 0 0 0 0 21.2 11 0 0 0 0 1.4
13.2 0 0 0 0 0 0 4.8 0 0.2 5.8 0 0 0 0 0 0 0 0 0
0 1.8 0 17.2 0.2 0 0 0 0 0 0 0 0 8.2 0 0.6 0 0 0 0
7.4 0 0 0 0 0 0.2 10.8 0 0 10.4 0 0 0 0 0 26.8 0 0.2 0.2
0 30.8 0 35.6 33.8 0 0 0 0 0 0 0 9.6 3 9.2 2.8 0 1 0 0.2
0 0 31 0 0 46.8 0 0 2.6 0 0 0 0 0.2 0.4 0 0 0 0 0
0 10 0 23.4 24 5.6 0.2 0 20.4 0 0 0 7.2 10.8 11 0 0 0 2 44.4
0 0 6.8 0 0 26.2 0 0 0 0 0 0 0 0 0 0 0 0 0 0
0 0 0 0 0 0 12 0 0 0 0 0 0 19.2 2.8 0 0 0 0 0
0 0 3.2 0 0 0 3.6 5.8 14.8 0 0 24 0 0 0 0 14.2 0 5.4 0
0 9.4 27.6 0 15.2 12.4 49 17.8 0.8 4.2 1 29.8 28.4 13 12.2 21.6 29.2 2.2 45.2 0
0.2 0.2 0 2.2 12.8 0 0 0 1.4 0.8 0.4 41.4 2.6 17 19.8 0 0 0 0.4 21.8
0 0 0 0 0 0.8 7 0 0.2 4.2 0.4 0.2 0 9.8 0 0 0 1.6 0.8 0
0 0 0.2 0 0 5.8 1.4 0 0 0 0 0.2 8.6 53.6 16 0 0.2 0 0 0
0 0 0 0 0 7.8 0 0 0 0 0 0 0 6.6 2.6 0 0 0 0 0
0 0 0 0 0 6.8 0 0 0 0 0 0 0 25.6 4.6 0 0 0 0 0
0 0 12.8 0 0 0 0 0 0 0 0 0 0 0 0 0 0 0.2 0 0
0 0 2.6 0 0 6 0 0 0.2 0 0 0 0 0 11.2 0 0 0 0 0
0.6 11 0 14.6 12.6 0 0 0 0 0 0 0 0 0 0 0 0 23.2 0 0
0.6 4 0.2 0 0 0.8 7.2 0.2 0 0 0 0 11.4 0 7.6 5.6 0 7.6 36.8 24
0 0 12.4 0 0 8.4 0 0 0 0 0 0.2 0 16 0 0 0 0 0 0
0 0 0.2 0 0 9.4 0 0 0 0 7 0 0 0 0 20.2 0 0.2 0 0
0.2 11.2 0 0 0 0 0 0 0 0 0 0 0.4 4.8 0 0 0.4 0 0 0
0 0 7.8 0.6 9.2 1 3.2 0 0 0 0 18.8 0 0 11.2 2 3 0.2 10 0
4.6 0 0 14.4 0 9.8 5.8 10 16.8 0.2 0 42.2 38.4 14.4 33.6 0 0.6 0.2 23.6 11.4
5 0 3 0 0 0 0 0 0 8.4 0 0 0 0.2 0 0 15.4 0 0 0
46 0 14.2 0 0 0 0 8.8 1.4 0 0 40.2 0 1 0 0.2 16.8 1.2 1.2 4
0 0 1.2 0 0 5.8 0 0 0 0 0 0 0 0.2 0 0 0 0 0 0.8
10.6 0 5 0 0 0 2.2 0 0.2 0.2 0 39.8 0 0 0 29.6 0.2 0.2 0 0
0 0 38.4 0 0 4.6 0 0 0 0 0 0 0 0 0 0 0 0 0 0
0 0 0 0 0 0.4 0 0 0 0 0 0 0 7.6 0 0 0 0 0 7
5 0 2 3.8 0 0 5 0 6.6 3.8 0 0.2 0 0 0 0.4 0 6.2 12 0
0 0 0 0 0 0 0 0 0 0 0 0 0 0 0 0 7 0 0 0
0.2 0 4.4 0 0 4.6 0 0.6 7.4 0 27.4 25.8 0 0 0 0 11.6 0 12 0
0 0 16.8 0 0 27.2 0 0 0 0 0 0 0 0 0 0 0 0 0 0
21.4 28.4 1 0 0 0 0 0 0 0 6.6 5.6 0 0 1 0 0.8 2.2 0 0
0 16 0 9.6 24 0 0 4 2.2 0 7.8 15.6 15.8 0.2 10.6 18.2 0.8 25.2 0.2 19.6
0 0 3.6 35.2 3.2 4.6 0 0 0 0 0 0 2 0.6 7.8 0 0 0 0 0
0 29.6 0.2 0 0.4 8.2 0 0 0.2 0 0 0 0 7.8 9.8 21.8 0 0.2 0 22.8
0 9.2 0.2 21.6 24.4 6.8 0.6 0 1 0.2 0 0.2 14 13.2 0.2 0.2 0 0 0.2 46
0.4 15.6 0 17 16 0 4 0 5.4 34.4 0 0.4 8.2 4.6 11.4 40.8 11 0.4 15.4 26
0.4 0 0 0 0 0 2 4.2 2.6 0.8 0 0.2 0 2.8 0 0.4 0 0.2 15.4 0
0 0 13 0 0 11.4 21.2 0 3.4 0 0 0.4 7.6 55 26.6 0.2 0 0 0 0.2
14 0 0 0 0 0 0 0.4 0 0 0.4 15.4 0 20.8 0.2 30.8 0 0 12 0
0 0 7.8 0 0 5.2 0 0 0 0 0 0 0 0 0 0 0 0 0 0
0 5.4 1.8 36.8 18 0 0 10.4 4.8 17.4 0 21.6 0 17.8 3.8 0 0 24.2 0 0
0 0 30.6 0 0 13.4 0 0 0 0.4 0.2 0 0 0 0 0 0 0 0 1.4
0.2 0.2 0 0 5.6 15 12.8 0.2 4.8 0 0 28.6 32.2 0.6 0 21.8 0 18 0 5
0 0 0 3.2 0 11.8 0 0 2.4 0 0 25.4 5.4 27.4 19.8 15.4 2.6 0 9.6 0
0 0 6.4 0 0 3.6 0 0 0 0 0 0 0 0 0 0 0 0 0 0
0 0.4 0 5 25 0 0.2 0 2.6 0 0 0 6.4 1 0 71.2 0 0 0.4 0.8
3.2 0 0 0 0 4 0 0.8 0 0 0 12.8 1.6 0 2.6 0 3.8 0 0 0.2
0 0 8.6 0 0 10 18.4 0 0 0 0.4 0 0 67 20.6 0 0 0 0 0
0 0 4.6 0 0 13.2 0 0 0 0 0 0 0 8.2 0 0 0 0 0 0
0 0 0 0 0 0 21 0 0 0 0 0 0 0 5 0 0 0 0 0
0 0 0 0 0 4.6 8.2 0 0.6 0 0 0 0 40.4 25.4 0 0 0.2 0 1.6
0 0 0 18 0 0 0 0 0 7.8 0 0 9.8 0 2.4 8.8 0 0.2 1 0
18.8 0 0.8 0 20.2 0 0.2 8.8 0 29 11 6 0 0 0 0 31.8 0.4 0 0
0 0 34.6 10.4 7.2 0 0 6.8 0 0.2 22 0 35 0 3 0.2 0 0 15.6 0
8.4 0 6 0 0 2 0 0 0 0.8 11.8 0 0 0 0 0.8 7.6 13 4.2 3.4
4.2 17.8 0 16 56.4 0 0 7.4 11.8 0.4 6 9.4 9.4 0 34 14 0 0.2 0.4 89.6
29.4 25 0 13.8 23.4 0.2 7.2 0 0 36 30 0 37.8 7 9.6 0 0.2 0.4 3 0
0 0 0 0 0 15 0 0 0 0 0 0 0 19.2 5.8 0 0 0 0 0
22.4 0 1.8 0 0 1.4 6.4 38.2 0 7 9.4 11.2 0 0 0 0 17.2 16 33 0
0 0 12.8 0 0 7.2 0 0 0 0 0 0 0 0 0 0 0 0 0 0
0 0 0 0 14 0 0 0 8.2 0.6 0 6.8 2.2 3 6.6 33.8 0 0 1 0.8
0 54.6 0 54 13.4 0.6 8.6 0 10.8 28.2 0 0 4.6 0 21.4 0 0.4 0 14.2 38.2
0 0 0 0.2 0 0 0 0 0 0 0 0 0 38.4 0.2 0.2 0 0 0 0
31 33.8 9.8 22.2 36 0 4.2 4 0 42.4 0 0.4 0 0 17.8 24 0 0.6 0.2 23.6
0 0 0 0 0 3.8 6 0 0 0 0 0 0 0.2 0 0 0 0 0 0
0 0 20.2 3.8 0 0 0 0 0 0 0 0 0 4.8 0 0.2 0 0 0 0
5.2 21.8 4.4 25.2 33.2 8.8 0 8 0 28.2 6.8 6.4 21.4 7.2 0.2 0.4 4.6 20.8 7 11.4
0 0 0 0 0 10 0 4.4 6.2 0 13.2 4.4 0 25.2 7 31.6 8.4 0 27.6 0
5 28.8 47.2 17.4 19.6 24.2 41.8 40.6 21.6 28 59.2 72.4 46.2 26.6 7.4 0 50.6 6.8 0.4 4.2
0 0 13.6 0 0 0.4 0 0 0 0 0 0 0 0 0 0 0 0 0 0
0 0 8 0 0 0 0 0 0.4 0 0 0 0 19.6 0 0 0 0 0 0
0.4 0 0 0 0 0 2.6 0 0 0 0 10.4 5.2 14.6 0 0 8.2 0 5.6 0
44.6 20.8 5 1 33.6 0 0.2 26.6 12.2 14 0.2 0 0 0 0.2 26 0.4 8.6 3.2 5.4
11 12 0 11.8 10.2 12.4 0 0 0 14.4 0 0 4.8 0 2.2 38.4 0 0 1.2 10.6
0.6 7.8 6.2 0 0 0 0 2 0 0 19.8 2.8 5.4 0 7.6 44.8 7.4 17.4 9.6 10.6
0.2 0 0 0 0 0.2 15.4 0.4 0 0 0 0 0 6.6 3.8 0 7.4 0 0 0
0 0 0 0 0 18.6 10.8 4.2 10.8 0 0 21.2 35 39 17.2 0 0 20.2 0 0
43.6 0 0 0 8.2 2.8 15.8 31.2 1 0 0 41 0 0.2 0.2 0 0 3.6 36.4 0
0 0.2 0 0 1.6 2.6 0 0 12 9.2 7.4 20.2 18.2 9.4 12.4 10.2 0 0 46 21.6
75.4 4 0 0 0 0 16.8 11.8 15.6 18.4 2.6 38.6 0.2 2.2 26.4 0.2 13.2 37 41.6 0
0 0 9 0 4.6 0 0 0 0.2 1.4 6.2 29.2 0 0 0 0 3.6 0 0.8 0
0 0 24.8 0 0.2 4.2 3.2 4.8 0 0 0 0 0 6.8 0 0 0 0.8 0.2 0
0 0 0 0 0 6 9.2 6.6 0 19 13.4 0 0 0 2.8 1.4 11.4 1 36 1.2
26.6 0 0 0 0 0 0 0.2 0.2 3 18 0 0 0 0 0 0 0.2 2.2 9.6
0 24.2 0 52.8 6 0 0 1 0 0 0 0.2 5.4 3 5.2 12 0 3.8 2.4 0
0 0 8.6 0 0 0 3.8 0 0 0 0 0 0 19.8 2.6 0 0 0.2 0 0
0.2 0 23.8 0 0 6.8 0 0.2 0 0 7.2 0.2 1 0 0 0 0 0.6 0 0
0 0 0 0 0 19 0 0 0.6 0 0 0 0 30.6 14.8 0 0 0 0 0
0 0 17.8 0 0 1.8 0.2 14 0 0 0.2 4.8 0 0 0 0 0 0 0.2 0
0 0 18 0 0 17.2 0 0 0 1 0 0 0 0.2 8.2 9 0 10.6 4.8 0
0 0 1.2 0 0 27.8 0 0 0 0 4.2 0 0 28.8 0 0.2 0 0 0 0.8
0 0 0 0 0 0 3.8 0 0 0 0 0 0 27.8 0.2 4.2 0 0 0 0
0 4 0 0 0 8.2 0.2 0 0 0 0.2 9.4 9.6 0.8 0 2.4 0.2 0 26.2 5.8
0 0 0.2 0 0 0 12.2 0 0 0.6 0.2 6.8 4 0 0 0 0 0 0 0
0 0 19 0 0 13 0 0 0 0 0 0 0 0 0 0 0 0 0 0
0.4 27.2 0.8 39.4 73.4 20.8 0 14 18.6 3.2 0 16 64.4 10.2 30.8 0 0 28.4 14.2 36.2
5.4 0 35.8 0.2 0 16 0 0 0 0 2 7.6 0 0 2.8 0.4 0 0.2 0 0.6
0 0 0 9.8 13.8 0 0 0 8.4 7.8 0 0.8 0.2 0 18 0 0 0 20.4 29.8
0 0 2.6 0 0 4.2 0 0 0 0 0.2 0 0 0 0 0 0 0 0 0
0 0 0 0 0 0 0 0.4 0.4 7.4 0 41.2 0.2 0 0 8 0 0 22.8 5.6
0 0 0 0 0 20 0 0 0 0 0 0 0 0 0 0 0 0 0 0
0 0 34 0 0 0 0 0 0 0 0 0 0 0 0 0 0 0 0 0
0 0 0 0 0 11.6 0 0 0 0 0 0 0 28.8 8.4 0.2 0 0 0.4 0.6
0 6.8 0 8.8 19 0 0 0.2 10.8 21.6 0 26.2 14.2 0 13 0.8 0.2 0 0 9.4
0 0.6 0 0 0 0.4 0 0 0 26.8 4.4 0.6 0 0 0 0 0.2 0 0 0
0 0 0.2 0 0 11.6 0 0 0 17 0 0 0 14.2 8.8 0 0 0 0 0.2
12.4 3.8 6.8 4.6 13.2 0 0 3.4 0 12 0 36.2 8.6 0 18.6 32.8 0 30.4 0 0.2
55.6 0 0 7.2 0 0 0 0.2 0.4 50.2 16.6 0 0 0 0.6 29.4 2.6 16.4 0 15.8
0 0 15.4 0 0 10.4 3.2 0 0 0 0 0 0 0 0 0 0 0 0 0
0 0.2 25 0 0 0 5 0 0 4.4 0 0 0 5.6 0 10.2 0 0.4 0 0.2
0 0 4.8 0 0 27.8 0 0 0 0 0 0.2 17.6 37.6 32 0 0 0 0 0
28.8 0 0 0.2 0 1.8 0 0 0 10 12.4 0 0 9.2 0 36.4 0 0 28.2 0
0 0.2 14.2 0 0 7.6 54.6 4.2 0 11 0.2 1.2 0 24 23 0 1 7.4 0.4 3
0 0 0 0 3 0 0 0 0 0 0 3.6 0 0 0 11 1.2 0 14.2 0
0 0 30.8 0 0 0 0.2 0 0.2 0 0 0 0 0.2 0 0 4.6 0 0 0
0 0 3.4 21.4 0 13.4 0 0 0 0 0 0 0 0 0.4 0.4 0 0 0 0
0 0 0 0 0 0 0 0 0 0 0 0.2 0 55.8 8 0 0 0 0 0
27 0 15.4 2.2 0 0 3.2 0 0 29.8 6.2 0 0 0 0 1.2 0 11 4 0
0 0 0 32.8 20.8 0 0 0 0 0 0 0 0 0 23.4 46.4 0 0.8 0 31.8
0 0 0 0 0 5.8 0 0 0 0 0 0 0.6 23 12.6 0 0 0 0 0
31.4 0.2 26.4 8.2 3 0 52 41 12.6 25 13.4 25.6 1.2 0 0 0 25 0 1 0
0 0.2 9 0 0 4 3.8 0 13 0 0 0 0 48 27 0 0 0 0 0
0.2 19 0 18.6 26 0 0 1.8 0 0 0 9 35.4 0.2 3.8 39.4 0 4.8 8.8 0
8.6 0.2 18 0.2 3 12 0.4 4.2 0 16.6 0.4 0 0.4 0 0.4 14.6 0 21.4 0 5.6
0 5.8 22.8 0 0.8 0 14.2 29.2 28 0 38.4 23.8 5 0 0 63.6 21.8 0.4 19.8 24.4
9.4 1 0 15 39 0 0 0.6 19.6 3.2 0 0 0 0 0 39.8 8.6 0.4 0 82.4
0 0 42.8 0 0 0.2 0 0 0 0 0 0 0 0 0 0 0 0 0 0
0 0 0 0 0 0 0 0 0 0 0 0 0.4 31.8 18.8 0 0 0 0 0
0 6 0 10.4 8 0 0 0 0.2 15.4 0 0 56.2 0 13.6 36.8 0 0 8.8 7.6
83.2 0.4 0 0 0.2 0 0 9.2 24.8 64.2 4.8 3.6 8.2 0 10.8 65 0 16.4 0.6 51.6
0 0 16.8 0 0 32.6 5 0 0 0 0 0 0.2 26.2 44.2 0 0 0 0 0
0 0 10.2 0 0 0 0 0 0 0 0 0 0.4 17.8 25.6 0 0 0 0 0
0 0 0 0 0.2 1 5.8 0.2 0.8 0 0 7.4 1 1 11.8 39.8 0.6 0 0 0.4
0 0 36 0 0 0 0 0 0 0 0 0 0 0 0 0 0 0 0 0
0 7.2 26.4 0 25.6 38.4 0 0 0 0 17 26 0.2 15.6 0.6 44 5 2 0 0
0 0 0 0 0 7.6 0.2 0 0.4 0 0 0 0 18.6 7.2 0 0 0 0 0
0 0 2.8 0 0 3.4 0 0 0 0 0 0 0 0 0 0.8 0 0 17.8 0.2
0 0 45 0 0 27.4 0 0 0.6 0 0 0 0 0 0 0 0 0 0 0
0 0 11 0 0 4.6 6.6 0 0.4 0 0 0.2 0 14.2 0 0 0 0 0 0
0 0 6 0 0 1.8 0 0 1.2 0 0 0 12.2 4.8 2 0 0 0 0 0
0 47.2 0.2 55.4 60.6 1 0.4 0 1 46.8 2.8 2.4 37 0 48.4 15.4 6.8 0.4 45.6 16.4
0 0 0 0 0 0 17.8 0 0 0 0 0 0 21.8 5.4 0 0 0 0 0
0 0 14 0 0 17 0 0 0 0 0 0 0 0 0 0 0 0 0 0
0 0 9.6 0 0 5.6 1 0 0 0 0 0 0 41.6 0 0 0 0.2 0 0
40 1.4 0 0 0 0.2 0 0 0 23.6 0 0 0 0 0 29.8 12.6 0.2 0 9.2
0 0 12 0 0 10 0 0 0 0 0 0 0 0 0 0 0 0 0 0
0 0 6.6 0 0 0 43.6 6.4 0 0 0 0 0 38.8 28.6 0 0 0 0 0
20.6 0 0 0 0 0 0 0 0 0 0.2 0.2 0 0 0 47.2 7.6 0 0 0.2
0 0 0 0 0 0 32 0 0 0 0 0 0 36.8 0 0 0 0 0 0.2
0.2 0 0 0 0 1.6 13 0 0 0 0 0 0 18 1 0 0 0.2 0 0
0 0.2 0 0 0 0 4 0 0 0.6 0 19.4 0 0 0 0 0 1.2 26.6 0
0 0 0 18.2 9.4 0 0 8 0 35.2 0.4 0 28.4 0 9.4 44.6 0 0 45 0.4
1.8 0 21.4 0 0.2 0 0 0 0 0 0 0.2 0 0 0 15.4 0 19 0 0
0 0 17.8 0 0 10.2 0 0 0 0 0 0 0 0 0 0 0 0 0 0
9 2.4 0 0 18 0 0 0 12.2 0 0.2 10.6 22.6 0.2 14.6 31.4 0.8 35 0 3
0 0 0 0 0 0 3.6 0.2 0.2 0 0 0 0 27.8 1.2 0 0 0 0 0
0 0 27.8 0 0 0.6 5.4 0 0 0 0 0 0 8.2 0 0 0 0 0 0
0.6 0 11.8 0 0 0 0 0 0 0 0.2 0.4 7.8 11.2 0 0 0 15 0 0
2 0 0 0 0 0 4.4 0 0 10 0 1.8 0 0 0 33.4 0.4 9 0 0
0 0 0 26.4 0 0 0 0 0 0 0 0 0 0 6 34 0 8.4 3.2 0
79.2 3 33.8 0 27 0 23.2 40.6 14.8 19.4 20.8 28.2 0 0 0 24.2 46.6 59.4 17.8 50
10.4 0 0 0.2 0 11 0.2 0 2 4.6 18.2 39.8 0 0 0 0.2 5.6 0.2 51.6 0
21.2 22 0 39.4 44.2 8.4 0 0 9.8 74.6 0 44 1.2 28.8 31.6 1.6 0 3.6 2.8 52.8
0 0 20.6 0 0 20.4 0 0 0 0 0 0 0 0 0 0 0 0 0 0
12.8 6.4 21.4 29.6 25.2 0 2.2 15.4 7.6 14.2 11.2 2.8 15.4 0 0 67.8 0 0.6 0 26.4
0 1 59.8 0 0 17 4.2 0 0 0 0 0 0 0 0 0 0 0 0 0
0.2 0 0 0 0 7.8 5.4 0 0 49.6 0 0 0 0 0 1.2 0 27.8 0 0
0 0 7.2 0 0 0.2 0 0.2 0 0 0 0 0 34 9.4 0 0 0 0 0
0 0 19.2 0 0 22.8 0 0 0 0 0 0 0 0 0 0 0 0 0 0
0 5.4 3 26.4 8.6 0 0.6 0 3.4 0 0 0 0 16.6 14.6 21.4 0 0 17 9
0 22.8 0 40.2 0 29 0.2 0.2 0 0 0 0 33 20.2 2.6 37.2 0 18.4 22.2 0
65.4 58 36.6 35.6 12.4 20.2 40.2 10.6 0 65.4 33.8 0.4 69.2 31.6 15.4 0 16.6 0.6 16 16
0 0 9.4 0 0 0 0 0 0 0 0 0 0.2 21.8 28.6 0 0 0 0 0
0 0.2 7.6 0 12.4 3.2 0 0 15.2 0 0 0.2 0 0 5 0 0 0.2 3 0
0 5 0 0 1.2 6.2 2.8 0 0 4.4 0 0 0 40.6 11.8 0 0 0 0 0
0 0 1.4 0 0 0 14 5 0 0.2 0 0 0 0 5 0 0 0.8 4.6 0
7.8 8.2 0 0.2 12.4 0 10 18.8 7 18.6 0 0 0 0 0 10.6 33.4 15.2 31.8 8
0 4.8 0 0.2 7.8 0 0 0 0.6 0 0 9.2 0 49 37.2 48 0.2 9.6 0.2 17.2
0 0 0 0 0 0 2 0 0 0 0 0 0 0 0.2 0 17.4 0 14.4 0
54.2 13.8 0 0 41.4 0 0 0 0 46.8 0 0 0 0.2 0 16.6 0 30.6 1 10.4
16.4 0 0 0 0.2 2.8 4 0 4 13.4 0 0 0 1.2 0 0.8 0 0.6 8.6 0
0 0 15.2 0 0 0.4 6 0 6.2 0 0 0 0 43.2 1 0 0 0 0 0
0 0 0 0 0 0 0 0 0 0 0 0 0 15.8 15.2 0 0 0 0 0
0 0 6.4 0 0 22.8 15.2 0 0 0 0 0 0 47.4 0 0.2 0 0 0 0
0 0 6 2.8 1.4 5 4 0 0 0 0 0.2 0 0.2 0 33 10.6 0 18.4 10.4
0 0 12.2 0 0 16.8 0 0 0 0 0 0 0 0 0 0 0 0 0 0
0 11.6 0 25.2 0.2 6.2 5.6 50.2 0 0 16.8 0 0.4 0.4 1 0 35.8 28.8 23.6 11.2
14.2 38.6 0.4 43.4 28.4 0.4 0 3.4 0 32 0 5.8 8.4 0 9.8 2.4 0 3.4 0 7.4
0 0 31.2 0 0 3.8 0 0 0 0 0 0 0 0 0 0 0 0 0 0
24.6 31.8 0 0 0 3 0 0.6 0 30.6 0.2 0 3.6 0 6 0.2 0 7 17.4 0
0.2 0 0 0 0 0 0 0.2 0.2 0 0 21.2 12.2 0 0 1.4 3.6 0 1 0
0.2 0 0 0 6 0 0 0.2 0.2 0 0.4 34 33.8 0 0 8 0 0.2 2 0
0 0.2 0 3.2 0 11.2 0 0 0 0 0 0 0 19.8 4.2 7.2 2 0 0 7.2
10.4 1.2 6.8 2.4 2.8 1.8 0.2 0 3 32.8 0.2 0.2 0.4 0 0 15 0 0.8 0 0
0 0 6.8 0 5.2 0 0 0 0 5 1 23.2 0 0.2 0 0 0 26 0.6 0
0 0 66.4 0 0 40.2 24.6 6.8 5.4 0 0 0.4 0.6 66.2 7.4 2 6.6 0 0 0.4
0 0 22.2 0 0 35.8 0 0 0 0 0 0 0 0 0 0 0 0 0 0
0 0 35.6 0 0 19.4 0 0 0 0 0 0 0 0 0 0 0 0 0 0
0.2 0.2 3.6 0 0 0 0 4 0 0 0 0.2 6 0 0 0 0 0 12.8 0
0 0 0.2 0 12.6 0.8 3 2 17.6 7.6 0 0.8 0 29.2 5.8 51.8 0 0.6 18.8 25.2
0 0 61 0 0 17.2 3.6 0 0 0 0 0 0 0 0 0 0 0 0 0.2
29.4 32.4 0 34.4 32.4 11.6 0 0 0 26.2 3 34.4 10.2 0 38.8 20.4 0 49.2 0 12.6
0 0 0 0 0 0 6.8 3.4 0 0 0 0.4 0 41 0 0 0.2 0 0.2 0
0 12.8 0 39.8 32.4 0 0 4.4 30.8 0 0 0 34.6 39 32.8 34.2 0 0 29.4 25.8
0 0 10.4 0 0 21.2 0 0.2 0 0 0 0 0 10 0.2 0 0 0 0 0
0 0 0 0 0 0 0 0 0 0 0 0 0 55.4 17.6 0 0 0 0 0
0 0 0 0 0 0 6.4 0 0 0 0 0 1.2 33.8 25.6 0 0 0 0 0
0 0 9.8 0 0 0 0.2 0 0 0 0 0 0 25.4 0 0.2 0 0 0 4.4
0 13.2 0.2 16 8.4 0 8.6 0.2 0 13.6 0 10.8 6.8 1.2 16.2 26.6 0 10.6 41.2 26.4
36 46.6 28.6 55.6 42.2 5 0 0.2 76.2 29.6 0.6 28.2 0 25.4 32.4 37.6 6.2 40 2.6 48
0 0 10.2 0 0 4.4 0.8 0 0 0 0 0 0 5.2 0 0 0 6.4 0 0
26.2 12.8 0 19.2 52.4 5.2 2 0 33.2 12.6 2.6 0 0 16.2 9.8 59 4 0.2 0 57.6
10.4 0 25.2 0.4 0 0 0 0 0 0 0 0 0 0 0 0 0 8 4 0
0 0 19.2 0 0 0 0 0 0 0 0 6.8 0 13 13.6 0 0 0 0.4 0
0 0 0 0 0 38 0 0 0 0 0 0 0 0 0 0 0 0 0 0
7.6 56.6 9.4 0 0.6 36 0 0 0 0 0.2 0 0 0.6 0 2.4 0 0 0.6 0
0 0 27.6 0 0 12.2 1.2 0 0 0 0 0 0 0 0 0 0 0 0 0
26.6 43.8 0 60.8 22 13.6 0 18.8 22.8 43.6 25.6 0.2 54.2 1.4 47.2 32.4 5.4 41.4 0 29.2
0.8 39.4 10.6 12 0 16.8 0 59 14.2 11.8 8 26.2 33 0 9 2.8 24.2 6.6 15 60.6
0 6.2 0 16.2 0 0 0 8 0.2 8.4 10.2 9.4 19.2 9.4 0 53.8 11 1.6 27 4.4
23.8 20 0.2 55 29.2 10.2 0 0 0.4 49.6 0 0 0.6 0 19 31.2 0 0 0.2 70.6
0 0 34 0 0 11.8 0 0 0 0 0 0 0 0 0 0.2 0 0 0 0
0 0 21.8 0 0 2.2 0 0 0 0 0 0 0 0 0 0 0 0 0 0
0 0 35.4 0 0 22.6 0 0 0 0 0 0 0 0 0 0 0 0 0 0
0 0 24.4 0 0 18.6 0 0 0 0 0 0 0 0 0 0 0 0 0 0
0 0 9.2 0 0 28.8 0 0 0 0 0 0 0 0 0 0 0 0 0 0
0 0.2 12.2 0 0 10.6 0 0 0 0 0 0 0 0 0 0 0 0 0 0
0 38 0 0 0 0 0 0 0 0 0 0 0 0 0 0 0 0 0 0
15.8 12.2 0 9.2 17.2 0 0 1 0 30.2 51.8 7.4 0 15.6 0 58.8 0 3.2 9 52.6
0 0 0 0 0 37 0 0 0 0 0 0 0 0 0 0 0 0 0 0
0 0 6.2 0 0 10.2 1.4 0 0 0 0 0 16.8 0 12.4 0 0 0 0 0
0 0 17.6 0 0 7.4 0 0 0 0 0 0 0 0 0 0 0 0 0 0
0 0 44 0 0.2 0.2 0.4 6.2 0 0 0 0 0 0 0 0 13.4 1.6 0 0
0 0 10.6 0 0 17.4 0 0 0 0 0 0 0 0 0 0 0 0 0 0
15.8 0 0 0 0 0 0 0 0.6 0 0 35 0 24.8 9 29.8 0.6 0.2 0 15.2
0 4.6 6.2 0 0.4 4 0 0 1.2 0 0 0 0 17 0.2 0.2 0 0 0 12.2
12 25.2 0 0.4 26.4 0 0.4 15.6 11.4 0.4 23.8 80.4 36.2 0 3.2 38.8 0 0 42.4 12.4
0 0 11.6 0 0 24.2 0 0 1 0 0 0 0 0.2 0 0 0 0 0 0
0 0 0 1.4 0 22.6 13.4 0 0 4.4 0 0 29.8 43 65 0 1.8 16.6 0 0
0.2 28.4 0 80.2 7.6 19.8 0 0 0 1.4 0 0.2 4.8 0.2 0 3.2 0 24.8 0 35.2
0 0 24 0 0 0 0 0 0 0 0 0 0 0 0 0 0 0 0 0
0.2 0 35.6 2.8 0 4.6 13.8 16.2 7 0 5.8 0 3 0 0 0.2 54.8 0 0 0
0.2 0 0 0 0 0 20 0 0.8 0 13.8 0 0 0.4 9.2 0.2 33.4 0 0 0
12.8 0 1.8 28 7.2 0 0 0 0.2 49 0 7.4 0 13.4 0 66.8 0 3.8 0.2 0.4
0 0 18 0 0.2 27 0.2 0 0 0 0 0 22 16.2 0 0 0 27 14.4 0
0 0 5.8 0 0 22.2 0.2 0 2.6 0 0 0 0 0.2 0 0 0 0 0 0
38.6 47 0 23.8 14.8 0 17.2 25.2 0.2 34.2 0 0 52.6 0.2 11 0 26.2 49.2 20.8 5
0 0 19.6 0 0 6.2 0.6 0 0 0 0 0 0 50.6 0 0 0 0 0 0
27.8 0.6 12.6 0 0.4 0 0 0 0 29.6 0 64.2 0 0 0 22.2 0.2 0 7.4 0
31.2 0.4 3.6 0.2 0 2 0 4.2 0 14.8 2.6 9.8 0 0 0 0 0.2 17 0 0
0.2 0 0 0 0 0 16 0 0 0 0 0 0 34.4 3.2 0 0 0 0.2 0
0 0 0.2 0 0 0.2 0 0 0.4 0 26 0.4 14 44.2 0 16 0 27.4 13.6 1.6
0 0 0 0.4 0 7 33.2 5.4 0 0 0 0 0 18.2 10.8 0 0 0 0 0
91.6 0 15.6 0.4 10 0 9 0 0 51.4 42.2 18 0 0 0 51.4 44 0 6.4 0
0 0 23 0 0 23 0 0 0 0 0 0 0 0 0 0 0 0 0 0
0 0 29.4 0 0 1.4 0 0 0 0 0 0 0 0.2 0 0 0 0 0 0
0.2 54 3.2 16.4 13.4 1.2 0 0 0 6.8 0 0.2 16 0.2 0 43.6 3.8 35.2 15 35.8
4 0 0.6 0.2 0 8.4 0 0 9.4 0 12.2 0.2 17.4 0 0 29.2 0.6 1.4 44.4 0
0 0 34.6 4.6 0 12.4 0 0 0 0 0 0 0 3.4 0 0 0 0 0 0
139.2 64.2 9.4 61.2 116.8 0.2 0 41 28.6 48.6 39.4 20.8 31.4 0 0 26.4 11.8 14.6 0 55.4
15 17.4 0 0 7.2 1.2 10.6 0 15.4 0.4 12.2 2.8 17.2 10 6.8 23 0 10.4 50.6 12.8
38.2 13.2 1.6 0.4 0 0 1 0 15.4 24 48 0 0 0 0.4 67.6 19.8 0 22 0.4
0 0 0 8.8 0.2 0 0 0 0 5.2 1.2 0 0 14.4 0 17.2 0 0.6 0 0.4
12.6 0 0 0 0 0 0 0 0 14.4 0 0.2 0 0 0.4 95.4 0 0 0 0
0 0 29.8 6.4 0 48.6 1.4 0 0 0.6 3.2 21.8 53.2 21.2 69.2 19.4 3.8 0.2 0 0.2
0.2 0 0 0 0 9.8 0 0 0 0 0 0 0.2 23 30.2 8.2 0 0 0 4.4
0 0 12.8 0 0 58 0 0 0 0 0 0 0.2 0 0 0 0 0 0 0
31.8 0 6 4.2 6.2 0.8 24.8 25 11.4 9.8 17.8 42.4 11.8 70.2 26 1.8 4.8 31 0.2 0
0 0 0 0 0 0 0 0 0 0 10.4 0 0 0 0 0 18.6 0 0 0
0 0 25 0 0 10 0 0 0 0 0 0 0 0 0 0 0 0 0 0
0 0 10.2 0 0 10.4 31.8 0 0 0 0 0 1.4 0 0 0 0.2 0 0 0
0 0 14.6 0 0 5.2 0.6 0 0 0 0 0 0 1.2 0 0 0 3.2 0.2 0
0 0.4 2.8 0 0 0 5.2 9.4 17.6 0 0.2 0 0 35.2 4.8 0 0 0 0.4 0
0.8 0 48.8 0 13.4 4.6 5.6 0.2 6.6 11.8 0 9 0 3.8 1.6 0.4 0.2 0 0 0.2
0.2 0 7.4 0 0.2 0 9.6 0 4.8 0 0 0.2 0 0 0 0 39.4 0 0 9.2
12.8 18.4 0 0 0 0 4 0 0 34 0.6 0 48.4 1 43.8 9.2 24 64.8 46 2
1 0 119.8 0 0 57.2 0 0 0 0 0 0 0 0 0 0 0 0 0 0
1.2 30 1 45.4 58.2 7 17.8 13.4 16.4 10.8 2.2 76.4 38.4 0 5.6 51.2 0 21.6 24 57.4
0 2 11.6 0.4 0 0 0.2 0.2 0 0.2 0 0 10.4 21 4.2 0 0 0 12.4 4.4
0 0 18 0 0 0 0 0 0 0 0 0 0 0 0 0 0 0 0 0
0 0 0 0.4 0.2 10.6 0 4.8 0 20.6 0.6 0 0 27 0 29.6 4.8 39 52.4 0
9.4 32 0 19.8 5.2 0 0 19.4 0 0 8.8 0 62.2 0.2 0.2 8.4 5.6 40.2 65 29.6
0 0 13.4 0 0 0 0.2 0 0.2 0 0 0 1 29.8 6.2 0 0 0 0 2.2
41 42.2 10.2 36.4 36.2 4.2 3.8 29.6 10 22.6 22.4 55.6 15.4 8 0 0.6 26.8 0.2 15.2 6.6
0.4 5 61.8 3.2 9.4 9.2 13.6 0 12.8 3.4 2.2 0.2 0 8.8 0 10.6 3.8 47.2 0 6.4
0 0 8.2 0 0 16.2 0 0 0.4 0 0 0 7.6 23 42.6 0 0 0 0 0
0 0 11.6 0 0 7 0 0 0 0 0 0 0 0 0 0.4 0 0 0 0
0 0 15.4 0 0 0 17.8 0 0 0.2 0.2 13 0 0 0 0.4 0 0 0 0
25 0.2 8.8 0.2 0 11.4 0 11.8 0 11.6 0 11.8 0 0.4 0 8.6 23 62 0.4 2.8
0.2 0 0 0 0 0 5 0 0 0 4.4 15.2 0 0.4 0 0 0 0 4.8 0
0 0 20.2 0.2 13 13 0 13.4 14.2 0 0 21.6 0 0 1.4 6 27.4 17.6 0 0
32.2 0 0 0 0 0 11 0 18.6 8.8 7.2 23.8 0.2 0.2 0 34.8 30.4 0.2 0 17.6
0 0 0 0 0 0 0 0 0 0 0 0 0 25 20.8 0 0 0 0 0.2
0 26.6 32.6 40.2 80.8 31.2 0.4 10.2 12 0 0.4 21.2 103.4 29.8 67.8 0 0 36.4 0 59
30.2 23 0 25.4 57.6 8.6 4.8 0 0 62.2 5.8 18 20 26.8 29.4 48.4 0.2 22 0 33.6
0 3.4 0 18.4 0 8.4 0.2 0 0 41.6 0 13.2 0 0 30.4 63 5.8 8.2 1 38.4
20.6 14.6 36.6 43.4 20.8 20.6 39.2 57 10 0 44.4 1 38 0 0 6.6 48.8 12 27.4 0
0 0 0.8 0 0 7.8 18.8 5.8 0.2 0 12.4 0 0 0 0 0 31.2 0 0 0
0 3.2 0 4.4 18.6 0 0 0 7.4 0 0.2 0 0.2 0 4.8 40.4 0.6 0 25 55.2
0 20.8 0 48.8 48 0.2 10.4 30.2 9.8 0 7.2 28 54 0 9.6 2.6 2.4 15.6 30.6 20.8
0 15 0 0.4 50.2 0 0.4 4 0 7.8 0.6 17.8 20.2 31 35.4 24.4 1 3.4 0.2 73.2
0 0 5.2 0 6 0 7.8 7.4 9 9.6 0 0 0 0 0 0 0 0 0 0
24 20.6 11.4 30 59.2 12 23.2 42.4 0.4 50.2 2.4 18.4 94.6 0 19.2 0.4 51.2 45.8 16.4 24.2
16.6 10.4 5 2 9.4 0 0 0 0 49.4 18.8 0 0 0 0.4 42.6 0 23.2 0 10.2
0.2 0 0.4 0 0 0 8.8 0 0 0 0 4.6 0 33.2 44.6 0.2 0 0 0 0
46 5.8 0 20.8 15.6 0 0 0 22 17.2 0 21 2.4 13.8 0.4 60.6 0 46.6 0 49.8
0 0 0 8.6 8.2 9.8 0.2 0 3.6 0 0 0 27 17.6 13.8 0.4 0 2.4 0.4 0
0 0 63 2.6 0.2 48.4 52.4 37.6 0 0 15 7.6 0.2 72.2 12 0.2 61.4 12.2 0 0
0 0 0 0 0 0 1.6 0 0 0 0 0 0 19.6 2.8 0 0 0 0 0
25.4 19.2 8.2 53.8 55.2 6.8 1.8 0 14 34.6 14.6 77.8 34.4 18.2 19.8 27 0.4 45 0.4 16.4
11.8 0 0 45.4 7.6 0 0 0 3.6 36 0 3.2 9.4 7 22.4 110.6 0 29.2 0.2 25.6
0 0 0.2 0 0 21.4 13.4 0 0 0 0 0 0 0 0 0 0 0 0 0
0 0 0.2 0 26 0 0 0.2 0.4 0.2 9.6 25 4 1.4 16.2 74 7.6 4.6 46.6 0
3 3.8 0 0 0 3.4 11.6 0 0 15.2 7.6 0.6 0 1.4 13 0 0 3.2 0.2 0
0.4 3.6 0 31.4 0 11.8 3.8 1.6 5.2 11 0 0 0 0 8 66.6 4 16 0 26.6
0 0 12.2 0 0 2 0 0 0 0 13.6 0 0 20 0 0 0 19.8 0.4 0
0 1 0 0 0 2.6 3 7.2 0.6 3 12.2 70.4 14.8 22.8 18.6 0.2 0 26.6 0 0
0 0 5.2 0 10.2 0 0 0 19 0 0 1.2 0 9.4 0 0.8 6.2 0 0 6
0 0 0 0 0 21 0 0 0 0 0 0 0.2 26.2 8 0 0.4 0 0.2 0
0 0 0.2 0 0 3.4 1 0 0.2 0 3 0 0 53.2 5.6 0.2 0 0.2 0 0
6.4 0 8 0.2 13.6 1 12 0 12.6 0.6 12.4 17.8 0 34.8 75.8 0.2 0 0 8.6 0
23.8 11.4 0 0 0 1 0 0 6.4 18.4 8.2 10.4 1.4 0 0 0 4.6 10 13.4 0
1.2 0 10.2 0 0 6.4 11.8 6 0 0 11.4 0.2 0 0 0 0 20.8 0 0 0
0 0 0.4 0 0 6.6 4 0.2 0 5.4 0 0 10.4 44 0 0 0 0 0 0
17 0.4 3.6 0 0 0 0 0 0 30.8 0.2 0 0.2 0 0 25.4 4.8 16 0 41.6
25.6 0.2 0 0 0 0 0 0 3.8 21.8 7.2 0 0 0 0 24.2 5.2 0 9 0
7.2 0 11.8 0 3.4 0 0 0.6 0.4 4 6.4 40 31.4 0 0 40.8 0 31.2 8.8 0
0 0 0 0 0 0 1 0 13.4 0 5.2 7.2 0 0 0 0 2.2 0 0 6
0 0 25.6 0 0 10.2 0 0 0 0 0 0 0 0.2 0 0 0 0 0 0
0 25.6 0 9.8 46.8 0 0 58 0.2 0 41.2 40.6 0 30.2 27.2 7.8 25.8 19.6 3 0.2
0 0 0 0 0 0 0 0 0 0 0 0 0 28 0 0 0 0 0 0
23.8 0 0 0 0 0 6.6 21.8 0 20 21 0.2 0 0 0 7.2 45.2 0.2 0 0
0 0.4 21 0 1.8 26.6 29.8 20.4 19.4 0.2 0 40 22.8 46.2 35 0 3.8 0 0 20.6
0 0 35.2 0 0.2 1.6 0 0 0 0 0 0 0 0 0 0 0 0 0 0
0.4 0 3 0.6 21.8 6.4 0 0 3.2 0 1.4 0 8.6 0 30.6 45.6 0.4 0 0 18
0 0 0 27.8 13.4 0 0 0 0 0.2 0 14.2 9.4 4.6 0 59.6 0 1 0 46.8
0 0 0 0 0 31.2 0 0 0 0 0 0 31.6 0.2 47.6 0 0 0.4 0 0
9.8 0 0 0 5 0 18.2 0 0 22 0 0 0 8.6 7.6 19.8 3 3.8 25 7.2
0 14.8 3 0 0 20 0 0 0 0 0 0 0 0 0 0 0 0.2 0 0
0 0 19.2 0 0 3.8 0 0 0 0 0 0 0 0 0 0 0 0 0 0
0 4.4 0 19.8 25.2 11.6 0 0 0 0 0 0 17.4 24.6 3.2 7.4 0 0 0 13.4
0 0 5.8 0 0 12.2 5 0 0 0.2 0 0.4 0 0 0 12.4 0 7 0 0
2.8 0 0 0 0 0 0 8.8 0 12.2 0.2 0.2 0 0.4 0 12.4 0 30 0 0
0 0 4 0.6 0 2.6 5 0.4 0 0 0 4.4 0 1.2 14.8 1.2 0 0 0 0.8
0 0 30 0 0 0.2 9.6 0 0.2 0 0 0 0 29 9 0 0 0 0 0
72.6 16.2 0 21.8 13.8 0 7 8 0 65.6 35.4 0.4 0 0 0.4 0.6 6.8 31.8 9 5.6
0 7.2 0 1.2 22.8 0 0 11.8 0 0 13.8 39.8 24.2 0 0 0.4 0 1 1.8 18
25.6 22 4.8 34.8 2.8 0 5.8 10.4 1.8 20 12.6 21.2 0 0 0 30.6 0.2 0 12.6 17.8
0 0 0 0 0 0 0.2 0 1 0 0 0 0 24.6 34.2 0 0 0 0 0
0 0 11.2 0 0 6.6 50.6 12 3.6 0 0 0 0.4 69.6 0 0 0 0 0 0
0 0 1.2 0 0 0.2 23.2 0 0 0 0 0 0 18.2 0 0.2 0 0 0 0
0 0 4.6 0.2 0 15.4 0 0 0 0 0 0 14 24 31.8 0 0 0 0 0
0 0 0 0 0 15.8 3 0 12.2 0 0 0 0 9 23 0 0 0 0 0
2 0 19.8 0 0 9.2 0 0 4.8 15.2 15.8 8.8 2.4 4.2 0 28.8 6.6 22.2 0.2 0
0 0 0 0 0 0.2 0 0 0 0 0 0 0 30.8 0 0 0 0 0 0
33.4 0 20.6 0 0 13 0 0.2 0.2 19.2 0.4 1.8 0 0 0 45.2 0 0 0 0
0 14.2 0 35.4 48.4 0 3.8 0 0 0 0 1.2 16.2 0 33.6 0.4 0 16.8 0 0
