1	0.14 0 0 0 65.22 82.6 0 0 0 0 0 0 0 0 277.06 0 293.04 0 285.64 346.3
2	0 0 0 0 0 0 0 0 0 0 0 0 0 0 0.02 351.96 0 0 0 0
3	0.02 0 0 0 0 0 0.02 0 0 0 0 0 121.24 0 0 0 0 0 0 112.72
4	0 0 0 0 0 177.8 0 0.08 0 116.58 94.68 0 0 0 0 170.86 0 0 0 0
6	0 1.54 0 0 0 0 41.62 0 0 0 0 0 0 0 0 0 0 0 0 36.84
7	0.02 0 0 0 115.14 0 0 0 0 134.68 0 0 0 231.14 141.4 0 146.28 0 92.62 317.72
8	0 0 0 0 0 234 0 132.46 0 0 0 0 0 0 0 0 0 162.28 186.26 0.02
9	0 0 0 0 276.68 190.34 0.64 0 130.42 0 0 0.02 0 0 0 0.06 29.68 0 0 326.16
10	0.02 0 0 0 123.18 0 63.3 0 0 0 0 0 0 0 34.96 0 0 0 0 36.52
12	0.1 0 0 86.46 0 333.3 0 0 0 366.62 0 0 161.04 1.38 0 0 0 0 0 0.1
13	0.08 0 0 0 226.64 0 114.88 0 0 0 0 0 0 33.48 0 0 39.38 0 0 113.6
14	0.08 0 0 0 395.76 0 145.92 0 0 0 0 0 0 0 0 0 0 25 0 53.18
15	0 0 0 0 57.44 0 0 49.58 123 0 26.94 0 0 0 0 0 298.54 0 81.26 275.24
17	0 0 0 0 0 0 0 0 0 67.78 0 0 0 170.22 0 0 0 0 0 0
18	0 0 0 0.98 25.02 0 0 0 0 0 0 0 0 0 0 0 0 0 0 0
19	0 0 0 0 221.98 0 0 0 0 0 0 0 0 0 0.02 0 0 0 0 0
20	0.02 0 0 0 136.24 0 70.84 0 0 0 0 0 0 0 0 0 0 0 0 0.92
21	0.02 0 0 0 0 0 0 85.7 0 0 0 0 0.08 0 0 45.42 52.76 0 0 0.02
22	0.02 0 0 0 0 252.8 0 0 174.66 78.2 82.58 0 0 0 0 154.48 0 0 208.14 0.1
23	0.02 0 0 0 0 202.02 0.04 0 112.3 176.44 0 0 0 46.18 0 0 0 0 0 0.02
24	0 0 0 0 0 0 0 0 0 109.68 0 0 161.18 0 0.6 0 111.26 0 0 111.26
26	0.02 0 0 0 0 72.52 119.44 0 0 0.02 0 0 0 0 0 0 0 0 0 0
27	0 0 0 0 0 0 0 0 0 0 0.06 0 0 0 0.02 125.92 0 0 0 0.02
28	0.04 0 0 0 0 299.96 0 205.24 175.16 0 0 0 0 0 100 0 0 0 110.5 0.1
29	0 0 0 0 0 0 0 0 0 0 52.54 0 0.02 0 0 171.42 0 0 0 0
30	0 0 0 0 0 0 129 0 0 0 0 0 0 0 0 0 0 0 0 0
31	0.02 0 0 44.68 0 107.28 0 0 73.58 0 0 0 0 0 0 179.44 0 0 0 0
32	0.04 0 0 0 72.98 166.96 0 0 0 0 0 0 0 0 0 0 0 0 0 0.04
33	0 0 0 0 0 0 0 0 0 95.74 36.6 0 0 0 0 146.64 0 0 0 0
34	0 0 0 0 0 0 0 1.08 0 0 0 0 0 17.92 0 0 0 0 0 0
36	0 0 0 0 0 0 0 0 0 0 20 0 0 0 0 0 0 0 0 0
37	0 0 0 0 0 0 0 0 0 0 0.02 0 0 8.98 0 0 0 0 0 0
38	0.02 0 0 0 0 0 0 0 0 0 1.1 0 0 0 0 289.88 0 0 0 0
39	0 0 0 0 0 0 0 0 0 113.26 0 0 130.74 0 0 0 0 0 0 0
40	0 0 0 0 0 0 0 69.86 0 0 0 0 66.08 0 0 0.06 0 0 0 0
42	0 0 0 0 0 66.46 0 0 0 202.1 0 0 151.48 0 37.94 0 0 0 0 0.02
43	0 0 0 0 0 0.02 0 0 0 0 0 0 0 99.98 0 0 0 0 0 0.04
44	0 0 0 138.2 0 0 0 0 0 0 0 0.02 57.7 0 0 0 0 0 0 0.06
47	0 0 0 250.54 0 0.02 78.82 36.76 0 0 0 0 0 20.62 0 0 0 0 0 0.22
49	0 0 0 0 0 0 0 0 0 0 214 0 0 0 0 0 0 0 0 0
51	0 0 0 0 0 54.02 0 0 0 0 169.94 0 0 0 0 0 0 0 0 0.06
52	0.02 0 0 0 0 0 229.86 0 0 0 0 0 0 0 49.98 0 0.1 0 0 0.02
53	0.1 0 0 0 0 0 0 0 0 0 0 0 0 294.9 0 0 0 0 0 0
54	0.02 0 0 46.54 0 0 0 0 0.16 0 155.22 0 95.06 0 0 0 0 0 0 0
55	0 0 0 0 0 0 0 0 0 185.96 0 0 0 234.76 0 0 0 0 39.26 0.04
56	0.02 0 0 130.26 0 357.2 0 0 12.84 320.18 0 0 0 222 0 0 0 72.98 171.44 0.06
58	0.02 0 0 258.96 0 0 88.48 0 101.74 0 79.8 0 0 0 0 0 0 0 0 0
59	0 0 0 0 125.72 0 0 0 0 152.28 0 0 0 0 0 0 0 0 0 0
60	0 0 0 0 0 0 153.96 0 0 31.04 0 0 0 0 0 0 0 0 0 0
61	0 0 0 0 0 0 146.76 0 0 54.24 0 0 0 0 0 0 0 0 0 0
62	0.02 0 0 0 0 0 0 0 0 0 0 0 0 0 0 324.98 0 0 0 0
63	0.02 0 0 0 0 0 0 0 0.02 0 215.54 0 0.42 0 0 0 0 0 0 0.02
64	0 0 0 52.98 0 522.16 0 0 246.66 58.38 0 0 0 0 0 0 0 0 142.78 0.02
65	0 0 0 85.22 0 0 89.66 0 0 0 83.98 0 0 21.14 0 0 0 0 0 0.02
67	0.04 0 0 0 0 0 0 0 0 0 191.94 0 68 0 0 0 0 0 0 0
68	0 0 0 0 0 0 0 0 0 35.8 0 0 31.94 0 0 294.26 0 0 0 0.02
69	0.04 0 0 0 0 334.18 0 120.92 240.12 0 137.24 0 0.26 0 0 16.48 0 0 137.72 0.02
70	0.02 0 0 173.3 0 103.76 220.28 0 9.08 0 203.46 0 0 0 0 0 0 0 0 0.1
72	0 0 0 78.84 0 0 0 0.02 0 0 245.94 0 2.2 0 0 0 0 0 0 0
73	0.02 0 0 0 0 0 0 57.74 0 0 289.24 0 0 0 0 0 0 0 0 0
74	0.42 0 0.02 0 0 0 0.1 0 0 0 0 0 0 16.46 0 0 0 0 0 0
75	0 0 0 0 0 0 0 11 0 0 0 0 0 0 0 0 0 0 0 0.02
76	0 0 0 0 0 78.42 0 0 0 0 0 0 0 71.54 0 0 0 0 0 0.02
78	0 0 0 0 0 0 0 0 0 0 65.96 0 0 0 0 0.04 0 0 0 0
80	0 0 0 0 0 0 0 0 0 0 51.22 0 103.78 0 0 0 0 0 0 0
81	0 0 0 0 0 94.24 0 0 0 0 0 0 69 0 127.7 0 0 0 0 0.08
82	0.06 0 0 124.26 0 0 0.1 13.98 87.7 0 78.36 0 0 0 6.12 250.84 0.02 0 215.54 0.02
83	0.04 0 0 0 0 0 278.32 58.46 0 0 0 0 0 0 166.1 0 0 0 84.98 0.08
84	0 0 0 0 0 0 0 0 0 0 42 0 0 0 0 0 0 0 0 0
85	0 0 0 0 0 40.7 0 0 0 0 106.3 0 0 0 0 0 0 0 0 0
86	0.02 0 0 0 0 0 392.5 0 46.16 0 39.8 0 0 0 0 0 0 0 0.5 0.04
88	0 0 0 122.76 0 0 0 0 111.06 0 397.08 0 0 0 0 0 0 0 0 0.1
89	0.08 0 0 0 0 115.64 0 0 0 188.76 0 0 0 0 441.7 197.74 0 0 0 0.06
90	0 0 0 0 0 0 0 0 0 0 225 0 0 0 0 0 0 0 0 0
91	0 0 0 0 0 0 0 160.62 0 0 0 0 99.26 0.12 151 0 0 0 0 0
92	0 0 0 0 0 0 0 0 0 173.06 0.14 0 0 112.8 0 0 0 0 0 0
93	0 0 0 0 130.66 0 37.38 0 0 0 0 0 0.02 26.06 0 0 0 0 0 119.88
94	0 0 0 0 0 0 0 52.46 0 0 211.96 0 0 0 0 71.58 0 0 0 0.02
95	0.04 0 0 0 0 81.62 0 456.68 0 0 0 0 0 0 0 33.54 0 0 140.96 0.18
96	0 0 0 0 0 88.62 0 0 85.84 165.08 0 0 0 0 103.14 339.98 0 0 146.3 0.04
97	0.1 0 0 0 0 112.1 0 0 314.42 0 265.6 0 0 0 5.7 0 0 0 83 0.1
98	0 0 0 0 0 278.26 0 120.12 230.34 254.22 0 0 0 299.28 0 0 0 85.72 75.88 0.12
99	0 0 0 0 0 0 0 404.18 0 0 0 0 0 0 68.96 0 0 45.84 0 0.06
100	0.26 0 0 0 429.04 147.54 0 0 148.98 131.82 0.02 0 0 115.46 144.9 0.06 124.34 0 0 464.54
102	0 0 0 0 0 0 0 134.88 0 0 0 0 0 0 0 0.12 0 0 0 0
103	0 0 0 0 0 0 0 10.36 0 0 0 0 0 0 0 0 0 0 2.52 8.12
104	0.02 0 0.02 0 0 0 0 0 0 0 0 0 0 0 0 6.94 0.02 0 0 0
105	0.1 0 0 0 0 0 0 60.46 0 0 0 0 0 0 0 34.66 0 0 0 62.78
107	0 2.26 0 0 0 0.02 0 0 0 0 0 0 41.84 0 0 0 0 0 0 69.88
108	0 0 0 0 0 0 0 0 0.02 0 0 0 0 0 32.14 47.8 19.68 0 0 69.36
111	0 0 0 0 105.48 55.8 0 53.48 0 0 115.28 0 0 0 0 0 295.24 0 0 127.72
112	0 0 0 0 0 0 0 0 0 0 23.74 0 0 0 0 0 20.26 0 0 0
113	0.02 0 0 0 36.98 0 0 0 0 0 0 0 0 0 0 0 0 0 0 0
114	0.02 31.24 0 195.32 0 0 0 0 0 0 0 0 0 0 0 0 0 45.42 0 0
116	0 0 0 0 395 0 0 0 0 0 0 0 0 0 0 0 0 0 0 0.02
117	0 0 0 0 0 0 0 0 0 66.3 0 0 0 0 0 132.06 359.8 0.04 228.44 365.34
118	0.02 0 0 0 0 0 0 0 26.06 0 0 0 0 0 0 92.62 438.3 0 126.94 58.06
119	0 17.98 0 0 0 0 0 0 0 0 0 0 0.02 0 0 0 0 0 0 0
120	0 0 0 0 0 0 0 0 0 0 10.44 0 50.62 0 0 0 59.16 0 0 13.8
121	0 0 0 43.02 0 0.18 0 0 76.88 0 0 0 0 0 0 115.14 460.5 0 260.68 222.58
122	0 0.12 0 0 3.58 0 0 15 0 0 0 0 99.58 0 0.02 0 31.68 0 0 37.04
123	0 0 0 0 0 0 0 0 0 0.4 0 0 123.2 0.06 0 0 71.44 0 4.02 114.86
124	0.06 0 0 0 456.28 112.52 0 0 0 0 0 0 0 0 0 0 0 0 0 17.2
125	0.24 0 0 0 26.18 0 0 137.68 0 0 0 0 0 0 0 0 364.82 0 0 138.02
126	0.02 0 0 0 4.44 0 0 0 33.12 0 0 0 0 0 0 0 46.04 0 0 207.38
128	0 0 0 0 0 0 0 3.08 0 0 0 0 49.94 0 0 143.98 0 0 0 0
129	0.02 0 0 0 187.44 0 0 0 0 0 0 0 0 46.28 0 0 0 0 0 167.26
130	0 0 0 0 0 0 0 0 13.18 0 0 0 0 0 0 0 2.44 0 0 29.38
131	0.02 0 0 0 0 0 0 67.86 0 0 0 0 0 0 0 0 0 175.06 0 0.06
132	0.04 0 0 36.52 0 0 0 186.3 201.26 0 0 0 0 0 194.34 39.96 0 125.56 0 0.04
133	0.02 0 0 0 0 58.88 0.76 219.12 113.92 0 0 0 0 0 0 0 0 135.24 0 0.06
134	0.3 0 0 0 0 205.14 47.6 0 0 0 0 0 0 0 115.02 0 0 305.8 0.12 0
135	0.02 0 0 9.9 0 293.94 0 0 148.06 0 0 0 0 0 277.94 71.8 0 76.32 0 0.04
136	0 0 0 0 0 0 0 93.38 78.9 0 0 0 0 0 0 0 0 159.64 0 0.08
138	0 0 0 0 0 0 0 36.94 0 0.02 0.02 0 0 0 0 0 0 0 0 0
139	0 0 0 0 0 0 0 0 0 0 61.1 0 0 0 0 51.9 0 0 0 0
140	0 0 0 0 0 0 0 180 0 0 0 0 0 0 0 0 0 0 0 0
141	0.02 0 0 0 0 0 0 0 0 0.04 0 0 0 0 0 141.28 0 54.66 0 0
142	0 0 0 0 0 0 0 132.98 0 0 0 0 0.02 0 0 0 0 0 0 0.02
143	0.04 0 0 0 0 104.64 0 439.12 52.78 0 0 0 0 0 0 0 0 68.36 0 0.06
144	0.04 0 0 0 0 178.62 0 0 55.84 0 0 0 0 2.3 112.5 195.56 0 0 171.12 0
145	0 0 0 0 0 0 0 0 0 0 0 0 27.46 96.54 0 0 0 0 0 0
146	0 0 0 0 18.3 0 0.7 0 0 0 0 0 0 0 0 0 0 0 0 0
147	0.06 0 0 0 0 0 0 0 0 43.82 0 0 107.5 0 0.02 0 216.96 0 0 157.64
148	0 0 0 0 0 0 0 0 30.88 0 0 0 74.9 0 0 0 139.56 0 0 101.66
149	0 0 0 0 0 0 0 0 0 0 0 0 0 0 0 0 0 14.4 0 38.62
150	0.02 0 0 0 114.32 0 0 0 0 0 0 0 0 117.18 0 0.12 0 0 0 240.34
151	0.02 0 0 0 67.88 0 0 236.8 0 0 0 0 0 0 197.84 0 192.84 0 0 312.62
152	0 0 0 34.9 0 0 0 0 0 0 0 0 0 0 192.1 0 0 0 0 0
154	0 0 0 196.16 0 0 0 49.34 0 0 0 0 0 39.52 237.96 0 0 0 0 0.04
155	0 0 0 0 0 0 0 0 0 0 256.98 0 0 0 0 0 0 0 0 0
157	0 0 0 0 0 196.02 0 0 42.88 0.02 60.3 0 0 0 62.78 0 0 0 0 0.02
158	0 0 0 0 0 0 0 0 0 0 126.98 0 0 0 0 0 0 0 0 0
159	0 0 0 0 0 0 0 0 0 0 0 0 0 99.92 0 177.98 0 0 0 0.12
160	0.04 0 0 98.68 0 88.16 0 0 0 0 0 0 0 0.06 0 0 0 0 0 0.06
161	0 0 0 0 0 59.68 0 0 53.48 0 144.06 0 0 0 0 369.68 0 0 0 0.08
163	0 0 0 0 0 0 0 0 0 0 55.16 0 0 0 169.46 0 0 5.38 0 0
164	0.02 0 0 0 0 0 0 103.22 0 0 0 0 0 311.76 0 0 0 0 0 0
165	0 0 0 0 125.92 0 0 0 0 0 0 0 0 0 0 0 0 84.08 0 0
166	0.02 0 0 0 0 0 120.78 0 0 0 0 0 0 0 51.2 0 0 0 0 0
170	0 0 0 0 0 15.08 315.16 0 0 0 0.02 0 0 0 0 0 0 87.72 0 0.02
171	0 0 0 0 0 0 186.92 0 0 0.04 0 0 0 20.02 0 0 0 0 0 0.06
172	0.04 0 0 0 0 83.12 0 164.28 172.86 238.88 0 0 0 0 221.8 85.38 0 0 266.52 0.1
173	0.18 0 0 0 0 80.76 0.48 206.06 0 209.06 183.66 0 0 0 350.24 49.52 0 0 0 0.06
174	0.08 0 0 0 0 179.8 0 81.7 232.4 282.14 0 0 0 0 182.38 121.08 0 97.58 319.76 0.06
175	0 0 0 165.52 0 0 0 0 0.04 86.48 0 0 0 0 411.94 0 0 0 0 0.02
176	0 0 0 0 0 0 0 0 145.6 221.44 0 0 0 197.74 206.88 0 0 0 189.3 0.02
177	0 0 0 66.34 0 0 0 0 164.88 0 0 0 0 0 0 167.78 0 0 0 0.04
179	0 0 0 0.08 0 88.94 130.84 0 63.8 103.64 0 0 0 88.32 240.3 0 0 0 0 0.08
180	0.02 0 0 0 0 400.18 0 0.04 147.86 0 0 0 0 0 88.36 0 0 74.48 0 0.1
181	0.08 0 0 0 0 0 0 45.76 0 137.24 0 54.74 0 0 364.98 3.02 133.28 0 478.6 376.22
183	0.02 0 0 0 0 21.82 0 0 181.52 176.24 0.02 0 0 157.42 199.6 184.2 0 0 0 0.16
184	0 0 0 0 0 0 0 0 0 0 0 0 0 296 0 0 0 0 0 0
185	0.04 0 0 0 0 0 0 0 241.8 113.76 0 0 0 245.82 0 0 0.1 211.48 0 0
186	0 0 0 224.94 0 147.3 0 78 114.46 0 0.06 0 0 0 58.62 100.62 0 0 0 0
187	0 0 0 0 11.08 210.74 0.02 0 303.98 155.64 0.02 0 0 25.52 0 0 0 0 0 0
188	0.12 0 0 0 0 186.64 0 0 47.16 0 0 0 0 0.02 73.76 193.26 0 0 0 0.04
189	0 0 0 233.86 3.06 0 0.06 0 0 0 0 0 0 0 0 0 0 0 0 0.02
190	0 0 0 0 0 0 226.34 0 0 0 0.02 0 0 0 191.32 0 0 26.26 0 0.1
191	0.1 0 0 12.2 0 321.44 0.02 91.66 158.74 0.26 0 0.14 0 0 183.32 0 0 110.06 0 0.04
193	0.24 0 0 154.98 0 0 0 32.24 209.22 0 0 0 0 0 97.3 0 0 0 0 0
194	0 0 0 218.44 0 199.9 0 0 146.24 0 0 0 0 0.04 0.04 34.18 0 168.16 0 0
196	0.1 0 0 0 0 213.46 0 0 138.9 0 295.84 0 0 0 148.68 0 0 0 0 0.04
197	0.04 0 0 167.8 0 199.92 120.54 0 214.38 0 0 0 0 0 0 0 0.02 96.24 0 0.06
198	0 0 0 0 0 0 187.6 0 0 89.56 0 0 0.1 0 162.72 0 0 0 0 0
200	0 0 0 0 0 243.52 0 0 61.96 0 0 0 0 295.74 54.78 0 0 0 0 0
201	0.04 0 0 0 0 0 0 0 0 54.1 0 0 1.5 193.36 0 0 0 0 0 0.02
202	0.06 0 0 170.42 0 171.9 0.02 75.32 134.44 0.02 175.08 0 0 0 0 0 0 0 97.64 0.08
203	0.02 0 0 0 0 188.5 0 0 119.32 67.8 0 0 0 0 53.42 121.9 0 0 0 0.04
204	0.08 0 0 186.32 0 216.98 0 85.66 139.06 0 94.82 0 0 0 150 0 0 0 213.08 0
205	0 0 0 0 0 0 0 0 319.26 0 0 0 0 0 0 0 0 68.74 0 0
206	0 0 0 0 25.6 0 0 0 0 0 0 0 0 0 0 122.4 0 0 0 0
207	0 0 0 0 0 0 127.06 0 0 0 0 0 0 0 62.94 0 0 0 0 0.02
208	0.08 0 0 188.04 0 0 0 119.24 0 0 0 0 0 0 305.74 21.88 0 0 0 0
209	0.04 0 0 104.16 0 167.96 0 0 0 0 0 0 0 33.82 300.02 0 0 0 0 0
210	0.16 0 0 59.48 0 0 0 38.04 128.6 155.7 133.58 0 0 0 147.44 161.42 0 0 241.58 0.02
211	0.02 0 0 215.4 0 0 0 0 203.98 0 0 0 0 0 129.94 0 0 79.64 0 0
212	0 0 0 0 0 0 237.34 0 0 0 0 0 0 0.58 18.08 0 0 0 0 0
213	0 25.64 0 50.64 90.06 95.32 0 0 0.08 0 0 0 0 0 0 0.02 0 166.24 0 0
214	0 0 0 142.76 0.04 0 0.02 11.9 0 0 0 0 0 70.68 96.6 0 0 0 0 0
215	0 0 0 0 0 94.66 0 0 182.96 0 252.46 0 0 0 69.92 0 0 0 0 0
216	0.1 0 0 1.36 0 268.38 79.8 14.42 104.82 0.02 329.2 0 0 0 129.9 0 0 0 0 0
217	0.02 0 0 0 0 0 0 0 0 0 0 0 0 317.94 0 0 0 0 0.04 0
218	0.02 0 0 0 0 0 0 87.72 0 0 0 0 0 402.18 0 0 0 0 0 0.1
219	0 0 0 0 0 0 0 0 0 0 0 0 0 275.96 0 0 0 0 0 0.02
220	0.06 0 0 0 0 0 0 0 0 0 27.5 0 0 0 0 0 156.44 0 0 0
221	0.04 0 0 0 180.34 0 40.62 0 0 0 0 0 0 0 0 0 0 0 0 0
222	0.02 0 0 0 54.84 0 0 0 0 0.06 0 0 0 0 176.5 176.44 180.38 0 229.22 255.54
224	0 0 0 0 125 0 0 0 0 0 0 0 0 0 0 0 0 0 0 0
225	0 0 0 0 0 0 0 0 0 0 107.46 0 0 0 0 0 153.54 0 0 0
226	0.02 0 0 0 0 0 0 0 0 0 0 0 0 70.1 0 399.88 0 0 0 0
227	0.02 0 0 0 0 0 0 0 0 0 0 0 0 0 0 435.86 0 0 0 0.14
228	0 0 0 0 0 0 0 0 0 0 0 0 0 0 264.02 356.9 0.04 0 134.96 0.06
229	0.02 0 0 0 0 0 0 0 0 0 0 0 0 0 40.2 387.78 0 0 0 0
230	0 0 0 0 0 0 0 0 33.36 0 0 0 0 0 99.3 393.8 0 0 28.54 0
231	0 0 0 0 0 0 0 0 0 0 43.28 0 55.58 0 0 204.12 0.02 0 0 0
232	0.02 0 0 0 0 0 0 0 0 0 5.12 0 0 84.34 0 174.52 0 0 0 0
233	0.12 0 0 0 0 0 0 0 0 0 0 0 0 0 0 311.88 0 0 0 0
234	0.08 0 0 0 0 48.4 0 0 263.96 113.32 84.14 0 0 333.06 0 0 0 0 0 0.04
235	0 0 0 0 0 0 0 0 0 0 0 0 193.14 11.04 0 0 119.9 0 62.64 119.28
236	0 0 0 0 95.94 0 0 0 0 0.04 0 0 30.96 0 0.02 0.04 0 0 0 0
237	0.04 0 0 0 0 87.96 36.9 0 148.12 0 0 0 0 0 0 0 360.14 0 73.46 488.38
239	0 0 0 142.4 0 0 0 0 0 0 193.8 0 0 0 64.8 0 0 0 0 0
240	0.06 0 0 0 40.1 0 0 0 0 0 0 0 141.12 50.62 0 0 106.48 0 0 12.64
241	0 0 0 149.74 0 0 0 0 0 0 157.16 0 0 0 20.2 0 0 0 46.88 0.02
242	0 254.88 0 0 0 0 16.02 0 0 0 0 84.08 0 0 0 0 0 0 0 0
243	40.96 0 0 0 0 0 0 7.28 0 0 0 119.18 0 0 0 0 42.16 0 45.4 0.02
244	0.18 0 0 0 34.5 0 0 0 0 0 0 0 0 0 0 0 0 0 0 96.34
246	0 0 0 0 46.72 0.02 0 0 0 78.66 0 0 31.62 0.08 0 0 0 0 0 256.88
247	9 0 0 0 0 0 0 0 0 0 0 0 0 0 0 0 0 0 0 0.02
248	0.02 0 0 0 0 0 0.08 0 0 0 0 0 50.68 0 0 0 0 0 0 378.2
249	0 0 0 0 0 0 0 0 0 0 0 0 0 70.98 0 0 0.24 0 0 285.78
250	0.02 0 0 0 0 0 0 0 0 0 0.04 0 57.24 66.46 0 0 0 0 139.28 253.98
252	0 0 0 0 0 0 0 0 0 0 0 0 0 0 0 31.5 115.6 0 141.44 77.44
253	0.08 0 0 0 0 0.04 0 0 0 0 0 0 0 0 0 0 0 0 0 65.88
254	0 0 0 0 0 0 0 0 0 0 67.32 0 0 0 0 0 0 0 12.96 33.72
255	0.02 0 0 0 16.58 0 0 0 0 0 0 0 0 0 0 0 0 0 161.04 266.36
256	0 0 0 0 0 0 0.28 0 0 33.12 0 0.04 0 0 0.06 0 0 0 0 10.5
257	0 0 0 0 31.18 0 0 0 0 0 0 0 0 0 0 0 36.66 0 393.8 456.4
258	207.88 0 313.2 0 101.58 0 0 0 0 97.76 0 254.8 0 0 0 0 14.56 0 317.06 228.12
259	212.82 0.7 0 0 34.3 0 0 0 24.84 0 0 0 0 0 0.08 0 0 0 48.26 0
260	193.7 0 0 0 0 0 0 0 0 20.64 0 0 41.92 0 0 0 0 0 21.68 0.06
262	110.18 0 0 0 0 0 0 0 0 0 0 91.82 0 0 0 0 0 0 0 0
263	39.98 0 0 0 0 0 0 0 0 0 0 0 0.02 0 0 0 0 0 0 0
264	197.96 0 0 0 0 0 0 0 0 25.02 0 0 0 0 0 0 0 0 0 0.02
265	0.06 0 0 0 0 0 0 83.4 0 83.04 0 0 0 0 132.74 305.24 0 0 117.52 0
266	79.24 0 0 0 0 0 0 0 0 0 0 0 0 0 0 0 0 0 3.76 0
267	5.88 0 0 0 0 0 0 0 0 0 0 0 0 22.12 0 0 0 0 0 0.02
268	43.72 175.58 96.04 0 0.82 0 0 0 0 177.6 0 192.54 73.68 0 0 0 0 0 0 0.02
269	0 146.72 296.2 0 222.38 0 95.18 0 0 0 0 227.5 0 0 0 0 0 0 0 0.02
270	187.96 0 170.28 0 0 0 0.08 0 0 28.66 0 0 0 0 0 0 0 0 0 0
271	394.96 0 0 0 0 0 0 0 42.92 71.62 0 0 0 0 0 0 20.9 0 42.1 1.54
272	0.02 0 664.58 0 0 0 0 0 0 0 0 0 0 0 0 0 0 0 0 0.38
25	0 0 0 0 112.04 0 0 118.74 0 0 0 0 0 0 70.88 0 324.36 0 0 182.96
50	0.02 0 0 0 59.78 0 0 18.7 243.84 277.36 0 0 0 0 311.88 0 46.48 0 500.28 499.66
251	0.04 0 0 0 164.9 0 0.06 0 0 0 0 0 0 0 0 0 0 0 0 0
273	0 0 0 0 0 0 0 0 0 198.2 0 0 0 78.66 0 0 93.6 0 0 272.54
275	0.06 0 0 0 576.92 0.06 0 0 134.18 0 0 0 0 0 0 0 171.68 0 0 7.12
276	0 0 0 0 208.08 199.82 0 0 0 59.72 0 0 0 0 0 0 76.76 0 0 372.6
277	0 0 0 0 0 0 61.3 0 0.02 0 0 0 0 0 0 0 0 0 0 129.68
278	0.04 0 0 0 0.02 0 0 0 0 0 0 0 0 0 0 0 151.68 0 0 0.28
279	0 1.06 0 0 47.14 0 3.06 0 0 0 0 0 0 0 0 0 14.72 0 0 0
280	0 0 0 0 0 0 10.74 0 0 0 0 0 17.14 0 0 1.16 0 0 33.76 161.2
281	0 0 0 0 0 0 3.72 0 1.2 0 0 0 0 81.62 0 0 304.78 0 0 5.7
282	0.06 0 0 0 0 0 0 0 53.94 0 0 0 0 0 0 27.34 290.7 0 0 282.94
283	0 0 0 0 279.78 0 11.44 0 0 0 97.02 0 0 0 0 0 0 0 0 109.76
286	0.46 0 355.98 0 287 144.52 0 0 87.8 0.72 0 370.56 0 0 0 0 0 0 0 123.96
287	0 0 0 0 0 0 60.22 0 0 0 0.14 0 0 0 0 0 0 0 0 157.66
288	335.58 0 133.26 0 0.06 0 0 0 0 144.26 0 187.52 0 164.9 0 0 172.46 0 0 204.94
289	0.18 0 193.5 0 0 0 52.32 0 0.02 0 0 271.34 0 0 0 0 103.62 0 0 0.02
290	0 0 0 0 0 0 0 0 0 0 39.04 0.02 79.74 0 0 0 81.1 0 0.02 52.08
291	0 0 0.02 0 0 0 0 0 0 0 0.02 0 0 0 0 79 257.96 0 0 0
292	68.58 0 56.82 0 0 0 0 0 0 0 0 220.54 0 0 0 0 0 0 0 0.1
293	0.06 0 0 0 0 0 0 0 0 0 0 0 48.28 0 0 0 0 0 0 377.64
294	127.26 0 33.48 0 0 0.04 0 0 0 33.3 0 417.08 0 0 0 11.4 238.58 7.5 227.74 126.6
295	0 0 0 0 0 0 0 0 0 0 0 0 19.02 0.02 0 0 0.02 0 0 183.94
296	0 0 0 0 0 0 0 0 0 0 0 1.34 0 0 0 0 0 0 0 10.68
297	0 0 0 0 159.98 0 0 0 0 0 0 0 0 0 0 0 0 0 0 0
298	0.78 0 0 0 0 0 0 0 0 0 0 0 0 0 0 0 0 0.04 140.5 417.68
299	119.68 0 0 0 0 0 0 0 0 0 0 59.32 0 0 0 0 0 0 0 0.02
301	0 96 225.36 0 0 0 8.82 0.04 0 0 0 217.06 0 0 0 0 0.3 0 35.36 0.06
302	1.5 0 545.7 0 0 0 0 0 0 170.68 0 281.22 0 0 0 0 0 0 0.02 1.86
303	0 193.56 57.62 0 0.08 0 0 0 0 0 0 103.6 0 0 0 0.02 0 19.12 0 0
304	0.24 114.76 0 0 22.48 0 0 0 0 0 0 175.08 0 0 0 0 0 0 90.44 0
305	0.02 248.98 0 0 0 0 0 0 0 0 0 0 0 0 0 0 0 0 0 0
306	0 199.24 0 0 0 0 0 0 0 0 0 118.76 0 0 0 0 0 0 0 0
307	266.62 0 147.3 0 0 0 0 0 0 0 0 92.88 0 0 0 0 0 0 0 0.22
308	0 0 1.22 0.02 0 0.02 0 0 0 0 0 62.7 0 0.02 0 0 0 0 0 0
309	45.92 0 0 0 12.02 0 0 0 0 0 0 0 0 0 0 0 0 0.06 0 0
310	0.14 0 340.26 0 0 0 0 0 0.02 0 0.04 0 0 0 0 0 59.54 0 0 0
312	0.02 0 205.96 0 0 0 0 0 0 0 0 0 0 0 0 0 0 0 0 0.02
313	178.04 0 714.62 0 0 0 0 0 41.56 0 0 0 0 0 0 0 29.88 0 121.42 105.48
314	0 0.62 3.38 0 0 0 0 0 0 0 0 0 0 0 0 0 0 0 0 0.02
315	0.04 0 519.94 0 0 0 0 0 0 0 0 0 0 0 0 0 0 0 0 0
316	0.02 0 359.98 0 0 0 0 0 0 0 0 0 0 0 0 0 0 0 0 0
245	71.34 0 121.86 0 0 0 0 0 0 0 0 241.44 0 0 0 0 171.36 0 0 0
300	237.08 0 239.9 0 0 0 0 0 0 0 0 575.46 0 0 0 0 0.74 0 223.82 0
317	0 0 0 98.38 0 178.16 64.46 0 0 0 0 0 0 0 0 0 0 0 0 0.04
318	0.08 0 0 0 0 468.02 0 0 334.7 130.96 152.26 0 0 0 0 0 0 1.8 0 0.14
320	13.3 0 0 0 0 0 0 0 0 0 0 0 0 44.7 0 0 0 0 0 0
321	0.02 76.06 48.96 0 0 0 0.02 0 0 0 0 252.14 0 0 0 0.02 0 0 27.78 0
322	90.72 0 21.28 0.02 0 0 0 0 0 0 0 313.8 0 0 0 0 130.04 0 0 0.14
323	131.84 0 0 0 0 0 0 0 0 0 0 237.84 0 0 0 0 153.04 0 24.28 0.02
324	97.36 70.8 0 0 46.92 0 0 0 0 106.88 0 0 0.02 0 0 0 0 0 0 0
327	118 0 175.54 0 0 0 0 0 0 0 0 161.44 0 0 0 0 0 0 0 0.02
328	193.74 0 95.88 0 0 0 0 0 0 0 0 373.24 0 0 0 0 88.92 0 64.22 0
329	0 0 0 0 0 0 0 0 0 0 0 92.38 0 0 0 0 8.62 0 0 0
330	81.9 0.1 0 0 0 0 0 0 0 0 0 0 0 0 0 0 0 0 0 0
331	167.38 0 0 0 0 0 0 0 0 0 0 144.62 0 0 0 0 0 0 0 0
332	189.6 0 0 0 0 0 0 0 0 0 0 165.4 0 0 0 0 0 0 0 0
334	107.22 0 0 0 0 0 0 0 0 0 0 81.78 0 0 0 0 0 0 0 0
335	0 41.6 0 0 0 0 0 0 0 0 0 0 0 0 0 0 0 0 0 0.4
336	72.7 0 0 0 0 0 0 0 0 0 0 0 0.04 0 0 0 14.26 0 0 0
337	0 30 0 0 0 0 0 0 0 0 0 0 0 0 0 0 0 0 0 0
338	139.94 38.6 0 0 0 0 0 0 0 0 0 0 0 0.04 0 0 0 0 24.42 0
339	0 0 0 0 0 0 0 0 0 0 0 121 0 0 0 0 0 0 0 0
340	38.46 134.58 204.02 0 0 0 0 0 0 56.46 0 97.12 0 0 0 0 0 0 0 0.36
341	31.96 0 0 0.02 0 0.02 0 0 0 0 0 0 0 0 0 0 0 0 0 0
342	0 0 0 0 0 0 0 0 0 0 0 99.36 0 0 0 0 0 0 18.64 0
343	281.42 0 0 0.06 0 0 0 0 0 36.52 0 0 0 0 0 0 0 0 0 0
345	0.02 63.28 107.66 0 0 0 0 0 0 0 0 0 0 0 0.02 0 0 0 0 0.02
346	36.4 0 258.52 0 0 0 0 0 0 57.08 0 0 0 0 0 0 0 0 0 0
347	0.16 3.72 394.12 0 0 0 0 0 0 0 0 0 0 0 0 0 0 0 0 0
348	57.54 0 0 0 0 0 0 0 0 0 0 18.46 0 0 0 0 0 0 0 0
349	0 71.58 0 0 0 0 0 0 0 0 0 0 0 0.04 0 0 0.18 0 11.2 0
350	103 0 0 0 0 0 0 0 0 0 0 0 0 0 0 0 0 0 0 0
351	0 0 0 0 0 0 0 0 0 0 0 36.98 0 0 0 0 0.02 0 0 0
353	0 0.66 26.34 0 0 0 0 0 0 0 0 0 0 0 0 0 0 0 0 0
354	137.38 21.3 0.08 0 0 0 0 0 0.26 28.98 0 0 0 0 0 0 0 0 0 0
355	107 0 0 0 0 0 0 0 0 0 0 0 0 0 0 0 0 0 0 0
356	0.02 0 0 80.12 0 0 0 0.02 0 0 54.2 0 119.36 0 0 0 0 0 0 0.34
357	0.12 0 0 11.44 0 419.68 0 0 263.78 93.04 0 0 0 0 89.88 0 0 0 0 0
358	192.72 0 0 0 0 0 0 0 0 0 0 53.66 0 0 0 54.62 0 0 0 0
359	0 0 0 0 0 0 0 0 0 0 0 52 0 0 0 0 0 0 0 0
360	29 0 0 0 0 0 0 0 0 0 0 0 0 0 0 0 0 0 0 0
361	0 26 0 0 0 0 0 0 0 0 0 0 0 0 0 0 0 0 0 0
362	0 0 53.66 0 0 0 0 0 0 0 0 0.06 11.28 0 0 0 0 0 0 0
66	0 0 0 80.74 0 0 0 53.54 0 0 308.66 0 0 0 0 0 0 0 0 0.12
79	0.16 0 0 0 0 167.26 0.02 0 223.22 186.64 0 0 0 32.58 0 289.42 0 47.16 197.48 0
101	0 0 0 0 0 0 0.02 0 0 0 0 0 108.96 90.02 0 0 0 0 0 0
109	0 0 0 0.56 62.18 0 0 0 0 0 0 0 134 0 87.1 0 68.12 0 0 0.04
110	0 0 0 0 0 0 0 0 0 0 66 0 0 0 0 0 0 0 0 0
153	0 0 0 200.86 0 0 58.68 43.46 0.06 33.56 130.54 0 0 0.18 268.64 0 0 0 0 0.02
162	0 0 0 0 0 0 0 0 99.88 0 121.98 0 0 0 0 0 0 91.14 0 0
167	0 0 0 0 0 0 0 0 0 0 169.96 0 0 0 0 0 0 0 0 0.06
168	0.04 0 0 75.04 0 142.16 0 112.1 47.54 169.06 0 0 104.68 0 342.36 0 0 0 0 0
363	16.92 0 0 0 0 0 0 0 0 0 0 0 0 0 0 77.12 19.96 0 0 0
364	0 0 0 0 0 0 0 0 0 0 0 0 78 0 0 0 0 0 0 0
366	0 0 0 0 0 0 0 0 0.02 0 67.7 0 61.28 0 0 0 0 0 0 0
367	0 0 0 153.06 0 0 0 84.84 0 0 151.68 0 58.42 0 0 0 0 0 0 0
368	0 0 0 0 0 0 0 0.6 0.02 0 1.9 0 47.74 0 0 0 2.74 0 0 0
369	0 0 0 0 0 0 0 0 0 0 0 0 42.96 0 0 0 64.02 0 0 0.04
370	0 0 0 0 0 0 0 0 0 0 0 0 28.68 0 0 0 0 0 0 77.3
371	0.04 0 0 0 0 45.1 0 0 0 0 114.86 0 0 0 0 0 0 0 0 0
372	0 16.66 0 0 0 0 7.02 75.32 0 0 0 0 0 0 0 0 0 0 0 0
373	0 0 0 0 0 0 0 0 0 0 19.54 0 0 21.38 0 40.08 0 0 0 0
375	0.02 0 0 0 0 0 0 0 0 0 0 0 0 41.98 0 0 0 0 0 0
376	0 0 0 0 0 0 0 0 0 0 0 0 0 0 0 57 0 0 0 0
377	0.02 0 0 0 0 0 0 0 0 0 0 0 0 0 0 15.98 0 0 0 0.04
378	0.06 0.02 0 0 0 0 0 190.76 109.12 0 0 0 0 0 0 0 0 0 0 0
379	0 0 0 0 0 0 0 0 0.02 0 0 0 108.18 0 0 2.8 0 0 0 0
380	0 0 0 0 0 0 0 0 0 0 0 0 0 0 45.66 266.32 0 0 0 0.02
381	0.02 0 0 0 0 1.12 223.72 0 0 0 69.14 0 0 0 0 0 0 0 0 0
382	0.02 0 0 149.8 0 0.02 135.06 0 0 0 0 0 0 0.02 48.08 0 0 0 0 0
383	0 0 0 0.84 0 0 0 0 0.02 0 0 0 52.14 0 0 0 0 0 0 0
384	0 0 0 0 0 0 0 0 0 0 78.3 0 72.7 0 0 0 0 0 0 0.02
385	0 0 0 0 0.04 0 0 17.84 66.8 0 0.4 0 0 0 0 391.9 0 0 63 0
388	0 0 0 0 0 0 0 29.9 0 0 0 0 0 31.1 0 0 0 0 0 0
389	0 0 0 0.44 0 0 0 75.02 0 0 0 0 0 0 0 0 0 0.54 0 0
390	0 0 0 0 0 0 0 0 0 0 0 0 26 0 0 0 0 0 0 0
391	0 0 0 0 0 0 0 0 0 0 0 0 0 0 0 135 0 0 0 0
392	0 0 0 0 0 0 0 0 0 0 194 0 0 0 0 0 0 0 0 0
393	0.02 0 0 102.14 0 0 0 0 0 0 389.92 0 0 0 0 9.92 0 0 0 0
394	0 0 0 0 0 0 0 0 0 0 0 0 27.1 0 0 0 0 0 7.9 0
395	0.04 0 0 0 0 0 0 68.3 0 0 0 0 0 0 0 43.4 0.26 0 0 0
397	0 0 0 0 0 0 0 0 0 0 0 0 0 0 3.62 18.36 0 0 0 0.04
399	0 0 0 0 0 0 0 0 0 0 76.98 0 0 0 0 140 0 0 0 0
400	0 0 0 0 0 0 0 0 0 0 44 0 0 0 0 0 0 0 0 0
401	0.02 0 0 0 0 0 0 0 0 0 134.4 0 0 46.58 0 0 0 0 0 0.02
402	0 0 0 0 0 0 0 0 80.32 0 377.66 0 0 0 0 0 0 0 0 0
403	0.02 0 0 0 0 0 0 7.08 0.1 0 182.18 0 0 56.12 0 302.5 0 0 0 0
404	0 0 0 0 0 0 0 270 0 0 0 0 0 0 0 0 0 0 0 0.02
405	0.04 0 0 0 0 0 0 0 0 0 0 0 0 0 44.24 151.38 340.58 0 160.12 207.62
406	0 0 0 0 0 0 0 0 0 0 0 0 0 0 0 21.96 87 0 0 0.04
407	0 0 0 0 0 0 0 0 0 0 0 0 87.92 0 0 0 0 0 0.06 0.06
408	0 0 0 104.36 184.8 0 0 0 0 0 0 0 0 0 117.86 0 0 0 0 7.94
410	0.04 0 0 57.76 0 0 0 0 0 0 0 0 99.6 0 0 0 124.72 0 0 119.88
411	0 0 0 47.72 0 0 0 0 0 0 0 0 83.36 0 0.02 0 237.9 0 0 0
412	0 0 0 0 0 0.02 0 0 0 0 0 0 121.16 0 0 0 0 0 0 38.82
413	29.54 0 0 0 0 0 0 0 0 0 0 0 92.44 0 0 0.02 0 0 0 0
414	0 0 0 0 0 0 0 0 0 0 0.02 0 0 0 64.58 0 0 118.4 0 0
415	0 0 0 0 0 0 0 33.48 0 0 0 0 0 0 0 37.52 0 0 0 0
416	0 0 0 0 0 0 15.66 0 60.88 0 0 0 0 0 0 89.46 0 0 0 0
417	0 0 0 0 0 0 0 179 0 0 0 0 0 0 0 0 0 0 0 0.02
418	0.06 0 0 0 0 0 0 372.9 0 0 0 0 0 0 0.02 0 0 0 0 0
419	0 0 0 0 0 0 0 443.2 0 0 0 0 0 0 0 0 0 95.8 0 0
421	0.02 0 0 0 0 0 64.36 0 0 88.68 0 0 111.3 0 57.64 0 0 0 0 0
422	0 0 0 0 0 0 0 20.58 0 0 0 0 0 0 0 0 0 0 37.42 0
423	0.06 0 0 98.52 0 210.5 0 253.54 226.3 0 0 0 0 0 0 0 0 0.02 134.06 0
424	0 0 0 0 0 0 0 0 0 0 0 0 0 12.72 0 0 9.28 0 0 0
425	0 0 0 0 0 0 126.2 0 1.44 0 0 0 0 37.38 80.98 0 0 0 0 0
426	0 0 0 0 0 0 0 0 0 0 0 0 81 0 0 0 0 0 0 0
427	0.1 0 0 0 0 232.92 0 98.9 269.52 0 0 0 0 0 0 0 0 160.56 0 0
428	0 0 0 184.74 0 0 0 0 0 0 0 0 0 0 210.26 0 0 0 0 0
429	0 0 0 9.18 0 0 0 0 0 0 0 0 0 0 238.08 0 0 68.74 0 0
430	0 0 0 109.38 0 0 0 0 0 0 0 0 0 0 178.62 0 0 0 0 0
432	0 0 0 0 0.06 0 0 334.54 0 0 0 0 0 0 203.36 0 0 0 0 0.06
433	0 0 0 0 0 0 61.96 0 0 49.16 101.44 0 0 102.58 189.78 0 0 0 0 0.06
434	0.02 0 0 0 0 0 0 0 43.66 0 0 0 0 0 126.32 0 0 0 0 0.02
435	0.02 0 0 0 0 175.22 0 0 203.84 0 0 0 0 0 204.3 46.88 0 99.72 0 0
436	0 0 0 36.06 0 0 0 0 0 0 0 0 0.08 252.78 0 0 0.06 0 0 0.02
437	0 0 0 0 0 0 0 0 0 0 0 0.02 0 3.98 0 0 0 0 0 0
439	0 0 0 0 0 0 0 0 0 0 0 0 0.22 1.78 0 0 0 0 0 0
440	13.82 0 0 0 0 0 0 0 0 0 0 0 9.18 0 0 0 0 0 0 0
441	0.04 0 0 0 0 0 0 0 0 0 0 0 0 120.96 0 0 0 0 0 0
442	0 0 0 0 0 0 0.02 2.98 0 0 0 0 0 0 0 0 0 0 0 0
443	0.02 0 0 62.72 0 0 0 112.98 0 0 0 0 0 198.58 0 0 0.16 113.54 0 0
444	16.8 0 0 0 0 0 0 0 0 0 0.32 0 0.02 0 68.86 0 0 0 0 0
445	0 0 0 0 0 0 0 0 0.02 0 0 0 0 52.94 0 0 0 0.04 0 0
448	0 0 0 36.68 0 0.04 0 0 0 0 0 0 0 188.28 0 0 0 0 0 0
449	0.02 0 0 0 0 0 0 0 0 0 0 0 0 0 0 298.98 0 0 0 0
451	0 0 0 0 0 0 0 0 0 0 381.58 0 0 0 73.82 16.6 0 0 0 0
452	0 0 0 0 0 0 0 0 0 0.06 24.28 0 0 107.66 0 0 0 0 0 0
453	0 0.02 0 0 0 0 0 0 0 0 0 0 0 25.82 0 0.08 0 0 0 0.1
454	0 0 0 0 9.52 0 0 0 0 0 0 0 15.56 0 0 0 0 0.08 0 14.82
455	0 0 0 0 1.46 0 0 0 0 0 0 0 0 0 0 187.42 3.48 0 0 202.64
456	46.08 0 0 0 0 0 0 0.14 0 16.18 37.6 0 0 0 0 0 0 0 0 0
457	34.38 0 0 0 0 0 0 3.62 0 0 0 0 0 0 0 0 0 0 0 0
87	0.02 0 0 165.36 0 0 0 0 89.38 0 0 0 0 0 84.48 77.28 0 0 0 0.54
137	0.02 0 0 0 380.28 123.66 51.98 0 0 0 0 0 0 0 0 0 0 0 0 0
156	0.06 0 0 0 0 191.16 0 0 0 119.52 0 0 0 151.24 0 0 0 0 0 0.04
169	0.02 0 0 301.16 67.78 0 0 0 0 0 0 0 0.02 0 0 0 0 0 0 0
178	0.02 0 0 0 0 140.92 0 0 140.44 0 41.54 0 0 3.96 0 0 0 90.1 0 0.06
182	0.02 0 0 0 0 330.34 0 0 92.38 180.74 0 0 0 112.48 0 0 0 0 0 0
195	0.02 0 0 0 0 7.82 0 0 189.4 120.06 0 0 0 0 197 259.34 0 0 155.32 0.08
199	0.04 0 0 0 0 0 0 0 419.04 0 0 0 0 0 0 0 0 151.88 0 0
223	0 0 0 0 0 287.78 97.16 0 0 0 0 0 0 26.06 0 0 0 0 17.86 0.16
238	0 0 0 261.6 0 279.94 0 44.48 0 0 0 0 0 47.56 0 0 0 119.38 0 0.02
261	0 0 0 0 0 19.22 0 0 0 0 0 75.78 0 0 0 0 0 0 0 0
274	0.04 0 0 0 0 0 37.7 0 0 0 193.08 0 0 0 0 0 236.6 0 0 71.58
284	0.02 0 0 0 0 104.56 0 0.02 0 0 0 0 0 0 0 0 222.1 0 0 173.34
285	0 0 0 0 429.5 0 11.98 0 0 0 0 0 0 0 0 0 0 0 0 112.48
458	0 0 0 0.56 0 0 17.46 0 0 0 0 0 0 0 0 0 0 0 0 202.98
459	0 0 0 0 0 0 37.34 0 0 0.04 0 0 0 0 0 0 44.62 0 0 0
461	0 0 0 66.56 0 0 101.88 0.04 0 45.52 0 0 0 0 0 0 0 0 0 0
463	0.02 0 0 0 87.02 16.26 0 0 0.1 0 0 0 0 0 93.64 0 0 48.96 0 0
464	0 0 0 0 0 0 64.54 0 0 0 0 0 0 0 0 7.46 0 0 0 0
465	0 0.02 0 0 0.02 0 0 219.24 0 0 0 0 3.72 0 0 0 0 0 0 0
466	0 0 0 88.74 0 0 50.26 0 0 0 0 0 0 0 0 0 0 0 0 0
467	0 0 0 0 0 121.2 17.76 0 0 0 0 0 0.02 0 0 0 0 0 0 0.02
468	0 0 0 0 0 0 0 0 35.28 0 130.72 0 0 0 0 0 0 0 0 0
469	0 0 0 0 0 101.94 69.38 0 0.02 0 0 0 15.9 21.76 0 0 0 0 0 0
470	0 0 0 0 0 0 0 0 28.28 0 172.2 0 0 140.52 0 0 0 0 0 0.02
471	0 0 0 0 0 0 0 0 78.1 0 0 0 0 0 0 0 269.98 0 28.34 249.56
473	0.02 0 0 0 80.58 0 0 0 0 0 0 0 0 0 83.12 0 148.6 0 0 0.7
474	0.02 0 0 0 0 145.38 0 0 0 6.9 0 0 0 0 332.9 0.7 0 191.06 0 0.06
475	0.2 0 0 0 290.18 0 0 0 0 234.54 0 0 0.02 42.42 0 0 0 0 0 224.6
476	0 0 0 65.08 0 0 0 0 0 0 0 0 0 0 0 0 313.92 0 0 0
477	0.02 0 0 0 33.1 0 0 51.32 0 0 0 0 39.78 0 0 0 102.78 0 0 0
478	0.02 0 0 0 0 30.34 0 0 78.3 0 0 0 0 0 0 0 0 221.32 0 0.04
479	0 0 0 0 0 212.12 0 0 0 0 0 0 0 0 0 0 0 410.86 0 0
480	0 0 0 0 0 124.38 0 0.28 223.6 0 0 0 0 0 0.02 0 0 261.6 0 0.12
481	0 0 0 0 0 0 0 0 0 0.06 0 0 0 0 0.1 0 0 211.84 0 0
482	0 0 0 0.22 0 0 0 0 56.94 0.24 0 0 0 0.04 0 0 0 349.56 0 0.02
483	0 0 0 0 0 230.32 0 0 294.5 0 0 0 0 0 5.02 0 0 346.14 0 0
484	0.1 0 0 0 0 75.22 0 0 111.54 0 0 0 0 0 0 0 0 304.14 0 0
485	0 0 0 0 0 0 0 133.34 122.96 0 0 0 0 0 0 0 0 146.7 0 0
486	0 0 0 0 0 0 0 33.56 0 0 0 0 0 0 0 0 0 155.44 0 0
487	0 0 0 0 0 0 0 0 0 0.02 36.12 0 0 0 0 0 0 170.86 0 0.02
488	0 0 0 0 0 0 0 0 0 0 0 0 0 0 0 0 0 232.98 0 0
490	0 0 0 0 0 0 0 0 0 0 0 0 0 0 0 0 0 150.96 0 0.04
492	0 0 0 0 0 0 0 0 0 0 0 0 0 0 0 0 0 184 0 0
493	0 0 0 0 0 0 0 0 0 0 0 0 0 0 0 0 0 210 0 0
494	0 0 0 0 0 0 0 0 0 0 0 0 0 0 0 0 0 185 0 0
495	0 0 0 0 0 0 0 0 126.88 0 0 0 0 0 0 0 0 54.12 0 0.02
496	0 0 0 0 0 189.18 0 199.14 218.22 0 0 0 0 0 50.2 0 0 76.22 0 0.02
497	0 0 0 0 0 0 0 22.28 0 0 0 0 0 0 0 0 0 188.72 0 0
498	0.02 0 0 0 0 67.16 0 0 188.7 0 0 0 0 0 0 0 0 251.12 0 0
499	0 0 0 0 0 0 0 18.76 0 0 0 0 0 0 0 0 0 163.12 0 0.12
500	0 0 0 2.74 0 0 0 0 0 0 0 0 0 0 0 0 0 44.14 45.12 0
501	0.02 0 0 0 0 0 0 311.1 0 0 0 0 0 0 0 0 0 47.88 0 0
503	0 0 0 84.98 0 0 0 0 0 0 0 0 0 0 26.02 0 0 0 0 0
504	0.02 0 0 0 0 58.14 0 0 91.16 39.72 0 0 0 0 0 0 0 159.94 0 0.02
505	0 0 0 0.02 0 0 0 0 0 0 0.08 0 0 0 0 0 0 229.9 0 0
506	0.04 0 0 88.42 0 0 0 0 109.24 0 0 0 0 0 87.28 0 0 0 0 0.02
507	0.02 0 0 0 0 64.44 0 0 0 0 0 0 0 0 0 0 0 227.52 0 0.04
508	0 0 0 0 106.02 0 0 0 0 118.92 0 0 0 56.6 0 0 0 0 0.04 360.4
509	0.02 0 0 148.18 0 0 218.78 0 0 0 0 0 0 0 0 0 0 0 0 0.02
510	0.02 0 0 0 34.16 0 0 0 157.28 0 0 0 0 0 0 80.3 0 81.22 0 0.02
511	0 0 0 0 0 47.28 102.16 0 187 0 0 0 0 0 134.34 0 0 142.22 0 0
512	0 0 0 0 0 0 185 0 0 0 0 0 0 0 0 0 0 0 0 0
513	0 0 0 0 0 71.16 0 0 0 0 0 0 0 0 0 0 0 188.84 0 0.02
514	0.06 0 0 104.66 0 93.82 60.82 0 0 0 0 0 0 0 0.04 0 0 316.5 0 0.08
515	0.02 0 0 0 190.1 0 37.88 0 266.86 44.58 0 0 0 0 0 57.6 0 0 0 118.98
516	0 0 0 77.88 0 0 0 0 0 0 0 0 0 0 0 0 0 143.1 0 0
517	0.02 0.02 0 81.48 0 0 61.26 0 0.02 0 0 0 0 0 0 0 0 138.2 0 0.02
518	0 0 0 0 0 217.08 0 0 0.08 0.02 0 0 0 0 52.78 0 0 0 0 0.06
520	0.02 0 0 0 0 0 0.04 0 401.52 0 0 0 0 0 0.38 0 0 0 0 0
521	0 0 0 3.48 0 150.12 0 0 213.4 0 0 0 0 0 0 0 0 0 0 0
522	0 0 0 0 0 114.78 0 0 0 0 0.22 0 0 0 0 0 0 0 0 0.02
523	0 0 0 118.56 0 86.44 0 0 268 0 0 0 0 0 0 0 0 60.98 0 0
524	0 0 0 42.98 0 0 0 0 0 0 0 0 0 0 127.02 0 0 0 0 0
525	0.02 0 0 0 0 0 0 0 0 0 0 0 0 0 0 0 0 256.98 0 0
526	0 0 0 0 0 0 0 0 250.5 0 0 0 0 0 0 89.96 0 70.54 0 0
528	0 0 0 131.72 0 0 0 0 155.1 0 0 0 0 0 0 0 0 138.18 0 0
529	0 0 0 37.66 0 0 181.98 0 0 0 0 0 0 0 78.36 0 0 0 0 0
530	0.02 0 0 0 0 0 0 0 101.38 0 0 0 0 0 95.5 0 0 79.1 0 0
531	0.04 0 0 0 0 229.88 145.06 0.02 0 0 0 0 27.86 0.1 0 0 0 0 0 0.04
532	0 22.24 0 0 0 0.02 0 0 15.98 0 0 0 20.76 0 0 0 0 0 0 0
533	0 43.98 0 0 0 0 0 0 0 0 0 0 0 0 0.02 0 0 0 0 0
534	0.02 0 0 0 0 0 0 0 0 0 0 0 0 0 0 0 0 0 0 34.98
536	0 25.96 0 0 0 0 0 0 0 0 0 0 0 0 0 0.04 0 0 0 0
537	0 0 0 0 0 0 0 0 0 0 0 0 0 0 93 0 0 0 0 0
538	0 77.56 94.42 0 0 0 0 0.02 0 0 0 0 0 0 0 0 0 0 0 0
539	43.82 24.56 0 0 0 0 0 0 14.58 0 0 0.04 0 0 0 0 0 0 0 0
11	0 0 0 0 0 157.98 0 0 0 212.9 0 0 199.6 26.92 0 0 0 0 141.6 0
71	0.08 0 0 0 0 0 0 438.8 147.36 0 0 0 0 0 0 71.74 0 0 0 0.04
77	0.1 0 0 0 0 25.1 0 0 0 0 143.86 0 0.28 0 0 205.64 0 0 0 0
106	0 0 0 0 0 0 6.84 0 0.02 0 0 0 0 0 0 0 162.98 0 0 1.24
127	4.18 0 0 0 169.56 106.28 0.28 0 401.3 218.96 0 0 0 0 0 0 86.46 2.22 37.84 381.84
192	0 0 0 0 0 0 113.72 0 102.62 0 0 0 0 31.84 0 0 0 79.82 0 0
365	0 0 0 0 0.16 0 0 0 0 0 133.84 0 0 0 0 0 0 0 0 0
396	0 0 0 0 0 0.1 0 0 0 0 0 0 0 2.24 52.7 52.96 0 0 0 0
420	0 0 0 0 0 0 0 250 0 0 0 0 0 0 0 0 0 0 0 0
431	0 0 0 0 0 0 0 0 0 0 0 0 0 0 160.24 262.76 0 0 0 0
446	0 0.02 0 0 0 0 0 0 0 0 0 0 0 0 0.08 11.58 0 0.32 0 0
447	0 0 0 98.36 0 0 0 0.06 0 0 6 0 0 215.56 0 0 0 0 0 0.04
450	0 0 0 0 0 0 0 0 0 0 0 0 0 0 0 119.98 0 0 0 0.02
472	0.16 0 0 0 0 0 0 0 0 0 0 0 95.82 0 0 0 205.38 0 81.62 0
489	0 0 0 0 0 0 0 0 0 0 0 0 0 0 0 0 0 177 0 0
491	0 0 0 0 0 0 0 0 87.24 0 1.44 0 0 0 0 0 0.04 102.26 0 0.04
519	0 0 0 0 0 0 0 0 176.88 0.04 0 0 0 0 79.06 0 0 0 0 0
527	0 0 0 6.22 0 272.62 0 0 184.62 0 0 0 0 0.14 130.78 0 0 49.62 0 0
541	0 0 0 0 0 0 0 0 0 0 0.04 0 0 0 0 107.96 0 0 0 0
542	0 0 0 0 0.02 0 0 0 0 0 0 0 0 0 0 93.98 0 0 0 0
543	0 0 0 22 0 0 0 0 7.38 0 0 0 0 0 0 0 0 34.62 0 0
546	0.04 0 0 0 0.02 0 0 0 0 0 0 0 0 0 0 170.82 319.88 0 45.5 76.74
547	0 0 0 0 76.3 0 0 0 0 0 0 0 0 35.58 0 0 0 0 0 21.12
548	0 0.06 0 0 0 0 0 24.9 0 0 0 0 0 0 0 0.02 0.02 0 0 0
549	0.02 0 0 59.54 0 0 0 47.88 0 0 109.2 0 0 0 0 53.36 0 0 0 0
550	0.04 0 0 0 0 0 0 0 0 0 0 0 0 0 0 397.96 0 0 0 0
552	0 0 0 0 0 0 0 0 0 0 0 0 0 0 0 109 0 0 0 0
553	0 0 0 0 0 0 74.18 0 20.1 0 0 0 77.72 0 0 0 0 0 0 0
554	0 0 0 0 0 0 0 0 0 0 0 0 0 0.04 0 229.96 0 0 0 0
555	0 0 0 0 0 0 0 0 0 0 6.82 0 11.18 0 0 0 0 0 0 0
556	0.04 0 0 0 0 0 0 0 0 0 0 0 23.96 0 0 0 0 0 0 0
557	0 0 0 0 0 0 0 0 0 0 0 0 0 0 47 0 0 0 0 0
558	0.02 0 0 0 0 0 162.5 0 0 0 0 0 0 68.26 0 0 0 0 0 0.24
559	0.02 0 0 0 0 0 0 54.72 0 0 51.26 0 0 245.98 0 0 0 0 0 0
560	0 0 0 0 0 0 0 55 0 0 0 0 0 0 0 0 0 0 0 0
561	0.02 0 0 0 0 0 0.04 0 0 0 34.08 0 0 111.86 0 0 0 0 0 0
562	0 0 0 0 0 0 0 0 0 0 0 0 43.04 0.04 0 71.92 0 0 0 0
563	0 0 0 0 0 0 0 0 0 0 0 0 0 61 0 0 0 0 0 0
564	0.28 0 0 0 0 7.88 0 0 0 0 0 0 0 0 0 21.26 0 8.58 0 0
565	20.22 0 0 16.64 0 0 0 15.14 0 0 0 0 0 0 0 0 0 0 0 0
567	0 0 0 0 0 0 0 0 0 0 0 0 0 91 0 0 0 0 0 0
569	0 0 0 0 0 0 0.02 0 0.02 0 0 0 0 142.96 0 0 0 0 0 0
570	0 0 0 0 0 0 0 0 0 0 31.58 0 0 0 0 106.42 0 0 0 0
571	0 0 0 0 0 0 0 0 0 0 0 0 63.98 0 0.02 0 0 0 0 0
572	0 0 0 0 0 0 0 0 0 0 0 0 0 0 0 57 0 0 0 0.02
573	0 0 0 0 0 0 0 0 22 0 0 0 0 43.98 0 0 0 0 0 0
574	0 0 0 0 0 0 0 0 0 0 0 0 26 0 0 0 0 0 0 0
576	0 0 0 0 0 0 0 0 0 0 0 0 0 0 0 206 0 0 0 0
577	0 0 0 0 0 0 0 0 0 0 0 0 50.32 18.68 0 0 0 0 0 0
578	0.02 0 0 0 0 0 0 0 0 0 0 0 0 0 0 207.98 0 0 0 0
579	0.02 0 0 38.92 0 0 0 0 0 0 0 0 0 0 0 0 0.06 0 0 0
580	0 0 0 0 0 0 41.96 0 0 0 0 0 45.04 0 0 0 0 0 0 0
581	0.04 0 0 0 0 0 0 0 0 0 15.9 0 144.06 0 0 0 0 0 0 0.02
582	0.04 0 0 0 146.94 102.7 0 57.68 105.58 0 0 0 0 0 0 0 0 46.04 0 0
583	0 0 0 79.28 0 0 0 0 0 0 0 0 0 14.72 0 0 0 0 0 0
584	0 0 0 0 0 0 0 90 0 0 82.42 0 0 0 51.58 0 0 0 0 0
585	0 0 0 0 0 0 0 0 0 0 0 0 78 0 0 0 0 0 0 0
586	0 0 0 0 0 0 0 0.52 0 0 73.48 0 0 0 0 0 0 0 0 0
587	0 0 0 0 0 0 0 0 17.34 0 0 0 0.04 28.62 0 0 0 0 0 0
588	0.04 0 0 0 0 0 0 441.24 0 0 0 0 0 0 101.74 0 0 0 81.98 0
589	0 6.92 0 0 0 0 0 0 0 1.36 0 0 0 40.24 0 0 0 94.48 0 0
590	0 0 0 0 0 0 0 0 0 0 0 0 0 29 0 0 0 0 0 0
592	0 0 0 0 0 0 0 0 0 0 0 0 0 0 0 27 0 0 0 0
593	0 0 0 0 0 0 27.32 0 0 0 0 0 0 0 0 0 0 0 0 10.68
595	0.38 0 0 0 0 0 0 0 0 0 0 0 0 0 0 0 160.62 0 0 0
596	2.32 0 0 0 0 0 0 155.94 0 0 0 0 0 0 0 0 141.16 0 0 49.6
597	0.04 0.02 0 0 0 0 0 0 0 0 0 0 0 0 0 108.2 333.1 0 58.56 0.06
598	0.18 0.12 0 0 0 0 0 0 8.5 0 0 0.06 0.02 0 0 0 0.06 0 0 0.06
599	0.06 0 0 0.04 0.02 0 0.04 0.14 0.16 0 0.04 0 0.04 0.1 0.14 0.1 0 0.12 0 0
600	0 0 0 0 0 0 0 0 0 0 0 0 0 0 0 0 0 6 0 0.02
602	0 0 0 0 0 0 0 0 0 0 0 0 0 0 0 0 0 139.98 0 0.02
603	0.04 0 0 0 0 210.78 0 0 0 0 0 0 0 66.2 0 0 0 457.96 0 0
604	0.02 0 0 0 0 22.52 0 0 0 0 0 0 0 0 0 0 0 215.46 0 0
607	0 0 0 0 0 0 0 0 0.3 0 0 0 0 0 0 0 0 188.7 0 0
608	0 0 0 0 0 0 0 0 102.98 0 0 0 0 0.02 0 0 0 0 0 0
609	0 0 0 0 0 0 0 0 0 0 83.44 0 0 0 0 0 0 106.56 0 0
610	0 0 0 0 0 0 0 0 0 0 0 0 0 0 0 0 0 122 0 0
611	0 0 0 0 0 0 0 0 0 0 0 0 0 0 0 0 0 130 0 0
612	0 0 0 0 0 0 0 0 0 0 0 0 0 0 104 0 0 0 0 0
613	0 0 0 0 0 0 0 0 0 0 0 0 0 0 0 0 0 103 0 0
614	0 0 0 0 0 0 0 0 86.9 0 0 0 0 0 0 0 0 64.1 0 0
615	0 0 0 0 0 0 0 0 0 0 0 0 0 0 0 0 0 149 0 0
616	0 0 0 0 0 0 0 0 0 0 0 0 0 0 164.02 28.96 0.02 0 0 0
617	0 0 0 0 0.04 0 0 0 0 0 0 0 0 0 0.02 0 0 52.94 0 0
618	0 0 0 58.92 0 0 0 0 0 0 0 0 0 0 0 0 0.02 0 0 0.08
619	0.06 0 0 0 0 0 0 0 0 0 0 0 33.94 0 0 0 0 0 0 116.98
620	0 0 0 0 0 0 0 0 0 0 24.98 0 0 0 0 0 92.02 0 0 0
621	0.1 0.06 0.04 0 0 0.08 0 0 0 0 0 0.02 0 0 0 31.7 0 0 0 0.02
622	0 0 0 0 0 0 0 90.18 0 0 0 0 0 0 0 5.8 0 0 0 0
623	0 0 0 0 0 0 0 0 0.66 0 85.3 0 0.02 0 0 0 0 0 0 0.02
624	0 0 0 0 0 0 0 0 0 0 0 0 0 0 0 31.64 0 27.36 0 0
626	11.98 0.02 0 0 0 0 0 0 0 0 0 0 0 0 0 0 0 0 0 0
627	0 0 0 0 0 0 0 104.96 0 0 0 0 0 0 0 90.02 0 0 0 0.02
628	0.02 0 0 0 0 0 0 0 43.38 0.02 0 0 0 91.4 0 0 115.9 0 0 206.28
629	0 0 0 119.02 0 0 0 82.98 0 0 0 0 0 0 0 0 0 0 0 0
630	0 0 0 0 0 0 0 0 0 0 0 0 0 0 84.66 0.34 0 0 0 0
632	0 0 0 0 0 0 31.58 0.14 72.76 0 0 0 0 0 0 0 0 75.5 0 0.02
633	0.08 0 0 0 0 0 0 0 152.12 0 0 0 0 0 0 37.74 0 55.06 0 0
636	0 0 0 0 0 0 0 0 8.98 0 0 0 0 68.82 0 128.2 0 0 0 0
637	0 0 0 0 0 0 0 0 0 0 0 0 0 64.3 0 0 0 15.7 0 0
639	0 0 0 0 0 0 70.3 0 0 0 0 0 0 0 0 0 0 56.7 0 0.02
642	0 0 0 0 0 89.12 0 0 0 0 0.2 0 0 81.6 0 0 0 94.06 0 0
643	0 0 0 0 0 0 0 0 0 0 0 0 0 0 0 0 0 12 0 0
644	0 0 0 0 0 0 95 0 0 0 0 0 0 0 0 0 0 0 0 0
645	0 0 0 0 0 0 46.54 0 0 0 0 0 0 39.46 0 0 0 0 0 0
646	0 0 0 0 0 0 0 0 0 0 0 0 0 0 0 0 0 127 0 0
647	0 0 0 0 0 0 103.88 0 0 0 0 0 0 0 112.12 0 0 0 0 0
648	0 0 0 0 0 0 0 0 63.46 0 50.78 0 0 0 0 0 0 98.76 0 0
650	0 0 0 0 0 0 0 0.1 0 0 0 0 0 16.8 105.3 0 0 103.8 0 0
651	0.02 0 0 95.88 0 234.04 0 0 0 0 0 0 0 0 0 153.08 0 0 47.98 0
653	0 0 0 0 0.7 0 0 0 0 0 0 0 0 0 0 10.94 0 86.34 0 0.06
654	0 0 0 0 0 156.56 0 0 0 0 0 0 0 0.08 0 0.02 0 299.3 0 0
656	0 0 0 0 0 0 0 0 0 20.92 0 0 0 0 0 0 0 106.08 0 0
657	0.02 0 0 0 0 97.5 0 0 0 37.7 0 0 0 0 51.74 0 0 272.04 0 0
658	0 0 0 0 0 0 0 0 0 0 64.04 0 0 109.84 44.02 0 0 0.1 0 0
659	0 0 0 0 0 0 0 0 0 0 0 0 0 0 128.94 0.02 0 257.04 0 0
660	0.02 0 0 0 0 0 163.32 130.54 40.7 0 118.42 0 0 0 0 0 0 0 0 0
661	0 0 0 0 0 0 0 0 130.16 0 0 0 0 0 0 0 0 159.82 0 0.04
662	0 0 0 100.44 0 0 0.02 0 0 0 0 0 0 0 0 57.82 0 63.7 0 0
663	0.02 0 0 120.76 0.06 0 0 1.38 0 0 0 0 0.02 0.02 70.66 0 0 173.06 0 0.02
664	0 0 0 70.1 0 0 0 0 0 0 0 0 0 0 0 0 0 58.9 0 0.02
665	0.12 0 0 0 0 0 0 0 8.92 0 0 0 0 124.34 0 102.6 0 0 0 0
667	0 0 0 0 0 0 0 0 0 0 0 0 0 0 23 0 0 0 0 0
669	0 0 0 0 0 0 0 0 0.02 0 0 0 0 15.98 0 0 0 0 0 0.02
673	0 0 0 0 0 71.62 0 0 0.06 0 89.02 0 0 0 0 0 0 69.28 0 0
674	0 0.02 0 0 0 0 0 0 0 0 0 0 0 105.98 0 0 0 0 0 0
675	0 0 0 0 0 0 0 0 0 0 0 0 0 81.86 0 0 0 64.1 0 0.06
676	0.02 26.2 0 0 20.82 0 0 0 11.46 0 0 0.02 0 0 0 0 0 0 0 139.46
677	0 0 0 0.74 0 0 0 0 2.26 0 0 0 0 0 0 0 0 0 0 0
678	173.6 0 0 0 0 0 0 0 0 0 0 121.06 0 0 0 0 36.5 0 104.86 40.98
679	0 0 0 0 0 0 0 0 0 0 0 0 0 0 58.68 199.32 0 0 0 0
680	61.68 0 0 0 0 0 0 0 0 0 0 0 0 0 0 0 0 0 10.3 0.02
681	53 0 0 0 0 0 0 0 0 0 0 0 0 0 0 0 0 0 0 0.02
682	258.98 0 0 0 0 0 0 0 0 0 0 0 0 0 0 0 0 0 0 0
683	68.54 0 0 0 0 0 0 11.72 0 0 0 11.74 0 0 0 0 0 0 0 0
566	0 0 0 0 0 0 0 0 106.52 0 50.68 0 0 0 0 351.68 0 0 0 0.14
568	0 0 0 49.44 0 0 0 0 0.68 43.88 0 0 0 0 0 312.7 0 0 284.24 0.06
684	0 0 0 100.22 0 0 0 0 0 58.78 5.02 0 0 0 0 314.96 0 0 0 0
685	0.02 0 0 0 0 0 0 0 0 0.12 0 0 89.84 0 0 0 293.3 0 58.72 0.02
686	0 0 0 0 0 47.46 0 42.84 0 0 0 0 65.68 0 0 0 0 0 0 0
687	51.9 0 0 0 0 0 0 0 0 0 0 28.06 0 0 0 0 0 0 27.04 0
689	111.04 0 67.52 0 0 0 0 0 0 0 0 58.12 0.32 0 0 0 0 0 0 0
690	0.18 0 220.86 0 0 0 0 0 0 0 0 187.88 0 0.06 0 0 0 0 0 0.02
691	0 41 0 0 0 0 0 0 0 0 0 0 0 0 0 0 0 0 0 0
16	0 0 0 0 0.02 0 0 35.24 0 0 0 0 0 0.04 0 0 0 0 0 56.7
48	0 0 0 90.16 0.02 270.8 0 0 0 0 0 0 0 0 0 0 0 0 0 0.04
333	247.06 0 83.76 0 0 0 0 0 0 47.92 0 259.8 0 0 0 0 73.38 0 0 0.06
462	0.34 0 0 0 0 0 387.2 0 0 0 0 0 0 0.02 41.4 0 0 0 0 0.04
502	0 0 0 99.92 0 0 0 0 0 0 0 0 0 0 0 0 0 53.08 0 0
606	0 0 0 0 0 0 0 14.66 0 0 0 0 0 0 0 0 0 195.32 0 0.04
652	0 0 0 0 0 0 131.04 0 0 58.06 0 0 49.06 0 36.82 0 0 0 0 0
655	0 0 0 224.18 0 169.98 0 174.86 0 0 0 0 0 51.1 95.86 0 0 0 0 0.04
692	0.02 0 0 0 0 140.84 0 0 54.04 0 284.08 0 0 0 0 0 0 0 0 0.02
694	0 0 0.02 0 0 22.42 125.54 0 0 0 0 0 0 0 0 0 0 0 0 0
695	0.02 0 0 0.02 0 0 27.16 0 0 0 0 0 0 0 0 10.8 0 0 0 0
696	0 0 0 0 0 0 28.7 0 0 0 0 0 0 0 0 0 187.3 0 0 0
697	0 0 0 0 0 0 0 0 25.46 0 0 0 83.54 0 0 0 0 0 0 0
698	12.32 0 0 0 0 0 0 0 0.02 0 0 0 0 0 0 0 0 11.66 0 0
699	0 0 0 0 0 0 101.48 182.52 0 0 0 0 0 0 0 0 0 0 0 0
700	0 0 0 32.98 0 0 0 0 0 0 0 0 0 0 0 0 0 0.02 0 0
702	0 0 0 0 0 0 124.56 0 0 0 0 0 0 0 18.42 0 0 0 0 0.02
703	0 0 0 0 0 0 59.64 8.36 0 0 0 0 0 0 0 0 0 0 0 0
704	0 0 0 0 0 0 65 0 0 0 0 0 0 0 0 0 0 0 0 0
705	0.04 0 0 39.64 0 0 0 0 103.48 0 0 0 0 0 0 0 0 296.84 0 0
706	0 0 0 0 0 0 0 0 0 0 0 0 0 16 0 0 0 0 0 0
707	0.02 0 0 0 0 0 192.42 0 0 0 0 0 0 0 0 0 0 22.56 0 0.02
709	0 0 0 0 0 0 202.06 71.72 0 59.2 0 0 0 0 0 0 0 0 0 0
710	0 0 0 0 0 0 0 0 0 0 54.02 0 92.28 0 63.7 0 0 0 0 0
711	0 0 0 0 0 0 0 4 0 0 0 0 0 0 0 0 0 0 0 0
712	0.04 0 0 124.82 0 0 0 0 0 0 0 0 0 0.12 0.02 0 0 0 0 0
57	0 0 0 0 0 0 129 0 0 0 0 0 0 0 0 0 0 0 0 0.02
386	0 0 0 0 0 0 0 32.26 0 0 0 0 35.34 0 0 114.34 0 0 0 0.04
544	0 0 0 0 0 0 0 0 0 0 0 0 0 0 0 0 0 0 0 178
713	0 0 0 0 0 0 52.36 0 0 0.02 0 0 30.4 0 0 0 0 0 0 129.22
714	0 0 0 0 0 0 4.2 0 0 0 0 0 0 0 3.18 0 0 25.42 0 9.2
716	0 0 0 0 0 0 0 0 0 17.76 136.24 0 0 0 0 0 0 0 0 0
718	0.02 0 0 0 0 0 25.74 0 0 14.62 0 0 0 0 0 0 10.62 0 0 0
719	0 0 0 0 0 0 0 0 0 0 39.6 0 0 0 20.4 0 0 0 0 0
720	0.02 0.02 0 0 0 0 0 0 0 0 107.32 0 0 0 0 113.64 0 0 0 0
721	0 0 0 0 0 0 0 0 0.02 0 0 0 179.12 1.84 0 0 0 0 0 0.02
722	0 0 0 0 0.06 0 0 0 0 0 122.94 0 0 0 0 0 0 0 0 0
723	0 0 0 0 0 0 0 60.32 0 0 0 0 21.68 0 0 0 0 0 0 0
725	0 0 0 0 0 0 0 0 0 0 0 0 37 0 0 0 0 0 0 0
726	0.02 0 0 0.32 0 0 0.04 0 0 0 0 0 16.84 0 0 10.78 0 0 0 0.02
727	0 0 0 0 0 0 65.92 34.02 0 0 0 0 74.04 0 0 0 0 0 0 0
728	0.02 0 0 0 0 0 0 0 0 0 0 0 70.36 0 0 0 0 0 26.62 0
729	0 0 0 0 0 0 40.84 71.6 0 0 122.54 0 0 0 0 0 0 0 0 0.02
730	0 0 0 0 0 0 67 0 0 0 0 0 0 0 0 0 0 0 0 0
731	0 0 0 0 0 0 0 0 0 0 73.9 0 0 0 0 0 0 0 0 0.12
732	0.12 0 0 133.04 0 39.4 0 60.58 0 0 297 0 0 0 0.82 0 0 0 0 0.02
733	0 0 0 0 0 37.98 0 0 0 0 0 0 0 0.02 0 0 0 0 0 0
734	0 0 0 0 0 0 0 0 0 0 0 0 55.98 0 0 0.02 0 0 0 0
735	0.02 0 0 127.8 0 166.58 0 92.8 13.8 0 0 0 0 0 0 0 0 0 0 0
736	0 0 0 0 0 0 185.62 0 0 0 57.38 0 0 0 0 0 0 0 0 0
737	0.02 0 0 0 0 0 69.78 0 0 0 0 0 0 43.28 30.92 0 0 0 0 0
739	0 0 0 0 0 0 0 0 0 0 442 0 0 0 0 0 0 0 0 0
740	0 41.64 0 0 0 0 0 0 28.28 0 0 0 0 0 0 0 12.52 0 0 87.56
741	0 0 0 0 0 0 0 0 0 0 0 0 37.2 38.16 0 0 0 0 0 79.64
742	0.16 0 0 0 0 0 0 20.52 0 0 0 0.02 0 0.02 0 0 306.16 0.02 120.24 330.86
743	0 0 0 0 0 0 0 0 0 0 0 0 55 0 0 0 0 0 0 0.02
744	0.02 0 0 0 0 0 40.82 0 0 0 0 1.56 0 0 0 0 0 0 0 199.58
745	0 0 0 49.78 0 0 1.22 0 0 0 0 0 0 0 0 0 0 0 0 0
746	0 0 0 72.18 0 0 0 0 0 0 0 0 201.08 0 81.58 0 0 0 0 0.16
747	0 0 0 0 0 0 65.06 0.06 0 0 151.66 0 0 0 56.22 0 0 0 0 0
748	94.58 0 80.38 0 0 0 0 0 0 3.56 0 308.76 0 0 0 0 160.42 0 118.28 0.02
749	66.12 59.88 0 0 0 0 0 0 0 0 0 0 0 0 0 0 0 0 0 0
750	0.02 0 368.94 0 0 0 0 0 0 0 0 0 0 0 0 0 0 0 0 0.04
751	126.56 0 246.52 0 0 0 0 0 0 0 0 0 0 0 0 0 0 0 107.92 0
752	42.08 65.92 0 0 0 0 0 0 0 0 0 0 0 0 0 0 0 0 0 0.02
591	0 0 0 0 0 115.06 0 0 27.82 0 0 0 0 0 0 0 178.74 0 0 195.36
708	0.06 0 0 110.98 0 0.14 80.38 0 0 0 0 0 0 0 84.44 0 0 0 0 0
753	0 0 0 0 0 0 0 0 0 24.2 0 0 0 0 40.08 0 0 0.04 0 0.68
754	0 0 35.66 0 0 0.26 0 0 0 0 0.02 120.7 0 0 0 0 0 0 0 6.36
5	0 0 0 0 0 0 0 0 0 0 55.26 0 0 163.74 0 0 0 0 0 0
45	0 0 0 0 0 0 243 0 0 0 0 0 0 0 0 0 0 0 11 0
311	0 66.12 143.86 0 0 0 0 0 0 0 0 0 0 0 0 0 0 0 0 0.06
319	0 0 117.1 0 173.3 0 0 0 0 0 0 112.52 0 0.02 0 0 0 0 0 0.02
326	171.06 0 74.02 0 0 0 0 0 0 0 0 228.9 0 0 0 0 0.02 0 0 0
344	0 45.26 105.74 0 0 0 0 0 0 0 0 0 0 0 0 0 0 0 0 0
387	0 0 0 0 0 0 143.88 0 0 0 40.18 0 0 0 0 0 0 0.94 0 0
409	0.02 0 0 0 0 0 0 0 0 0 0 0 27.86 0 0 0 151.12 0 0 0
438	3.22 0 0 0 0 0 0 0.78 0 0 0 0 0 0 0 0 0 0 0 0
540	0 0 0 0 0 0 0 0 0 0 0 0 0 0 0 86 0 0 0 0
551	0 0 0.02 0 0 0 0 0 0 0 0 0 0 52.98 0 0 0 0 0 0
601	0 0 0 0 0 0 0 0 33.04 0 0 0 0 0 0 0 0 20.96 0 0
625	0 0 0 0 0 0 0 219 0 0 0 0 0 0 0 0 0 0 0 0
671	0 0 0 0 0 0 0 0 0 0 0 0 0 63.2 0 0 0 71.8 0 0
672	69.18 0 0 10 0 0 0 0 0 0 0 0 0 0 0 64.82 0 0 0 0
688	0 0.5 3.1 0 0 0 0.02 0 0 0 0 55.3 0 0 0 0.02 0 0 0 7.08
755	0 0 0 0 0 0 0 0 0 0 238.98 0 0 0 0 0 0 0 0 0
756	0 0 0 0 0 0 0 0 0 0 0 0 18.34 0 13.94 0 258.72 0 0 0
757	0 0 0 0 0 4.8 0 0 0 0 0 0 0 0 0 4.82 0 0 1.38 0
759	0 0 0 0 0 0 0 0 0 0 0 0 22.98 0 0 0 0 0 0 0.02
760	0 0 0 0 0 0 0 0 0 0 0 0 51.52 0 0 0 56.48 0 0 0
763	0.08 0 0 0 0 0 0 0 0 0 0 0 131.1 0 0 0 166.48 0 0 104.34
764	0 0 0 0 0 0 0 0 0 0 0.04 0 22.74 0 0 0 0 0 0 47.22
765	0 0 0 0 0 0 0 0.02 0 0 0 0 75.98 0 0 0 0 0 0 0
766	0 0 28 0 0 0 0 0 0 0 0 0 0 0 0 0 0 0 0 0
767	0 0 0 0.02 0.02 0 0 0 0 0 0 0 0 19.8 0 0 0.12 0 0 0.04
768	0 0 0 0 0 0 0 146 0 0 0 0 0 0 0 0 0 0 0 0
769	0.02 0 0 0 0.02 0 0 0 0 0 0.02 0 50.08 31.86 0 0 0 0 0 0
770	0 0 0.02 0 0 85.62 0.06 0 0 0 0 0 0 84.3 0 0 0 0 0 0.02
772	0 0 0 0 0 0 0.18 0.02 0 75.14 0 0 0 40.64 0 0 0 0 0 0
773	0 0 0 0 0 0 0 0 0 0 0 0 0 36 0 0 0 0 0 0
774	0 0 0 0 0 0.12 0 0 0 0 0 0 39.66 36.22 0 0 0 0 0 0
776	0.62 0 0 0.02 0.02 0 0 0 0 0 0 0 20.32 0 0 0 0 0 0.02 0
777	0 0 0 1.1 0 0 0 0 0 0.76 0 0.14 0 0 0 0 0 0 0 0
778	0 0 0 61.84 0 0 46.62 0 0 0 111.54 0 0 0 0 0 0 0 0 0
779	0 0 0 0 0 0 0 0 0 0 0 0 0 0 0 63 0 0 0 0
780	0 0 0 0 0 0 0 0 0 0 62.9 0 105.6 0 0 0.5 0 0 0 0
781	0 0 0 0 0 0 0 0 0 0 201.78 0 16.22 0 0 0 0 0 0 0
782	0.02 0 0 0 0 0 16.98 0 0 0 0 0 0 0 0 0 0 0 0 0
783	0 0 0 0 0 0 0 0 0 0 75 0 0 0 0 0 0 0 0 0
784	0.06 0.2 0.08 0 0.02 0.04 0.02 0.1 0 0.02 0.06 0.04 0.02 0.08 0.02 0.04 0.06 0.12 0.02 0.02
785	0.04 0 0 0 0 0 0 0 0 0 104.94 0 0 0 0 0 0 0 0 0
786	0 0 0 0 0 0 0.02 0 0 0 33.98 0 0 0 0 0 0 0 0 0
787	0 0 0 0 0 0 10.52 0 0 0 0 0 0 0 8.56 0 19.92 0 0 0
788	5 0 0 0 0 0 0 0 0 0 0 0 0 0 0 0 0 0 0 0
790	0 0 0 0.06 0 0 0 0 0 0 131.94 0 0 0 0 0 0 0 0 0
791	0 0 0 0 0 0 0 0 0 0 25 0 0 0 0 0 0 0 0 0
792	0 0 0 133.86 0 0 121.14 0 0 0 0 0 0 0 0 0 0 0 0 0
793	0 0 0 0 0 35 0 0 0 0 0 0 0 0 0 0 0 0 0 0
794	0 0 0 0 0 0 0 0 0 0 130.96 0 0 0 0 0 0 0 0 0.04
795	0 0 0 0 0 0 0 0 0 0 40 0 0 0 0 0 0 0 0 0
796	0 0 0 0 0 0 0 0 0 0.14 87.86 0 0 0 0 0 0 0 0 0
798	0 0.02 0 0 0 0 0 0 0 0 0 0 15.98 0 0 0 0 0 0 0
799	0 0 0 0 0 0.02 0 0 0 0.98 0 0 0.06 0 0.06 5.4 0.02 3.58 0 1.9
800	0 0 0 0 0 0 0 0 0 0 0 0 0 64.98 0 0 0 0 0 0
801	0 0 0 0 0 0 0 0 0 0.02 0 0 0 21.5 0 0 0 0 18.48 0
802	0 0 0 0 0 0 0 0.04 0 0 0 0 0 0 0 86.94 0 0 0 0.02
803	0 0 0 0 0 0 0 0 0 0 0 0 20.22 2.78 0 0 0 0 0 0
804	0 0 0 0 0 0 0 0 0 0 0 0 0 0 2.22 14.78 0 0 0 0
805	0 0 0 0 0 0 64.86 21.14 0 0 0 0 0 0 0 0 0 0 0 0
807	0 0 0 0 0 0 0 12.98 0 0 0 0.02 0 0 0 0 0 0 0 0
808	0 0 0 0 0 0 0 0 0 0 0 0 71 0 0 0 0 0 0 0
809	0.02 0 0 0 0 0 0 0 0 0 0 0 0 0 0 95.98 0 0 0 0
810	0 0 0 0 0 0 0 0 0 0 0 0 0 0 0 95 0 0 0 0
811	0 0 0 0 0 0.54 0 0 0 0.94 0 0 0 0 0.08 0 0 53.44 0 0
812	0 0 0 0 0 0 0 49 0 0 0 0 0 0 0 0 0 0 0 0
813	0 0 0 0 172.96 0 0.02 0 0 0 0 0 0 0.02 0 0 0 0 0 0
814	0 0 0 0 0 0 0 0 0 0 5 0 0 0 0 0 0 0 0 0
816	12.12 0 0 0 0 0 0 0 0 0 0 0 30.86 0 0 0 0 0 0 0.02
817	0 0 0 0 0 0 0 0 0 0 5 0 0 0 0 0 0 0 0 0.02
819	0 0 0 0 0 0 0 0 0 0 0 0 0 0 0 0 87.98 0 0 0
820	0.2 0 0 0 0 0 0 0 0 0 0 0 82.82 0 0 0 104.98 0 0 0
821	0 0 0 0 0 0 0 21.92 0 0 0 0 38.06 0 0.02 0 0 0 0 0
822	0 0 0.04 0 0 0 0 0.98 0 0 0 0 0 0 0 0 0 5.98 0 0
823	0 0 0 0 0 0 0 0 0 0 0.82 0 45.44 0 0 0 89.72 0 0 71.02
824	0 0 0 0 0 0 0 0 0 0 0 0 95.48 0 0 0 0 0 0 14.52
825	0 0 0 0 0 0 0 0 0 0 0 0 99.28 0 0 0 113.72 0 0 0
826	0 0 0.04 0 0 0 0 30 0 0 44.2 0 0 0 0.52 0 95.24 0 0 0
827	0 0 0 0 0 0 0 0 0 0 0 0 49.9 0 0 0 0 0 32.58 46.52
828	0 0 0 0 0.44 0 0 0 30.56 0 0 0 0 0 0 0 0 0 0 0
829	0 0 0 0 0 0 0 0 0 0 0 0 0 0 0 0 74 0 0 0
830	0.08 0.1 0.06 0.02 0.02 0.06 0.06 0.02 0 0.1 0.06 0.06 0.08 0.06 0.06 0.04 0 0.12 0 0
831	0 0 0 0 0 0 0 0 0 0 0 0 53.94 34.76 0 0 102.08 0 0 0.24
833	0 0 0 0 0 0 0 0 0 0 0 0 0 29.44 0 0 94.54 0 0 0
834	0 0 0 0.02 0.12 0 0 0 0 0 0.1 0 41.74 0 0 0 0 0.02 0 0
836	0 0 0 25.96 0 0 0 0 0 0 0 0 0 0 51.04 0 0 0 0 0.02
837	0 0 0 26.76 0 0 0 0.08 0 0.02 0 0 0 0 53.12 0 0 0 0 0
838	0 0 0 0 0 0 0 0 0 0 0 0 0 4.84 0 0 0 6.16 0 0
839	0 0 0 0 0 0 0 0 0 0 0 0 0 0 0 0 6 0 0 0
840	0 0 0 0 0 0 0 0 0.02 0 0 0 78.42 0 0 0 37.56 0 0 0
841	0 0 0 0 0 0 0 0 0 0.04 0 0 0 24.58 0 0 77.38 0 0 0
842	0 0 0 0 0 0 0 61 0 0 0 0 0 0 0 0 0 0 0 0
843	0.02 0 0 0 0 0 0 0 0 0 68.98 0 0 0 0 0 0 0 0 0
844	0 0 0 0 42.08 0 0 0 0 0 0 0 34.72 0 0.06 0 29.12 0 0 0.02
845	0 0 0 80.54 0 0.02 0 0 29.88 0 0 0 0 0 0 0 281.88 0 0 95.68
846	0 0 0 0 0 0 0 0 0 0 0 0 0 0 0 0 0 0 0 111
847	0.02 0 0 0 0 0 134.44 0 0 0 0 31.54 0 0 0 0 0 0 0 0
848	0 0.02 0 0 0 0 0 28.52 0 0.02 0 0 0 0 0 0 0 0.44 0 0
849	0 0 0 0 0 0 0 0 0 0 0 0 0 0 0 119 0 0 0 0
850	0 0 0 0 0.02 0 15.98 0 0 0 0 0 0 0 0 0 0 0 0 0
851	0.04 0 0 0 0 0 0 0 0 13.94 0 0.02 0 0 0 0 0 0 0 0
852	0.06 0.16 0.06 0.02 0.06 0 0 0.02 0.04 0.06 0.1 0.06 0.04 0.02 0 0.14 0.04 0.12 0 0
853	0 0 0 0 0 0 0 0 0 0 0 0 0 39 0 0 0 0 0 0
854	0 0 0 0 0 0 0 0 0 0 0 0 0 44 0 0 0 0 0 0
855	0.02 0 0 0 0 0 84.1 0 0 0 0 0 0 0 33.72 0 0 83.14 0 0.02
856	0.02 0 0 0 0 0 115.98 0 0 0 0 0 0 0 0 0 0 0 0 0
857	0 0 0 0 0 2.78 0 0.22 0 0 0 0 0 0 0 0 0 0 0 0
858	0.76 0 0 0 0.94 0 0 0.02 0 0 0 0 0 0.06 0.22 0 0 0 0 0
859	0 0 0 0 0 0 0 0 0 0 0 0 0 36 0 0 0 0 0 0
860	0 0 0 0 0 0 0 0 0 0 0 0 15.98 16.02 0 0 0 0 0 0
861	0 0 0 0 0 0 0 0 0 0 0 0 0.04 5.96 0 0 0 0 0 0
862	0 0 0 0 0 0 0 0 0 0 0 0 0 0 0 22 0 0 0 0
863	0 0 0 0 0 0 81 0 0 0 0 0 0 0 0 0 0 0 0 0
864	0 0 0 0 0 0 0 0 0 0 22.26 0 0 0 0 0 181.72 0 0 0.04
866	0 0 0 0 0 0 0 0 0 0 0 0 14.82 0 0 0 330.16 0 0 0
867	0 8.24 0 0 0 0 0 0 0 0 0 0 7.76 0 0 0 0 0 0 0
868	0 0 0.02 0 0 18.94 0 0 0 0 0 0 0 0 0 0 0 0.04 0 0
869	0 0 0 0 0 0 0 0 0 0 19.92 0 44.08 0 0 0 0 0 0 0
870	0 0 11.26 0 0 0 0 0 0 0 0 0 0 0 0 0 0 0 0 11.74
871	0.04 0 0 0 0 0 0 0 0 0 0 0 0 0 0 21.06 112.9 0 0 0
872	114.22 1.74 0 0 0 0 0.02 0 0 0 0 0 0 0.02 0 0 0 0 0 0
874	0 68.8 0 0 0 0.02 0 0 0 0 0 38.18 0 0 0 0 0 0 0 0
875	16.52 0 7.88 0 0 0 0 0 0 21 0 62.6 0 0 0 0 0 0 0 0
876	0 0 8.08 0 0 0 0 0 0 0 0 76.3 7.54 10.96 0 0 0 0 0 0.14
877	113.94 0 0 0.02 0 0 0 0 0 0 0 0 0 0 0 0.02 0 0 0 0
878	0 0 49.32 0.02 0 21.64 0 0 0 0 0 0 0 0 0 0 0 0 0 0.04
879	121.96 0 43.78 0 0 0.06 0 0 0 0 0 159.88 0 0 0 0 0 0 43.3 0
880	72.1 15.96 0 0 0 0 0 0 0 0 0 63.94 0 0 0 0 0 0 0 0
882	0 86 0 0 0 0 0 0 0 0 0 0 0 0 0 0 0 0 0 0
883	0 38 0 0 0 0 0 0 0 0 0 0 0 0 0 0 0 0 0 0
884	0 0.02 16.98 0 0 0 0 0 0 0 0 0 0 0 0 0 0 0 0 0
885	0 0 25.92 0 0 0 0 0 0 0 0 0 0 0 0 0 0 0 0.08 0
887	0 102.38 75.6 0 0 0 0 0 0 0 0 0 0 0 0 0 0 0 0 0.02
888	0 0 42 0 0 0 0 0 0 0 0 0 0 0 0 0 0 0 0 0
889	0 0 41 0 0 0 0 0 0 0 0 0 0 0 0 0 0 0 0 0
890	47.52 10.86 0 0 0 0 0 0 0 0 4.62 0 0 0 0 0 0 0 0 0
892	0 0.74 0 0 0 0 0 0.02 0 0 0.02 44 0 0 0 0 12.46 0 65.7 0.06
893	0 0 34 0 0 0 0 0 0 0 0 0 0 0 0 0 0 0 0 0
894	0 0 28 0 0 0 0 0 0 0 0 0 0 0 0 0 0 0 0 0
898	0 0 138.9 0 1.1 0 0 0 0 0 0 0 0 0 0 0 0 0 0 0
899	0 0 0 0 0 0 0 0 0 0 0 22.62 0 0 0 0 0 0 1.36 0.02
900	0 120.22 0.78 0 0 0 0 0 0 0 0 0 0 0 0 0 0 0 0 0
901	0 0 12.64 0 0 0 0 0 0 0 0 0 5.36 0 0 0 0 0 0 0
902	0 126.98 0 0 0 0.02 0 0 0 0 0 0 0 0 0 0 0 0 0 0
903	0 0 0 0 0 0 13.56 0 0.02 0 0 26.42 0 0 0 0 0 0 0 0
904	0 0 58.98 0 0 0 0.02 0 0 0 0 0 0 0 0 0 0 0 0 0
905	53.48 0 0 9.48 0 0.02 0 0 0 0 0 0 0 0 0.02 0 0 0 0 0
906	0 56 0 0 0 0 0 0 0 0 0 0 0 0 0 0 0 0 0 0
907	0 4 0 0 0 0 0 0 0 0 0 0 0 0 0 0 0 0 0 0
908	2.46 22.8 18.72 0 0 0 0 0 0 0 0 0 0 0 0 0 0.02 0 0 0
909	0 0 23.06 0 0 0 0 0 0 0 0 17.94 0 0 0 0 0 0 0 0
910	0 6.98 0 0 0 0 0 0 0 0 0 0 0.02 0 0 0 0 0 0 0
911	0 6.82 0.16 0 0 0 0 0 0 0 0 0 0 0.02 0 0 0 0 0 0
912	16.96 6.62 0 0 0.02 0 0 0 0 0.4 0 0 0 0 0 0 0 0 0 0
913	0 0 0 0 0 5 0 0 0 0 0 0 0 0 0 0 0 0 0 0
914	22.98 0 0 0 0 0 0 0 0 0 0 0 0 0 0 0 0 0 0.02 0
915	0 44.96 0 0 0 0 0 0 0 0 0 0.04 0 0 0 0 0 0 0 0
916	42.34 4.72 0 0 0 0.02 0 0 0 0 1.92 0 0 0 0 0 0 0 0 0
917	0 0 21 0 0 0 0 0 0 0 0 0 0 0 0 0 0 0 0 0
918	4.78 16.22 0 0 0 0 0 0 0 0 0 0 0 0 0 0 0 0 0 0
919	0 0 0 0 0 0 0 0 0 102.52 0 0 0 0 111.34 0 0 0 0.04 84.1
920	0 9 0 0 0 0 0 0 0 0 0 0 0 0 0 0 0 0 0 0
921	0 0 0 0 0 0 143.54 0.04 0 0 0 0 0 0 0 0 0 9.42 0 0
922	0 0 0 0 77.04 0 0 0 0 0 0 0 19.8 0 0 0 0 0 0 0.18
815	0.1 0 0 0 0 0 0 0 0 0 0.34 0 0 0 0 0 227.46 0.2 0 53.9
924	0 0 0 0 0 0 0.06 23.9 0 0 0 0 0 0 0 0 146.5 0 0 57.52
926	0.02 0 0 0 0 0 0 0 0 0 0 0 58.8 0 0 0 171.16 0 0 0.02
927	0 0 0 0 7.52 0 0 0.04 0 0 0 0 0 0 0 0 0 0 0 11.44
928	0 0 0 0 0 0 0 0 0 0 0 0 116.5 0 0 0 136.5 0 0 0
929	0 0 0 2.98 0 0 0 0 0 0 0 0 0 0 0 0 80.3 1.72 0 0
930	0 0 0 0 0 0 0 0 0 0 0 0 75.42 0 0 0 92.44 0 5.14 0
932	0 0 0 0 0 0 0 0 0 0 13.7 0 0 0 0 0 75.3 0 0 0
933	0 0 0 0.08 0 0 6.32 0 0 0 0 0 0 0 0 0 0 0 0 30.6
935	0 16 0 0 0 0 0 0 0 0 0 0 0 0 0 0 0 0 0 0
936	0.02 0 0 0 92.92 0 0 0 0 0 0 0 0 0 0 0 0 0 0 0.08
937	0 30 0 0 0 0 0 0 0 0 0 81.98 0 0 0 0 0 0 0 0
938	0 0 0 0 0 0 0 0 0 0 0 53 0 0 0 0 0 0 0 0
693	0 0 0 124.24 0 0 0 0 0 48.7 0 0 101.76 0 0 0 0.3 0 0 0
761	0 0 0 0 0 0 0 0 0 0 0 0 100 0 0 0 0 0 0 0
939	0 0 0 49.44 0 0 0 0 0 0 0 0 0 0 0 110.56 0 0 0 0
940	0 0 0 0 0 0 0 0 0 0 29.46 0 0 36.54 0 0 0 0 0 0
941	0.02 0 0 0.02 0 0 0 0 0 0 68.78 0 52.18 0 0 0 0 0 0 0
942	0 0 0 0 0 62.36 28.8 0 0 0 39.84 0 0 0 0 0 0 0 0 0
943	0 0 0 0 0 0 0 0 0 0 0 0 0 109 0 0 0 0 0 0
944	0 0 0 0 0 0 0 0 0 0 86.72 0 0 0 0 0.28 0 0 0 0
946	0 0 0 0 0 0 0 146 0 0 0 0 0 0 0 0 0 0 0 0.02
947	0 0 0 0 0 25.28 0 0 0.06 0 0 0 0 21.64 0 0 0 0 0 0
948	0 0 0 0 0 0 0 0 0 0 0 56.92 0 8.14 0 0 0 0 0 26.94
649	0.02 0 0 140.96 0 0 0.02 0 0 0 0 0 0 0 0 0 0 0 0 0
724	0.02 0 0 27.36 0 0 71.98 87.24 0.02 0 0 0 18.38 0 0 0 0 0 0 0
762	0.02 0 0 0 0 0 52.08 0 0 0 0 0 113.72 0 0 0 146.18 0 0 0
775	0 0 0 0 0 0 0.04 0 0 0 46.96 0 0 0 0 0 0 0 0 0
923	0 0 0 0 0 0 194 0 0 0 0 0 0 0 0 0 0 0 0 0
949	0 0 0 0 0.02 0 56.46 0 0 0 141.52 0 0 0 0 0 0 0 0 0
950	0 0 53.9 0.04 0 0 0 0 0 0.34 0 0 0 0 0.08 0 0 25.64 0 0.02
951	0.02 0 0.02 15.44 0 0 0 0 17.3 0 0 0 0 0 0 0 0 0 55.2 0
952	0 0 0 0 88.02 0 0 0 0.02 0 0 0 0 0 0 0.02 21.94 0 0 0
953	0 0 0 72.98 0 0 0 0 0.02 0 0 0 0 0 0 0 0 0 0 0
954	0 15.76 0 0 0 0 0.04 0 0 0 0 0 0 0 0 0 0 23.2 0 0.02
955	0 0 0 3.82 0 0 68.74 0 0 50.42 0 0 0 0 0 0 0 0 0 0
958	0 0 0 0 0 0 46 0 0 0 0 0 0 0 0 0 0 0 0 0
959	0 0 0 93.08 0 0 0.04 0 0 0 0 0 70.86 0 0 0 0 0 0.02 0
960	0 0 0 0 0 0 43.42 0 0.02 27.46 0.02 0 0 0.08 0 0 0 0 0 0
961	0 0 0 0 0 0 102.98 0 0 0 0 0 0 0 0 0 0 0 0 0.02
962	0 0 0 0 46 0 0 0 0 0 0 0 0 0 0 0 0 0 0 0
964	0 0 0 0 0 19.96 0 0 0 0.02 0 0 0 0 0.02 0 0 0 0 0
965	0 0 0 0 0 0 0 0 0 0 0 0 0 0 0 0 0 65 0 0
966	0 0 0 0 0 0 0 0 0 0 0 0 0 0 0 0 0 34.76 56.24 0
967	0 0 0 0 0 0 0 0 0 0 0 0 0 0 27 0 0 0 0 0
968	0 0 0 0 0 0 0 0 0 0 0 0 0 0 58.94 0.06 0 0 0 0
969	0.02 0 0 0 0 0 0 163 0 0 0 0 0 0 64.98 0 0 0 0 0
970	0 0 0 0 0 15 0 0 0 0 0 0 0 0 0 0 0 0 0 0
971	0 0 0 0 0 0 93.98 0 0 0 0 0 0 0.02 0 0 0 0 0 0
972	0 0 0 0 0 0 52.78 0.02 0 0 26.06 0 0 0 0.14 0 0 0 0 0
973	0 0 0 0 0 0 0 0 0 0 0.08 0 0 0 13.92 0 0 0 0 0
325	101.2 0 0 0 0 0 0 0 0 46.92 0 36.76 0 0 0 0 0.02 0 0 71.12
931	0 0 0 0 0 0.02 0 22.84 0 0 0 0 0 50.6 0 0 0 0 0 38.54
934	0.02 0 0 0 0 0 0 0 0 0 0.02 0 0 0 0 0 145.94 0 0 0
635	19.02 0 0 0 0 0 0 0 0 0 15.96 0 0 22.02 0 0 0 0 0 0
668	5.96 0 0 0 0 0 0 0 0 0 0 0 0 0 0 0 0 0.04 0 0
670	0.08 0 0 0 0 0 0 0 0 0 0 0 15.36 19.56 39.6 2.4 0 0 0 0
717	0 0 0 0 0 0 0 0 0 0 0 0 40.92 0 0 0 149.06 0 0 0.02
758	0 0 0 0 0 0 0 0 0 0.04 0 0 0 27.96 0 0 0 0 0 0
873	72.78 0 0 0 0 0 0 0 0 0 0 125.22 0 0 0 0 0 0 0 0
925	0 0 0 0 0 0 0 0 0 0 0 0 0 0 0 45.98 0 0 0 44.02
974	0 0 0 0 0 0 0 0 0 0 0 0 0 0 0 0 77 0 0 0
976	0 0 0 0 0 0 0 0 0.08 0 0 9.32 7.32 0 0 0 0 0 0 0.3
977	34.68 0 0 0 0 0 0 0 0 0 19.84 0 47.46 0 0 0 0 0 0 0
979	0 0 0 0 0 0 0 0 0 0.02 0 0 0 0 0 12.68 0 0 0 78.3
980	0 0 0 0 0 26.38 0 0 0 0 0 12.54 15.08 0 0 0 0 0 0 0
981	0 0 0 0 0 0 0 0 0 0 0 0 8.08 1.92 0 0 3 0 0 0.02
982	0 0 0 0 0 0 0.02 0 0 0 0 0 48.96 0 0 0 0 0 0 0
984	30.58 0 0.3 0 0 0 0 0 0 0 0 43.56 0 0 0 0 32.56 0 0 0
985	0 0 0 0 36.16 0 0 0 0 0 0 0 0 0 0 0 10.84 0 0 0
986	0 0 0 0 0 0 0 0 0 0 0 0 13.72 0 0 0 35.28 0 0 0
987	0 0 0 0 0 0 0 0 0 0 0 6 0 0 0 0 0 0 0 0
988	0.06 0 0 0 0 0 0 0 0 0 0 111.76 0 0 0.04 0 54.14 0 0 0
989	30.68 0 0 0 0 9.88 0 0 0 0 0 26.26 0 0.18 0 0 0 0 0 0
990	0 0 0 0 0 0 0 0 0 0 0 76 0 0 0 0 0 0 0 0
991	37.5 0 0 0 0 0 0 0 4.5 0 0 0 0 0 0 0 0 0 0 0
993	0 13.44 0 0 0 0 0 0 0 0 22.92 0.22 0 0 0 0 91.24 0.1 63.08 0
995	26.28 0 49.7 0 0 0 0 0 0.02 0 0 0 0 0 0 0 0 0 0 0
996	0 0 0 0 0 0 0 0 0 0 31 0 0 0 0 0 0 0 0 0
997	0 0 0 0 0 0 0.04 11.94 0 0 0 0 0 12.92 0 0 0 0 0 0.12
998	0 0 0 0 0 0 0 14.78 0 0 0 0 0 0 23.2 0 0 0 0 0
999	0 0 0 0 0 0 0 0 0 0 0 0 0 0 0 26 0 0 0 0
1001	0 0 0 0 0 0 0 0 0.02 0 0 0 25.96 0.02 0 0 0 0 0 0
1002	2.22 0 0 0 0 0 0 0 0 0 0 0 0 0 0 5.68 0 0 0 3.1
1003	0 0 0 0.02 0 0 0 13.94 0 0 0 0 0 0 0 0 0 0 0.04 0
1004	0 0 0 0 0 0 0 0 0 0 0 0 0 27.98 0 0 0 0 0.02 0
1005	0 0 0 0 41.88 0 0 0 0 21.12 0 0 0 0 0 0 0 0 0 0
1006	0 0 0 0 0 0 59.94 0 0 0.06 0 0 0 0 0 0 0 0 0 0
41	0 0 0 0 0 0 0 0 0 0 0 0 0 0 0 89 0 0 0 0
1007	0 0 0 0 131.2 0 0 0 0 0 0 0 0 0 0 0 0 0 0 26.8
1008	0 0 0 0 103.36 0 0 0 0 0 0 0 0 0 0 0 0 0 0 1.66
1009	0 0 0 0 0 0 57.58 0 0 0 0 0 0 0 0 0 0 0 0 104.4
1010	0 0 0 0 71.86 0 44.02 0 0 2.1 0 0 0 0 0 0 0 0 0 0.02
1011	0 0 0 0 0 0 0 0 0 0 0 0 63.44 0 0 0 8.5 0 0 170.06
1012	0 0 0 0 0 0 0 0 0 0 0 0 0 27.7 0 0 36.5 0 0 216.8
1013	0 21.08 0 0 0 0 0 0 0 0 0 0 0 0 0 0 49.88 0 0 0.04
1014	0 0 0 0 0 0 0 0 0 0 67.3 0 0 0 0 0 0 0 0 156.7
1015	0 0 0 0 0 0.08 0 16.2 0 0 0 0 0 0 0 0 0 0 0 13.72
1016	0 0 0 0 0 0 0 0 0 0 0 0 60.28 0.06 0 0 157 0 96.28 76.38
978	0 0 0 0 0 0 0 0 0 0 0 0 0 0 0 4.8 0 0 0 58.2
1017	0 19.44 0 0.04 0 0.1 0 0 0 0 0 10.74 110.68 0 0 0 0 0 0 0
895	278.92 0 0 0 0 0 0 0 0 0 0 0 0 0 0.02 0.04 0 0 0 0.02
1018	0 0 0 0 0 0 76.88 0 0 0 0 0 0 1.1 0 0 0 0 0 0.04
1019	0 0 0 0 69.92 0 0 0 0 0 0 0 41.06 0 0 0 0 0 0 0
886	0.02 66.6 41.62 0 0 0 0 0 0 29.76 0 0 0 0 0 0 0 0 0 0
1021	0 0 0 0 0 0 123.96 0 0 0 0.04 0 0 0 0 0 0 0 0 0
1022	73.1 0 0 0 0 0 17.9 0 0 0 0 0 0 0 0 0 0 0 0 0
1023	0 0 0 0 0 0 0 0 0 0 0 0 0 0 0 0 59 0 0 0
1024	0 45 0 0 0 0 0 0 0 0 0 0 0 0 0 0 0 0 0 0
881	93.44 0 10.52 0 0 0.04 0 0 0 0 0 0 0 0 0 0 0 0 0 0.02
1025	0 0 3.5 0 0 0 0 0 0 0.02 0 97.46 0 0 0 0 0 0 0 0
1026	8.7 0 1.3 0 0 0 0 0 0 0 0 0 0 0 0 0 0 0 0 0
35	0 0 0 0 0 0 0 0 0 0 20 0 0 0 0 0 0 0 0 0.02
1028	0 0 0 0 0 0 0 0 0 0 100.96 0 0 0 0 0 277.02 0 0 0
1029	0 0 0 0 0 0 0 0 0 0 0 0 20.94 0.06 0 0 0 0 0 0
1030	0.04 0 0 0 0 0 0 0 0 0 42.96 0 0 0 0 0 0 0 0 0
1032	0 0 0 0 0 0 0 44 0 0 0 0 0 0 0 0 0 0 0 0.02
1033	0.02 0 0 0 0 0 0 0 0 0 0 0 0 0 0 56.7 0 0 0 25.26
1034	0.12 0 0 0 0 0 0 0 0 0 0 0 0 0 0 0.1 55.78 0 0 0
1035	0.06 0 0 0 0 0 0 0 0 0 175.92 0 0 0 0 0 0 0 0 0.02
1036	0 0 0 0 0 0 0 0 0 0.02 0 0 43.96 0 0 0.02 0 0 0 0.02
1037	0 0 0 0 0 0 0 17.16 0 0 0 0 23.74 0 0 0 0 0.04 0.04 0
352	0 0 46 0 0 0 0 0 0 0 0 0 0 0 0 0 0 0 0 0
896	0 131 0 0 0 0 0 0 0 0 0 0 0 0 0 0 0 0 0 0
1038	36 0 0 0 0 0 0 0 0 0 0 0 0 0 0 0 0 0 0 0
1040	0 0 0 0 0 0 0 0 0 0 14.16 0 0.04 0 0 0 34.8 0 0 0
1041	0 0 0 0 0 0 0 0 0 0 178 0 0 0 0 0 0 0 0 0
1042	0 0 0 0 0 0 0 0 0 0 0 0 0 0 0 61 0 0 0 0
1043	0 0 0 0 0 0 0 0 0 0 0 0 16 0 0 0 0 0 0 0
1044	0 0 0 0 0 0 0 0 0 0 0 0 0 0 0 112 0 0 0 0
1045	0 0 0 0 0 0 0 0 0 0 23.08 0 0 0 0 0 0 24.76 0 0.2
1047	0 0 0 0 0 0 0 0 0 0 0 0 84 0.02 0 0 210.94 0 0 0
1048	0 0 0 0 0 0.02 0 0.46 0 0 0 3.48 0 0 0 0 0 0 0 158.04
1049	0 0 0 0 0 0 0 0 0 0 23.02 0 0.02 0 0 0 0 0 0 23.96
1050	0 0 0 0 0 0 0 0 0 0 0.02 0 0 0 21.68 0 0 91.3 0 0
1051	0.02 0 0 0 0 0 0 0 0 0 0 0 0 0 0 0 97.9 0 0 0.1
631	0.02 0 0 0 0 0 119.42 0 0 0 0 0 0 59.96 109.6 0 0 45.98 0 0
956	0 0 0 111.98 0 0 0 0 0 0 0 0 0 0 0 0 0 0 0 0.04
1052	0 0 0 0 0 0 0 0 0 0 0 0.02 0 0.02 0 30.54 20.4 0 0 0
1053	0 0 0 0 0 0 0 0 0 0 0 0 61 0 0 0 0 0 0 0
1054	0.02 0 0 0 0.02 0 0 0 0 0 0.02 0 0 0.18 0 0 45.76 0 0 0
1055	0 0 0 0 0 0 0 0 0 0 0 0 0 0 0 0 0 0 26 0
1056	0 0 0 0 0 0 31.96 0 0 0 0 0 0 0 0 0 0.04 0 0 0
1057	0 0 0 0 0 0 0 0 0 0 0 0 0 0 0 7.9 38.1 0 0 0
1058	0 0 0 0 0 0 0 0 0 0 0 0 24 0 0 0 0 0 0 0
1060	0 0.02 0 0 0 0 0 39.18 0 0 0 0 0 0 0 0 63.8 0 0 0
1061	0 0 0 0 0 0 0 0.02 0 0 0 0 21.54 0 0 0 0 0 0 42.44
1062	0 0 32 0 0 0 0 0 0 0 0 0 0 0 0 0 0 0 0 0
1063	0 0 0 0 0 0 31.66 0 73.56 0 0.02 0 0 0 0 23.76 0 0 0 0
1064	0 0 0 0 0 0 1.78 0 0 0 0 0 0 0 0 0 0 15.22 0 0
1065	0 0 0 0 0 36.52 0 0 0 0 0 0 0 0 125.48 0 0 0 0 0
594	0 0 0 0 0 0 0 0 0 0 0 0 4 0 0 0 0 0 0 0
640	0.02 0 0 0 0 0 151.66 0 0 0 0 0 0 57.3 0 0 0 0 0 0.02
715	0 0 0 179.72 0 0 0 0 0 0 0 0 0 49.28 0 0 0 0 0 0
738	0 0 0 0 0 0 0 0 0 0 73 0 0 0 0 0 0 0 0 0
789	0 0 0 26.22 0 0 0 0 0 40.24 0 0 0 67.54 0 0 0 0 0 0
1066	0 0 0 0 0.04 0 0 0 0 0 0 0 39.96 0 0 0 0 0 0 0
1067	0 0 0 0 0.04 0 0 0 0 0 0 0 0 46.98 0 0 0 0 0 55.98
1068	0 0.04 0 0 28.92 0 0.04 0 0 0 0 0 0 0 0 0 0 0 0 0
1069	0 0 0 0 0 0.04 0 0 0.02 0 0 0 0 0 46.94 0 0 0 0 0
1070	0.02 0 0 0 0 0 93.98 0 0 0 0 0 0 0 0 0 0 0 0 0
1071	0 0 0 0 0 38.98 0 0 0.02 0 0 0 0 0 0 0 0 0 0 0
1072	0 0 0 0 0 0 0 0 0 0 0 0 0 0.02 0 13.96 0 0 0 0.04
1073	0 0 0 0 0 57.18 66.2 0 0 0 0 0 68.56 0 0 0 0 0 0 0.04
1076	0 0 0 0 0 0 0 0 0 0 0 0 0.06 0 0 21.94 0 0 0 0
1077	0 0 0 0 0 0 0 0 0 0 17.98 0 0 0 0 0 0 0.02 0 0
1078	0 0 0 0 0 0 0 50.98 0 0 0 0 0 0 0 0 0.02 0 0 0
1080	0 0 0 0 0 0 0 3.82 0 0 0 0 0 0 0 0 0 0 0 4.18
1082	0 0 17 0 0 0 0 0 0 0 0 0 0 0 0 0 0 0 0 0
1083	0 0 0 0 0 0 0 0 0 10.38 3.56 0 0 0 0.06 0 0 0 0 0
1084	0 0 0 0 33.8 7.86 0 0 0 0 0 0 19.76 0 0 0.58 0 0 0 0
1085	7.12 0 0 0 13.9 0 0 0 0 0 0 0 0.12 0 0 0 0 0 0 1.88
1086	0 0 0 0 0 0 0 0 0 0 0 0 0 0 0 0 0 2.06 0 53.92
1087	0 0 0 0 0 0 0 0 0 0 6 0 0 0 0.02 0.02 0 0 0 10.96
634	0.02 0 0 0 0 0 0.72 0 0 0 0.02 0 0 0 48.76 0 0 20.38 0 0.1
1088	0 0 0.06 0 0 0 0 0 0 0 0 0.16 0 0 0.36 0 20.42 0 0 0
1089	0 20.24 0 0 0 0 0 0 0 0 0 0 0 0 0 0 39.7 0 0 0.08
575	0 0 0 91.96 0 0 0 0 0 0 0.02 0 0 0 0 0 0 0 0 0
797	0 0 0 0 0 0 0 0 0 0 65 0 0 0 0 0 0 0 0 0
1074	0 0 0 0 0 0 44.88 0 0 0 123.54 0 0.58 0 0 0 0 0 0 0
1090	0 0 0 0 0 0 0 0 0 0 0 0 0 64 0 0 0 0 0 0
1091	0 0 0 0 0 0 0 0 0 0 64.6 0 27.4 0 0 0 0 0 0 0
1092	0 0 0 0 0 0 0 0 0 0 25.98 0 0 0 0 0.02 0 0 0 0
975	0 0.2 0 0 0 0.02 0 0 0 0 0 0 21.96 0 0 0 72.78 0 0 0.04
1059	0 0 0 0 0 0 0 0 0 0 0 0 0 0 0 28.2 53.7 0 0 0.12
1093	0 0 0 0 0 0 0 0.12 17.38 0 0 0 0 0 0 0 47.48 0 0 0
1094	0 0 0 0 0 0 0 0 0 0 0 0 0 0 0 0 0 0 0 22
1095	0 0 0 0 0 0 0 0 0 0 0 0 28.6 0 0 0 40.4 0 0 0
1096	0 0 0 0 0 0 0 0 0 0 0 0 0 0 0 0 0 0 0 8
1097	0 0 0 0 0 0 23.32 0 0 0.02 0 0 0 0 0 0 0 0 0 31.66
1098	0 0 0 88.62 0 0 40.38 0 0 0 0 0 0 0 0 0 0 0 0 0.02
1099	0 0.02 0 0 0 0 21.26 0.08 0 0.14 0 0 0 0 0 0 0 7.48 0 0
1100	0 19 0 0 0 0 0 0 0 0 0 0 0 0 0 0 0 0 0 0
1101	0 0 0 0 0 67.14 90.68 0 0 0 0 0 0 0 80.14 0 0 0 0 0.04
1102	0 0 12.88 0 0 0 0 0 0 0 0 0 0 0 0 0 0 0 0.12 0
1103	0.16 0 0 0 0 58.74 0 0 0 0 0 0 0 0 0.1 0 0 0 0 0
1104	0 0 0 0 0 0.08 0 0 0 0 0 0 0 0 0 0 0 11.92 0 0
1105	0 0 39 0 0 0 0 0 0 0 0 0 0 0 0 0 0 0 0 0
1106	5.4 0 0 0 0 6.6 0 0 0 0 0 0 0 0 0 0 0 0 0 0
963	0.02 0 0 20.8 0 124.18 0 0 0 0 0 0 0 0 0 0 0 0 0 0
1107	0 0 0 13.48 0 0 0 0 0 0 0 0 14.08 0.02 0 0 0 15.42 0 0
1108	0 0 0 0 0 0 8.82 0.18 0 0 0 0 0 0 0 0 0 0 0 0
1109	0 0 0 36.94 0 0 0 0 0 0 0 0 0 47.06 0 0 0 0 0 0
1110	0 0 0 0 0 0 0 0 0 0 0 0 0 88 0 0 0 0 0 0
1112	0 0 0 42 0 0 0 0 0 0 0 0 0 0 0 0 0 0 0 0
1113	0 0 0 0.02 0 0 55.96 0 0 0 0 0 0 0 0.02 0 0 0 0 0
1114	0 0 0 0 0 0 0 0 0 0 0 0 1.32 0 0.06 0 0 0 0 25.62
1115	0 0 0 0 0 0 59.18 0 0 0 0 0 0 0 0 0 0 0 0 26.82
1116	0 0 0 0 0 0 0 0 0 0 0 0 0 0 0 23.48 0 16.52 0 0
1117	0 0 0 0 0 0 0 0 16.16 0 0 0 0 0 0 0 0 0 0.02 29.82
1118	0 0 0 106.54 0 0 0 0 0 0.08 0 0 0 0 0 23.38 0 0 0 0
1119	18.62 0 0 0 0 0 43.68 0 0 0 91.7 0 0 0 0 0 0 0 0 0
1120	0 0 0 0 0 0 17.5 0 0 0 0 0 0 0 0 0 24.5 0 0 0
605	0 0 0 0 0 0 0 0 0 0 0 0 0 0 0 0 0 87 0 0
638	0 0 0 0 0 0 109.08 0 0 0 0 0 0 0 0 0 0 12.88 0 0.04
641	0 0 0 0 0 0 0 0 0 0 0 0 0 0 0 0 0 119.98 0 0.02
835	0.02 0 0 0 0 0 0 0 0 0 0 0 0 0 0 0 0 46.96 0 0.02
1020	0.02 0 0 0 0 0 4.38 0 0 0 0 0 0 0 0 0 0 112.6 0 0
1121	0 0 0 18.72 0 0 0 0 0 0 0 0 0 0 0 0 0 54.28 0 0
1122	0 0 0 0 0 0 5 0 0 0 0 0 0 0 0 0 0 0 0 0
1123	0 0 0 0 0 0 0 0 11 0 0 0 0 0 0 0 0 0 0 0
1124	0 0 0 0 0 0 0 0 35 0 0 0 0 0 0 0 0 0 0 0
1126	0 0 0 0 0 0 0 0 47.86 0 0 0 0 0 0 0 0 42.14 0 0
1127	25.98 0 0 0 0 0 0 0 0 0 0 0.02 0 0 0 0 0 0 0 0
1128	0 0 0 0 0 15.9 0 0 0 0 0 0 0 0 0 0 11.1 0 0 0
1131	0 0 0 0 0 0 0 0 0 41.86 0 0 0 0 0 0 0.04 0 0 0.1
1132	0 0 0 0 0 0 0 0 0 0 0.08 0 0 0 0 0 0 0.02 0 67.9
1133	0 0 0 0 0 0 0 0.1 25.24 0 0 0 0.88 0 0 62.78 0 0 0 0
1134	0 0 0 31.1 0 0 0 0 0 28.26 0 0 0 0 0 0 37.62 0 0 0.02
1136	0 0 0 0 0 0 0 0 0 0 78 0 0 0 0 0 0 0 0 0
1137	0 0 0 0 112 0 0 0 0 0 0 0 0 0 0 0 0 0 0 0
1138	0 0 0 0 12 0 0 0 0 0 0 0 0 0 0 0 0 0 0 0
1139	0 0 0 0 0 0 0 0 0 0 0 0 77 0 0 0 0 0 0 0
1140	0 0 0 0 0 0 0 25 0 0 0 0 0 0 0 0 0 0 0 0
1141	0 0 0 0 0 0 28 0 0 0 0 0 0 0 0 0 0 0 0 0
806	0 0 0 0 0 135.9 0 0 0 3.24 13.86 0 0 0 0 0 0 0 0 0
1129	0 0 0 0 70 0 0 0 0 0 0 0 0 0 0 0 0 0 0 0
1142	0 0 0 0 109.06 0 0 0 0 0 0 0 0 0 0 0 17.26 0 0 3.68
535	0 0 0 0 0 0 0 0 0 0 0 0 0 0 0 0 0 0 8.42 121.58
1143	0 0 0 0 34.48 0 0 0 0 18.52 0 0 0 0 0 0 0 0 0 0
398	0 0 0 0 0 0.06 0 0 0 0 36.94 0 0 0 0 0 0 0 0 0
1145	0 0 0 0 0 0 0 0 0 0 0 0 18.98 0.02 0 0 0 0 0 0
1146	0 0 0 0 0 0 0 0 0 0 0 0 0 0 0 0 0 0 6 0
1148	0 0 0 0 0 0 0 0 0 0 0 0 0 0 0 0 0 20.6 0 9.4
1149	0 0 0 36.86 0 0 36.14 0 0 0 0 0 0 0 0 0 0 0 0 0
460	0 0 0 0 13.72 0 0 0 0 0 0 0 8.36 0 0 0 0 0 0 48.92
1150	0 0 0 0 0 0 0 0 0 0 0 0 0 0 0 0 19 0 0 0
1151	0 10.86 0 0 0 0 0 0.04 0 0 0 0 0 0 0 0 0 0 0.04 0.08
1152	0 0 0 0 0.02 0 0 0 0 0 0 0 0 0 0 0 84.96 0 0 0
1154	0 0 0 0 37 0 0 0 0 0 0 0 0 0 0 0 0 0 0 0
1155	0 0 0 0 0 0 10 0 0 0 0 0 0 0 0 0 0 0 0 0
1156	0 0 0 0 0 0 0 0 0 3 0 0 0 0 0 0 0 0 0 0
1157	0 0 0 0 0 0 0 0 0 0 0 0 0 70 0 0 0 0 0 0
1158	0 0 0 0 13 0 0 0 0 0 0 0 0 0 0 0 0 0 0 0
1159	0.02 0 0 0 0 0 30.3 0 0 0 0 0 0 0 3.68 0 0 0 0 0
1160	0 0 56.06 18.94 0 0 0 0 0 0 0 0 0 0 0 0 0 0 0 0
1161	9.4 0 0 0 11.58 0.28 0 0 0 0 0 0 0 9.74 0 0 0 0 0 0
1162	0 0 0 0 0 0 0 0 0 0 0 0 0 0 0 0 7.98 0 0.02 0
1163	0 0 0 0 47.54 0 0 0 11.46 0 0 0 0 0 0 0 0 0 0 0
1164	0 0 0 0 0 0 0 0 0 0 0 0 0 0 0 0 13 0 0 0
832	0 0 0 0 0 0 0 0 0 0 0 0 0 0 0 0 40 0 0 0
1165	0 0 2.44 0 0 0 0 0 0 0 14.6 0.02 0 0 0 0 1.94 0 0 0
1039	0.14 0 0 0 0 0 0 0 0 0.02 96.88 0 0 0 165.96 0 0 0 0 0
1075	0 0 0 0 0 0 0 22 0 0 0 0 0 0 0 0 0 0 0 0
1153	0 0 0 0 0 0 50.98 0 0 0 0.02 0 0 0 0 0 0 0 0 0
1166	0 0 0 0.02 0 32.98 0 0 0 0 0 0 0 0 0 0 0 0 0 0
1167	0 0 0 0 0.4 0 0 0 0 35.6 0 0 0 0 0 0 0 0 0 0
1168	0 0 0 0 0 0 31.38 0 0 0.02 0 0 29.6 0 0 0 0 0 0 0
1169	0 0 0 0 0 0 0 0 0 0 0.04 0 0 0 28.96 0 0 0 0 0
1170	0 0 0 0 0 0 54.3 0 0 0 0 0 0.12 4.58 0 0 0 0 0 0
1172	0 0 0 0 0 0 27.18 0 0 0 0 0 0 0 26.82 0 0 0 0 0
1173	0.02 10.92 0 0 0 0.06 0 0 0 0 0 0 0 0 0 0 0 0 0 0
1175	0 0 17 0 0 0 0 0 0 0 0 0 0 0 0 0 0 0 0 0
1176	0 0 51.98 0 0 0 0 0 0 0 0 0 0 0 0 0 0 0.02 0 0
1000	0 0 0 0.28 0 0 0 0 0 0 0 0 0 0 0 24.7 0 0 0 0.02
1079	0 0 0 0 0 0 0 16.64 0 0 0 0 49.28 0 0 0 15.08 0 0 0
1177	0 0 0 0 0 0 0 0 12 0 0 0 0 0 0 0 0 0 0 0
1178	0 0 0 0 0 0 0 0 0 0 0 0 29.18 2.82 0 0 0 0 0 0
1180	0 0 0 0 0 0 0 0 0 0 22 0 0 0 0 0 0 0 0 0
1181	0 0 0 0 0 0 0 0 0 0 0 0 0 0 0 15 0 0 0 0
1182	0 0 0 0 0 0 0.02 0.04 0 0 0 0 0 0 0 20.94 0 0 0 0
1183	0 0 0 36.96 0 0 0 0 0 0 0 0.02 0 0 0 0 0 0.02 0 0
1184	0.1 0 0 0 0 0 12.46 0 0 0 11.38 0 0 0 0 0 0 0 0 0.08
1186	0 4.6 0 5.38 0 0 0 0 0 0 0 0 0 0 0 0 0 0 0 0
1187	0 0 0 0 31.54 6.34 0 0 0 1.12 0 0 0 0 0 0 0 0 0 0
1189	0.02 0 0 0 0 0 0 0 0 0 0 0 0 0 0 14.98 0 0 0 0
1190	0 0 0.72 0 0 0 0 0 0 0 0 0 0 0 0 0 29.28 0 0 0
1191	0 0 0 0 0 0 0 0 0 0 0 13 0 0 0 0 0 0 0 0
945	0 0 0 0 0 0 0 0.02 0 0 0 0 0 0 0 0 0 119.98 0 0
1125	0 0 0 0 12.92 0 0 0 0 0.08 0 0 0 0 0 0 0 0 0 0
1192	0 0 0 0 0 0 24.82 0 0 0 0 0 0 0 0 0 0 0 9.18 0
1193	0 0 0 33 0 0 0 0 0 0 0 0 0 0 0 0 0 0 0 0
1194	0 0 0 0 0 0 101.98 0 0 0 0 0.02 0 0 0 0 0 0 0 0
1195	0 0 0 0 0 0 0 0 2.32 0 0 0 0 0 0 0 0 0 0 25.7
1197	0.02 0 0 0 0 0 12.24 0 0 0 0 0 0.04 0 0 0 99.94 15.74 0 0
1198	0.02 0.22 0 13.58 0.16 0 0 0 0 4.86 0 0.04 0 0 0 0.02 0 0.06 0 0.04
1199	0 0 0 0 0.98 0 0 0 0 0 0 0 19.96 0 0 0 0 0 0 33.06
1200	0 0 0 12.72 0 0 0 0 0 0 0 0 0 0 0 0 0 7.28 0 0
1201	0 0 0 0 0 0 0 0 0 0 0 0 0 0 0 0 0 5 0 0
1202	0 20.82 0 0 0 0.06 0 0 0 0 0 0 0 0 6.76 0 0.36 0 0 0
1203	0.04 0 0 0 0 0 0 0 0 0 0 0 0 0 0 0 0 61.94 0 0.02
1206	0 0 0 0.24 0 0 0 0 0 0 47.74 0 0 0 0 0 0 0 0 0.02
46	0 0 0 64.82 0 0 0 0 0 0 0.02 0.04 0 0 0 0.12 0 0 0 0
115	0 0 0 0 0 0 0 20.04 0 0 0 0 0.96 0 0 0 0 25 0 0
1046	0 0 0 0 0 42.18 0 0 0 0 0 0 72.82 0 0 0 0 0 0 0
1207	0 0 0 0 0 0 0 0 0 0 32 0 0 0 0 0 0 0 0 0
1208	0 0 0 0 0 0 0 0 0 0 0 0 0 0 0 41 0 0 0 0
1209	0 0 0 0 0 0 0 0 0 0 0 0 0 0 0 28 0 0 0 0
1210	0.02 0 0 0 0.02 0 0 0 0 0.02 0 0 87.94 0 0 0 0 0 0 0
1211	0 0 0 0 0 0 0 0 0 0 0 0 0 17.6 0 0 0 11.4 0 0
1212	0 0 0 9.9 0 0 0 0 0 0 0 7.1 0 0 0 0 0 0 0 0
1213	0 0 0 0 0 0 0 0 0 0 0 0 0 0 0 11 0 0 0 0
1214	0 0 0 0 0 0 13.98 0 0 0 0 0 0.02 0 0 0 0 0 0 0
1215	0 0 0 0 0 0 0 0 0 0 0 0 34.2 0 0 0 13.8 0 0 0
1216	0 5.1 0 0 0 0 0 0 0 0 0 0 10.9 0 0 0 0 0 0 0
1135	0 0 0 0 0 0 0 0 0.02 0 0 0 0 111.94 0 0 0 0 0 0.04
1147	0 0 0 0 0 0 0 63 0 0 0 0 0 0 0 0 0 0 0 0
1217	0 0 0 0 0 0 0 0 0 0 0 0 72 0 0 0 0 0 0 0
1218	0 0 0 0 0 0 0 0.02 0 0 0 0 49.42 24.56 0 0 0 0 0 0
1219	0 0 0 0 0 0 0 12.74 0 0 0 0 23.96 0 0 10.28 0 0.02 0 0
1220	0 0 0 0 0 0 0 0.02 0.02 0 0 0 83.96 0 0 0 0 0 0 0
1221	0 0 0 0 0 0 0 118.86 0 0 0 0 0 0 0 0 0 0.14 0 0
1222	0 0 0 0 0 0 0 0 0 0 0 0 0 0 0 53 0 0 0 0
1223	0 0 0 0 0 0 0 0 0 0 0 0 11 0 0 0 0 0 0 0
1224	0 0 0 0 0 0 0 0 0 0 0 0 29.96 0 0.02 0 0 0 0.02 0
1226	0 0 0 0 0 0 0 0 0.02 0 6.8 0.38 0 0 0 0 0 0 0 75.8
1188	0 0 0 0 0 0 0 0 0 0 22.8 0 0 0 0 65.2 0 0 0 0
1227	0 0 0 0 0 0 14 0 0 0 0 0 0 0 0 0 0 0 0 0
1229	0 0 0 0 0 0 0 0 0 0 0 0 0 0 0 26 0 0 0 0
1230	0 0 0 0 0 0 0 0 0 0 0 0 0 0 0 25.98 0 0 0.02 0
1231	0.1 0 0 0 0 0 0 0 0 0 0 0 43.58 0 6.32 0 0 0 0 0.02
1232	0 0 0 29.98 0 0 0 0 0 0 0 0 0 0 0 0 0 0 0 0
1234	13.98 0 0 0 0 0 0 0 0 0 0 0 0 0 0 0 0.02 0 0 0
1235	0 4 0 0 0 0 0 0 0 0 0 0 0 0 0 0 0 0 0 0
1236	1.28 1.72 0 0 0 0 0 0 0 0 0 0 0 0 0 0 0 0 0 0
1237	0 0.04 0 0 0 0 0 0 0 0 0 14.96 0 0 0 0 0 0 0 0
1238	0 0 0 0 0 0 0 0 0 0 0 22 0 0 0 0 0 0 0 0
771	0 0 0 0 0 0 0 0 0 0 0 0 87 0 0 0 0 0 0 0
1228	0 0 0 0 0 0 0 0 0 0 0 0 0 0 0 90 0 0 0 0
1239	0 0 0 0 0 0 0 0 0 0 25.5 0 0 0 0 6.5 0 0 0 0
1240	0 0 0 0 0 0 0 0 0 0 0 0 47.9 32.1 0 0 0 0 0 0
1241	0 0 0 0 11 0 0 0 0 0 0 0 0 0 0 0 0 0 0 0
1242	0 0 0 0 13 0 0 0 0 0 0 0 0 0 0 0 0 0 0 0
1243	0 0 0 0 0 0 0 0 0 0 0 21 0 0 0 0 0 0 0 0
1244	0 0 0 0 0 0 0 0 0 0 0 0.02 81.98 0 0 0 0 0 0 0
1245	0 18.52 0 0 0 0 0 0 0 0 0 0 23.04 0 0 0 0 0 0 0.44
1179	0 0 0 0 0 0 0 0 0 0 16 0 0 0 0 0 0 0 0 0
1246	0 0 0 0 0 5.06 0 0 0.04 0 0 0 0 0 0 0 0 0 5.9 0
1247	0 0 0 0 0 0.02 0 0 0 0 0 0 0 9.96 0.02 0 0 0 0 0
1248	0 0 0 0 0 0 0 0 0 0 0 0 0 50 0 0 0 0 0 0
1249	0 0 0 0 0 0 0 0 0 0 26 0 0 0 0 0 0 0 0 0
1250	0 0 0 0 0 0 0 0 0 0 0 0 9 0 0 0 0 0 0 0
1252	0 10.42 0 0 0 0 4.54 0 0 0.04 0 0 0 0 0 0 0 0 0 0
1253	4.22 0 0 0 0 0 0 0 0 0 0 0 0 0 0 12.78 0 0 0 0
1254	15.24 0.12 0 0 0 0 0 0 0 0 0 0 0 0 0 1.54 0.1 0 0 0
1256	0 0 5.98 0 0 0 0 0 0 0 0 0.02 0 0 0 0 0 0 0 0
1257	0 4.98 0 0 0 0 0.02 0 0 0 0 0 0 0 0 0 0 0 0 0
1258	0 0 0 0 0 0 0 0 0 0 0 0 14.64 0 0 0.02 0 0 0 32.34
1259	0 0 4.96 0.02 0 0 0 0 0 0 0.02 0 0 0 0 0 0 0 0 0
1260	0 0 3.34 0 0 0 0 0 0 0 0 0 7.14 0 0 0 0 0 0 0.52
1261	0 0 0 0 0 0 12 0 0 0 0 0 0 0 0 0 0 0 0 0
1262	0 0 0 0 0 0 16.18 0 0 0 7.8 0 0 0 0 0.02 0 0 0 0
1263	0 0.02 0 0 0 0 0 0 0 0 40.86 0 0 0 0 0 0 0.12 0 0
1264	0 0 0 0 15.84 0 0 0 0 0 0.14 0 0.02 0 0 0 0 0 0 0
1265	44.92 0 0 0 0 0 0.02 0 0 0 0 0 0 0 0 0 0 0.06 0 0
1266	0 0 0 0 23.98 0 0 0 0.02 0 0 0 0 0 0 0 0 0 0 0
1268	0 0 0 0 0 0 21 0 0 0 0 0 0 0 0 0 0 0 0 0
1269	0.04 0 0 0 0 0 0 0 25.96 0 0 0 0 0 0 0 0 0 0 0
1185	0 0 0 3.32 0 0 0 3.28 0 0 0 0 0 0.02 0 0.02 0 0 24.36 0
1204	0 0 0 0 0 0 0 0 0 0 0 0 0 0 0 0 0 49 0 0
1271	0 0 0 0 7.78 0 0 0 0 0 0 0 0 0 2.22 0 0 0 0 0
1272	0 0 0 0 0 0 0 0 0 0 0 0 0 0 0 0 6 0 0 0
374	0 0 0 0 0 0 0 0 0 0 0 0 0 0 0 22 0 0 0 0
1267	0 0 0 0 0 0 5.12 0 0 0 0 0 0 0.02 14.12 62.74 0 0 0 0
1273	0 0 0 0 0 0 0 0 0 0 0 0 0 22 0 0 0 0 0 0
1274	0 0 0 0 0 0 0 0 0 0 0 0 0 0 0 17 0 0 0 0
1277	0 0 0 0 0 0 0 0 0 0 0 0 0 0 0 0 0 0 0.02 51.98
1278	0 0 0 0 0 0 0 0 0 0 0.02 0 0 0 0 0 0 0 0 53.98
1281	0 0 0 0 0 0 15.84 0 0 0 0 0 0 0 0 0 0 0 0 11.16
1280	25 0 0 0 0 0 0 0 0 0 0 0 0 0 0 0 0 0 0 0
1282	0 0 0 0 0 0 0 0 0 0 0 0 0 0 0 0 0 0 0 23
1283	0 0 0 0 0 0 0 0 0 0 0 0 0 0 0 18 0 0 0 24
1284	0 0 0 0 0 0 0 0 0 0 0 0 0 0 0 0 66 0 0 0
1285	0 0 0 0.02 0 0 0 0 0 0 0 0 0 0 0 0 0 0 32.98 0
1286	0 0 0 0 0 0 0 0 0 0 0 0 0 11.18 0 0 0 37.82 0 0
983	0 0 0 0 0 0 0 0 0 0 0 21 0 0 0 0 0 0 0 0
1279	0 18.34 0 0 0 0 0 0 0 0 0.66 0 0 0 0 0 0 0 0 0
1287	0 0 0 0 0 0 0 0 0 0 0 0 0.04 0 0 0 7.96 0 0 0
1288	0.08 0 0 0 0 0 10.46 0 0 0 0 3.88 0 0 0 0 2.58 0 0 0
1290	0 0 0 0 0 0 0 0 0 0 0 0 0 0 0 3 0 0 0 0
1291	0 0 0 0 0 0 0 0 0 0 2.34 0 0 0 0 28.66 0 0 0 0
1292	0.06 4.92 0.02 0 0 0 0 0 0 0 0 0 0 0 0 0 0 0 0 0
1294	0 0 17.94 0.02 0 0 0 0 0 0.02 0 0 0 0 0.02 0 0 0 0 0
1297	0 0 0 0 0 0 0 0 0 0 20.46 0 10.54 0 0 0 0 0 0 0
1298	0 0 0 0 0 0 0 0 0 0 0 0 0 0 0 0 0 28 0 0
1299	0 0 0 0 0 0 0 0 0 0 0 0 0 0 0.02 0 0 21.98 0 0
1301	0 0 0 0 0 0 0 0 0 0 0 0 19 0 0 0 0 0 0 0
1302	0.02 0 13.98 0 0 0 0 0 0 0 0 0 0 0 0 0 0 0 0 0
1303	0 0 0 0 0 0 0 0 0 0 0 0 31 0 0 0 0 0 0 0
1225	0 0 0 0 0 0 0 28.98 0 0 0.02 0 0 0 0 0 0 0 0 0
1304	0 0 0 0 0 0 0 0 0 0 0 0 5 0 0 0 0 0 0 0
1305	0 0 0 0 7.98 0 0 0 0 0 0 0 0 0 0 0 0.02 0 0 0
1306	0 0 0 0 0 0 0 0 0 0 0 0 0 0 0 0 0 6 0 0
1307	0 0 0 0 0 0 0 0 2.48 0 0 0 0 0.52 0 0 0 0 0 0
1308	0 0 0 0 0 0 0 2 0 0 0 0 0 0 0 0 0 0 0 0
1309	0 0 0 0.04 0.16 0.08 0.02 0.16 0.12 0 0.02 0 0.08 0 0 0 0 0.24 0.08 0
1310	0 0 0 0 0 0 0 0 0 0 0 0 0 0 0 0 0 3 0 0
1311	0 0 0 0 0 0 0 0 0 0 0.02 0 28.98 0 0 0 0 0 0 0
1312	0 18 0 0 0 0 0 0 0 0 0 0 0 0 0 0 0 0 0 0
1313	0 0 31.98 0 0 0 0 0 0 0 0 0 0 0 0 0.02 0 0 0 0
1300	0 9.3 0 0 0 0 0 0 0 0 0 0 0 0 0 0 0 0 7.7 0
1314	0 0.02 0 0 0 0 0 0 0 0 15.74 0 0 0 0 0 0 0 8.24 0
1315	0.02 0 0 0 0 0 0 0 0 0 0 0 0 0 0 0 0 0 0.02 56.96
1316	0 0 18.72 0 0 0 0.28 0 0 0 0 0 0 0 0 0 0 0 0 0
818	0 0 0 0 0 0 15.78 0 0 0.06 0 0 0 0 0 0 42.16 0 0 0
1081	0 0 0 0 0.02 0 0 0 0 0 0 0 17.98 0 0 0 0 0 0 0
1171	0 0 25.48 0 0 0 0 0 0 0 0 0 0 0 0 0 0 0.52 0 0
1174	0 10.1 0 0 0 12.9 0 0 0 0 0 0 0 0 0 0 0 0 0 0
1255	4.18 0 0.02 0 0 0 7.8 0 0 0 0 0 0 0 0 0 0 0 0 0
1276	0 0 0 0 0 0 0 0 0 0 0 0 0 0 0 0 12.96 0 0.04 0
1289	0 0 0 0.04 0 0 0 0 0 0 0 0 0 0 0 0 13.96 0 0 0
1295	15 0 0 0 0 0 0 0 0 0 0 0 0 0 0 0 0 0 0 0
1296	6.06 0 36.8 0 0 0 0 0 0 0 0 0 0.12 0 0 0 0 0 0 0.02
1317	0.14 0.06 0 0.12 0.06 0 0.02 0.96 0.02 0 0.36 0.02 0.06 0.02 0 0.1 1.98 0 0.02 0.06
1318	0.02 0.02 0.02 0 2.36 0 1.36 0 0 0 0 0.02 0 0 0 0 0.04 0 0 0.16
1320	0.14 0.22 0.12 0 0.18 0 0 0 0 0 0 0.06 0.06 0 0 0 0.18 0 0 0.04
1322	0 0.6 0 0 0 0 0 0 0 0 0 0 0 0 0 0 11.4 0 0 0
1324	0 0 0 0 0 0 0 0 0 0 0 0 9 0 0 0 0 0 0 0
1325	0.14 0.14 0.06 0 0.12 0 0 0 0 0 0 0.08 0.04 0 0 0 0.28 0 0 0.14
1327	0 0 0 0.1 0 0 0 0 0 0 0 0 1.04 0 0 0 0 0 0 3.86
1329	0.14 0.22 0.06 0 0.08 0 0 0 0 0 0 0.1 0.08 0 0 0.02 0.14 0 0 0.16
1330	0 0 0 0 0 0 0 0 0 0 0 0.02 0 0 0 6.9 0 0 0 0.08
1331	0 0 0 0 8.92 0 0 0 0 0 0 0 0 0 0 0 0 0.08 0 0
1332	0.1 0.18 0.04 0 0.1 0.02 0 0 0 0.02 0 0.1 0.02 0 0 0.02 0.26 0 0 0.14
1333	0 0 0 0 9.96 0 0 0 0 0 0.04 0 0 0 0 0 0 0 0 0
1334	0.22 1.4 0 0 0 0.02 0.02 0.18 0 0 0 0 0.12 0 0 0 0.04 0 0 0
1336	0.04 0.02 0 0 0 0.02 0 0 0 0 0 0 0 0 0 12.06 0 0 0 4.86
1337	0 0 0 0 0.02 0 0 0 0 0 0 0 0 0 0 14.98 0 0 0 0
1338	0 0 0 0 8.98 0 0.02 0 0 0 0 0 0 0 0 0 0 0 0 0
1339	0.1 0.26 0.04 0 0.12 0 0 0.02 0 0 0 0.04 0.08 0 0 0 0.18 0 0 0.16
1340	0.12 0.2 0.02 0 0.2 0 0 0 0 0.02 0 0.1 0.04 0 0 0.02 0.14 0 0 0.14
1341	0.08 0.26 0.02 0 0.18 0 0 0 0 0.02 0 0.14 0.06 0 0 0 0.14 0 0 0.1
1342	0.02 0 0 0 4.98 0 0 0 0 0 0 0 0 0 0 0 0 0 0 0
1343	0.12 0.16 0.06 0 0.18 0 0 0 0 0.02 0 0.08 0.04 0 0 0 0.22 0 0 0.12
1344	0 6 0 0 0 0 0 0 0 0 0 0 0 0 0 0 0 0 0 0
1346	0 12 0 0 0 0 0 0 0 0 0 0 0 0 0 0 0 0 0 0
1347	0 0 0 0 11 0 0 0 0 0 0 0 0 0 0 0 0 0 0 0
1348	0.1 0.2 0.02 0 0.1 0 0 0 0 0 0 0.12 0.14 0 0 0.02 0.2 0 0 0.1
1349	0.16 0.2 0.06 0 0.18 0 0 0 0 0 0 0.1 0.06 0.02 0 0.02 0.1 0 0 0.1
1351	0 0.02 0 0 0.02 0 0 0 0 0 0 0.02 0 2.06 0 0.58 0.2 0 0 0.1
1352	0.08 0.28 0.04 0 0.1 0 0 0 0 0 0 0.1 0.12 0 0 0.02 0.18 0 0 0.08
1353	0 0 0 0 13 0 0 0 0 0 0 0 0 0 0 0 0 0 0 0
1354	0 0 0 0 1.62 0 0 0 0 0 0 0.38 0 0 0 0 0 0 0 0
1355	0 0 0 0 0 0 5.84 0 0 0.02 0 0 0 0 0 0 10.14 0 0 0
1356	0 8 0 0 0 0 0 0 0 0 0 0 0 0 0 0 0 0 0 0
1357	0 0 0 0 0 0 0 0 0 0 0 0 0 0 0 0 0 0 0 8
1358	0 6 0 0 0 0 0 0 0 0 0 0 0 0 0 0 0 0 0 0
1359	0 1.68 0 0 0 0 0 0 0 0 0 0 0 0 0 0.32 0 0 0 0
1360	0.18 0.18 0 0 0.18 0 0 0 0 0.02 0 0.08 0.06 0 0 0 0.2 0 0 0.1
1361	0 0.2 0 0 5.2 0 0 0 0 0 0 0.04 0 0 2.54 0 0 0 0 0.02
1362	0 0 0 0 0 0 0 0 0 0 0 4 0 0 0 0 0 0 0 0
1363	0.14 0.1 0.02 0 0.18 0 0 0 0.02 0 0 0.04 0.06 0.02 0 0 0.24 0 0 0.18
1364	0.06 0.34 0.1 0 0.04 0 0 0 0 0.02 0 0.04 0.04 0 0 0.02 0.16 0 0 0.18
1366	0.08 0.26 0.08 0 0.12 0 0 0 0 0.02 0 0.06 0.08 0 0 0 0.1 0 0.02 0.18
1367	0 0 0 0 0 0 0 0 0 21 0 0 0 0 0 0 0 0 0 0
1368	0 15.18 0 0 1.82 0 0 0 0 0 0 0 0 0 0 0 0 0 0 0
1369	0.12 0.22 0.04 0.02 0.16 0 0 0 0 0.02 0 0.06 0.08 0 0 0 0.2 0 0 0.08
1370	0 0 0 0 5 0 0 0 0 0 0 0 0 0 0 0 0 0 0 0
1371	0 0 0 0 0 0 0 0 0 0 0 0 3 0 0 0 0 0 0 0
1372	0 0 0 0 0 0 0 0 0 9 0 0 0 0 0 0 0 0 0 0
1373	0.14 0.16 0.02 0 0.18 0 0.02 0 0 0 0 0.08 0.02 0 0 0 0.22 0 0.02 0.14
1374	0.14 0.24 0.04 0 0.02 0 0 0 0 0 0 0.14 0 0 0 0 0.32 0 0 0.1
1375	0 0 17.52 0 0 0 0 0 0 0.3 0.18 0 0 0 0 0 0 0 0 0
1376	5.78 0 0 0 0 0 0 0 0 0 0 0 0 7.22 0 0 0 0 0 0
1377	0 0 0 0 8.98 0 0 0 0 0.02 0 0 0 0 0 0 0 0 0 0
1378	0 7.98 0 0 0 0 0 0.02 0 0 0 0 0 0 0 0 0 0 0 0
1379	0 14 0 0 0 0 0 0 0 0 0 0 0 0 0 0 0 0 0 0
1381	0 0.02 0 0 0 0 0 0 0 0 0 0 0 0 0 0 19.98 0 0 0
1382	0 0 7.98 0 0 0 0 0 0 0 0 0 0.02 0 0 0 0 0 0 0
1383	0 0 0 0 0 0 0 0 0 0 0 0 0 0 0 0 0 0 0.22 7.78
1384	0 5 0 0 0 0 0 0 0 0 0 0 0 0 0 0 0 0 0 0
1385	0 10 0 0 0 0 0 0 0 0 0 0 0 0 0 0 0 0 0 0
1386	8.82 0 0 0 0 0 0 0 0 0 0 0 0 0.18 0 0 0 0 0 0
1387	0 0 4 0 0 0 0 0 0 0 0 0 0 0 0 0 0 0 0 0
1388	0 16 0 0 0 0 0 0 0 0 0 0 0 0 0 0 0 0 0 0
1389	0.08 0.1 0.02 0 0.04 0 0 1.28 0 0 0 0.06 0.02 0 0 0 0.1 0 4.2 0.1
1390	0.2 0.14 0.04 0 0.12 0 0 0 0 0.02 0 0.08 0.02 0 0 0 0.32 0 0 0.06
1392	0 2.98 0 0 0 0 0 0 0 0 0 0.02 0 0 0 0 0 0 0 0
1393	0 14.04 0 0 0 1.94 0 0 0 0 0.02 0 0 0 0 0 0 0 0 0
1395	0 11 0 0 0 0 0 0 0 0 0 0 0 0 0 0 0 0 0 0
1396	0 0 0 0 0 0 0 0 0 16 0 0 0 0 0 0 0 0 0 0
1397	0 0 0 0 0 0 0 0 0 0 0 0 0 0 0 0 0 15 0 0
1398	0 0 0 0 0 0 9 0 0 0 0 0 0 0 0 0 0 0 0 0
1399	12.56 0 0 0 0 0 0 0 0 0 0 0 0 0 0 0 0.44 0 0 0
1400	0 0 0 31 0 0 0 0 0 0 0 0 0 0 0 0 0 0 0 0
1403	0 5.82 0 0 0 0 0 0 0 0 0 0 0 0 0 0 0 5.18 0 0
1404	0 0 0 0 0 0 34 0 0 0 0 0 0 0 0 0 0 0 0 0
891	0 0 12 0 0 0 0 0 0 0 0 0 0 0 0 0 0 0 0 0
1405	0 14.98 0 0 0 0 0 0 0 0.02 0 0 0 0 0 0 0 0 0 0
1406	0 0 0 13.98 0 0 0 0 0 0 0 0 0 0 0 0 0 0 0 0.04
1407	0 0 0 31.3 0 0 0 0 0 0 0 0 0 0 0 0 0 0 12.68 0
1409	0 0 0 0 0 0 0 0 0 0 0 0 0 0 0 0 0 0 20 0
1411	0 0.06 0 31.94 0 0.02 0 0 0 0 0 0 0 0 0 30.98 0 0 0 0
1412	0 0 0 0 0 0 0 10 0 0 0 0 0 0 0 0 0 0 0 0
1413	0 0 0 0 0 0 0 0 0 0 0 0 0 0 0 17 0 0 0 0
1415	0 0 0 0 0 0 0 0 0 0 20.98 0 0 0 0 0 0 0 0 0.04
1416	0 0 0 0 0 0 0 0 0 0 0 0 0 9.98 0 0 0 0 0 0
1417	0 5 0 0 0 0 0 0 0 0 0 0 0 0 0 0 0 0 0 0
1418	0 0 0 0 0 0 0 0 0 0 0 0 0 0 7 0 0 0 0 0
1419	0 0 0 0 0 0 0 0 0 0 0 0 0 0 0 31 0 0 0 0
1326	0 0 0 0 0 0 0 0 0 0 0 15 0 0 0 0 0 0 0 0
1421	0 0 0 25.98 0 0 0 0 0 0 0 0 0 0 0.02 0 0 0 0 0
1422	0 0 0 0 0.04 8.96 0 0 0 0 0 0 0 0 0 0 0 0 0 0
1424	0 0 0 0 0 0.02 3.98 0 0 0 0 0 0 0 0 0 0 0 0 0
1425	0 0 0 0 0 0 0 0 0 0 0 0 20 0 0 0 0 0 0 0
1426	0 0.04 0 0 0 0.04 0 0 0 0 0.18 0 0 16.74 0 0 0 0 0 0
1427	0.02 0 0 0 0 0 0 0 0 0.02 0 0 0 0.04 0 0 0 13.92 0 0
1428	0 0.08 0 0 0 0 0 0.02 0 0 8.94 0 0 0 18.82 0 0 0 0 0.14
1233	0 8 0 0 0 0 0 0 0 0 0 0 0 0 0 0 0 0 0 0
1394	0 0 11 0 0 0 0 0 0 0 0 0 0 0 0 0 0 0 0 0
1429	0 0 5.98 0 0 0.02 0 0 0 0 0 0 0 0 0 0 0 0 0 0
1430	3.98 0 0 0 0 0 0 0 0 0.02 0 0 0 0 0 0 0 0 0 0
1431	0 14 0 0 0 0 0 0 0 0 0 0 0 0 0 0 0 0 0 0
1433	0.78 3.22 0 0 0 0 0 0 0 0 0 0 0 0 0 0 0 0 0 0
1434	22 0 0 0 0 0 0 0 0 0 0 0 0 0 0 0 0 0 0 0
1350	0 0 0 0 0 0 0 0 0 0 0 0 0 0 0 0 2 0 0 0
1436	0 0 0 1.52 0 1.48 0 0 0 0 0 0 0 0 0 0 0 0 0 0
1401	0 0 0 0 0 0 33.6 0 0 0 0 0 0 18.4 0 0 0 0 0 0
1438	0 0 0 0.02 0 0 0 0.02 0 0 0 0 10.96 0 0 0 0 0 0 0
1439	0 0 0 0 0.02 0 0 0 0 0 23.98 0 0 0 0 0 0 0 0 0
1441	0 0 5.9 0 0 0 0 0 0 0 0 0 0 0 0 0.06 0.04 0 0 0
1442	0 0 0 0 0 0 0 0 0 0 11 0 0 0 0 0 0 0 0 0
1443	0 0 0 0 0 0 0 0 0 0 0 0 0 0 10 0 0 0 0 0
1444	0 0 0 0 0 0 0 0 21.14 0 0 0 0 0 0 11.86 0 0 0 0
1205	0 0 0 0 0 0 0 0 0 0 0 0 0.08 0 2.6 0 0 9.32 0 0
1445	0 0 0 10.58 0 0.42 0 0 0 0 0 0 0 0 0 0 0 0 0 0
1447	0 0.3 0 0 0 0 0 0 0 0 2.7 0 0 0 0 0 0 0 0 0
1448	0 0 0 0 0 0 11 0 0 0 0 0 0 0 0 0 0 0 0 0
1449	0 0 0 0 0 0 0 0 7.96 0 0 0 0 0 0 0 0 14.04 0 0
1450	0 0 0 0.1 0 7.9 0 0 0 0 0 0 0 0 0 0 0 0 0 0
1451	0 0 0 0 4.44 0 0 9.28 0 0 0 0 0 0 30.28 0 0 0 0 0
1453	0 0 0 0.52 0 0.94 0 0 0 0 0.06 0 0 0 0 0 0 0.48 0 0
1454	0 0 0 0 0 0 0 0 0 0 0 0 0 0 0 0 0 12 0 0
1455	0 0 0 0 0 0 0 0 0 0 0 0 0 0 0 0 0 2 0 0
1456	0 0 0 0 0 0 26 0 0 0 0 0 0 0 0 0 0 0 0 0
1457	0 0 0 0 0 0 0 0.1 0 0 0 0 0 0 0 0 0 2.9 0 0
1458	0 0 0 0.06 0 0 3.94 0 0 0 0 0 0 0 0 0 0 0 0 0
1459	0 0 0 0 0 0 0 14.06 0 0 0 0 0 0 6.94 0 0 0 0 0
1460	0 0 0 0 0 0 0 0 0 0 0 0 0 0 0.02 0 0 2.98 0 0
1461	0 0 0 0 0 0 0 0 0 0 0 0 0 0 0 0 0 2 0 0
1462	0 0 14.8 0 0 0 0 0 0 0 0 0 0 0 0 0 0 8.2 0 0
1463	9.84 0 0 0 0 0 0 0 0 0 0.16 0 0 0 0 0 0 0 0 0
701	0 0 0 0 0 0 0 0 0 0 0 0 0.02 0 32.98 0 0 0 0 0
1464	0 0 0 7 0 0 0 0 0 0 0 0 0 0 0 0 0 0 0 0
1328	0 0 0.02 0 0 13.98 0 0 0 0 0 0 0 0 0 0 0 0 0 0
1465	0.02 0 0 0 0 0 6.98 0 0 0 0 0 0 0 0 0 0 0 0 0
1466	0 0 0 0 11.8 0 0 0 0 0 0 0 5.2 0 0 0 0 0 0 0
1467	0 0 0 0 0 0 0 0 0 0 0 0 10 0 0 0 0 0 0 0
1468	0 0 0 0 0 0 0 0 0 0 0 0 13.64 0 3.36 0 0 0 0 0
1469	0 0 0 0 0 0 0 0 0 0 0 0 12.24 0 0 6.76 0 0 0 0
1470	0.02 0.02 0 0 0 0 0 0 0 0 0 0 0 0 0 0.46 0 0 12.5 0
1471	0 0 0 0 0 0 0 0 0 0 0 0 0 0 0 21.82 0 0 0 0.18
1472	0 5 0 0 2 0 0 0 0 0 0 0 0 0 0 0 0 0 0 0
1473	0 0 0 0 0 0 0 0 0 0 0 0 21.02 0 0 0 0 6.98 0 0
1270	0 0 0 0 0 0.02 0 0 0 0 0 0 11.96 0 0 0 0 0 0.02 0
1474	0 0 0 0 0 0 0 0 0 0 0 0 0 0 13 0 0 0 0 0
1475	0 0 0 0 0 0 0 0 0 0 0 0 0 0 11 0 0 0 0 0
545	0 0 0 0 0 0 0 0 0 0 0.02 0 10.98 0 0 0 0 0 0 0
1476	0 0 0 0 0 0 0 0 0 2 0 0 0 0 0 0 0 0 0 0
1477	0 0 0 0 0 0 0 0 0 2 0 0 0 0 0 0 0 0 0 0
1478	0 0 0 0 0 0 0 0 4.16 0 0 0 44.66 0.06 0.12 0 0 0 0 0
1479	0 0 0 0.02 0 0 21.98 0 0 0 0 0 0 0 0 0 0 0 0 0
1480	0 0 0 0.02 0 0.02 0 19.94 0 0 0 0 0 0 0 0 0 0 0 0.04
1031	0 0 0 0 0 0 0 0 0 0.02 0 0 0 0 0 6.96 0 0 0 0
1483	0 15.54 0 0 0 0 0 0 0 0 0 0 9.46 0 0 0 0 0 0 0
666	0 7 0 0 0 0 0 0 0 0 0 0 0 0 0 0 0 0 0 0
992	0 10 0 0 0 0 0 0 0 0 0 0 0 0 0 0 0 0 0 0
1402	0 0 3.56 0 0 0 0 0 0 0 0 0 0.12 0 3.24 0.02 0 0 0 0.06
1435	0 0 0 7.98 0 0 0 1.02 0 0 0 0 0 0 0 0 0 0 0 0
1437	0 0 0 0 0 0 0 0 0 0 0 0 0 0 11 0 0 0 0 0
1481	0 0 0 0 0 0 0 0 0 0 0 0 4 0 0 0 0 0 0 0
1484	0 0 0 0 0 0 0.04 0 0 0 0.12 0 0 7.84 0 0 0 0 0 0
1485	0 7.9 0 0 0 0 0 0 0 0 0.08 0 0 0 0.02 0 0 0 0 0
1487	0 0 0 0 0 0 0 0.04 0 0 0 0 0 0 9.96 0 0 0 0 0
1489	0 0 0 0 0 0 0.06 4.04 0 0 0 0 6.76 0 0 0.14 0 0 0 0
1492	0 0 0 0 0 0 0 0 0 0 0 0 4 0 0 0 0 0 0 0
1493	0 0.06 0 0.16 0.08 0 0.02 0.06 0 0 0.16 0 0.16 0.02 0.12 0.12 0 0.02 0 0.02
1494	0 0.08 0 0.04 0.1 0.02 0.06 0.06 0 0 0.06 0 0.26 0.02 0.08 0.14 0.04 0 0.02 0.02
1495	0 0 0 8.88 0 0 0 0 0 0 0 0 0 0 7.82 0 0 0 1.3 0
1496	0 0 0 0 0 0 0 0 0 0 14 0 0 0 0 0 0 0 0 0
1497	0 0 0 0 6 0 0 0 0 0 0 0 0 0 0 0 0 0 0 0
1498	0 0.04 0 0 3.92 0 0 0 0 0 0 0 0 0 0 0 0.02 0 0.02 0
1499	0 7 0 0 0 0 0 0 0 0 0 0 0 0 0 0 0 0 0 0
1500	0 0 0 5.08 0 0 0 0 0 0 0 4.92 0 0 0 0 0 0 0 0
1501	0 0 0 0 9 0 0 0 0 0 0 0 0 0 0 0 0 0 0 0
1503	0 0 0 0 0 0 0 29 0 0 0 0 0 0 0 0 0 0 0 0
1504	0 0 0 0 0 0 0.14 0 0 0 0 7.86 0 0 0 0 0 0 0 0
1505	0 0 0 0 0 0 0 0 0 0 0 0 4 0 0 0 0 0 0 0
1446	0 0 0 0.14 0 0 0 8.82 0 0 0 0 0 0 0 0 0 0 29.04 0
1251	18.2 0 0 0 0 2.78 0 0 0 0 0 0 0 0 0 0 0 0 0 0.02
1506	0 0 0 0 0 0 0 0 0 0 0 0 0 0 0 0 0 8 0 0
1507	0 1.28 0 0 1.7 0 0 0 0 0 0 0 0 0 0 0 0 0 0 0.02
1335	0 0 0 0 0 0 0 0 0 0 0 0 0 0.02 0 0 0 0 0 15.98
1508	6.98 0 0 0.02 0 0 0 0 0 0 0 0 0 0 0 0 0 0 0 0
1510	0 0 0 0 0 0 0 0 0 0 0 0 3 0 0 0 0 0 0 0
1511	0 0 0 0 14 0 0 0 0 0 0 0 0 0 0 0 0 0 0 0
865	0 0 0 0 0 0 53.98 0 0.02 0 0 0 0 0 0 0 0 0 0 0
1512	0 0 0 0 0 0 19 0 0 0 0 0 0 0 0 0 0 0 0 0
1513	0 0.02 0 0 0 0 0 0 0 0 0 0 0 0 0 0 0 0 0 6
1516	0 0 0 0.2 0 0 11.7 0 0 0 0.02 0 0 0.02 0 0.04 0 0 0 0
1517	0 0 0 0 0 0 0 0 0 0 0 0 9.94 0 0 0.04 0 0 0.02 0
1518	0 0 0 0 0 0 0 0 17.12 0 0 0 0 0 0.06 0 0.64 0 6.18 0
1519	0 0 0 0 0 0 0 0 0 0 6 0 0 0 0 0 0 0 0 0
1520	0 0 0 0 0 0 0 0.02 0 0 0 0 2.98 0 0 0 0 0 0 0
1521	0 0 0 0 0 0 0 0 0 0 0 0 0 0 0 0 0 0 0 9
1522	0 0 0 0 0 0 0 0 0.02 0 0 0 13.98 0 0 0 0 0 0 0
1524	0 0 0 0 0.08 0 1.64 0 0 0 0 0 0 0 0 0 0 23.28 0 0
1525	0 4 0 0 0 0 0 0 0 0 0 0 0 0 0 0 0 0 0 0
1526	0 0 0 0 0 3.96 0.04 0 0 0 0 0 0 0 0 0 0 0 0 0
1527	0 0 15.98 0 0 0 0 0 0 0 0 0 0.02 0 0 0 0 0 0 0
1528	0 7 0 0 0 0 0 0 0 0 0 0 0 0 0 0 0 0 0 0
1529	0 13.98 0 0 0 0 0 0 0 0 0 0.02 0 0 0 0 0 0 0 0
1420	0 0 3 0 0 0 0 0 0 0 0 0 0 0 0 0 0 0 0 0
1530	0 0 0 7 0 0 0 0 0 0 0 0 0 0 0 0 0 0 0 0
1523	0 0 0 0 0 0 0 0 0 0 0 0 0.32 0 0 0 0 0 1.26 0.42
1531	0 0 0 0 0 0 0 0 0 0 19.98 0 0 0 0 0 0.02 0 0 0
1532	0 0 0 0 1.78 0 0 0.22 0 0 0 0 0 0 0 0 0 0 0 0
1533	0 0 0 0 3.04 0 0 0.94 0.02 0 0 0 0 0 0 0 0 0 0 0
1534	0 0 0 0 11.72 0 0 0 0 0 0 0 0 0 0 0 0.02 0 0 0.26
1535	0 0 0 0.02 7.52 0 0 0 0 0 0 0 0 0 0.04 0 0 1.42 0 0
1536	0 0 0 5 0 0 0 0 0 0 0 0 0 0 0 0 0 0 0 0
1537	0 0 0 0 10.68 0.32 0 0 0 0 0 0 0 0 0 0 0 0 0 0
1538	0 0 0 0 0 0 0 0 0 0 0 0 0 3 0 0 0 0 0 0
1440	0 0 0 0 0 0 0 0 0 0 0 0 0 0 0 0 0 0 6 0
1542	0 0 0 0 0 0 0 0 0 0 6 0 0 0 0 0 0 0 0 0
1543	0 0 0 0 0 0 0 0 0 0 3 0 0 0 0 0 0 0 0 0
957	0 0.12 0.04 0.06 0 0 0.06 0.1 0.08 0.02 0.14 0 0.12 0.08 0.02 0.12 0 0.02 0.02 0
994	0 0 9.88 0 0 0 0.12 0 0 0 0 0 0 0 0 0 0 0 0 0
1027	0 0.12 0.08 0.02 0 0.04 0.12 0.06 0.04 0.02 0.14 0 0.08 0.1 0 0.08 0 0.06 0.04 0
1111	0 0 0 0 11 0 0 0 0 0 0 0 0 0 0 0 0 0 0 0
1275	0 0 0 0 0 0.08 4.9 0 0.02 0 0 0 0 0 0 0 0 0 0 0
1391	0 0 5 0 0 0 0 0 0 0 0 0 0 0 0 0 0 0 0 0
1408	0 0 0 0 0 0 0.26 1.16 0 0 0 0 0 0 0 0.58 0 0 0 0
1423	0 0 0 0 0 0 0 0 0 0 0 0 1.96 4.04 0 0 0 0 0 0
1432	0 2 0 0 0 0 0 0 0 0 0 0 0 0 0 0 0 0 0 0
1488	0 0 0 0 0 0 5 0 0 0 0 0 0 0 0 0 0 0 0 0
1539	0 0 0 0 0 0 0 0 0 0 1.34 0 0 0 0 0 0 0 1.66 0
1540	0 0 0 0 0 0 0 0 22.84 0 0 0 0 0 0 0 0 0 0 0.16
1544	0 0 0 0 0 0 0 0 0 0 0 0 0 0 0 7.98 0 0.02 0 0
1545	0 0 0 0 0 0 5.92 0 0 0 0 4.08 0 0 0 0 0 0 0 0
1546	0.02 0.06 0 0.1 0.04 0.04 0.06 0.12 0.14 0 0.14 0 0.14 0.06 0 0.02 0 0.06 0 0
1547	0 0 0 0 0 0 0 0 0 0 0 0 1.92 0.08 0 0 0 0 0 0
1549	0 3 0 0 0 0 0 0 0 0 0 0 0 0 0 0 0 0 0 0
1550	0 0 0 0 0 0 0 0 0 0 0 0 6 0 0 0 0 0 0 0
1551	0 0 0 0 0 0 0 3.9 0 0 0 0 0 0 0 0 0 0.1 0 0
1552	0 0 0 0 0 0 0 0.02 0 0 0 0 3.98 0 0 0 0 0 0 0
1553	0 0 0 0.1 0 0 0 0 0 0 3.9 0 0 0 0 0 0 0 0 0
1554	0 0 0 2.38 0 0 0 0 3.62 0 0 0 0 0 0 0 0 0 0 0
1555	0 0 0 10 0 0 0 0 0 0 0 0 0 0 0 0 0 0 0 0
1556	0 0 0 0 0 0 0 0 4 0 0 0 0 0 0 0 0 0 0 0
1557	0 0.06 0.04 0.04 0 0.04 0.14 0.1 0.08 0 0.12 0 0.1 0.12 0.04 0.04 0 0.08 0 0
1558	0 0 0 0 14.98 0 0 0 0 0 0 0 0 0.02 0 0 0 0 0 0
1559	0 0.06 0.02 0.12 0.02 0.04 0.02 0.1 0.02 0.06 0.1 0 0.08 0.14 0.02 0.12 0 0.04 0.04 0
1560	0 0 0 0.14 0 0 8.86 0 0 0 0 0 0 0 0 0 0 0 0 0
1561	0.06 0.02 0.02 0.08 0.04 0.02 0.12 0.16 0.02 0 0.18 0 0.12 0.1 0 0.04 0 0 0.02 0
1562	0.02 0.1 0.02 0.02 0 0 0.18 0.12 0.04 0.02 0.12 0 0.1 0.06 0.02 0.1 0 0.04 0.04 0
1563	0 0.04 0.02 0.12 0.02 0.06 0.1 0.08 0.1 0 0.06 0 0.04 0.14 0.08 0.08 0 0.02 0.04 0
1564	0.04 0.02 0.02 0.1 0.04 0.02 0.06 0.08 0.06 0 0.18 0 0.04 0.12 0.06 0.04 0 0.04 0.08 0
1565	0 0.08 0.04 0.06 0.02 0.06 0.02 0.1 0.02 0 0.22 0 0.1 0.04 0.06 0.08 0 0.08 0.02 0
1566	0.02 0.04 0.08 0.08 0.02 0 0.08 0.08 0.06 0 0.12 0 0.08 0.1 0.04 0.1 0 0.04 0.06 0
1567	0.02 0.02 0.04 0.08 0.04 0.02 0.12 0.12 0.04 0 0.1 0 0.04 0.12 0 0.2 0 0.04 0 0
1568	0 0.06 0.04 0.06 0 0.02 0.14 0.14 0.06 0.02 0.06 0 0.12 0.1 0.02 0.14 0 0.02 0 0
1569	0 0.08 0.02 0.06 0 0 0.12 0.1 0.04 0 0.14 0 0.22 0.1 0.02 0.06 0 0.02 0.02 0
1571	0 0.06 0.04 0.12 0 0.08 0.02 0.04 0.08 0.02 0.08 0 0.1 0.1 0.08 0.16 0 0.02 0 0
1573	0 0 0 5 0 0 0 0 0 0 0 0 0 0 0 0 0 0 0 0
1574	0.02 0.1 0.04 0.16 0 0.06 0.04 0.06 0 0 0.06 0 0.16 0.06 0.04 0.08 0 0.04 0.08 0
1575	0.02 0.06 0 0.08 0.04 0.08 0.08 0.1 0.1 0.02 0.08 0 0.06 0.1 0.04 0.04 0 0.04 0.06 0
1576	0 0.02 0.04 0.12 0 0 0.12 0.04 0.02 0.04 0.16 0 0.12 0.08 0.08 0.1 0 0.04 0.02 0
1577	0 0.04 0 0.1 0.02 0.04 0.08 0.12 0.02 0.04 0.14 0 0.08 0.04 0.04 0.16 0 0.02 0.06 0
1578	0 0 0 0 0 0 0 0 0 0 0 0 4 0 0 0 0 0 0 0
1579	0 0.08 0.04 0.06 0 0.02 0.02 0.1 0.14 0 0.16 0 0.12 0.1 0.02 0.04 0 0.08 0.02 0
1580	0.02 0 0.04 0.12 0 0.04 0.1 0.04 0.1 0 0.16 0.02 0.1 0 0.04 0.16 0 0 0.06 0
1582	0.02 0.06 0.04 0.08 0.04 0.06 0.12 0.06 0.08 0 0.08 0 0.12 0.1 0 0.08 0 0 0.06 0
1583	0.04 0.06 0.02 0.02 0 0.08 0.04 0.14 0.06 0 0.14 0.02 0.04 0.14 0.04 0.1 0 0.02 0.04 0
1585	0.02 0.1 0 0.02 0.04 0.06 0.14 0.16 0.04 0.02 0.14 0 0.06 0.06 0.04 0.06 0 0 0.04 0
1586	0 0.04 0 0.04 0.04 0.02 0.1 0.14 0.08 0.02 0.14 0 0.04 0.16 0.06 0.08 0 0.04 0 0
1587	0.02 0.14 0 0.1 0.02 0.08 0.08 0.08 0.04 0 0.1 0 0.18 0.06 0 0.08 0 0.02 0 0
1588	0.02 3.98 0 0 0 0 0 0 0 0 0 0 0 0 0 0 0 0 0 0
1589	0 12 0 0 0 0 0 0 0 0 0 0 0 0 0 0 0 0 0 0
1590	0 0 4 0 0 0 0 0 0 0 0 0 0 0 0 0 0 0 0 0
1591	12.48 0 0 0 0 0 1.32 0 0 0.2 0 0 0 0 0 0 0 0 0 0
1592	0 18 0 0 0 0 0 0 0 0 0 0 0 0 0 0 0 0 0 0
1541	0 0 0 0 4 0 0 0 0 0 0 0 0 0 0 0 0 0 0 0
1593	0 0 0 0 0 0 0.02 0 0 0 0 0 0 0 0 0 0 3.98 0 0
1594	0 9 0 0 0 0 0 0 0 0 0 0 0 0 0 0 0 0 0 0
1596	2 0 0 0 0 0 0 0 0 0 0 0 0 0 0 0 0 0 0 0
1597	0 0 0 0 2.72 0 0 0 0 0 0 0 0 12.28 0 0 0 0 0 0
1598	14 0 0 0 0 0 0 0 0 0 0 0 0 0 0 0 0 0 0 0
1600	0 8.98 0 0 0 0 0 0 0 0 0 0 0 0 0.02 0 0 0 0 0
1601	0.12 0.16 0.1 0.04 0.14 0.04 0 0 0 0.2 0 0 0 0 0 0 0.12 0 0 0.08
1602	0 0 7 0 0 0 0 0 0 0 0 0 0 0 0 0 0 0 0 0
1490	0 0 0 0 0 0 0 0 0 0 0 0 0 0 0 0 0 3 0 0
1603	0 0 0 0 0 0 3 0 0 0 0 0 0 0 0 0 0 0 0 0
1410	0 0 0 0 0 0.1 0.08 0.04 0.2 0 0 0.08 0 0.02 0.04 0.2 0.04 0.2 0 0
1604	0 0 0 4 0 0 0 0 0 0 0 0 0 0 0 0 0 0 0 0
1605	0.08 0 0 0 0 0 0 0 0.42 0 0 0.02 0 0 0 0 0 0 0 8.48
1606	0 2 0 0 0 0 0 0 0 0 0 0 0 0 0 0 0 0 0 0
1607	7 0 0 0 0 0 0 0 0 0 0 0 0 0 0 0 0 0 0 0
1514	0 12.78 0 0 0 0 0 0 0 0 0 0 0 0.22 0 0 0 0 0 0
1609	0 0 0 0 3 0 0 0 0 0 0 0 0 0 0 0 0 0 0 0
1610	0 2.7 0 0 0 0 0 0 0 0 0 0 0 0 0 0 0 0 0 0.3
1611	0 6 0 0 0 0 0 0 0 0 0 0 0 0 0 0 0 0 0 0
897	2 0 0 0 0 0 0 0 0 0 0 0 0 0 0 0 0 0 0 0
1293	0 0 0 0 0 0 0 0 0 0 0 5 0 0 0 0 0 0 0 0
1615	0 3.06 0 0 0 0 0 0 0 0 0 0.02 23.92 0 0 0 0 0 0 0
1616	0 0 0 0 0 0 0 0 0 0 0 0 0 0 0 0 0 0 0 4
1608	0 7 0 0 0 0 0 0 0 0 0 0 0 0 0 0 0 0 0 0
1612	9.98 0.02 0 0 0 0 0 0 0 0 0 0 0 0 0 0 0 0 0 0
1617	5 0 0 0 0 0 0 0 0 0 0 0 0 0 0 0 0 0 0 0
1502	0.14 0.1 0.08 0 0 0 0.02 0.06 0.12 0 0.02 0.08 0.24 0 0 0.02 0.04 0 0.06 0.02
1619	0 0 0 0 0 0 1.88 0 0.52 0 0 0 0 0.6 0 0 0 0 0 0
1620	0 0 0 0 0 0 0 0 0 0 0 0 0 0 0 0 0 0 0 19
1622	0 0 0.02 0.02 6.96 0 0 0 0 0 0 0 0 0 0 0 0 0 0 0
1624	2 0 0 0 0 0 0 0 0 0 0 0 0 0 0 0 0 0 0 0
1625	4 0 0 0 0 0 0 0 0 0 0 0 0 0 0 0 0 0 0 0
1319	0.06 0.02 0.1 0.04 0.16 0.12 0.16 0.02 0 0.12 0 0.02 0 0 0 0 0.06 0 0 0.12
1623	0 0 0 7.98 0 0.02 0 0 0 0 0 0 0 0 0 0 0 0 0 0
1626	0 0 0 0.02 0.06 0 0 0 0.08 0 0.1 0 0.16 0.26 0.12 0.1 0.06 0 0.02 0.02
1627	0 0 0 0 0 0 0 0 0 0 0 0 0 0 0 3 0 0 0 0
1144	0 6 0 0 0 0 0 0 0 0 0 0 0 0 0 0 0 0 0 0
1380	0 4.56 5.44 0 0 0 0 0 0 0 0 0 0 0 0 0 0 0 0 0
1628	0 0 10 0 0 0 0 0 0 0 0 0 0 0 0 0 0 0 0 0
1630	0 2.72 0 0 0.28 0 0 0 0 0 0 0 0 0 0 0 0 0 0 0
1631	0 1.2 0 0 0 0 0 0.02 5.78 0 0 0 0 0 0 0 0 0 0 0
1633	0 3 0 0 0 0 0 0 0 0 0 0 0 0 0 0 0 0 0 0
1634	0 0.2 0 0 0 0.06 1.24 0 0 0 0 0.26 0 0 0 0 0 0.24 0 0
1635	0 0 0 0 0 0 3 0 0 0 0 0 0 0 0 0 0 0 0 0
1636	0 4 0 0 0 0 0 0 0 0 0 0 0 0 0 0 0 0 0 0
1637	0 3 0 0 0 0 0 0 0 0 0 0 0 0 0 0 0 0 0 0
1638	0 0 0 0 2.98 0 0 0 0 0 0.02 0 0 0 0 0 0 0 0 0
1640	0 3 0 0 0 0 0 0 0 0 0 0 0 0 0 0 0 0 0 0
1641	0 0 0 3 0 0 0 0 0 0 0 0 0 0 0 0 0 0 0 0
1643	0 0 0.04 11 0 0 0 0 1.96 0 0 0 0 0 0 0 0 0 0 0
1645	0 0.34 0 0 0 0 3.64 0 0 0 0 0 0.02 0 0 0 0 0 0 0
1646	0 3 0 0 0 0 0 0 0 0 0 0 0 0 0 0 0 0 0 0
1648	0 0.08 0 0 0 0 1.92 0 0 0 0 0 0 0 0 0 0 0 0 0
1652	0.02 0 1.16 0 3.66 0 0 0 0 0 0 0.08 0 0 0 0 0.06 0 0.02 0
1491	0 0 0 0.02 0 0 0 0 0.04 0 0.02 0 0.12 0.14 0 0.32 0 0.02 0.32 0
1642	0 0 0 0 0 0 5 0 0 0 0 0 0 0 0 0 0 0 0 0
1659	0 0.04 0 0.16 0.08 0.02 0.06 0.06 0.16 0.1 0.1 0.02 0 0 0.04 0 0 0.16 0 0
1662	4 0 0 0 0 0 0 0 0 0 0 0 0 0 0 0 0 0 0 0
1663	0 2 0 0 0 0 0 0 0 0 0 0 0 0 0 0 0 0 0 0
1664	0 1.08 0 0 0 0 0 0 0 0 0 0.02 0 0 0 0 0 0 0 10.9
1665	2 0 0 0 0 0 0 0 0 0 0 0 0 0 0 0 0 0 0 0
1666	0.28 0 0 0 0 0 0 0 0 0 0 1.72 0 0 0 0 0 0 0 0
1667	0 2.64 0.36 0 0 0 0 0 0 0 0 0 0 0 0 0 0 0 0 0
1668	0 3 0 0 0 0 0 0 0 0 0 0 0 0 0 0 0 0 0 0
1670	0 3 0 0 0 0 0 0 0 0 0 0 0 0 0 0 0 0 0 0
1671	0.14 0.26 0.18 0 0 0 0 0 0 0 0 0.42 0 0 0 0 0 0 0 0
1365	0 0 0 0 0 0 0 0 0 0 0 0 0 0 0 0 0 0 0 2
1509	0 0 0 0 0 0 0 3.98 0 0.02 0 0 0 0 0 0 0 0 0 0
1629	0 0 0 0 0 0 0 0.02 0 0 0 0 0 4.98 0 0 0 0 0 0
1672	3.98 0 0.02 0 0 0 0 0 0 0 0 0 0 0 0 0 0 0 0 0
1673	0 0 0 0 0 0 0 0 3 0 0 0 0 0 0 0 0 0 0 0
1639	0 0 0 0 0 0 8.98 0 0 0 0 0 0 0 0 0 0 0.02 0 0
1674	0 0 0 0 0 0 3.16 0 0.84 0 0 0 0 0 0 0 0 0 0 0
1675	0 0 0 0 0 0.02 0 0 0 2.98 0 0 0 0 0 0 0 0 0 0
1676	0 0.52 0 0 0 0.66 0 0 0 0.82 0 0 0 0 0 0 0 0 0 0
1677	0 0 0 0 0 3 0 0 0 0 0 0 0 0 0 0 0 0 0 0
1678	0.22 0.42 0.16 0 0 0 0 0 0 0 0 0.2 0 0 0 0 0 0 0 0
1679	0 3 0 0 0 0 0 0 0 0 0 0 0 0 0 0 0 0 0 0
1680	0.54 1.46 0 0 0 0 0 0 0 0 0 0 0 0 0 0 0 0 0 0
1345	0 0 0 0 0 0 0 0 0 3 0 0 0 0 0 0 0 0 0 0
1656	0 1.48 0 0 0 0 3.52 0 0 0 0 0 0 0 0 0 0 0 0 0
1658	0 0 0 0 0 0 4 0 0 0 0 0 0 0 0 0 0 0 0 0
1681	0 0 0 0 0 3 0 0 0 0 0 0 0 0 0 0 0 0 0 0
1682	0 0 0 0 0 0 0 0 0 0 0 0 0 3 0 0 0 0 0 0
1323	0 0 0 0 0 0 0 0 0 0 0 0 0 0 0 0 0 0 0 8.7
