0 0 0 18.2 11 24.6 12.4 15.8 26 6.8 11.4 0 5.2 3 0.2 4.4 9 0.6 0.4 0
0 0 11 0 7.4 0 0 0 0.2 0.2 0 0 0 0 0 0 0 0 0 24.2
6 0 10 0 0 0 0 0 0 0 0 0 0 0 0 0 0 0 0 0
0 0 0 0 0 0.4 0 0 0 0 0 5 3.6 0 0 0 0 0 0 0
0.8 0 0 14.6 0 0 0.2 3.2 0 0 6.8 0 4.6 0.8 0.6 22.6 0.2 0 10.6 0
2 7 0 4.8 0 0.2 7 0 24.4 2.6 0 9.2 1.4 0 30.6 0 0 10 0.2 11.6
5.6 3.6 0 41.8 0 6.4 11.4 10.8 1.4 0.2 13.2 0 10.4 16.2 30.8 27.8 0 42.8 0 5.6
0 0 0 0.2 0 0 0 0 0 9 0 1.6 0 0.4 0 12.8 0 0 0 0
0 4 0 0 0 0 0 0 0 0 5 0 0 0 0 0 0 0 0 0
0 0 0.2 9.8 9.4 0.8 2.8 0 6.6 10.4 0 0 0.2 0 6.2 0.2 0 27 0.4 0
0.6 0 0.4 14 0 0 0.2 0 0.4 1.2 8.6 8 2 0 12.2 0 16 14.4 0 0
0 0 0 0 0 0.6 0 0 0.8 10.6 4.6 0 0 0.2 0 14.2 0 0 0 0
23 12.4 5 12.2 9.8 12.8 22.2 0 0.4 1.2 29.8 0 14.6 23.8 19.2 40 18.2 37.8 0 0.6
0 0 4.8 0 0 0 7.4 0 0 0.2 0 0 1 0 15.2 0.4 0 0 0 0
1.6 0 0 0 0 0 0 0 0 0 0 0.4 0 0.2 0 0 15.2 0 0 3.6
0 0 0 23.8 0 0 0 10.6 14.2 16.8 4.4 3.8 0 0 0 6.6 0 7.8 0 0
0 0 0 0 0.2 0 0 0 0 1.8 0 0 0 0 0 0 0.4 0 0 18.6
0 0 0 30.6 7.4 15.2 23.8 1.6 3 0 0.4 0 1.4 0 17.8 1 0 31.8 0 0
0 0 0 0.4 0 0 0 0 0 0 3.6 0 0 0 0 0 0 0 0 0
0 0 0 0 0 0 0 10.6 0.6 0 0 0 0 0 0 0 8.8 0 0 0
5.8 2 2 0 0 0 0 0 0.6 3 3 2 6.4 16.2 2.8 0.4 0 7.4 0.2 1.2
0 0 0 8 0 0 0 0 0 13 0 1 8 0 1.4 25.6 0 0 6 0
0 0 0 0 0 6.2 14.4 5 3.6 0.6 0 0 0 13.2 7.2 12.6 0 17.2 0 0
0 0 0.6 0 0 0 0 7.4 0.2 21.4 4 0 0 0 0.4 0 0 0 0 0
0 0 0 0.6 0 0 0 3.8 7.8 4 0 0 0 0 9 0 3.6 7.2 0 0
5.2 0 1.2 0 3.8 0 0 0 0 0 0.2 0 0 0 0 0 15.6 0 0 11
5.6 0 0 0 0 2 0 0 2.2 0 0 1.4 0 13.6 0 0 0 0 0.2 0
4.6 0 0 0 0 0 0 0 0 14.4 0 0 0 0 0 0 0 0 0 0
4.6 0 1.4 0 0 0 0 0 0 0 0 1.8 0 0 0 4 0 0 14 0
9 3 0 3.8 0 0 0 0.2 0 0 0 0 0 0 0 0 0 12 0 0
0 2 0 0 0 0 0 0 0 3 0 0 0 0 0 0 0 0 0 8
5.4 0 0 0 0 0 0 0 0 0 0 5.4 0 0 0 0 0.2 0 0 0
0 0 0 0 0 0 0 0 0 0 0 5 0 0 0 0 0 0 0 0
0 0 0 0 0 0 0 0 0 0 0 14 0 0 0 0 0 0 0 0
0 0 0 0 0 0 0 0 0 0 0 0 1.2 0 0.2 3.2 13.4 0 14 0
0 0 0 0 0 0 0 5.2 0 0 20.8 0 0 0 0 9.4 12 0 0.6 0
0 0 2.2 0 0 0 0 0 0 0 0 10.6 0 0 0 0 0 0 0.2 0
3.8 0 5.8 0 0 0 0 0 0 0 0 17 0 0 0 0.4 0 0 0 0
0 0 0 7.4 0.6 6.8 0 0 4.4 0.2 0 0 0 0 5.2 0 0 0 0 0.4
0 0 0 0 0 12.2 3.2 0 20.8 1.2 8.2 0.2 0.8 0 0.6 7.2 18.8 0.6 0 1.2
0.2 9.4 0 0 0.2 0 0 34.8 7.2 0 6.8 0.8 16.4 0 0.4 6.8 8.2 6.8 23.8 0.2
0 0 0 0 0 2 0 2.4 16.2 0 1.4 0 3.6 10 8.2 0 0 0.2 7.8 0.2
0 0 0 0 0 0 0 0 0 0 0 0 3 0 0 0 17.2 0 4.8 0
0 5 0 0 0 0 0 0 0 0.2 0 0 0 0 0 0 0 0 0 3.8
0 0 0 0 0 0 0 0 0 0 0 9 0 0 0 0 0 0 0 0
0 0 1 0 0 10.6 0 0 0 0 0 0 0 0 8.4 0 0 0 0 0
8.8 0 0 0.2 0 0 15.2 17.6 0 0 7.6 0 9 9.8 18.2 0 0 0 0 0.6
1 0 2 0 0.8 0 0 0 0.2 0 0 0 0 0 0 0 0 0 0 6
0 0 0 0 0 0 0 7.8 0 0 0 0 0 3 4.4 0 0 0 10.8 0
0 0 0 0 6.2 0 0 0 0.2 12.6 0 0 0.2 0 1.4 0 0 0 0 14.4
0 0 0 0 0 0 0 0 0 5 0 0 0 0.2 0.2 0 0 0 0.2 16.4
2.2 0 5.8 0 0 0 0 0 0 0 0 0 0 0 0 0 0.6 0 0 12.4
0 0 0 0 0 0 0 0 0 0 0 0 0 0 0 0 0 0 17 0
0.4 0 0.4 4 0 1.2 0 18 0 7.4 0 2.8 0 5.2 14.2 43.2 11 0 1.2 0
8.6 0 0 0 5.8 0 0 0 5.2 0 0 0.8 1.6 0 0.4 0 5.2 0 0.4 0
0 0 2.4 23 10.2 3.4 4.8 0.4 5 0 0 0 0 6.2 0.2 0 0.2 11.2 12 10
1.4 7.6 4.8 8.6 7.2 20.2 25.8 7.2 27 0 13.2 0.6 0 12.4 33.8 16.4 8.4 7.8 0 10.6
0 0 0 11.6 13.6 1.8 0 8.8 11.6 0.2 17 0 0 8.4 18.4 13.6 0.2 36.8 0 0
2.8 0 4 0 0.2 0 0 0 0 0 0 0 0 0 0 0 0 0 0 0
0 0 0 0 17.2 0 1.8 10.8 14.6 0 11.6 2 0 3.2 20.4 10.6 0 0 0.8 0
0 0 0 0 11.6 0.4 0 0 0 0 0 3.4 0 0 0 0 0 2.8 0 17.8
2.8 0 1.2 0.4 0 0 0 5.2 0 20.4 0.2 0 12.4 10.6 0 15.6 0 0.2 0 0
0 0 0 14 0 21.2 0 0 6.2 0 11.6 0 0 0 0.2 3.4 1.6 0 0.8 0
0 0 0 0 0 0 0 0 0 0 0 1 7 0 0 0 0 0 0 0
0 0 0 0 0 0 0 0 0 0 0 0 2.6 0 0 0 8.4 0 0 0
0 0.4 0 0 0 0 0 0 0 0 0 0 0 0 0 0 3.4 0 0 0.2
0 4.8 8.2 0.2 4.2 0.2 0 0 10.2 0 0 0.4 0 4.6 0 0 0 0 4.6 10.6
4 0 3.4 0 0 0.6 0.2 24.2 0 0 12 0 0 3 19.6 0 7.4 4.2 0.4 0
0 0 0 0 0 0 0 0 0 0 0 0 0 0 5.2 2.8 0 0 0 4
0 0 0 0.6 0 0 12.4 6.4 19.2 0.2 0 0 0 8.8 0 9.4 6 0 2 0
3.8 0 0 0 0 0 2.2 0 1 8.6 4.2 0.2 0 0 8.6 0 0 0 0.4 0
0 4.6 18.4 0 7.8 0 0 0 0 0 0 0 0 0 0 0 0.2 0 0 0
0 0 0 0 0 2.4 0 0 0 2 0 0.6 0.4 0.6 0 0 3 0 0 0
3 0 0 0 3 3.4 24.8 0 0 0 0 0 0 0.4 0 0 0 0 0 1.4
0 0 0 5.6 0 0 0 5 1.8 0 0 0 0 0 0.6 0 0 0 9 0
0.8 0 0 0 0 0 0 0 0 0.2 0 8.6 0 0 0 0 8.6 0 0.4 8.4
0 9.6 0 0 5.4 0 0 0 0 0 0 0 0 0 0 0 0 0 7 0
0 0 0 0 0 0.4 12.6 0 8 0 0 0 0 0 0 0 0 0 0 0
0 0 0 3.8 2.8 0 0 3 0 0 0 2.2 0 0 0 0 17.2 0 0 0
0 5.4 0 12.2 7 0 0 15 10.8 0 0 0 1.6 0 2.6 0 13.8 5.2 0.4 0
1 0 0 9.6 1 0 0 0 3.4 0 0 0.2 0 0 0 17.4 16 0 11.4 0
0 0 0.4 11 1.6 0 0 0 0 0 0 0.2 0 0 0 0 0 5 0.2 20.6
0 0 4.2 0.2 1.8 24.6 17.4 11.2 13.4 1.6 7 1.2 0 0 18 11.4 5.6 37.4 0 3
0 12 0 0 0 0 0 0 0 0 0 0 0 0 0 0 0 0 0 0
0 0 0 10.8 0.6 0 7 9 0.4 4.8 22.4 0 10.6 0 0 16.6 12.2 0 3.8 6.8
7.8 0 9 0 0 0 0 0 0 0 0 0.2 0 0 0 0 0 0 0 0
0 0 0 0 11.8 0 5.4 0 0 0 14.6 0 0 0 0 0 0.4 0 20.8 1
0 3.4 1 8.8 15.8 0 22.4 0.2 42.2 0 9.8 4.8 0 14 20 0.4 0 52.2 0 0
0.4 0 8.6 0.2 0 18 0 5 14.4 0 0 0 0 0 0 0 0 0.4 0 0
9.6 0 0 41.8 6.8 0 0 4.2 0 2.2 19.4 0 6.2 22.6 0.8 19.8 17.8 0 27.8 0
0 0 0 0 0 0 0 0 0 0 0 0 0 0 0 0 2 0 1 0
0 0 0 0 6.8 49.8 9.4 16.4 0 0 12.2 7.8 35.4 28.6 0 11.4 0.2 0.2 12.2 8.6
0 0 0 4.8 0 0.2 6 19.8 23 0 22.6 0 0 0 0.4 13.4 4.4 0 8 1.4
0 0 0 0 0.2 0 1.4 0 0.8 11.4 0 0 0 0 2.8 0 0 0 4.4 0
0 0 0 5.4 1 13.6 0 0 0 0 0 0 0 0 7.6 0.2 0 0.6 3.6 0
0 0 0 1.8 0 0 0 0 0 0 0 0 0 0 8 0 0 0.2 0 0
0 0 2.8 0.6 0 0 0 0 0 0 0 0 23 0 5.4 3.4 0 0 6 14.8
8.2 11 13.4 0 0 0 0 0 0 0 0 0.4 0 0 0 0 0 0 0 0
0.2 0 0 0 0 0 0 0 0 0 0 0 1.2 0 0 0 22.4 0 0 14.2
0 0 1.2 0 0 4.8 2.8 7.8 0 0.2 7.2 9.2 0 5.6 8.4 12 14.6 0 0 0.2
0 0 0 0.2 0 0 0 0 0.2 0 0 0 0 0 0 0 0 6.6 7 0
8 0 10.8 0 2 0.4 2 0 0.2 0.6 0 0 0.2 0 0 0.2 11.4 0 2.4 10.8
0 0 0 0 1.2 0.6 4.8 0 15.8 0 3.2 0 0 0 0.2 0 0 0.6 0 4.6
5 0 4 0 0 0 0 0 0 0 0 0 0 0 0 0 0 0 0 0
0 1.4 0 0 4 0 0 0 0 0 0 0 0 0.4 0 0 1.2 0 0 5
0.6 0 0 0.6 0 16.8 0 12.8 0 4.2 22.4 1.8 7.2 12.6 0 48.8 1.2 0 2.8 4.2
0.4 0 11.2 0 0 0 0 0 0 1.2 18.8 0.4 5.4 8 0 14.6 0 0 0 0
1.6 4.4 10 0 0 0 0 0 0 0 0 0 0 0 0 0 0 0 0 0
0 0 18.8 0 0 0 0 0 0 0.2 0 0 0 0 0 0 0 0 0 0
9.8 0 6.2 0 0.6 0.6 0.2 0 0.2 0 0 0.2 0 0 0 0 0 0 0 8.2
0 0 0 0 0 0 0 0 0 1.2 0 0 0 2.8 7.4 0 0 2.6 0 0
0 0 0 0 12.2 27.2 0 0 0.6 0 0 0 3.8 7.8 0 3.6 3.2 0 0 0.6
13.8 9.4 11.2 0 11 0 0 0 0.2 15.4 0 0 0 0 5.8 0 0 9.2 0 0
0 0 0 0 0 4.2 0 0 0 0 1.8 0 0 0.4 0 0 7.8 0 10 0.8
6.2 0 0 0 0 0 1.8 0 0 2.2 0 0 5 7.8 3.8 0 0 0 2.2 0
8 1.2 3.6 0.6 10.2 0 2 0.2 1 0 0 0.4 4 0 9.6 0 5.6 0 10.4 13.2
0 0 6 0 0 13.4 11 0 0 0 0 0 0 0 0 0 13.8 0 0 7.8
0 0 0 0 0 0 26.2 0 0 0 6 0 0 0 4.6 4.6 0 0.4 0.2 0
0 0 0 0 0 6.4 0 5 0.2 0.4 0 0 0 0 0 0 0 0 0 0
0 0 0 0 0 0 0 0 0 11.8 0 0 0 0 0 0.6 0.6 0 0 0
1 0 0.2 0.8 0 0.4 0 10.2 0 1.2 20.2 1 7.6 0 13.6 7.6 0.8 1.4 10.8 0.2
7 5 0 0 0 0 0 0 0 0 0 0 0 0 0 0 0 0 0 0
0 0 5 0 0 0 0 0 0 0 0 0 0 0 0.2 4.8 0 0 0 0
0 0 0 8 0 0 0 8.8 0 12 35.8 0 4.8 0 0.2 0.2 10.2 8.4 0.6 0
0 11.2 0.6 0 0 0 0 0 0 0 0 4 0 0 0 0 0.2 0 0 0
4 16.8 0 0 0 0.8 6.6 0 0 24.4 20.4 8 30.2 0.4 0 20 15.2 0 0 0.2
0 0 0.2 0 13.6 0 0.2 0 0 0 0 0 0 0 0 0 0 0 0 0
0 0 0 0 14.8 0 0 0 6.2 0 0 0 0 0 0 0 0 0 0 0
4 4 12.6 0 0 0 0 0 0 0 0 2.4 0 0 0 0 0 0 0 0
0 0 6.8 0 0 0 0 0 0 0 0 0 0 0 0 0 0 0 5.2 0
0 1.2 0 0 0 0.4 0 0 0 6.8 0.2 7.4 2 9 0 0 0 0 0 0
0 0 0 0 21.4 0 0 0 0 0 0 0 0 0 0 0 2.6 0 0 0
0 0 0 0 0 0 0 0 0 0 0 0 0 0 0 0 13 0 0 0
0 0 0 0 2.8 0 11.2 0 0 0 0 0 0 0 0 0 0 4 0 0
0 9 4 0 0 0 0 0 0 0 0 0.2 0 0 0 0 0 0 0 10.8
0 0 0 0 0 0 0 0 0 0 0 9 0 0 0 0 0 0 0 0
0 0 1 0 0.2 0 0 0 0 0 0 0 0 0 0 0 40.6 0 0 25.2
5.4 0 3.6 2.4 0 0 0.2 0.2 0 0.2 0 0 0 0 9 0 0 0 0 0
10 0 5 0 0 0 0 0 0 0 0 0 0 0 0 0 0 0 0 0
0 0 5 0 16.2 19.8 0 0 0.4 0 0 0 2 9.2 2 0 13.6 12 0 2.8
8.6 0 16.2 0.2 0 1.8 0 0.6 0 2 15.2 9.2 10 27.8 6 9.2 15.4 0 5 7.8
6 0 18.6 0 0 0 0 0 0 0 0 8.4 0 0 0 0 0 0 0 0
0 7.6 12.2 0 0 0 0 0 0 0 0 0.2 0 0 0 0 0 0 0 0
0 0 0 0 0 5.4 0 11.2 0 2.2 0.2 0 0 2.8 26 5 0 0.2 0 0
9 4.8 8.2 0 0 0 0 0 0 0 0 1.8 0 0 0 0 0 0 0 0
0 0 0 0 2.2 0 0 0 0 0 0 0 0 0 0 0 0 0 0 2.8
0 0 0 6.8 5.2 0.2 17.8 2 31.4 14.8 0 0 0 0.4 26.2 0 4.8 31.8 4.6 5
0 6 0 0 0 0 0.2 19.2 0 0 36.4 0 0 0 0 0 19.8 0.2 5.4 5.8
0.6 0 0 0 0 0.6 0 0 0 17.8 0 0 0 0 0 0 0 0 0 0
4.2 0 0.6 11.6 0 1.4 0 0 4.8 0 0 0 0 0 0 0.2 0 0 0 0
0.8 0 0 0 0 0 0 0 0 0 0 4.2 0 0 0 0 0 0 0 0
0 0 0 0 0.2 3 3.4 0 7.2 0 0 0 0 0 0 0 0 0 0 0.2
0 0 0 0 1.2 0.8 0 0 0 0 0 0 0 0 0 0 9.4 0 0 1.6
0.2 0 0 19.2 8.6 0.2 0 0 5.4 0 0 0 0 0 0 39.6 6.4 0 0 23.4
1.6 0 0 0 0 0 0 0 0 0 4.8 10.4 1.4 0 0 0 22.8 0 0 23
0 0 0 8.6 22.2 0 7.4 0 0 0 0 0 0 0 0 0 5 16.6 0 1.2
0 0 15 4 0 2.2 1 0.2 7.4 0 0 0 0 1 0 0 1.6 4 0.4 3.2
0 0 0 0 0 0 0 0 0.4 0.2 0.2 0 0 0 0 6.6 7.2 0 0 0.4
0 2 0 0 0 6.8 0 0.2 0 0 0 0 0 0 0 0 0 0 0 0
8 0 1 0 0 0 0 0 0 0 0 0 0 0 0.2 0 27.4 0 0.4 0
3 0 0 5 0 0 0 0 5 0 0 0 0 0 0 0 0 0 0 0
0 0 10 0 0 0 0 0 0 0 0 0 0 0 0 0 0 0 0 0
0 0 0 14.6 0 0 9.4 4.6 0 0 0 0 0 0 0 0 9.8 20.6 0 0
0 0 4.6 0 0 0 0 0 0 0 0 3.2 0 0 0 0 7.8 0 0.6 17.8
2.8 0 0 0 0 0 0 0 0 0.2 0 2.2 0 0 0 0 0 8 8.8 0
0 0.2 0 0 0 0 0 0 0 0 0 9.8 0 0 0 0 0 0 0 0
0.2 12.2 17.4 0 0 0 0 0 0 0.2 0 0 0 0 0 0 0 0 0 0
0 0 0 0 7.6 0.2 1 0 0 0 0 0 0 0 0.2 0 0 0 0 0
25.8 5.6 4.4 0 0.8 0 0 0 0 0 0 0.4 0 0 0 0 0 0 0 0
3 0 0 0 0 0.4 0 0 0.8 0.2 32.8 0 2.6 0 0 0.6 2.8 0 0 34.8
0 0 0 0 0 3.2 0 4.8 0.4 13.4 0 0 0 0 0.6 0 0 0 0.6 0
5.6 0 0 0 13.4 0 0 0 0 0 0 6 0 0 0 0 0.2 0 0 26.8
0.2 0 7.4 0 0.2 9.6 5 0 0.2 2.8 0 4.2 0 1.4 0 0 0 0.2 0 4.8
4.8 0 0 14.2 0 35 0 7 0.2 0 2.4 7.2 0.4 3.6 8.8 22 7.2 7.8 0.2 17.2
15 4 0 0 0 0 0 0 0 0 0 0 0 0 0 0 0 0 0 0
0 0 0 0 0 4.8 11.2 4 0 0 16 0 0 0 0 7.8 0 0 1.2 0
7.2 5.2 5.4 0 6.4 0.8 0 0 1 1.2 0 11.2 0 1.2 0 0 26 0 0 18.4
0 0 0 0 0 8 0 1 0 0 0 0 0 0 0 0 0 0 0.2 11.8
0 0 0 4.6 0 0 0 0 0 0 0.2 0 0 0 0 24.2 0 0 0 0
0 7.8 0.2 12.6 14 7.2 3.2 11.6 0 0.4 10.6 0 0 0 9.2 0.2 7.8 41.2 0 0
0 5 0.2 0 7.8 1 0 0 0 0 0 0 0 0 3 0 0 0 0 0
0 4 0 0.2 0 0 0 0 0 1.2 0 0 10.8 0 0 15.6 0 0 0 4.2
0 0 0 0 0 23.6 6.2 0 0 0.2 0 0 0 0 0 0 0 0 0 0
3.6 0 0 2 0 14.2 0 0 13.4 0.2 12.4 0 0.2 0 1.6 0 21.8 0.6 0 0
2 0 0 0 15 3.8 12.8 4.4 0 3.8 0 3.2 0 0 18.2 0 4 17 0 7.8
3.2 0 0 0 2.2 0 0 0 0 0.8 0 0.8 0 0 0 0 14.8 0 0.2 0
0 0 12.6 0 0 0 0 0 0 0 0 4.4 0 0 0 0 0 0 0 0
0 0 0 0 12.2 0 0 0 0 0 0 0 0 0 0 0 0.2 0 0 9.6
0 0 0 0 0 0 0 3.4 0 0 12.4 0 5 2.4 0.2 5.6 0 0 0 0
0.6 0 0 0.6 0 24 0 22.2 0 0 16.8 0 0 8.2 0 10.4 7.2 10.8 0.2 0
0 0 0 0 5.2 8.4 3.6 0 0 0 7.4 0 0 1.2 0.2 4 0 0 0 0
0 0 0 0 9 0 0 0 0 0.2 0 0 6.4 0 6.8 0 0.6 0 0 0
9 0 1 3.2 0 0 0 0 0.4 4.4 0 0 0 1.4 0 25.6 0 0 0 0
0 0 0 0.4 0.2 10.8 10.2 9.8 15.2 1.4 2.6 0 12.6 0 11.8 13 0 0.2 0 1.8
3 0.2 3.8 0 14 0 0 0 0.2 0 0 0 0 0 0 0 0.8 0 0 0
0.2 0 0 0 0.6 0.2 8 37 17.8 0 0 0.4 0 0 0 14 26.8 0 0 0
4 0 10.4 11.2 12.4 37.6 40.4 0 3.4 20.8 1.2 0 9.8 25.2 0 15.4 1.4 7.6 0 0.2
0 4 0 4.4 0 0.2 0 0.2 4.4 0 0 0 0 0 0.2 0 0 0 0.6 0
2.8 0 0.4 0 0 0 0 0 0 0 0 0 0 0 0 0 0.4 0 1.6 5.8
0.4 0 7 0 3 0 0 0 0 0 0 9.6 0 0 0 0 0 0 0 0
0 3.6 0 0 0 0 0 0 0 0 0 3.4 0 0 0 0 0 0 0 0
1.2 3 15.8 0 0 0 0 0 0 0 0 0 0 0 0 0 0 0 0 0
0 4 0 16 5 49 0 0 11.6 11.8 8.8 0 0 0 0 8.8 10.2 0 0 14.8
0 0 0 2.4 0 0 2 0 0 0 1.6 0 0 0 0 0 0 0 0 0
2 0 0 0 7.4 0 0 0.6 0 0 0 0 0 0 0 0 0 0 0 6
0 0 5 11.8 0 0 0 3.4 0 0 8.6 0 0.2 1.6 0 5.6 1.6 0 0 0.2
0 0 0 0 0 0 0 0 19 0 0 3 0 0 0 0 0 0 0 0
0 0 0 0.4 7.4 7.8 12.2 0.2 0 3 0 0 0 0 0 0 0 0 0 0
0 0 0 0 0 6.8 3.6 2.2 0.2 0 0 0 0 9.4 0 0 11.4 4.6 0.2 10.6
0 0.2 0 0 0.8 15.8 0 0.6 0 0 0 0 3.8 0 0.2 0 0 0 0 10.6
0 0 0 0 0 13 5.2 0 0.2 18.2 10.2 0 0 0 0.2 0 0 0 0 0
0 0 0.2 20.4 0.2 27.2 0 0 0 14.6 0 0 9 5.8 0 2.6 0 0 2 0
0 0 0 0 0 0 0 0 0 0 2.8 0 0 0 0 19.4 6.4 0 0.4 0
0 0 0 8.6 0 0.2 0 0 0 10 0 0 0 0.6 0 0 0 6.4 0.2 3
0 0 0 4.4 4 8.8 0.2 0 0 0.2 0 0 0 0 4.6 1 0 0.8 0 0
0 0 0 0 0 0 0 0 0 0 0 14.8 0 0 0 0 0 0 0 0.2
0.8 0 0.2 0 2.2 0 0 3 0.8 0 0 2 20 6.4 4.4 29.8 0 0 12.4 0
0 0 0 11 0 7.4 0 5.8 0 0 28 0 20.2 14.6 0 11.6 18.2 0 25.2 0
4.4 0 0 0 0 0 0 0 0 0 0 7 1 2 0 0 21.4 0 0 10.2
0 2.8 0 11.8 0 1.4 1.6 8.4 6.8 0.6 0.4 7.4 0 0.4 0.2 4 3.2 0 0 0
0 0 0 0.2 0 0 0 0 13.2 0 0 1.8 0 0 0 0 0 18.6 0 0.2
0 0 0 0 6 0.2 4 0 0 9.8 0 0 0 0 0 0 0 0 0 0
0 0 0 0 16.4 0 0 0 0 0 0 0 0 0.8 0 0 0.6 0 0 17.2
0 6 3 0 0 0 0 0 0 0 0 0 0 0 0 0 0 0 0 0
6.6 0 0 1.6 0 15.4 0 8.4 27.2 0 3.6 0 0.2 0.4 14 0 8.6 0 0 0
0 0 0 0 0 0 0 0 0 0.2 0 0 0 0 0 0.2 0.2 0 6.4 0
0 0 0 7.4 11 13.4 7.4 0.2 0 0 0 0 0.4 0.4 0 0 0 0 2.6 1.2
0 0 0 0 0 25 0 7.6 45.2 0 0.2 0 0 0 0 0 0 1.4 0 6.6
0 7.4 0 18.8 20 20 30.2 29 38.6 0 0 4 8.8 16.8 0.2 11.8 0.2 44.8 7.2 5.2
0 0 5 0.2 0 0 15.2 0 7.4 0 0 0 0 0 23.2 0 0 0 0 0
0 0 7.6 0 0 22.8 0.6 0 0 0.2 0 0 0 0 6.6 0 7 10.6 17.6 0
0 0 0 3.6 0 1.2 0 0 5.2 0 0 0 0 0.4 2.2 0 0 14 1.4 0
0 4 0 0 0 0 0 0 0 0 0 0 0 0 0 0 4 0 3 0
0 4 0 12 0.2 18.4 43 1.6 3 0 0 0 0.2 0 0 0 0 13.6 0 0
0 0.4 8.6 0 0 0 0 0 0 0 0 0 0 0 0 0 0 0 0 0
7.8 0 12.2 0 0 0 0 0 0 0 0 0 0 0 0 0 0 0 0 0
0 7 0.2 0 2.6 0 0 0 0.2 0 0 0.6 0.4 0 0 0 0 0 0 6
0 0 0 0 6.4 2 1.2 16.6 1.2 0 0 0 0 2 0 0 0 0.2 1.2 1.2
0 0 0 15.8 1.6 0 7.8 4.4 0 0 37.4 0 14.6 0.4 0.2 6.4 15.6 0 0 6.8
1.2 0 3.2 0 0 0 0 1.4 0 0 0 0.4 0 0 0 0 6.6 0 3.2 0
0 0 0 0 0 0 0 12.8 0 0.2 6.4 0 0 8.2 1 18.8 5.4 0 15.2 0
3.8 0 4 0 0 0 0.2 0 0.2 0 0 0 0 0 0 0 0 0 4.8 0
0 0 0 0 0 8 0 0 0 6.4 0 0 0 0 1 0 0 0 1 5.6
3.8 5 0 0 4.2 0 0 0 0 23 0 0.8 0 0 12.8 15.2 5.8 0 0 7.4
0 0 0.2 0 4 14.8 0 10.6 0 4 0 6.6 0.4 10.8 2.4 0 0.4 0 8.2 14.6
0 0 0 0 0 0 3 0 0 5.8 0 0 0 0 0 0 0.4 0 8.6 0.2
0 0 2 0 0 0 0 0 0 0 0 1.6 0.2 0 0 0 0 0 0 9.2
0 0 0 0 0 0 4.2 0 0 0 0 3 0 0 18.2 0 0 6.6 0 0
4 0 0 0 0 0 0 21.4 1.4 0 8.6 0 0 0 0 25.6 7.6 0 1.2 0.2
8 4 0 0 0 0 0 0.2 0 2.6 0 0 0.8 0 0 0 7.2 1 12.2 0
0.6 0 5.6 0 0 0.2 5.8 0 0 0 7.8 8.2 0 7.6 0 25.6 27.2 0 0 11.4
0.4 0 8.6 0 4.4 0 11.8 0 0.4 0 0 0 0 0 0 0 0 0 3.4 0
0 0 0 0 0.2 0 0 0 0.4 0 0 4.4 0 0 0 0 0 0 0 0
0 0 0 1.8 0 0 1.2 0 0.2 0.2 0 0 0 0 0 0 0 3.8 3.8 4
6.4 0 0 0 0 0 0 0 0 0 0 9.4 0 0 0 0 0 0 0.2 0
0 0 0 0 0 0 0 0 0 0 0 3.8 0 0 0 0 0.2 0 0 0
0 0 0 0 0 0 0 12.6 0 7.8 19.4 0 0 3.8 0 1 6.6 0 0 0.8
0 0 0 0 0 10 0 12.8 0 0.2 0 0 0 0 0 0 0 13.8 14.2 0
0 0 0 9 13.8 0 0.2 0 0 0 0 0 0 33.4 0 0 0 5.6 0 0
0 0 0 0 0.4 0.2 0 0 0 0 0 0 0 0 0 0 19.2 0 0 11.2
0 0 0 0 0 0 0 0 0 0 0 6 0 0 0 0 0 0 0 3
0 0 0 27 0 0 0 0 34.8 0 3.4 0 0.2 15.4 19 13.2 4 0 0 0
2.4 0.6 0 12 0.2 15.4 11 17.4 0 5.8 0 0 25.4 17 0 25.4 0 9.6 10.6 0.2
0 0 0 7.2 0.4 0 17.8 9.4 11 6.8 0 0 3.2 6 15.8 1 0 3.4 0 3
0 0 0 0 28 0 0 0 0 0 10 0 18.6 14.4 0 0 1.6 0 0 9.4
0 0 7.8 14.4 0 13.6 16.4 14.6 17.4 0.6 1 0 0 0 0 0 12.4 33.8 0 0
0 0 0 0 0 21.2 0 0 0.6 0 0.2 0 0 0.2 4.6 0 0 0 0.2 0
0 0 4 0 0 0 0 0 0 0 0 0 0 0 0 0 0 0 0 0
0 0 0 0 0.4 1.4 0 0 0 0 0 4.4 0 4.4 0 0 9.4 0 0 0
0 0 0 3.4 0 0 0 4.4 0.4 0 0 0 0 5.6 4.8 14.8 4.4 0 0.2 0
17.2 0 0 24.6 0 19.2 0 12.2 0 13.6 32.6 0 30.6 34.6 0 47 7.2 0.4 24 4.8
0.2 0 3.6 0 0 0 0 0 0 0 0 0.2 0 0 0 0 7 0 0 0
0 0 0 0 0 0 7.6 0 2.4 0 0 0 0 0 0 0 0 0 0 0
0.4 0 0 19.6 2.4 0 19.8 8.4 0 0 18 16.2 19.8 0 0 31.2 20.2 14 12.4 11.6
0 0 0 7.6 0 6.4 0.4 17.2 0 0 29.8 0 14.8 0 0 27.8 14 15 0.2 9.8
0 0 2.4 0 0 0 0 0 0 0 0 9.6 0 0 0 0 0 0 0 0
0.4 0 9.8 0 0 0 0 0 0 0 0 0.6 0 0 0 0 0.2 0 0 0
0 0 0 0 0 0 0 0 0 0 0 0 6 0 4 0 2 0 0 0
0 0 10.6 0 0 0 0 0 0 0 0 20.4 0 0 0 0 0 0 0 0
0 0 0 0 0 8.8 0 0 0 0 0 0 0 0 0.4 0 0 0.2 3.6 0
0 0 24.2 0 0 12.2 34.6 6.4 0 0 28.6 0 5.6 14 0 9.8 17.6 0 0 0
0 0 0 0 6.2 0 2.4 0 0 0.2 0 0 0 0.2 8.8 0 6.8 0 0 2.4
0 0 0 0 0 8.2 0 0 0 0 0 2 0 0 6 0 0 15.8 0 0
0 0 0 0 0 0 0 0 0 0 0 0 0 0 0 0 0 0 0 4
0 0 0 0 0 8.4 0 7.4 11 0 10 0 0 0 16.6 0 11.2 0.2 17.2 0
2.4 0 0 0.6 17.6 0 4.4 0 0 0.6 32 2.4 32.4 28.8 0 6 20.6 0 13.4 26.8
0 0 0 0 0 17.2 5.2 0 8.2 0.6 0 0 0.4 0 0 8.8 0 11.4 0 6.2
0 0 6 7 16 35.6 14.6 4.8 16.8 1 24.8 0 0 26.2 0 14.4 0 7.8 0 0
16.4 3.2 0 0 0 0 0 0 0 0 0 0 4 0 0 0 21.4 0 0.4 33.6
0 0.2 0 4 0 0 0 16 0.4 0.2 39.6 0 4.2 0.4 20.2 18.4 0 1.2 0 12.2
0 0 17.2 0.8 26 0 0.4 0 13.2 7.4 0 3.4 0 2 0.2 0 0 0.2 0.2 0
0.4 4 5 0 0.8 17 0 3.8 0 5.2 5.8 0 0 0.2 16 2 2.8 0 0 4
0 0 0 3.2 0 15.6 0 14.6 30.4 0 0 0 5.4 0 13.4 0 0 7.4 0 0
0 1 0 18.8 0 18.2 24.2 0.8 0 0.8 9.2 0 8.6 2.8 33 0 0 24.4 0.2 5
6 0 0 0 0 0 0 0 0 0 0 0 0 0 0 0 8 0 0 5
6 4.4 0 6.8 0 0 1.8 11.4 0.2 8 28.8 1.6 12.4 19.8 3 31.4 8.8 0 2.2 3.4
0.6 0 0 0 0 0 0.2 0 0 0 0 7.2 0 0 0 0 0 0 0 0
0 0 0 10.4 40 0 1.6 16.4 0 20 21.2 0 11.4 27 1 28.4 16.6 15.8 24 0.2
0 0 0 0 0 0 0 0 0 0 0 0 4 0 0 0 0 0 0 0
0 6 0 0.2 10.8 19.2 32.2 0 0 0 0 3.6 0 0 24.8 9.2 8.6 14.4 0 0
0 4 0 0 3 0 0 0 0 0 0 0 0 0 0 0 0 0 0 0
0 0 0 0.2 0 0 8 11.6 1 0 12.2 0 0 0.8 19.2 4.8 1.2 5.8 0.2 0
0 0 0 1.6 9.6 11.6 5.4 17 0 1 17.8 3 2.2 20.6 60.2 2.4 0 50.6 0 0
1.2 0 0 0 0 0 0 0 0 0 0 9.8 0 0 0 0 0 0 0 0
0 0 0 0 0 0 0 0 0 0 0 0 0 0 0 0 0 0 5 0
0 0 0 0.4 0 19.6 6.6 5.4 0.4 0 35 0 10.8 0.8 10.2 0 0.2 19.8 0 4.8
0 0 0 0.2 5.4 0 12.4 6.8 15.4 0 0 0 0 0 0 0 0 55.8 0 0
15.6 0 0 12.8 0 0 0 36 33.6 0 11.4 0 0 0 0.2 12.2 12 22 0 4.2
5 0 0 0 0 0 0 9.6 0 0 39.4 0 0.2 1.4 0.6 13.4 28.2 0 0.2 1
0 1.6 0 0 1.2 16.2 0 0 11 1.2 0 0 0 0 0 0 0 0 0.6 0.2
0 0 1.4 3.6 0 8.2 0 0 10.4 0.2 0 0.8 0.4 0 0 0 0 0 0 0
3.8 0.2 0 0 0 0 0 0 0 0 0 0 0 0 0 0 0 0 0 0
2.8 0 0 9.6 4.4 0 0 11.2 0 0 12 4.6 0 0 13.4 16.2 4.2 9 0 6.6
7.8 0 0.8 0 0 0 0 0 0 0 0 4.4 0 0 0 0 0 0 0 0
0 0 0 0 0 0 0 7.2 0 0 3.8 0 13.4 2 0 23 9.4 0 16.2 0
0.2 0 0 0.2 10.2 14.2 9.8 0 5.2 0 0 0 0 0 0 0 0 7.2 0 0
0 2.6 1.4 0 0 0 0 0 0.4 0.2 0 0 0 0 0 0 0 5.2 2.6 3.6
0 0.2 0 0 0 0 0 0 0 11.4 0.2 2.8 0.2 0 0.2 0 12.8 0 0 20.2
19.8 0 0 0 0.2 0.8 0 0 0 0 0 13 0 0 0 0 7.2 0 0 16
0 0 0 0 0 6.6 14.8 0.2 24.4 0 0 0 0 0 0.2 0.2 0 15 4 2.6
0 0 0 0 0 0.4 0 9.6 18.8 0.2 0 0 0 2.4 14 25.6 0 7 0 0
6.6 6.8 6.4 43.4 2.8 0 6.8 11 0 0 0 0 0 9.6 0 0 0 8.8 0 12.8
8.8 0 0 15.2 0 4.8 7.6 0 31.8 0 11.2 0 11.2 1.6 1.8 31.6 7.2 6.6 5 0.6
0 0 0 0.2 0 5 0 0 4.2 0 0 9.6 4.4 0 0 0 0 0 0 3.6
0.2 0 0 0.2 8.4 0 0 13.4 15 0 6.8 0 0 0.4 6.6 0.4 0 0 6.2 2.4
0 14.8 11.6 0 0 0.2 0.4 0 3.4 0 0 1 0 0 8.8 0 0 0 0 0.8
0.2 0 0 0.4 0 0 0 0 0 0 6 9.2 4.4 5.6 0 34.2 46.4 0 27 2.6
0 0.2 0 0 5.4 0.2 0 0 0 0.2 0 0 0 0 0.2 0.2 0 0 4.6 0
0 16.8 0.2 19.2 23.4 4.6 18.8 1.4 0.6 12.8 2.6 10.2 0 20.2 31.4 0 0 10.8 8.4 25.6
0.4 0 0 0 0 0 0 0 0 0 0 3.2 0 0 0 0 0.4 0 0 0
0 0 0 1.8 0 0.4 4.8 0 0 0 1.2 0 12.8 0 0.2 0 0 0 7.4 16.4
0 0 0 0 0 0 0 0 0 0 0 0 0 0 0 0 0 0 15 0
0 0 0.8 7 0.6 0 0 0 9.2 0 1.4 6.4 0 0 0 0 0 10.6 0 0
0 0 3.6 0 4.4 0 5 13.4 7.4 0.2 1.4 0.4 0.2 13.8 20 21 0 25.2 0 0
0 0 0 3.2 0 3.4 0.2 0.4 0.2 0.4 11 0 0 0 0 0 5.2 0 0 0
15 0 0 0 0 0 0 0 0 0 0 0 0 0 0 0 0 0 0 0
0 0 0 0.2 18.4 10.8 28 5.4 1 1 0.2 10.6 0.6 7.4 2 0.2 2.4 15.6 0 9.2
0 4 0 17.2 27.8 44.8 0 5.2 0 0.2 0 0 3.8 24.2 38.8 5.8 0 9 0.2 0
0 0 11.4 9.4 22 0 18.4 8.8 0.4 24.6 0 0 5.6 0 0 2.2 18 11.6 1.6 0
0 13.4 0 7.6 5.6 24 14.2 0.2 1.4 0.2 14.8 7.4 1 0 0.2 0 15.2 14.8 0 29
0 0 0 8.4 0 2.4 0 1.2 23.6 11 12.4 0 18 5.8 0.4 12.8 0 0.4 0.2 0.4
5.6 0 0 0 0 11.6 1 0.2 9.6 0 0 0 20.8 13 0 18 14.4 0 0 6.8
0 0 0 0 0.2 0 0 0.2 0 0 0 0.8 0 0 0 0 12.8 0 0 0
0 0 0 0 7.2 0 0 0 0 0 0 0 0 0 0.4 0 11.4 0 0 0
0 0 0 0 0 0 0 0.2 0 16.4 0 0 0 0 25.8 0 0.2 11.4 0 0
9 5 10 0 0 0 0 0 0 0 0 0 0 0 0 0 0 0 0 0
0 0 0 0 0 6 4 0 0 29.6 0 0 0 0 0 0 0 3.2 0.2 0
15.6 0 12.8 0 0 0 0 0 0 0 0 0.6 0 0 0 0 0 0 0 0
0 16 12.6 0 0 17.2 26.6 0 8.2 0.4 1.6 5.2 0 0 14 0 0.2 38.8 0 8.2
2 10.8 0 0 0 0 0 0 0 0.4 0 10.6 0 0.2 0 0 0 0 0 0
3.8 0 0 0 0 0 0 0 0 0 0 0.2 0 0 0 0 0 0 0 0
0.4 0 0 0 0 0 0 0 0 0 0 9.4 5.6 0 0 0 18 0 0 7.6
0 0 0 0 4 0.2 26.8 0 0 0.2 0 0 0 0 0 0 0 9.6 1.2 0
0 2.4 0 0 0 0 0 0 0 0 0 4.4 0.2 0 0 0 0 0 8 0
0 3 0 8.8 9.8 11.8 0.2 0.2 17 2.6 0 0 0 0 8.8 0 0 2.2 0 3.6
0 0 0 0 0 0 8.8 0 0 11.6 8.8 0 0.2 3.6 7.2 0 0.6 9.4 0.8 0
0.4 0 0 0 0 0 0 0 0 0 0 10.6 0 0 0 0 0 0 0 0
3.6 3 0 0.4 0 0.2 0 21.6 0 0.4 19.6 0.6 0 14.4 31.2 34 0.2 0 0 27.8
0.4 0 0.2 0 0 0 0 0 0 0 0 16.4 0 0 0 0 0 0 0 0
0.8 3.2 0 0 6 0.2 0 0 0 0.2 0 2.8 0 0 0 0 4.4 0 0.4 13
0 0 0 0 0 0 0 0 0 0 0 0 0 15 0 0 0 0 0 0
0 0 0.8 0 0 0 0 0 0 10 0 0.2 4.4 32.2 0.2 2 0 0 0.2 0
0 0 0 2 0.8 0 0 0 0 0.4 0 0 0 16.6 0 0 0 0 0 0.2
3.8 4 12 0 0 0 0 0 0 0 0 0 0 0 0 0 0 0 0.2 0
0 0.8 0.4 0.2 0 0.2 5.4 0 16.4 0 0 4.8 0 0.8 1.2 0 0 25.6 5 0.2
0 0 0 0 0 8 0 0 0 1 0 0 0 1.6 0.2 14.2 0 7.8 7.8 0.4
6.8 0 0 4.4 0 0 0 0 0 5.2 0 0 0 31 0 3.8 8.8 0 0 0
1 0 0 23 0 1.6 10.6 31.8 0 0 0 0 27.6 12.8 22.4 16.4 0 0 13.4 0.4
0 0 0 0.2 0 9.2 14 0 0 5.8 8.2 0.4 24.2 7.8 0 24.6 37.2 0 9.4 7
0 0 0 0 0 0 0 0 0 0 0 0 4 10.8 0 4 0 1.2 0 0
1 0 0 4.2 0 3.8 0 0 0 0 0 11 0 0 0 0 0 0 0 0
3 0 5 0.8 0 7.4 0 0 1.2 10.4 0 0 0 4.8 0.4 0 0 0 0 0
0 4.8 0 5.4 13.2 28.6 31.8 6.2 0.2 0 41.2 0 27.8 16 0 6.2 18.8 12 18.4 0.4
0 6.6 4 27.6 8 10 0 0.8 0.8 0 4 3 0 9.4 26.6 22.2 0 26 0 0
0.4 0 4.8 18 0.2 11.2 8.4 5.4 0.6 0.2 0 0.4 0.2 0 7.2 18.4 0 12 0 5.6
0 5.6 0 0.2 0.4 0 20 9.4 0 3 0.2 0.4 0 0 0 0.2 6.6 27.2 0 8.8
0 0 0 0 0 12 0 0 3 0 0 0 3 0 0 0 0 0 0 0
0 2 0 0.6 3 12 0 0 7.8 0 0 0 0 0 0 0 0 21.6 0 0
0 0 0 0 0 0 0 0 0 0 0 12 0 0 0 0 0 0 0 0
3.6 10.6 3 17.6 8 0.2 0.4 2.8 12 0 0 0 12.2 19.6 35.6 0 0 9.4 0 0
0 0 0 0 0 0 0 0 0 1 0 0 8.8 0 0 0 13.2 0 0 0
0.6 0 0 0 11.4 0 13.8 3 33.2 24.6 0.4 4.8 14.4 10.2 17.4 23.4 0 0 0 14.8
0 0 6.2 0 0 0 0 0 0 0 0 14 0 10.6 0 0 0 0 0 28.2
0 0 8 32.6 11.6 0 7 18 22 4.4 12.6 1.4 10.2 2.4 6 0 6.8 55.8 2 0
0 0 2.4 0.6 3 0 0 0 0.2 0 0 5.6 0 0 0 0 1.2 0 0 0
0 0 0 0 0 17 0 0 11.2 15.8 0 0 0 0 0.2 0 0.2 27 0.2 21.4
1.6 0 21.4 16.4 0 0 0 0 0.8 0 0 0 0 0 0 0 0 21 4.4 19.4
8.8 0 0 0 0 14.6 4.8 18.6 0.4 0 74.4 0 35 11 0.6 46.8 59.8 0 1.2 9
0 0 0 6.6 0 0 0 8.4 0 0 7.4 0 7.8 4.8 10.8 13.6 0 0 11.6 0
0 0 0 5 0 0 0 0 0 5.6 15.4 0 0 0 0 0 1 0 12 8
0 0 0 0 0 0 0 0 0 0 0 0 0 0 0 0 32.4 0 0.2 1.4
0 0 8 0 0 5.4 0 0 12.4 0.8 0 2.4 4 6.4 0 0.2 0 26.2 14.2 0
0 0 0 0 3 0.4 0 23.4 47.8 0 6 0 0.2 0 20.2 11 9.8 23.2 0 0
1.4 0 0.2 9.4 4.4 0 8.8 6.6 12.2 8.8 31.6 11 16.4 4.6 1.2 60.6 0 0 0 13.8
0 0 2.2 0 0 0 0 0 0 0 0 15.8 0 0 0 0 0 0 0 0
0 0 11 5.2 12.4 2.6 0 8.8 0.4 0.4 0 0 0 0 8 6.8 0 7.2 9.4 11.8
0 0 0 0 7.6 16 0 0 0 0.2 0 0 0 0 0.4 0 0 0 0.4 16.4
0 0 0 0 19.4 0 0 0 0 0 0 0 0 0 0 0 36.4 0 0.2 0
6.4 0 10.2 0 0 0 0 0.4 0 0 3.8 8.2 0 0 0 0 0 0 0 0
3 2.8 4 20 0 33.8 21.4 35.8 0 3 37.6 1 23.8 40.8 19.8 24 0 1.4 0 0.8
0 0 0 2.8 0 14.2 30.6 15 0 0 3.6 0 12.4 32.2 20.4 0.6 20.2 52 7 0
0 0 6 8.6 0.2 31 0 0.2 7.6 0.4 18.8 0 5.2 22 22.2 12.4 1.6 21.2 21.6 6
22.2 0 5 0 0 0 0 0 0 0 0 0.4 0 0 0 0 0.4 0 0 0
10 3.2 0 11 14.8 12 10.2 3.6 37.2 0 0 0 0 0 13.6 0 0 38.4 0 0
8 0.2 10.8 0 0 0 0 0 0 0 0 0 0 0 0 0 0 0 0 0
0 0 0 0 0 4.6 0 0 0 6.2 9.4 0 0 0 17.6 8.8 5.4 0 0 0
0 0 0 7.6 0 14 0 0 0.4 0 0 0 0 4.6 0 0 0 0 0 0.4
0 0 0 0 11.6 0 0 0 0.4 0 0 17.4 0 0 0 0 1.2 0 6 0.4
5 0 5 0 0 0 0 0 0 0 0 0 0 0 0 0 0 0 0 0
0 0 0 0 0 1.8 3.2 4 0 0 0 9 0 4 0 0 0 0 0 0
0.2 0.2 7.8 19.6 11.6 35.6 29.6 43 0.2 0.6 48.6 19.2 42 2.8 17 26.2 29.4 9.2 9.2 17
12.8 0 0 0 0.2 6.2 9 24.4 7.6 0 41.6 1 29.4 48.6 0.8 17.4 4.6 0 9.8 10.6
9.8 0 5.2 0 0 0 0 0 0 0 0 0 0 0 0 0 0 0 0 0
0 0 0 0 4.2 0 0 0 0 2 0 0 0 0 0 0 0.4 10 10.4 0
0 0 10 0 1.4 0 8 0 0 0 0 0 0 0 0 0 0 17.6 0 0
0 0 0 0 0 0 0 0 0 11.2 0 0 0 7 0 3.2 0 6 8 6.6
12.4 0 0.4 0 22.2 0 0 0.2 0 0 0 0 0 18 3.8 0.2 0 0 0 6.8
0.2 5.4 0.4 0 0 0 0 0 0 0 0 19.8 0 0 0 0 19.2 0 0 0
3.6 9.4 4 0 0 0 0 1.2 0 0 0 0 0 0 7.6 0 0 0 0 0.2
8.4 0 14 0 3.2 0 0.4 0.2 14.8 1.4 0.6 0 12.6 13.6 8.4 29.2 0 0 0.2 0
0 0 0 0 0 19.8 0 0.2 4.6 0 0 0 0 0 21.8 0 0 35.6 0 0
0 0 0 0 0 0 0 0 0 0 0 22 0 0 0 0 0 0 0 0
13.8 5.8 6.4 0 0.2 0 0 0 0 0 0 4.8 0 0 0 0 0 0 0 0
0 9 0 19.6 0 26.6 23.4 20.6 3 2.4 16 0 1.8 22.6 44.4 47.8 7.4 26.2 12.6 27.6
0 0 0 0 9 0.2 2.4 0 0 9.2 0.4 5.8 0 6 6.4 0 0 0 0 5.6
0 0 6 0 0 0 0 0 0 0 0 0 0 0 0 0 0 0 0 0
0 0 0 0 0 0 0 0 0 0 0 0 0 0 0 0 4.6 0 8.4 47
3 0 0 0 0 0 0 0 0 0 0 0 0 0 0 0 0 0 0 15
0 0 0 0 2 0 0 0 0 0 0 0 3.6 0 0 0 29.2 0 0 11.2
10.4 2 0 0 0 24.6 14 15.4 0.2 0.6 11 5 35.4 37.2 20.4 59.6 21.2 0 20.4 0.6
0 0 16.6 0.2 0 4.4 13.8 19 0 0.2 10.8 0 12.6 28.4 0 4.4 10.4 0 0 2.2
0.2 0 0 19.2 0 0.2 23.6 38.6 60.2 0 23.8 6 10.8 5.6 0 4.2 0 33.6 0 0
0 0 0 0 0 0 0 0 0 0 0 0.2 0 0 0 0 14.8 0 0 0
0 0.2 0 0 0.8 5.4 0 0 0.2 0 0 5.8 0.2 0.6 0.2 0 4 0 0 11.6
12 1.2 32.4 0.2 0 0 18.6 0 0 0 0 9.6 0 0 0 0 0 0 0 0
0 0 0 0 0 0 0 0 0 1.2 0 7 0 0 0 0 6.6 0 1.2 0
0 0 0 0 0 0 0 0 0 0.4 0 0 7.8 32.8 0.6 19 0 0 24.4 0
24.4 0 1.8 0 0 0 0 0 0 6.2 0 0.6 0 0 0 0 0 0 0 0
0 0 0 0 5.4 0 0 0 0 0 0 7.6 0 0 0 0 0 0 0 0
8.6 4 0 2 1.2 5.8 3.4 0 0 4 0 0.4 2.6 0 0 0 3.2 0 2.6 17.2
0 3 0 0 0 0 0 0 0 0 0 0 0 0 0 0 0 0 0 0
0.2 0 0 4 4.8 30 0 4 0 0 0 4.2 0.2 6 0 4.2 5.6 0.6 18 9.2
4.6 0 15.2 0 0.2 0 0 0 0 0 0 0 0 0 0 0 0 0 0 0
0 4 0 0 13.2 0 0 0 0 0 0 0 8.2 0 0 0 0 0 0 10.6
11 5.6 14.2 48.8 8.6 5.4 27.4 27.6 55.4 0.2 64.2 0 26.4 9.4 21.8 38.6 24.2 63.8 8.6 32.8
31.2 3.8 1.6 0 0 0 0 0 0 0.2 0 22.2 0 0 0 0 0 0 0 0
0 0 0 1.2 0 66.2 39.8 24.6 7.8 1.4 13.2 0 0 0.4 19 2 0 14 0.2 3.2
0 0 0 0 0 16.6 2.6 0 6.6 0 12 0 34.6 17.4 0 11.6 0 0 12.6 0
4 0 8.2 12.2 9.4 2.2 3.4 9 15 0 9.2 0 0 0 0 8.2 0 33 30.8 6.4
1 0 19 8.8 10.8 1.8 0.8 7 8.8 13 13.4 0.2 0 11.8 0 0 8.8 0 14 19.8
0 3 0 4.6 4 28.4 8.4 7.2 28.4 0 0 0 10.8 11.6 17 9.4 21.6 0 0 0.6
0 0 0 0 0 25.8 30.8 20 22.2 13 55.6 0 18 20.8 24.2 25.2 18.6 0 31.6 5.2
0 6 7 10.4 8.6 36.6 25.2 6.2 6.8 0 0 0.6 0.2 0 13 1.6 18.6 11.6 4 33.6
3 0 0 0 0.2 0.2 0 8.8 4.6 0.4 0 30 0 0 3.8 0 19 0 19.4 10.6
7 7 0 0 23.8 0 3 0 0 0 0 0 0 0 0 0 0 0 0 14.2
0 6.8 0 0 12.2 0 0 0 0 0 2 0 0 0 0 0 0 0 0 0
10 0 6.4 0 0 0 0 0 1.2 5 0 4.6 0.2 0 0 0 11.2 3.2 9 0.2
0.2 1.8 18 0 27.8 0 0 0 0 0 0 0 5.4 0 0 0 15.8 0 0.2 28.8
0 0.2 0.2 0 0 0.2 0 0 0 0 0 10.6 0 4.6 0 0 0 4.2 0 14
0.2 0 0 6 2 4.8 0 7.6 0 0 0 0 0 0 0 0 0 14.8 31.4 0.2
0 0 39 0 0 4.8 0 0 0 38.8 0 0 0 0 0 1.2 0 0 26.2 0
0 0 7.6 0 1.2 0 0.2 0 0 0 0 0 0.2 0 0 0 0 0 0 39.8
0 0 0 0 0 37.2 19.8 18.4 0 5 1.4 0 0 0 0 3 4.6 0 22 25.6
0 2.8 0 0 0 0 0.2 0 21.8 0 0 3.4 0 0 0.2 0 0 18.6 0 0
2 0 0.2 0 10 0 0 0 0 0 0 0 0 0.4 0 0 0 0 0 47.4
0 0 4 0 0 0 0 14.8 0 0 0 0 0 0 0 0 10.8 0 0.6 1.8
28.2 0 0 0 0 0 0 39.2 0.2 4.6 52.6 0 39.2 33.4 0 81.6 10.8 0 31.2 0
0 5 4.8 0 19 0 0 0 0 5.2 0 0 0 0 0 0 0 0 0 0
0 0 7.6 32.4 7.8 0 68.6 0 102.6 17.8 0.2 1.4 0 17.4 18.2 0 12.8 64.2 0 20
0 5 0 0 0 0 0 0 0.2 0.8 4 0 0 0 0 0 0 0 1 7
0 0 0 3.6 0.2 12.4 2.4 0.4 0.2 0 29.4 8 6.2 0 14.6 2.6 0 0 0 0
0 0 1 0 0 0 0 0 0 0 35 0 6 0 0 0 21.6 0 0 6.4
0 0 7.4 17.8 0 20.2 0 2.4 0 0 16.4 0 10 0.6 8.8 0 0.6 0 5 7.8
5.6 1.8 14.6 0 18.2 20.6 0 5.4 0 19.6 0.2 0.2 9.4 0 13.2 35.2 15 13.2 0.4 0.4
0 4.4 5 0 10.4 14.2 9.2 0 0.2 1.4 0 0.4 0 0 1 0.6 0 17.6 7.6 0
0 0 0 0 8.6 0 5 0 0 0 0 0 0 0 11.6 0 0 0 0 0.8
2.4 0 11 0 0 0 0 0 0 4 0 0.6 0 0 0 0 0 0 0 0
0 0 0 0 5.6 0 0 0 10.6 0 0 0 0 0 1.4 6.8 11.4 0 0 0.2
0 0 5.4 1.2 0.6 0.2 0 27 6.6 0 21.8 0 0 0 13.2 28.4 5.4 0 28.8 10.4
3.8 0.2 0 0 0 0 0 0 0 0 0 10 0 0 0 0 0 0 0 0
9.4 5.6 15.4 0 45.6 0 0 0 0 0 0 2 0 0 0 0 20 0 0 47
0 0 15 8 0.2 0 9.4 36.8 0 40.4 44.4 0 20 0 0 36.2 16 0 43.6 8
3.4 0 0 4 0 8 4 0.8 19.2 0.2 0.4 14.4 5.6 4.2 44.4 0.2 0 20.2 1 0
44 4.2 23.2 0 0 0 0 0 0 0 0 31.6 0 0 0 0 0 0 0 0
4.8 0 1.2 0 10 0 0 0 0 0 0 8.2 0 0 0.8 0 3.6 0 0 43.4
0 0 0 0 15.6 0 0 0 0.2 0 0 0 0 0.6 0 0 3.6 0 0 0
0 5 0 4.2 14.6 7.2 6.6 0.8 1.8 1.2 0 0 0 0 0 0.2 3.8 26.6 0 0
14 0.2 0 11.6 0 29 17.2 9.4 0 17.4 0.2 6.4 1.6 0 12.8 25.6 0 0.2 0 1.4
0 0 0 4.8 0 7.8 5.2 0 0 0.4 0 0 0 0.2 0 0.2 0.2 3.4 9.8 0
0.2 0 0 0 0 0 0 28.4 18.2 0 42 0 17.4 24.6 13.8 64 0 6.6 27.8 0
0 0.4 0 0.8 5.2 20 0 16 0 9 4.2 0.2 14 9.2 5.8 3.6 0 9.6 0 0
0 0 0 0.4 0 0 0.2 14 1 25.6 43 0 19.8 8.8 1.6 30.6 0.2 4 23 0.8
0 2.8 0.2 16.4 10.2 12.8 16 0.2 0.2 0.2 0 5.4 4.4 26.2 20 14.2 0 13.2 1.4 3.2
0 8.2 27.2 0 7.6 0.2 0 0 50.6 17.2 0.2 0 0.2 0 15 0 0 5.8 0.2 6.6
0 8.4 10.6 9.8 0 27.6 19.6 0 0 6.2 13.4 0 0 23.6 0.8 1.4 16.6 13 9.6 31.4
0 0 0 0 15.6 0 0 0 0 0 0 4 0.4 0 0 0 48.6 0 0 22.4
28.2 0 0 0 0 0 0 0 0 0 0 5.8 0 0 0 0 0 0 0 0
0 10.2 0 0 38.2 0 32 28.6 0 8.2 16.4 0 0 0 0.4 0.4 6 33.8 1.4 1.4
0 0 0.6 19.2 0 24 12.8 20.8 0.2 0 39.8 0 17.8 27.6 0 9 21.2 17.8 0 9.2
0.4 0 0.6 0.2 0 0 0 22.8 31.8 0 2 7.8 0 0.8 0 10.8 0 6.4 22 0.4
0 10.2 0 24.4 1.8 8 7.6 21.6 5.2 29.4 45 9.4 8.4 0.6 0 50.4 0 11.6 5.6 2.8
6.6 5 35.8 0 0 0 0 0 0 0 0 6 0 0 0 0 0 0 24.6 0
0 1.4 0 0 0 1.4 13 0.2 35.8 0.2 0 0 0 0.2 40.6 0 0 0.2 0 0
0 0.2 14.6 0 0 0 0 0 0 0 0 0 0 0 0 0 0.2 0 0 0
22.4 0 4.4 0 0 0 0 0 0 0 0 0 0 0 0 0 0 0 0 0.2
8 0 0 0 0 0 0 0 0 0 0 0 0 0 0 0 0 0 0 0
0 0 0 0 0 0 0 0 0 9.8 0 0 0 0 0 0 0 0 0.2 0
0.8 0 0 0 0 0.2 0 0 0.4 0 0 0 0 0 0 0 0 0 22.8 4.8
6.8 0 8 26.4 24 27 21 0 40 0 17.4 6.4 0 0 57.6 0.6 4.6 5.4 0.2 9.6
20.4 5 5.2 0 0.2 0 0 0 0.2 0 0 7 0 0 0 0 0 0 0 0
0 0 0 7.8 5.2 0.2 8.8 0.2 0.2 0 0 0.6 0 0 0 0 0 0 3.8 0.2
0 6.8 1.2 0 0 0 0 0 0 0 0 1.8 5.8 0 0 0 7 0 0.8 16.6
0 0 0 0 0 0 2 0 0 0 0 6.2 0 0 0 0 25.6 0 0 42.2
25.4 0 0 0 0 0 0 0 0 0 0 14.6 0 0 0 0 0 0 0 0
0 0.2 15.6 0 0 0 0 0 1.4 0 0 0 1 0 0 0 0 0 0 2.8
0 0 0 0 0 0 0 0.6 0.2 8 15.8 0 16.2 7 40 22.4 10.2 0 29.2 9.4
0 0 0 0 0 0 0.6 0 0.2 12.6 0 0 0 0 7.6 0 0 22 0 0
0 13 0 18 12.6 0.2 0 0 0.2 0.4 29 0 0 0 14.8 0 15.8 0.2 0 10.8
6.6 0 0.2 61.2 17.8 15.6 19.4 0 21.6 0 17.6 12.6 5 11.4 11.2 32 28.4 85 9.4 0
0 0 0 0 4.4 0 0 0 0 0.4 0 0.2 0 0 0 0 31.6 0 0.2 23.2
10 0 8.8 0 9.6 0 0 0 0 0 0 14.8 0 0 0 0 0.2 0 0 24.6
0 0 0 25.2 17.4 43.2 23 0 3.6 0 0 0 0 14.2 29.6 0 0 1.8 0 0
0 0 0 0 0 0.2 0 0 19.2 0.2 0 0 0.4 0 18.8 3.6 0 13.8 15.6 0.2
19.2 0.6 21.4 0 0 0 0 0 0 0 0 12.6 0 0 0 0 0 0 0 0.2
0 0 0 0 0 14.6 4.2 0 0 10.8 10.6 0 0 0 0 0 4 0.8 4 0
6.8 0 13 0 0 0 0 0 0 0 0 17.2 0 0 0 0 0 0 0 0
10.4 16.6 27.8 0.6 7.4 0 8 23 21.4 0.2 48.8 0.2 24.2 14.6 9.6 46 6.8 7.2 0 51.2
0 4.8 0 36.6 22 19.4 0 8 37 0 25.4 1.2 0.4 4 0 5 58 0 17.2 7
0 0 0 0 0 0 0 0 0 0 0 0.2 0.2 0 0 0 35.8 0 0 47.8
0 0 0 17.8 13.6 41.6 51.6 12 1.6 0.2 12.4 0 4 0.8 33.2 0 0 38.2 0.4 10.6
0 1 0 14.6 3.8 0 22 40.2 20 0 8.4 0 0 0.2 34.8 20.2 0.4 31 13.2 0.2
0 12.8 4 20 19 42.8 100 12.8 40.2 16.8 5.2 29.8 21.4 9.6 42.8 0 0 44.8 0 14
0 0 0 2.4 0 8.4 4 0.2 32.4 18.8 0 0 3.8 0 0.4 0 0 0 26.6 0
0 0 1 0 18.6 20.2 13.6 0 0.6 0 3.8 6.6 0 0 0 0.2 0 15.2 0 0.2
0 0 4 0 0.2 0 0 0 0 0 0 7.6 0 0 0 0 16 0 0 40.2
1.4 0 0 0 0 6 0 49.6 0.2 0 24 0 20.8 0.6 0 10 8 0 20.6 4.8
0 0 4 22.2 2 0.2 4.4 24.2 24.6 15.2 9.6 0 22.6 0 1.2 4.6 4.4 0 0 9.8
0 0 14.8 33.8 4.2 37.2 28 7.2 0.2 11 8.6 0 3.8 0 19.2 42 7.6 28 0 13.4
14 0 5 0 0 0 0 0 0 0 0 0 0 0 0 0 0 0 0 0
0 0 0 8.8 0 0 0 25.4 27.8 0 15 0 18.8 18.8 1 41.4 0 0 43 0
10.8 3 8.4 0 0.4 0 0 0 0 0 0.2 0 0 41 0 0 0.4 0 13.6 0.2
4.6 1.2 22.6 0 0 0 0 0 0 0 0 1.6 0 0 0 0 0 0 0 0
12.6 5.6 11.8 6 0 14.2 0.2 0 0 0 0 23.8 17.8 19.6 0 5.8 22.8 0 0 43.8
0 0 0 0 1 0 0.2 0 8.8 0.4 0 0 0.2 0 0 0 27.4 0 0 0
7 0 0.2 0 0 0 0 0 0 0 0 14.4 0 0 0 0 0 0 5 18.4
7.6 0 26.2 12 0 33.2 0 4.2 7.8 6 38.2 14.4 60 46.6 20.4 73.2 34.2 6.4 0 13.6
0 0 0 0 0 0 0 0 0 0 0 1.4 0.2 0 0 0 48.2 0 0.4 32.8
0 0 0 9 0 6.6 11.2 0 56.2 0 0 0 0 5.6 0.6 0 0 32.6 0.2 0
0.2 0 0 13 11 10.8 0 24.6 1.6 0 21.4 0 0 6.6 0 10.6 47 0 0.2 0
0 0 0 6.6 0.4 0 0 0 0.2 13.2 0 0.6 0 0 0 0 22.6 0 0 11.4
0.2 0 0 0 0 0 0 0 0 16.8 0 0 0 0 0 0 0 24 0 0
0.8 8.8 5.2 0 0 7.4 13.2 0 0 10 0 23.4 0 0 0 0 0 0 0 15.2
0 0 0 0 11.4 0.2 0 0 0 0 0 0 0 0 0 0 0 0 0 7.4
0.2 0 0 9 0 0 2.6 0 31.2 9.6 17.4 3.8 0 0 0.2 15.2 0 0 0 3.8
7.6 6 0.4 0 6.2 0 11.2 0 0.6 24 0 1.2 6.4 0 1.4 0 0.6 25 0 28.4
1.2 0.2 9.2 40.2 8 57.6 53.4 13.8 31.4 3.2 16.2 0.8 4.2 13.4 42.4 35.8 0 42.4 4.2 0.4
0 0 0 0 0 12.6 0 12 0 0 16 1 0 6.6 0.2 27.4 0 4 7 0.2
0 0 0 0.6 0 0 0 0 0 0.2 17.8 0.4 0.2 0 0.4 2.4 3.4 0 0 12.6
0 0 13.8 0 0 0 0 0 0 0 0 10.2 0 0 0 0 12.6 0 15.4 0
0 0 0 0 0 8.2 54.6 0 0 5.2 0 0 0 0 0 0 0 0 0 0
4.2 0 0.6 9.4 16.2 21.8 5.4 2.2 27.2 0 20.4 0 14.8 7 5 10.2 0 0 0.2 0.4
6.8 7.4 0 0.2 4.8 48 33.6 0 15.2 11 0 0 0 0.2 31.4 0 0 76.4 0 6
0 4.8 0.2 0.2 0.2 0.4 10 0 0 4.2 0 2.4 0 0 3.4 0 0 48.2 0 0
0 0 0 0 21.6 0 0 0 0 0 0 12 0 0 0 0 35.4 0 0 24
0.4 7.2 0.2 0 0 0 0 0 0 0 0 14.2 0 0 0 0 0 0 0 0
0 0 0 0 0 24.2 7 0 0 0 0 0 0 0 0 0 0 1.8 0 0
0 0 0 0 8.4 0 0.6 0 0 0 0 0 0 0 0 0 9.4 0 0 0.6
0 0 5.4 0 12.8 5 0 0 1.4 2.6 0 0 0 0 0 0 0.4 26 16 5.4
0 7.4 38.4 0 0 0 0 0 0 0 0 15.2 0 0 0 0 0 0 0 0
0 1.4 0 0 0 0 0 0 7.8 3.8 0 3 0 0 0 0 0 0 2 0
0 0 0 0.2 5.6 0 0 0 0 0 0 4.2 0 0 0 0 1.4 4.8 0 17.8
6 0 0 31 6.6 31.4 0 40.6 0.4 0 24.6 0 13 19.4 0.2 45.2 21.4 0.2 0 0
9.8 0.2 0 2 3.4 0 0 0 0 0 0 0.2 0 0.4 0 0 0 0 0.8 1.2
2 4.8 0 25.8 0 22 10.2 0 0 2.4 7.6 21.4 0 0.2 1.8 0 0 0.8 5 0
0 0 0 0 0 0 0 0 0 0 0 9.4 0 0 0 0.8 0.4 0 6.8 36.6
0 0 5.4 0 38.4 0 0 0 0 0 0 0 0 0 0 0 0 0 3 0.2
0 0 0 0 11.4 0 0 0 0.2 0 0 0 24 0 0 0 0 0 0 40.4
0 0 0 0 0 0.4 0 0 0 26.4 0 0.2 0 0 0 0 0 0 0 0
0 0 3.6 0 1 0 0 0 0.2 0.2 0 0 7.8 0 0 6.4 0.2 0 10.6 0
0 12.6 0 10.6 26.2 3.6 38 2.4 0 0 0 0 0 0 0.8 0 0 12 0 4.8
0 0 0 0 0 55.2 0 0.2 1.4 0.4 29 0 12.4 26.2 0 63.8 15 0 0.2 25.2
43.2 22.4 26.4 0 0 0 0 0 0 0 0 33 0 0 0 0 0 0 0 0
10.8 0 14.2 0.2 0 0.8 10 84.8 1 1.8 76.8 0 31.6 19.2 0.4 44.4 32.2 11.6 0.2 6
8.6 0 14.2 0 0 0 0 0 0 0 0 20.2 0 0 0 0 0 0 0 0
0 0 0 0 26 0 0 0 0 0 0 0 0 0 0 0 0 0 0 23
0 0 0.2 49.6 17.4 0 11.6 0.2 3.2 6.6 16.6 2.8 0 0 0 0 0 12.4 0.4 0
18.4 30.2 10.6 12.8 34.4 59.2 26.4 0 21.8 16.4 0 23.2 9.4 21.2 17.8 0 20.8 17.6 14.8 74
0 0 0 0 2 0.6 11 28.2 27.8 2.4 64.2 0.4 3 7.8 0.2 3.6 27.8 7 28.4 10.6
0 0 0.4 0 0 0 0 0 0 0.2 0 4.8 0 0 0.2 0 0 0 0.2 8.2
9.4 11.8 11.8 0 16.2 0 0 0 0 0 0 2.2 12.6 0 0 0 28.4 0 0 35.6
10.4 0 0 0 2 0 0 0 0 0 0 0 0 0 0.2 0 0 0 6.4 0
5.6 0 0 0 2.2 0 0.2 0 0 0 0 0 0 0 0 0 12.4 0 0 39.6
8 0 23 0 0 0 0 0 0 0 0 7 0 0 0 0 0 0 0 0
0.8 0 8 0 0.4 0 0 0 0 0.2 0 0.2 0 0.2 0 0 35.8 0 0 39.4
0 0.2 0 0 4.4 0.2 0 0 7.6 17.2 5 0.2 4.8 3.2 0 84.6 0 0 11.4 0.2
0 0 1 11.4 0 0 0.2 36.8 33.4 15 7.6 0 5.2 17.6 18.4 0 16.4 0 0 7
9.8 0 0 0 0 0 0 0 0 0 0 1.6 0 0 0 0 12.2 0 1 24.4
0 1.6 0 0 0 0.2 4 1.8 0 6.8 0 3 10.6 0 0 16.4 0 0.2 0.4 0
0 0 0 0 0 6.8 0 0 2 0 0 0 0 32.4 0 0 0 0 0 0.8
7.6 0 0 0.2 0.8 22.6 7.4 0 50 2.8 0 17.4 0.2 0 0.6 0 11.2 0 0 47.2
14.8 5.8 0 0 0.4 57.8 13.2 48.2 28 2.4 0 0 3.6 0 90 31 48.4 1.2 1.2 58
0 4.4 0 0 4.8 0 15.6 0 0 0 0 0 0 0 0.8 0 0 24.6 0 4.8
0 7.8 2.8 30.2 19.2 43.4 34.8 30.2 1 30.2 0 7.8 0 5 19 0 0 31.6 8 0
0 4.2 3 0 8.8 0 0 0 0 0 0 6.8 0 0 0 0 5.8 0 0.4 0
0.2 0 7.6 0.4 4.4 0 0 24.8 11.2 30.8 0 3.4 0 0 0 0 0.4 6.4 0.4 8
22.6 6.8 24 0 0 0 0 0 0 0 0 5.6 0 0 0 0 0 0 0 0
0 0 0 0 3.6 0 0 0 0 0 0 4 0 0 0 0 14.6 4 0 0.8
0 0 0 6.2 0 10.2 0.2 0 2.2 0 0 0 0 0 0 0 0 7.6 0 14.6
0 0 0 0 0.2 0 0 0 0 0 0 0 0.4 0 0 0 40.8 0 0 18.6
0 7.8 0 35 6.6 9.6 31.8 0 52.6 0 0 3.2 0 0.2 3.2 0 0 0 0 0
11.8 0 22 0 0 0 0 0 0 0 0 26.2 0 0 0 0 0 0 0 0
0 0 1.2 0.2 4.4 0 8.8 0 2.4 0 0 0 0 35 16.4 0 0 23.6 0 0
0 0 0 0 0 37.4 10.8 62.6 39.4 2.4 43.4 0 34.8 0 0 14.2 10.2 0 22.6 7.2
23.6 0 6.8 0 0 0 0 0 0.4 19 0 0 4.4 6.2 0.6 49.6 4.2 0 41.6 8.6
15 4.6 0 0 0.2 0 0 29.8 0 0.4 6.8 0 14.6 5.2 0 4 32 0 13.4 0
14.8 0.4 0.6 0 0 6 0 27 0 1.6 28 0 32.2 15 0.4 42.4 32.2 0 26.2 0.2
0 0 0 17.6 6.8 1.8 25 22.4 1.6 0 27 0 9.6 32.8 24.2 48.6 0 0 45.6 0
0 0 0 7.4 0.4 0 0 0 30.6 0.2 10.4 0 0 0 13.8 14.6 0 3.8 0.2 5.6
22.6 12 5.4 0 11.4 0 0 0 0 0 0 25.2 1.2 0 0 0 29.2 0 0 84
0 0 0 19.6 0.2 19.2 3.6 0.8 1.2 0 0 0 0 0 55.2 7.4 0 21.6 12 12.2
14.2 0.2 0.8 0 0 0 5 0 0.2 0 0 19.4 0 0 0 0 0 0 0.2 0
0 0 0 4.6 0 19.2 13 0 23.2 37.6 39.6 0 14.4 11 1.2 57 0 0 6.2 3
0 17.6 0 0 0 0 0 0 0 1.8 0 26.4 0 0.2 1.2 0 5.8 0 0 0
4 0 0 0 0.4 44.8 28.4 0.2 48.6 46.2 4.2 43.2 0 0 0.4 1.4 0 0 0.2 0
5.8 0 6 0.6 0 4.8 0.2 4.4 0 0 0 7.4 0 0 0 0.4 53 0 29.8 23.6
4.4 0 13.4 0 0 0 0.2 0 0 0 0 0 0 0 0 0 0 0 0 0
0 0 0 0 0 22.6 0 22 53.4 0 0 0 7 18.6 7.2 15.2 0.2 0.2 10.6 0
0 0 0.2 0.4 0.2 5.6 0 0 0 0.4 5 8.8 7.8 7.8 0 32.8 0 0 8.2 5.8
6 0 13 0 28.2 0 0.4 0 0 0 0 0 0 0 0 0 81 0 0 50.4
0.2 6 0 0 0 0 0.2 0 0 0 0 21.8 0 0 0.2 0 0 0 0 12.6
0 0 5.6 0 0 0 0 0 0 0 0 0 0 0 0 0.2 0 0 0 19.2
6.4 10.8 4.6 0 18.4 0 0 0 0 0 0 7.4 0 0 0 0 31 0 0 42.4
0 0 0 15.4 0 0 0 0 16.8 0 0 0 0 0 0 50.8 0 1.8 24.2 0
0 1 6.6 0.2 9.6 20.6 53 0 25.2 0.2 29.4 0 0 0 0.4 0 0 19.8 0 1
4.4 0 13.2 17.8 7.6 47.2 0 0 0.6 22.4 14.6 6 9.8 0 4.6 45.4 3 0 0 13.4
0 12 0 0 13 0 9 0 3.6 0 0 0 0 0 8.6 0 0 14.8 0 0
7.8 0 0 13 7.4 0 4.4 107 7.6 0 107.6 0.6 89 5.8 0.6 79.4 36.8 0.4 23.4 7.2
1 0 0.2 26.8 0 23.4 0 31.6 31.6 21.8 41.2 2.4 19.4 12.4 35.2 18 0 6 0.4 36.6
0 2.8 0 0 0 0 0 0 0 0 0 40.2 0.2 0 0 0.2 14.8 0 0 15.8
0 0 0 11.6 0.6 59.8 16 3.2 0.2 9 9.8 0 0 7.4 50.4 0 0 6 0 0
7.2 0 22.6 0 0 0 0 0 0 0 0 12.2 0 0 0 0 0 0 0 0
0 0 0 0 0.2 0.2 0 0 0 0 9 0.4 0 0 0 0 5 26.6 32.6 0
0.2 0 4 19.6 0.2 0 0 26.8 55.6 2 37.2 0 47.8 38.6 46.4 69.6 47.2 34 42.8 0
0 0 0 0 0.2 0 0 0 0 0 0 0 4 0 0 0 20.4 0 0 2.4
0 0 10.2 29.6 0 14.6 12.2 34.2 82.2 0 34 0 5 57 86.6 56.6 1 29 6.8 2
0 6.8 8.2 0 0 0 0 0 0 0 0 0 0 0 0 0 0 0 0 0
4 0 5.8 0 0 0 0 7.8 0 0 0 2.2 0 0 0 0.2 6 0 0 0
0 0 1.6 35.8 0 21 0.4 6.8 33.8 0 23.4 0.2 11.4 18.4 12 57.6 36.2 8.4 36 13
0.2 0 0 0 26.6 29 8 18.2 0 0 29.6 0 16.6 0.8 10.6 0 31.2 3.8 95 3.4
23.2 67.4 47.2 49 89.6 60 140.2 14.2 0 64.6 33.4 0.8 23.2 33.4 46.2 43.8 18 75 0 61.8
0.2 8.4 32.2 0 0 0 0 0 0 0 0 0.2 0 0 0 0 0 0 0 0
0.2 0 12.4 0 10.6 0 0 0 0 0 0 0 0 0 0 0 0 0 0 13.8
0 0 0 0 30 51.4 17 0.6 3 4.8 0 0 2.4 6 16.6 0 0 7.8 15.8 4.6
0 0 20 28.6 0.2 12.2 11 15.8 51.6 0 31.6 0.2 0 14.2 26.8 18 0 68.6 0 0.2
0.4 2.6 21.2 1.8 0 0 0 18.8 29.4 0.2 30.4 0.4 10.8 27.2 49 48.4 24 11.4 9 5
0 0 12.8 19.8 0 49.2 22.2 6.2 37.2 0.2 0 0 0 5.4 28 3.2 0 27.2 9.6 2
0 0 0 0 15.4 0.2 0 0 0 0 0 0 0 0 0 0 2.2 0 0 14.2
10.8 0 11.6 9 0.4 26.6 0 3.2 0 12.2 0 26.6 24.2 4.6 0 0 41 0 1.6 54.2
1.2 0 0.2 35.8 0.4 64.2 31.8 5.6 0 24.2 2.2 5.8 0 2.6 39.8 24.6 2.2 45.4 0 0
3.2 0.2 16.6 16.2 0 0.4 0.2 18 38.6 22 0.4 0 0.2 0.2 0.2 0 61.6 0 0 57
1.2 0.2 0 39.6 12.8 51.4 30.8 0 58.8 37.4 0.2 25.6 0 16 24.2 5.4 12.2 65.8 0 30.4
0 0 7 7.4 12.8 2.4 12.8 0 20.2 0 0 3.6 0.2 0 1.8 0 0 10.8 0 0
30.2 0 12 0 8.8 0 0 0 0.2 0 0.6 0 0 0 0 17 0 0 10.2 0
0 10 14.6 8 0 0.2 5.6 0 16.6 25.2 0 3.4 0 0 3.4 0 0 11.6 11.4 0
0 0 0 0.2 0 0 0 0 0 3 0 0 0 0 2 8.2 0 35.2 9.4 0
0 0 1.2 0 0 8.6 0 0 0 0.6 0 0.2 26.4 19.6 0 83 14 0 35.4 0
0 0 0 0 3.4 0 0 0 0 0 0.2 0 0 0.2 0 0 30 0 0 12.2
0 13.8 35 0 0 0 0 0 0 0 0 0 0 0 0 0 0 0 0.2 0
0 0 4 0 0.2 0 0 0 0.2 0.2 0 6.8 0 0 0 0 46.6 0 0.4 10.6
0 18.6 11.6 0 0 0 13.6 0 0 0 0 0 0 0 6 0 0 0.2 0 0
24.8 6.2 19.8 12.8 6.8 0.2 0 0.2 18.6 9 0 2.6 0 0 0.2 0 0 2.6 44 0.2
8.4 0 0 0 0 0 0 0 0 0 0 0 9.6 0 0 0 9 0 0 24
0 0 0 0 0 0 0 0 0 0.2 0 0 0 0.6 0 0 14 0 7.2 0
0.6 0 0 9.2 0 1.4 0 5.4 28.8 0 12.2 6.2 0 6.2 0 0.4 4.8 0 12.8 0
0 0 0 0 35 0 0 0 0 8.2 0 0 0 0 0.2 0 20.4 0 0 16.2
5.6 4.4 9.6 0 0.2 0 0 0 0 0 0 0 0 0 0 0 0 0 0.2 0
0 0 7.8 21.2 3.2 61 0.6 37.6 18.4 0.4 51.4 22 71 52.4 21.2 86 16 0 31 42.8
14.4 19.4 18.4 0 0 0 0 7.6 9.4 8.4 0 18.4 0 0 0 4 0 0 0 4
0 0 0 21 0 0 0 11.4 6.2 0 36.8 0 11 0 0 8.4 22.8 0 12 7.4
2 0 0 0 0 0 0 0 0 0.2 0 17.8 0 0 0 0 0 0 0 0
0 0 4.8 0.4 0 64.4 8.4 6.8 44.8 6.6 0 0.2 0 0 24.6 0 0 0 0 0
18.4 0 0 0 0 0 0 0 0 0 0 12.6 0 0 0 0 0 0 0 0
35.6 0 0.2 0 0 0 0 0 0 0 0 21.2 0 0 0 0 0 0 0 0
0 0 0 0 0 0 0 0 0 0 0 2.2 0 0 0 0 31.4 0 0 27.4
0 0 0 23.2 0 26.6 0 0 0 4.6 39.8 0 6.4 11.8 0 24.2 10.4 0 0.8 0.2
0 0 0 0 0 0 1.6 0 0 0 0 0 0 0 0 0 0 16.2 19.2 0
0 0 0 0.8 3.2 15.2 0 0 0 0 0 2.8 1.6 0 0 0 12.2 0 0.6 10.6
0.2 0 0 11.4 0.2 29 0.2 17 19 24.2 0.2 7 14.4 8.8 0 5.8 10 37.6 1 0
0.2 0 0 9.2 0.2 6.6 0.8 13.2 96.6 0.4 29.8 0.4 0 9.6 15.4 23.8 0 71.4 20.4 0
12 16.2 25.8 0 0 0 0 0 0 0 0 0 0 0 0 0 0 0 0 0
0 9.6 24.4 0.4 0 0 0 0 8.4 0 0 0 0 0.2 0 0 0 0 0 0
13.8 5.4 9.2 0 11 0 0 0.2 0 0 0 31.2 0 0 0 0 27.4 0 0.6 60.2
8.8 0 0 1.2 5.8 1.2 19 0 8.6 0 0 0 0 0 18.2 0.2 3.8 42 24.2 0
30.2 0 4.6 0 34.8 0 0 0 5.2 7.8 0 20.2 5.4 0.4 0 0 46.6 4 0 49.8
0 0 0 0 0 0 0 0 0.6 0 0 0 0 0 10.4 0 0 0 16 0
0 0 22.6 0 15.6 0 0 0 0 0.4 0 0.4 0 0 0 0 0.2 0 13.6 0.2
12.4 0 3.6 0 0 0 0 0 0 0 0 0 0 0 0.2 4.8 0 0 0 0
0 0 0 0 2 0 0 0 0.2 0 0 0 0.2 0 0 0 15.4 0 10.4 32.8
6.2 1 14.2 10 0 1.8 6.2 1 6.4 0 0 1.6 0 0 19.2 0 0 67.8 0.6 0
0 0 0 0.6 7.8 0 0 9.6 2.6 0 12.2 0.8 5.6 0 0 44.6 20.2 0 62 0
4.2 0 0 0 0 0 0 0 0 0 0 1.6 0 0 0 0 11.2 0 0 16
0.8 13.2 20.4 46.2 45.2 19.8 64.8 20.4 0 3.4 7 0.2 4 0 8.6 0 5.2 58.4 0.2 8.2
1.2 0 13 0 0 0 0.2 0 0 0 0 33.4 0 0 0 0 45 0 0.2 42.8
0 0 0 0.2 0 0 0 0 19 1.8 9.8 0 5.2 47.2 0 58.6 1.4 0 21.2 13.6
2.6 1 12.8 0 4.8 46.8 0 11.8 0.8 1.6 0 0.8 0 0.4 8.2 0 0 9.4 8 0
3.2 0 24.8 17.4 20.2 19.8 38.4 55.6 0.2 0.6 55.2 0.2 0.2 8.4 10.4 8.4 1.8 10.8 27.4 28
0 0 0 8.6 1.4 0.4 10.6 42 0 1.6 116.4 0 33 0 0.4 31.6 0 5.2 8.8 0
11.6 7 18.4 0 0 0 0 0 0 0 0 0 0 0 0 0 0 0 0 0
0 0 0 0 0 0 0 0 0 0 0 1.8 0 0 0 0 33.4 0 23.8 0
0 0 0 30.8 0 3 0.4 0.8 0.2 37.4 41.2 0 23 12.6 15 26 0 0 0 34.6
0 1.6 0 27 0 25 8.8 29 75.8 2 15 1 0 5.6 40.8 13 17 99.2 3.8 21.4
12 0 2.2 0 0 0 0 0.2 0 0 0 37 0 0.2 0 0 32.2 0 0.4 45.8
0 0 0 0 0 0 0 0 0 0 0 11.4 5 0 0 0 51 0 0 4.6
0 1.6 0 0 0 13.4 0.6 0 3.6 0.2 16.2 0 0 0 0 0 15.2 4.2 0 13
7.4 16.6 24.4 0 0 0 0 0 0 0 0 0.4 0 0 0 0 0 0 0.2 0
39 7 0 25.2 0 18.6 0 3.6 24.8 0 29.4 43 0 0 0 0 0.6 0 0 0.8
9.2 0 0 0 4.8 0 0 0 0 0 0 0 0.6 0.2 0 0 17.8 0 0 19.4
0 0 0 0 0.6 8 0 0 0.2 0.2 0 0 0 0 0 0 0 0 1 0
15 8.6 14.4 0 0 0 0 0 0 0 0 16 0 0 0 0 0 0 0 0
7.2 0 0 0 3.8 0 0 0 0 0.6 0 7.6 0 0 0 0 4 0 0 0.8
3 0 0 0 0 0 0 0 0 0 0 0 0 0 0 0 9.6 0 0 4.4
18.2 0 3 0.6 0 6.2 0 21 3 2.4 62 0 41 40.2 0.6 67 28 0 16 5.8
0 0 0 0 0 0 0 0 0 0 0 5.2 0 0 0 0 12.6 0 0 8.2
15 0.2 0 0 0 0 0 0 0 0 0 7.8 0 0 0 0 0 0 0 0
0.2 0 0 0 0.2 0 0 0 0 0.2 0 8.8 2.6 0 0 0 5.6 0 0 15.4
0 0 0 0.2 0 9 9.8 6.4 15.8 1.4 9.4 0 0 0 2.2 0 0 25.4 0.2 0.2
0 7 0.4 0 0 0 0 0 0 0 0 19.6 0 0 0 0 0 0 0 0
0 6.6 3.2 0 36.8 0 9.4 0 0 0 0 0 0 0 0 0 9.6 0 0 41.4
0 0 0 0 0.8 6.4 5.8 23 0 0.2 0 0 0 0 0 0 0 16.8 23.2 0.8
0 0 0 0 7.8 0 0 0 0 0 0 19.2 0 0 0 0 0 0 0 31
0 4 0 0 0.4 0 0 0 0 0 0 0 0 0 0 0 0 0 0 25.6
0 0 0 11.6 0.2 10.4 0 0 0 5 0 0 0 0 12 0.2 0 0 0 0.6
3.6 0 0 0 0 20 0 18 47.8 12 10.6 0 0 0 25 31.2 0 0 30.8 0
0 0 5.6 0 0 0.4 0 1 27.8 8.2 0 5.4 0 0.2 0 0.2 0.2 0 0 0
0.8 0.4 0 0 0.2 0 0 0 0 0 0 20.4 0 0 0 0 0 0 0.2 0
0 0 0 0 3.6 23.4 0 0 0 0 45 0 1.6 1.8 0 7.8 5.2 0 0 3.6
0 0 0 0 0 0 0 0 0 0.8 0 4.6 1 0 0 0 0 0 0.6 20
0 4.8 4.6 0 18.2 0 0 0 0 4.2 0 8.4 0 0 0 0 0 0 9.8 0
0 0 0 9.4 0 11.8 0 0 0 0.4 0 0 0 0 0.2 0 0 7.2 0 17
0 0 0 0 1 11.4 0 0 35 0 0 0 0 0 22 0 0.4 11 1 1.2
0 0 0 0 0 9 0 0 2.2 9 0.6 0 0 4.6 0 42.6 0 0 14 0
0 0.8 23.8 25.6 21.2 38.6 15.2 23.4 0 0 5.2 0 7 2.8 64 0.2 8.6 98.6 0 0
0 0 0 0 0 30.8 0.4 0 22 0.2 0 5.8 0.2 0 30.4 0 0 0 27.2 0
0 0.2 0 0 0 30.2 0.2 39.6 32.6 0 48.8 0.4 0 8.8 49 57.4 38 0 30.8 14
16.8 0.4 0 0 0 0 0 0 0 0 0 25.8 0 0 0 0 0 0 0 0
0 5.8 14.2 0 1.8 0 9.4 16.2 0 15 21.6 0 3 5.4 0 14.4 0.2 32.2 11.2 19.6
13.6 3.6 38.8 0 0 0 0 0 0 0 0 0 0 0 0 0 0 0 0 0
0 0 4 0 0 0.2 4 0 25.2 0.4 0 4 0 0.2 0 0 0 8.8 0.2 0
0 0 0 0 0.2 0 0 0 0 0 0 4 0 0 0 0 9 0 0.2 20.6
6.2 0 0 0 0.8 0 0 0 0 0 0 27 0 0 0 0 0 0 0 0
0 0 0 0 0 19 0 13 0.2 24.6 16.6 0 7.2 0 0 8.6 0.8 0 0 9
5.6 0 0 7 0 0 0 7.8 26 22.6 10.2 0 15.6 11.2 10.8 42.4 0 0 0.4 6.4
6.6 13.4 24.6 1 39 19.4 34.2 0.6 40.2 0 19.8 7 22.4 12.4 37.4 44.8 0.4 22.8 0.2 58.8
3.4 0 0.2 0 0 0 0 0 0 0 0 6 0 0 0 0 0 0 14.4 0
0 0 0 2.6 0 0 0 5.2 0 2.8 2.2 0 0.4 0 4.2 0 8.8 7.4 1.2 0.2
0 0 0 0 0 0 0 0 0.2 0 0 6.8 0 0 2.2 0 29.8 0 5.4 14.6
1 0 3.2 0 4 0 0 0 0 3.6 0 0 0 0 0 0 0 0 0 3.2
0 0 0.2 2.6 16 30.2 14.4 25.6 7 5 7.8 0.6 0 10.2 0 0 0 0.2 28.6 0.6
0 0 0.2 0 0.2 22.4 3.6 25.8 0 0.6 0 0 0 0 0.2 0 27.8 0 6.6 0.6
0 4.6 0 0 13.2 0 0 0 0.4 0 0 1.4 0 0 0 0 0 0 0 9.4
0 0 4 0.4 0 1 0 7.8 52.2 0 6.8 0 0.4 16.2 33.2 12.6 0 47.6 0.8 0
0 0 0 0 7 0 5 0 22.8 0.6 0 0 0 0.4 0 0 0 18.6 5.6 0
5.8 0 0 4.6 0.2 0.2 2 0 0 7.2 2.2 0.4 0 0 0 0 28.6 0 9.6 5.2
0.6 0.2 0.6 0 0 0 0 0 0 0 0 6.4 2 0 0 0 10.8 0 0.4 0
0.6 0 0 0 0 0 0 0 0 0 0 20.6 0 0 0 0 16.2 0 0 45.6
0.2 1.4 0 0 5.2 0.4 13.4 14 1 0 8.8 15.2 0 0 1.6 5.4 0 0 10.6 1.8
0 0 14.4 0 0 0 0 0 0 0 0 26.6 0 0 0 0 0 0 0 0
0 0 0 28.6 6.6 0 28.6 0 0.2 10 0 0 3.6 18.6 24.6 6.2 0 0 0 0
0 2 0.6 13.4 3.6 0 8 0 24.2 0 10.2 2.8 1.8 5 17.6 15.8 0 0 0.2 0.8
20.6 0 20.4 0 0 0 0 0 0 0 0 3 0 0 0 0 0 0 0 0
2.8 0 0 0 2.2 0 0 12.6 0 17.4 0 0 0 17.4 0 0.2 0 19.8 0.2 0.4
0 0 5.2 0.2 0.6 17.2 0.2 0 7.4 3.8 0 0 0 0 0 0 1.2 0 7.2 0
0.2 0 0 7.4 1 0 0 0 0 0.2 10 3.8 0 3.6 26.2 2.2 0 0.2 2.2 0
0 0 0 0 0 0 0 0 0 0 0 0 0 0 0 0 13.4 0 2.8 1.8
0 3.8 0.4 10 0 5.6 0.2 0 37.6 4.8 0 0.8 0 0.4 0 0.2 0 0 7.2 0
3.2 0.2 0 0 0.4 14 0 0 0 12.2 0 0 0 0 0.6 0 0 1.4 0 0
29 16 26 1.8 6.2 0 1.4 0 0 3 0 35.4 3.8 3.4 0 0 3.4 0 3.4 22.2
10 4.8 9.4 0 0 0 0 0 0 0 0 9.8 0 0 0 0 0 0 0 0
14.4 2.4 0 0 0 0 0 0 0 0 0 16.2 0 0 0 0 0 0 0 0
0 0 0.8 0 0 1.2 0 0 0 0 0 1 0 0 5 0 0 1.6 10.4 0
0 0 0 0 5.2 13.2 7.8 18 52.8 0 0 0 0 0.6 7.2 15.6 1.4 0 0 0.2
12.4 8 8 0 0 0 0 0 0 0 0 15.6 0 0 0 0 0 0 0 0
0.2 0 0.8 5.6 0 0.2 12.4 0.2 58 0 27 14.6 8.4 21.6 0 21.8 3.6 0 0 13.6
0 0 0 0 15.6 0 0 0 0 0 0 0 0 0 0 0 0 0 0 6.4
0 0 0 11 0 0 2 0 5.4 4 30.6 0 16.8 5.2 18 44 6.6 0 0 3.4
0.2 0 0 0 0 0 0 0 0 0.2 0 17.4 0 0 0 0 0 0 5.2 0
0 0 0 0 6 0 0 0 0 0 0 0 0 0 0 0 18 0 0 12
0 0 0 0 13 0.2 0 0 0 0 0 0 3.8 0 0 0 0 0 0 25
0.2 8.8 0 3.2 7.6 1.2 5.8 0 0 6.4 0 0 1.8 0.2 5 0 2 4.6 2.2 0
0 0 0 10.6 0 0 0.4 0 0 0.2 12.6 0 22.6 31.2 0 0 0.8 0 14.6 0
2.6 0 10.6 0 0 9.2 0 22.2 42.6 2 52 0 12 28 2.6 40.2 38.2 18.8 0 0
3.8 0 0 0 0 0 0 0 0.4 0 5 0 0 0 0.2 0 0 0 1.4 3.2
5.2 0 0.6 0 3.4 0 4.6 26 0.4 0 34.8 14.4 8.2 3.2 0 7 34.6 5 0 8.6
0 0 0 0 0 0 3.8 0 0 1.2 0 0 0 0 0 0 0 5 2.8 0.2
2 0 0 0 0 0 0 0 0 0 0 0 0 0 0 0 15 0 0 0
14 0 0 0 0 0 0 0 0 0 0 0 0 0 0 0 0 0 0 0
0 0 0 0 0 0 0 0 0 0 0 20 0 17 8 0 0 0 0 0
2.8 2.4 11.2 0 0 0 0 0 0 0 0 1.4 0 0 0 0 0.2 0 0 0
0 0 0 10.6 0 10.4 5.4 7.4 6 0.8 34.4 0 6.4 26 38.2 59.8 2 15.6 39 0
0.2 0 0 24.2 18 12 9.6 0.4 0 1.8 13.2 2.6 31.6 33.2 26 19 7 0.2 7 0
0 0 0 6.8 0 31.2 0 0 12.2 11 0 0 4.8 0 0 3.8 0 6 0 13.2
0 4 0 0 5.4 0 0 38.2 34.8 0 5 0 0 0 15 30.8 11.2 7.4 13.6 0.6
0 0 0 0 0 0 0 0 0 0 0 8.8 0 0 0 0 0.2 0 0 0
4.2 0 7.8 0 0 0 0 0 0 0 0 0.8 0 0 0 0 0 0 0.2 0
0 0.4 0 0 0 0 0 0 0 0 0 14.6 0 0 0 0 0 0 0 0
0 0.8 0 0 0 0 0 0 0 0 0 19.2 0 0 0 0 0 0 0 0
3.8 3 0 0 0 0 0 0 0 0 0 0 0 0 0 0 0 0 0 0.2
0 5 0 0 0 0 0 0 0 0 0 5 0 0 0 0 0 0 0 0
3 0 0 0 2.8 0 0 0 0 0.4 0 0 0 10.4 0 0 0 3 0 0.4
0 0 0 0 0 17.8 0 14 14.2 0.4 11.2 0 0 0 20.2 6.6 0 0.6 0 0
11.2 0 0 0 0 0 0 0 0 0 0 0 0 0 0 0 0 0 0.4 0.4
5 0 0 0 4.6 0 0 0 0 0 0 0 0 0 0 0.2 13.6 0 0.2 1.4
0.2 2.8 18 0 0 0 0 0 0 0 0 0 0 0 0 0 0 0 0 0
0 0 0 0 5 0 0 0 0 0 0 0 0 0 0 2 0 0 0 0
0 0 5 0 0 0 0 0 0 0 0 0 0 0 0 0 0 0 0 0
0 0 0 0 3.2 0 0 0 12.4 0 0.2 0 0 0 0 0.2 0.2 0 14.8 0
0 0 0 0 0 0 0 0 0 0 0 0 1 0 0 0 0 0 0 0
1.4 0 0 26.6 0.2 0 0 4.6 0 11.2 16.2 0.2 0.6 0 24.2 24.2 0 0 0.4 0.2
1 0 0 0 0 0 0 0 0 0 0 4 0 0 0 0 0 0 0 0
0 0 0 0 2.4 0 0 5.6 0.2 0 0 0 0.2 0 0 2 40.4 0 0 30.2
7.8 0 0 0 0 0 0 0 0.2 14 4 0 0 0 0 24 0 0 7 0
0 1.2 7.2 0 0 0 0 0 0 0 0 7.6 0 0 0 0 0 0 0 0
0 16 0 0 5.2 0 20.8 0 0 5.4 0 0 0 0 0.6 0 0 0 0 0
0 0.6 0 4 0 1.8 9.2 0 4.2 0.2 0 5.2 0.2 7.4 0 0 1 0 0.2 0
0.2 0 0 0 0 0 0 0 33.2 0 10 0 0.8 0.2 0 22 4.2 0 0 0.4
4.2 0 10.8 0 0 1.2 0 0 5.2 4.6 0 1.4 0 0 0.4 0 0 0 2 12.2
1 0 0 0 0 0 0 0 0 0 0 6 0 0 0 0 2.4 0 0 3.6
0 5 0 15.8 0.2 8 7 0 19.8 0.2 0 0 4.4 10.6 0 5.2 2.8 10.2 0 3.8
0 0.8 0 0 11.2 0 0.2 0 0 0 0 0 0 0 0 0 5.2 0 0 13.6
1.2 0 0 0 0 0 8 7 0 0 12 0 0 0 11.6 0 0 18.2 0 11
0.2 9.8 0 0 0 10 0 0 0 0.6 0 0 0 0 0 0 0 7.4 0 0
0 0 0 0 4 0 0 0 0 0 0 0 0 0 0 0 23 0 0 2
0 3.8 0.2 5.2 0 8.8 5 9 0 0 7.2 0 0 0 0 0 0 7.6 11.2 0
1.2 0 0 0 0 0.2 0 0 0 0 0 0 2.6 0 0 0 6.6 0 0 19.4
0 0 0 11.8 5 0 0 7.4 0 0 0 0 0 8.6 29.4 0 0 19.4 6.4 0
12.8 0 0 0 0 0 0 0 0 0 0 6.2 0 0 0 0 0 0 0 0
0 0 3 0 0 0 0 0 0 0 0 0 0 0 0 0 0 0 0 0
2 0 0 0.2 0 0 0 1 8 0.2 0 0 0 22 7.2 19.6 0 4.2 0 2.6
0 0 0 0 0 0 0 5.4 4 0 5 0 0 0 2.2 7.6 0 0 0.8 0
2 0 7 0 0 0 0.4 0 0 0 0 3.6 0 0 0 0 0 0 0 0
0 0 0 0.4 0 0.2 12.8 0 33 0 12.8 0 2.6 11.2 0 22.8 0 15.8 6.4 0
0.2 0 0 1.2 0 0.6 0 0 0 0.8 0 0 0.4 2.2 4.2 0 13.4 0 0 0
0 0 0 0 0 7.8 4.4 0.4 0 0 0 4.8 0 5 13.2 0 0 17.2 0.2 0
0 0 0 0 0 0 0 8.4 0 0 0 0 5 0 0 0 0 0 1.6 0
0 0 0 14.2 0 0 0 0.6 0.2 0 0 0 0 0 0 5 0 5 0 0
3 0 5 0 0.2 7.2 0 0 0 1.4 0 1 21 0 1.2 9.2 0 0 0.2 12.6
0 0 0 0 5.8 0 0 0 0 0 0 0 0 0 0.6 0 11 0 4.6 0
0 0 0 0 0 0 0 0 0 0 0 17 0 0 0 0 0 0 0 0
0 0 0 0 0 0.4 0 0 15.4 0 0 0 0 0 0.2 0.2 7.2 4.2 0 26.4
0 0 0 0 3 0 0 0 0 0 0 0 0 0 0 0 0 0 0 0
0 0 0.2 0 0.2 0 0 0 0 0 0 9.6 0 0 0 0 0 0 0 0
0 0 0 0 0 0 0 0 0 0 0 7 0 0 0 0 0 0 0 0
0 0 0 0 0 0 0 0 0 0 0 7 0 0 0 0 0 0 0 0
0 0 0 0 0.2 0 0 0.4 0 0 0 0 0 0 0 0 7 0 0 0.4
0 0 0 0 4 0 0 0 0 0.2 0 3 0 0 0 3.8 0 0 0 0
0 0 0 0 0 0 5 0 0 0 0 3 0 0 0 0 0 0 0 0
0.2 0 0 0 0 0.4 0 0.2 0.2 20.8 3.6 0.2 3 0 0 0 0 4 0 0.4
3 0.4 10.6 0 0 0 0 0 0 0 0 0 0 0 0 0 0 0 0 0
0 0 0 0 0 0 0 4.4 0 6.2 0 0 0 7.6 16.8 4 0 0 4 0
0 0 0 0 0 0 0 0 0 0 0 0 0 0 0 0 2 0 0 0
0 0 3.6 0 0 0 0 0 0 0 0 0.4 0 0 0 0 0 0 0 0
0 0 0 0 0 0 0 0 20 0 0 0 0 0 0 0 0 0 0 0
0 0 0 0 0 0 0 1.8 0 0 4 0 0 0 0.2 8 0 0 0 0
0 0 0 0 3 0 0 0 0 0 0 0 0 0 0 0 0 6 0 0
0 0 0 0 0 0 0 0 4 0 0 3 0 0 0 0 0 0 0 0
0.2 0 0 0 0 0 0 0 0 0 0 2.8 0 0 0 0 0 0 0 0
0 0 0 5 0 0 0 0 0 5 0 0 0 0 0 0 0 0 0 0
0 0 0 0 0 0 0 0 0 0 0 3.8 0 0 0 0 0.2 0 0 0
0 0 0 3 0 0 0 0 0 0 0 0 0 0 0 0 0 0 0 0
