1	0.18 0 0 129.78 0 27.78 0 0 0 0 0 370.38 0 0 0 187.62 0 344.36 313.86 0
2	0 0 250.28 0 0 0 32.76 0 0 0 0 0 9.42 0 0 0 0 0 0 30.54
4	0.02 211.32 0 0 0 0 56.02 168.2 0 0 0.02 0 0 0 0 0 0 0 0 165.42
5	0.04 26.94 0 0 0 0 0 36.9 0 0 0.06 0 170.94 0 0 0 0 0 0 0.12
6	0 0 0 51.28 0 0 0 0 0 0 23.72 0 0 0 0 0 0 0 0 0.02
7	0.02 116.32 0 202.94 0 0 145.82 0.04 117.48 0 0 0 147.04 0 0 0 0 337.44 0 142.9
8	0.02 0 0 0 0 75.84 106.58 76.8 0 268.8 0 0 0 21.62 0 0.12 0 0 101.86 100.36
9	0 0 0 363.56 0 0 87.12 0 0 0 0 314.78 0 67.38 0 0 0 0 0 0.14
10	0.02 0 0 131.18 0 0 0 0 0 15.9 110.9 0 0 0 0 0 0 0 0 0
11	0 253.94 0 0 0 0 281.38 0 0 94.6 0 0 0 0 0 0 0 0 0 108.08
12	0 246.68 0 0 0 0 292.7 0 0 0 0 0 0 0 0 0 0 0.02 0 417.62
14	0.08 0 0 359.62 0 0 0 0 0 0 207.18 0 0 0 0 23.78 0 0 0 0.32
16	0 0 0 74 0 0 0 33.98 0 0 0 0 0 0.02 0 0 0 0 0 0
17	0 83.22 0 0 0 0 29.94 0 0 0 0 0 108.84 0 0 0 0 0 0 0
20	0 0 0 139.52 0 0 0 0 0 0 64.48 0 0 0 0 0 0 0 0 0
21	0.02 0 62.36 0 0.02 0 0.02 0 0 32.32 0 0.02 0 0 0 0 0 59.36 39.88 0
22	0.02 376.02 0 0 0 0 129.76 0 0 203.74 0 0 0 0 0 290.46 0 0 0 0.02
23	0 0 0 0 0 123.08 37.02 0 0 0 0 0 62.92 0 0 100.52 0 0 0 279.44
24	0.2 54.6 0 0 0 0 0 0 170.1 0 0 0 0 0 0 0 0 171.98 91.08 0.04
25	0 0 0 175.44 0 0 0 0 0 4 0 422.3 0 0 0 0 0 31.68 181.58 0
26	0 0 0 13.36 0 0 0 163.54 0 0 0 0 0 0 0 0 0 0 0 26.1
27	0.02 146.98 0 0 0 0 0 0 0 0 0 0 0 0 0 0 0 0 0 0
30	0 0 0 0 0 0 0 0 0 0 0 0 0 104 0 0 0 0 0 0
31	0 236.66 0 0 0 0.32 0.38 41.48 0 129.66 0 0 0 0.48 0 0 0 0 0 68.02
32	0 0 0 2.34 0 0 0 0 0 0 67.16 0 30.4 34.54 0.04 0 0 0 0 130.54
33	0 105.12 101.36 0 0 0 0 0 0.02 0 0 0 0 0.08 0 0 0 0 0 49.4
34	0 0 0 0 0 0 0 0 0 0 0 0 0 0 0 0 0 0.02 15.98 0
35	0 0 0 0 0 0 0 0 0.22 20.78 0 0 0 0 0 0 0 0 0 0
36	0 0 0 0 0 0 0 26.98 0 0 0 0 0 0 0 0 0.02 0 0 0
37	0 0 0 0 0 0 0 0 0 0 0 0 18 0 0 0 0 0 0 0
38	0.02 0 291.28 0 0 0.7 0 0 0 0 0 0 0 0 0 0 0 0 0 0
39	0 67.38 0 0 0 0 43.08 0 0 0 0 0 117.18 0 0 0 0 0 0 4.38
40	0 0 42.28 0 0 0 0 0 0 0 0 0 0 0 0 0 0.04 0 84.64 0.02
41	0 26.02 0 0 0 0 28.58 48.4 0 0 0 0 0 0 0 0 0 0 0 0.04
42	0.08 0 0 0 0 0 145.06 0 10.84 0 0 0 0 0 0 0 0 0 190.34 103.64
43	0 0 92 0 0 0 0 0 0 0 0 0 0 0 0 0 0 0 0 0
44	0 53.9 0 0 0 0 0 0 0 0 57.2 0 121.9 0 0 0 0 0 0 0
45	0 0 0 0 0 0 0 0 0 0 251.9 0 0 0 0 0 0 0 0 0.14
46	0 0 0 0.3 0 0 0 27.22 0 0 53.44 0 0 0 0 0 0 0 0 0
47	0.06 0 0 0 0 0 0 0 0 0 70.96 0 0 0 0.04 0 0 0 162.7 141.24
48	0 0 0 0 0 0 0 89.72 0 0 0 0 0 0 0 114.06 0 0 0 222.24
49	0 0 0 0 0 0 0 170.4 0 0 0 0 0 0 0 0 0 0 50.28 0.38
50	0.26 223.1 0 238.9 0 161.58 246.9 0 0 188.92 0 0 0 0 0 357.42 0 648.72 0 8.12
51	0.04 0 20.46 0 0 0 0 215.48 0 0 0 0 0 0 0 0 0 0 0 0.02
53	0 108.32 0 0 0 0 0.18 0 0 0 0 0 206.48 0 0 0 0 0 0 0.02
54	0 171 123 0 0 0 0 0 0 0 0 0 0 0 0 0 0 0 0 0
55	0.04 260.86 0 0 0 0 109.16 0 0 0 0 0 0 0 0 0 0 0 0.02 101.94
56	0.06 183.62 0 0 0 27.7 262.52 0 0 0 0 0 188.2 0 0 242.52 0 0 164.7 251.66
57	0 0 0 0 0 0 0 0 0 23.46 105.52 0 0 0 0 0 0 0 0 0.04
58	0 0 0 0 0 0 0 129.5 0 116.4 22.42 0 0 0 0 78.84 0 0 0 166.82
60	0 0 0.04 0 0 0 0 0 0 0 133.14 0 0 0 0 0.02 0 0 0 79.8
61	0 0 0 0 0 0 0 0 0 0 113.58 0 0 0 0 0 0 0 0 66.42
62	0.02 177.36 126.54 0 0 0 0 0 0 0 0 0 0 0 0 0 0 0 0 0.08
63	0 0 176.28 0 0 0 0 25.72 0 0 0 0 0 0 0 0 0 0 0 0
64	0.06 88.24 0 0 0 0 0 150.04 0 97.96 0 0 0 0 0 389.5 0 0 0 263.2
65	0 0 0 0 0 0 0 219.26 0 0 0 0.12 0 0 0 0 0 0 0 125.62
66	0.02 0 32.38 0 0 0 0 422.56 0 0 0 0 0 0 0 0 0 0 0 0.04
67	0 0 0 0 0 0 0 90.32 0 0 0 0 0 0.02 0 0 0 0 160.66 0
68	0.02 219.12 135.82 0 0 0 0 0 0.04 0 0 0 0 0 0 0 0 0 0 12
69	0.04 0 0 0 0 0 0 175.5 0 439.94 0 0 0 0 0 280.92 0 0 1.24 86.36
70	0.1 0 0 0 0 0 0 253.18 0 0 173.24 30.46 0 0 0 122.12 0 0 194.76 0.16
71	0.02 24.92 0 0 0 0 0 0 0 501.78 0 0 0 0 0 23.52 0 0 134.7 3.04
72	0 0 201.92 0 0 0 0 0 0 0 0 0 0 0 0 0 0 0 129.04 0.06
73	0.16 87.52 0 0 0 0 0 0 0 147.24 0 0 0 0 0 0 0 0 127.06 0
74	0 0 0 0 0 0 0 0 0 0 0 0 0 14 0 0 0 0 0 0
75	0 0 0 0 0 0 0 0 0 0 0 0 15 0 0 0 0 0 0 0
76	0 0 86.88 0 0 0 0 0.08 0 0 0 0 0 64.04 0 0 0 0 0 0
77	0.02 190.62 0 0 0 0 0.02 206.34 0 0 0 0 0 0 0 0 0 0 0 0
78	0.02 0 0 0 0 0 0 0 0 61.64 0 0 5.34 0 0 0 0 0 0 0
79	0.02 415.08 0 0 0 19.7 121 47.02 0 102.48 0 0 0 0 0 223.2 0.06 0 0 114.46
80	0 0 159.98 0 0 0 0 0 0 0 0 0 0 0 0 0 0 0 0 0
81	0.02 0 0 0 0 0 0.02 0 0 0 64.68 0 0 0 0 0 0 0 191.28 51.02
82	0.06 329.98 0 0 0 0 0.02 2.82 0 282.46 0 0 0 0 0 0 0 0 116.64 0
84	0 0 50 0 0 0 0 0 0 0 0 0 0 0 0 0 0 0 0 0
85	0 0 45.44 0 0 0 0 0 0 0 0 0 0 0 0 0.02 0 0 78.46 0.08
86	0.06 0 0 0 0 0 0 124.82 0 53.44 287.56 0 0 0 0 0 0 0 0 1.14
87	0.04 0 0 0 0 0 126.46 185.62 0.02 0 0 0 0 7.38 0 0 0 0 0 139.46
89	0.06 358.76 0 0 0 22.76 0 0 0 54.38 0 0 0 0 0 65.4 0 0 42.22 377.42
90	0 0 0 0 0 0 0.02 114.5 0 0 0 0 0 0 0 0 0 0 120.48 0
91	0 0 0 0 0 0 0 0 0 109.1 0 0 0 0 0 0 0 0 280.9 0.02
92	0.02 96.5 0 0 0 0 121.3 0 0 0 0 0 72.84 0 0 0 0 0 0 13.34
93	0.04 0 0 0 0 0 0 0 29.6 0 138.58 0 0 0 0 0 0 163.76 0 0
95	0.02 82.92 0 0 0 0 0 0 0 330.92 0 0 0 0 0 0 0 0 190.14 0
96	0.28 467.76 0.08 0 0 87.8 167.4 0 0 123.7 0 0.02 0 0 0 0 0 0 0.26 102.7
97	0.04 74.76 0.02 0.12 0 0 0 213.98 0 308.56 0.22 0 0 0 0 195.14 0 0 0 0.18
98	0.14 84.84 0 0 0 115.56 187.48 0 0 206.88 0 0 260.24 0 0 294.3 0 0 0 203.54
99	0.08 0 0.82 0 0 0 0 0 0 394.98 0 0 0 0 0 0 0 0 135.86 0.3
100	0.2 0 0 487.1 0 129.28 136.88 0.04 0 0 0 208.32 119.04 0 0 223.14 0 226.12 0 129.84
101	0.02 0 0 0 0 0 0 0 0 0 0 0 0 0 0 0 0 0 179.98 0
102	0 0 76.92 0.06 0 0 0 0 0 74 0 0 0.02 0 0 0 0 0 0 0
103	0 7.68 0 0 0 0 0 0 0 0 0 0 0 0 8.16 0 0 0 9.16 0
104	0 0 0.04 0 0 0 0 0 0 0 0 0 0 0 6.96 0 0 0 0 0
105	0 0 0 0 0 0 0 0 131 23.96 0 0 0 0 0 0 0 0 0 0.04
106	0 0 0 0 0 0 0 0 0 0 0 132.18 0 0 0 0 0 0 17.82 0
107	0 0 0 0 0 0 0 0 34.88 0 35.62 50.5 0 0 0 0 0 0 0 0
108	0 0 0 63.2 0 0 0 0 43.94 0 0 0 39.86 0 0 0 0 0 0 0
109	0.02 0 0 87.68 0 0 0 0 119.5 0 0 0 0 0 0 0 0 0 143.8 0
110	0 0 0 0 0 0 0 63.98 0 0 0 0 0 0 0.02 0 0 0 0 0
112	0 0 0 0 0 0 0 0 0 0 0 0.04 14.56 0 0 0 0 20.4 0 0
113	0 0 0 0 0 0 0 0 0 0 21 0 0 0 0 0 0 0 0 0
114	0 78.68 0 0 0 0 0 0 0 0 180.3 0 0.02 0 0 0 0 0 0 0
115	0 0 0 0 0 0 0 0.04 0 0 0 0 0 2.04 0 12.2 0 0 36.72 0
116	0.06 0 0 223.86 0 0 0 0 0 0 147.02 0 0 0.04 0 0 0 0 0 0.02
117	0.08 184.32 0 0 0 0 174.24 0 94.94 0 0 272.6 0.36 0 0 0 0 386.46 0 0
118	0 179.72 0 0 0 0 0 0 0 0 0 245.32 0 0 0 0 0 308.96 0 0
119	0 0 0 0 0 0 0 0.58 0 0 0 0 0.02 0 0 0 0 0 12.4 0
120	0 0 62.48 0 0 0 0 0 0 0 0 0 0 0 0 0 0 54.52 0 0
121	0.08 248.18 0 0.02 0 0 0 0 0 68.74 0 355.58 0 0 0 0 0 443.02 59.34 0.04
123	0 0 0 0 0 0 0 0 178.5 0 0 0 0 0 0 0.12 0 144.38 0 0
124	0 0 0 497.86 0 0.08 0 0 0 0 67.62 0 0 0 0 48.16 0 0 0 0.28
125	0.34 0 0 0 0 0 0 0 151.14 0 0 394.76 0 0 0 0 0 141.76 0 0.04
127	0 120.18 0 254.16 0 0 2.82 0 0 0 0 0 39.04 0 0 446.3 0 302.36 0 185.1
128	0 0 0 0 0 0 0 0 172.92 0 0 0 0 0 0.08 0 0 0 0 0
129	0 0 0 342.94 0 0 0 0 0 0 31.96 0 0 0 0 0.1 0 0 0 0
130	0 0 0 0 0 0 0 0 0 0 28.18 0 0 0 0 0 0 10.78 0 0.06
131	0.02 0 0 0 0 0 0 0 0 61.28 0 0 0 188.88 0 30.8 0 0 0 0
132	0 0 0 0 0 0 80.24 0 0 437.6 0.04 0 0 195.96 0 130.16 0 0 0 0
133	0 0 0 0 0 102.24 0 0 0 291 0 0 0 161.76 0 0 0 0 0 0
134	0.06 0 0 0 0 0 0 0 0 0 0 0 0 194.76 0 194.42 0 0 0 264.76
135	0 0 0 0 0 104.74 0 0 0 190.14 0 0 35.4 0 0 130.02 0 0 0.54 337.16
136	0.02 0 0 0 0 0 0 0 0 112.32 0 0 0 218.42 0 11.12 0 0 0 0.14
137	0 0 0 253.02 0 0 45.1 0 0 0 174.52 0 0 0 0 0 0 0 0 59.34
138	0.02 0 0 0 0 0 0 0 45.16 0 0 0.82 0 0 0 0 0 0 0 0
139	0 0 103 0 0 0 0 0 0 0 0 0 0 0 0 0 0 0 0 0
140	0.06 0 25.44 0 0 0 0 0 0 142.5 0 0 0 0 0 0 0 0 0 0
141	0 0 0 0 0 0 0 0 0 115.82 0 0 83.18 0 0 0 0 0 0 0
142	0.02 0 131.98 0 0 0 0 0 0 0 0 0 0 0 0 0 0 0 0 0
143	0 0 0 0 0 0 0 0 0 379.18 0 0 0 81.48 0 75.58 0 0 105.76 0.02
144	0 404.18 0 0 0 0 172.86 0 0 87.96 0 0 0 0 0 0 0 0 42.1 52.9
145	0 0 52.62 0 0 0 0 0 0 0 0 0 0 0 27.24 0.14 0.02 0 46.96 0
146	0 0 0 19 0 0 0 0 0 0 0 0 0 0 0 0 0 0 0 0
147	0.16 0 0 0 0 0 55.2 0 218.28 0 0 69.02 0 0 0 0 0 180.34 0 0
148	0 0 46.5 0 0 0 0 0 77.28 0 0 0 0 0 0 0 0 206.22 0 0
149	0 0 0 65.72 0 0 0 0 0 0 0 0 0 0.28 0 0 0 0 0 0
150	0.06 0 0 330.5 0 0 122.1 0 38 0 0 0 0 0 0 0 0 1.92 32.42 0
151	0 0 0 126.86 0 0 0 0 140.58 218.9 0 54.74 0 0 0 0 0 263.32 0 97.6
153	0 0 0 0 0 25.44 0 1.74 0 123.28 0 0 0 0 0 151.4 0 0 278.56 145.6
154	0 0 0 0 0 0 0 0 0 0 0 0 0 0 0 53.68 0 0 301.86 190.46
155	0 0 54.1 0 0 0 0 167.86 0 0 0 0 0 0 0 0 0 0 0 0.04
156	0.06 144.8 0 0 0 0 155.84 0 0 0 0 0 0 0 0 0 0 0 0 208.28
157	0.06 204.18 59.84 0 0 0 0 0 0 0 0 0 0 0 0 0 0 0 0 151.92
158	0.02 0 0 0.06 0.06 0 0 35.1 42.52 0 0 0 0 0 0 0 0 0 61.24 0
159	0 225.58 0 0 0 0 0 0 0 28.42 0 0 0 0 0 0 0 0 0 0
160	0.04 0 0 0 0 0 0 27 0 0 0 0 29.54 0 0 0 0 0 0 141.44
161	0 369.72 33.72 0 0 0.06 0 79.12 0 133.36 0 0 0 0 0 0 0 0 0 0
162	0 0 86.4 0 0 0.02 0 0 0 0 146 39.32 0 0 0 0 0 0 0 26.28
163	0.02 0 0 0 0 0 0 0 0 29.16 0 0 63.04 97.16 0 84.6 0 0 0 0
164	0.06 0 0 0 0 0 0 0 0 153 0 0 269.9 0 0 0 0 0 0 0.04
165	0.02 0 0 0 0 0 0 0 0 0.02 215.48 0 0 0 0 0 0 0 0 0.5
166	0 0 0 0 0 0 0 0 0 0 201.22 0 0 0.76 0 0 0 0 0 0
167	0 0 149.28 0 0 0 0 0 0 0.02 0 0 0 0 0 0 0 0 0 0.76
168	0.18 101.18 0 0 0 68.4 0 0 0 0 0 0 0 0 0 242.58 0 0 506.5 137.1
169	0 0 0 0 0 0 110.3 0 0 0.02 0 0 0 0 0 0 0 0 241.34 51.34
170	0 0 0.02 0 0 82.82 0 0 0 0 241.08 0 0 0 0 0 0 0 0 78.1
171	0 0 0 0 0 0 0 0 0 0 73.58 0 0.02 0 0 0 0 0 0 143.38
173	0.3 159.96 0.1 0 0 94.12 0 112.06 0 113.7 0 0.02 0 0 0 154.44 0 0 314.48 109.82
174	0.12 371.34 0 0 0 112.6 206.36 0 0 273.72 0 0.04 0 0 0 342.42 0 0 0 99.42
175	0.08 0 0 0 0 0 0 0 0 0 0 0 0 25.42 0 0 0 0 201.84 449.66
176	0.02 436.08 0 0 0 96.66 0 0 0 133.56 0 0 47.36 0 0 0 0 0 0 173.3
177	0.04 215.24 0 0 0 0 0 0 0 0 0 0 0 85.94 0 105.28 0 0 0 17.5
178	0.04 0 0 0 0 310 0 0 0 0 26.1 0 0 0 0 0 0 0 99.86 0
179	0 0 0 0 0 0 65.66 0 0 0 108.26 0 80.16 0 0 0 0 0 193.38 271.58
180	0.02 0 0 0 0 0 59.82 0 0 0 0 0 0.1 0 0 264.12 0 0 0 382.9
181	0.1 176.22 0 0 0 76.38 176.5 0 0 0 0 0 0 0 0 334.58 0 688.02 229.18 0.04
182	0.06 209.26 0 0 0 2.94 49.74 0 0 0 0 0 0 0 0 165.22 0 0 0 283.76
183	0.1 363.5 0 0 0 181.36 0 0 0 88.5 0 0 105.82 0 0 0 0.02 0 0 249.7
184	0.02 171.44 0 0 0 0 0 0 0 0 0 0 163.54 0 0 0 0 0 0 0.02
185	0.08 0 0 0 0 118 0 0 0 0 0 0 348.04 0 0 164.9 0 0 0 175
186	0.02 140.42 0 0 0 0 0 0 0 0 0 0 0 0 0 202.52 0 0 320.18 167.82
187	0 0 63.82 0 0 42 0 0 0 0 0 0 0 0 0 300.12 0 0 0 283.08
188	0.04 273.94 0 0.02 0 0 0 0 0 0 0 0 0 0 0 0 0 0 0 209.98
189	0 0 0 0 0 0 0 0 0 0 0 0 0 0 0 0 0 0 232 0
190	0 45.84 0 0.02 0 75.54 0 0 0 0 275.56 0 0 0 0 0 0 0 0 0.04
191	0 0 0 0 0 9.92 0 87.72 0 235.94 105.14 0 0 0 0 277.32 0 0 0 210.96
192	0 0 0 0 0 0 0 0 0 0 0 0 0 0 0 138.06 0 0 0 238.94
193	0.04 0 0 0 0 0 0 0 0 271.38 145.8 0 86.74 0 0 0 0 0 0 0.06
194	0 0 0 0 0 253.58 0 50.06 0 0 0 0 0 0 0 235.74 0 0 133.82 128.8
195	0.02 488.9 0 0 0 72.92 0 0 0 78.82 0 0 0 0 0 191.16 0 0 0 123.16
196	0 0 0 0 0 0 0 250.86 0 278.38 0 0 0 0 0 143.38 0 0 0 103.38
197	0.08 0 0 0 0 0 0 152.96 0 0 0 0 0 0 0 374.5 0 0 0 265.46
198	0.02 0 0 0 0 34.1 0 0 0 0 81.6 0 44.76 0 0 0.2 0 0 0 226.32
199	0 0 0 0 0 191.18 0 0 0 0 0 0 0 0 0 349.82 0 0 0 0
200	0.04 0 0 0 0 0 0 0 0 145.46 0 0 287.72 0 0 0 0 0 0 161.8
201	0 0 0 0 0 0 0 0 0 0 0 0 167.22 0 0 0 0 0 76.76 0
202	0 155.02 0 0 0 62.76 0 90.22 0 202.1 0 0 0 0 0 0 0 0 300.88 0.02
203	0.02 208.84 0 0 0 0 0 0 0 0 0 0 0 0 0 126.64 0 0 0 251.5
205	0.02 0.02 0 0 0 0 0 0 0 0 0 0 35.56 109.66 0 298.74 0 0 0 0
206	0 0 0 0 0 0 0 0 0.06 0 0 0 0 0 0 0 0 0 131.94 0
208	0.02 0 0 0 0 98.42 0 0 0 0 0 0 0 0 0 0 0 0 405.38 112.18
209	0 0 0 0 0 0 0 0 0 0 0 0 28.38 0 0 0 0 0 251.7 352.92
210	0.08 304.36 0 0 0 35.16 89.62 104.88 0 0 0 0 0 0 0 203.18 0 0.04 263.48 0.22
211	0.02 0 0 0 0 127.26 0 0 0.18 0 0 0 0 81.96 0 170.22 0 0 258.74 14.6
212	0 0 0 0 0 0 0 25.16 0 0.08 111.92 0 0 50.86 0 0 0 0 0 48
213	0.02 0 0 0 0 0 0 0 0 0 369.84 0 0 0.16 0 62.96 0 0 0 0
214	0.04 144.38 0 0 0 0 0 0 0 0 0 0 0 0.04 0 0 0 0 0 170.58
215	0 0 38.68 0 0 0 0 228 0 215.32 0 0 0 0 0 188.86 0 0 0 0.12
216	0.18 0 0 0 0 0 0 296.52 0.24 177.04 0 0 0 0 0 178.44 0 0 106.64 176.92
217	0 0 0 0 0 0 0 48.66 0 0 0 0 175.92 0 0 0 0 0 88.14 0.3
218	0.04 0 0 0 0 0 0 0 0 78.42 0 0.02 407.5 0 0 0 0 0 0 0
219	0.04 0 0 0 0 0 0 0 0 0 0 0 265.9 0 0 0 0 0 0 0.06
220	0 0 0 0 0 0 0 0 0 0 0 169.96 0 0.02 0 0 0 0 0 0.04
221	0.02 0 0 192.16 0 0 0 0 0 0.02 49.78 0 0 0 0 0 0 0 0 0
222	0.2 305.2 0.02 0 0 48.76 0 0 0 0.02 0 99.66 0 0 0 0 0 478.12 139.1 38.92
223	0 0 0 0 0 0 0 0 0 116.44 27.76 0 0 0 0 90.88 0 0 0 239.92
224	0 0 0 138.98 0.02 0 0 0 0 0 0 0 0 0 0 0 0 0 0 0
225	0.02 30.08 0 0 0 0.24 0 42.04 90.8 0 0 0 0 0 0 0 0 87.8 0 0.02
226	0.06 404.26 14.38 0 0 0 0 0 0 0 0 0 0 0 0 0 0 0 0.26 0.04
227	0 426.98 0 0 0 0 0 0 0 0 0.02 0 0 0 0 0 0 0 0 0.04
228	0 533.2 0 0 0 0 0 0 0 0 0 0 0 0 0 0 0.02 0 116.5 70.26
229	0.02 392.26 0 0 0.02 0 0 0 0 0 0 0 0 0 0 0 0 0 49.52 0.18
230	0 408.44 0 0 0 0 0 0 0 60.32 0 0 0 0 0 0 0 0 99.22 0
232	0 162.22 108.78 0 0 0 0 0 0 0 0 0 0 0 0 0 0 0 0 0
233	0 311 0 0 0 0 0 0 0 0 0 0 0 0 0 0 0 0 0 0.02
234	0.08 122.88 0 0 0 87.46 0 0 0 221.08 0 0 256.58 0 0 0 0 0 0 170.9
235	0.04 0 0 50.7 0 0 0 0 173.28 0.78 0 31.18 94.84 0 0 0 0 103.18 0 0
236	0 0 0 0 0 0 0 0 0 0 45.22 0 0 0 0 0 0.02 67.76 0 0
237	0.1 0 0 77.3 0 0 0 0 0 0 0 729.06 0 0 0 0 0 165.36 0 121.18
238	0 0 0 0 0 132.66 73.78 46.9 0 69.28 0 0 0 0 0 0 0 0 256.76 242.64
239	0 215.4 0 0 0 0 0 215.56 0 0 0 0 0.1 0 0 0 0 0 0 2.92
240	0.02 0 0 68.2 0 0 0 0 252.74 0 0 0 0 0.16 0 0 0 0 33.62 0.28
241	0 206.28 64.84 0 0 0 0 0 0 5.26 30.2 0 0 53.4 0 0 0 0 0 0
242	33.04 0 0 163.24 204.7 0 0 0 0 0 0 0 0 0 0 0 0 0 0 0.02
243	80.78 0 0 0 0 0.04 0 0 65.1 0 0 0 0 0 66.32 0 37.66 0 0 0.14
245	175.26 0 0 0 21.54 0 0 0 1.5 0 0.04 116.32 0 0 0 0 186.08 76.22 0 0.06
246	0.08 0 0 223.4 0 0 167.46 0 27 0 0 0 0 0 0 0 0 0 0 0
247	0 0 0 0 0 0 0 0.34 0.7 0 0.02 0.02 0 0 7.92 0 0 0 0 0
248	0.08 0 0 244.9 0 0 167.48 0 84.54 0 0 0 0 0 0 0 0 0 0 0
249	0.02 0 0 52.02 0 0 106.84 0 171.12 0 0 0 0 0 0 0 0 0 0 0.02
250	0 27.36 0 0 0 0 97.06 0 0 0 0 0 0 0 0 0 0 336 113.56 0
251	0 0 0 138.4 0 0 0 0 0 0 21.6 0 0 0 0 0 0 0 0 0
252	0 84.42 0 0 0 0 0 0 38.42 0 0.02 0 0 0 0 0 0 240.12 0 0.02
253	0 0 0 85.96 0 0 0 0 0 0 0 0 0 0 0.04 0 0 0 0 0
254	0.16 3.38 65.8 0 0 0 0 0 0 0 0 17.7 0 0 0 0 0 0 28.96 0
255	0.06 0 0 0 0 0 66.04 0 0 0 0 212.6 0 0 0 0 0 151.96 0 6.34
256	0 0 0 0 38 0 0 0 0 0 0 0 0 0 0 0 0 0 0 0.02
257	0.1 19.32 0 41.6 0 0 111.74 0 0 0 0 0 0 0 0 0 0 565.02 157.18 0.02
258	414.6 121.84 0.08 72.64 152.62 0 72.8 0 0 0 0 1.44 0 0 0 0 298.68 368.18 0 88.14
259	154.94 0 45.98 0 0 0 0 0 0 0 0 0 0 0.04 40.7 0 94.32 0 0 0
260	0.02 0 0 0 0 0 0 0 0 0 0 0 0.06 0 0 0 163.3 64.62 0 0
261	0 0 0 0 0 0 0 0 0 0 0 0 0 0 90 0 0 0 0 0
262	0 0 0 53.84 130 0 0 0 0 0 0 0 0 0 0.02 0 13.14 0 0 0
263	0 0 0 0 0 0 0 0 0 0 0 0 0 0 33 0 0 0 0 0
264	0 0 0 0 0.02 0 0 0 0 0 0 0 0 0 0 0 192.1 23.88 0 0
265	0 334.74 0 0 0 63.02 0 0 0 0 0 0.02 0 0 0 156.56 0 0 137.62 0.04
266	0 0 0 0 0 0 0 0 0 0 0 0 0 0 70 0 0 0 0 0
267	0 0 25.94 0 0 0 0 0 0 0 0 0 0 0 0 0 0 0 0 0.06
268	1.02 0 0 179.34 203.08 0.02 173.58 0 0 0.02 0 0 0 0 0 0 206.92 0 0 0.06
269	153.38 0 0 177.46 497 0 0 0 0 0.08 110.32 0 0 0 0 0 5.86 0 0 62.88
270	97.06 0 0 0 138.1 0 0 0 0 0 0 0 0 0 0.16 0 172.62 0 0 4.04
271	110.06 116.8 0 0 82.36 0 0 0 0 0 0 0 0 0 0 0 197.54 0.24 0 0
272	346.74 0 0 0 269.7 0 73.56 0 0 0 0 0 0 0 0 0 0 0 0 0
13	0.02 0 0 374.36 0 0 0 80.7 0 0 28.1 0 0 0 0 32.82 0 0 0 0
19	0.02 0 0 0 0 0 0 0 0 0 119.38 80.6 0 0 0 0 0 0 0 0.02
111	0 0 0 135.78 0 0 0 140.92 85.78 0.06 0.02 324.8 0 0 0 0 0 57.4 0 0.24
273	0 153.62 0 191.34 0 0 101.76 0 0 0 0 52.34 0 0 0 0 0 123.9 0 0.02
274	0.1 0 0 48.86 0 0 0 103.64 40.94 0 0 326.46 0 0 0 0 0 0 0 0.02
276	0 0 0 396.92 0 0 110.92 0 0 0 0 268.42 0 0 0 106.5 0 3.2 0 0.02
277	0 0 0 131.84 0 0 0 71.16 0 0 0 0 0 0 0 0 0 0 0 0
278	0.06 0 0 0 0 0 0 95.82 0 0 0 0 0 0 0 0 0 68.12 0 0
279	0 0 0 25.14 0 0 0 0 0 0 0 0 0 0 15.64 4.28 0 22.22 0 0.74
280	0.02 0 0 0 0 0 0 0 0 0 0 219.96 0 0 0 0 0 0 0 0
281	0 0 0 0 0 0 0 91.92 0 0 0 100.96 0 0 0 0 0 186.12 0 0
282	0.02 0 0 0 0 0 0 0 45.3 0 0 374.54 70.9 0 0 0 0 180.24 0 0
283	0.1 0 0 191.44 0 0 0 7.58 0 0 182.56 129.96 0 0 0 0.24 0 0 0 0.12
284	0.02 0 0 0 0 0 0 0 0.6 0 0 279.94 0 0 0 0 0 152.6 0 19.84
285	0 0 0 386.7 0 0 0 0 0 0 155.26 0 0 0 0 0 0 0 0 0.04
287	0 0 0 195.3 0 0 0 0 0 0 0 0 0 14.66 0 0 0 0 0 0.04
288	295.34 0 0 0 0.08 0 111.64 0 140.84 0 0 20.1 144.06 0 0 0 423.92 214.64 0 0.4
289	185.32 0 0 0 49.98 0 0 57.66 0.48 0 0 0 0 0 0 6.8 214.38 128.32 0 0.04
290	0 0 35 57.56 0 0 0 0 138.22 2.14 0 0 0 0 0 0 0 0 0 0.1
291	0 0 0 0 0 0 0 0 117.06 0 0 115.5 0 0 0 15 0 96.3 0 0.16
292	94.72 0.04 0.12 0 64.7 0 0 0 0 0 0 0 0 0 0 0 151.32 0 0 0.06
293	0.02 0 0 214.48 0 0 52.22 0 0 0 0 0 0 0 0 0 0 180.28 0 0
294	290.76 68.3 0 0 0 45.74 0 0 118.26 0 0 196.88 0 0 0 0 307.46 146.6 0 0
295	0.02 0 0 0 0 0 29.42 0 1.2 0 0 0 0 0 0 0 0 179.36 0 0
297	0 0 0 164.96 0 0 0 0 0 0 0 0 0 0 0 0 0 0 0 3.06
298	0.08 0 0 0 0 0 184.2 0 0 0 0 0 1.24 0 0 0 0 417.68 0 0.78
299	0 0 0 0 0 0 0 0 0 0 0 0 0 0 0 0 177.98 0 0 0.02
300	527.24 0.34 0 0 58 0 0 0 0 0 0 0 0 0 0 76.3 242.78 307.3 0 0.04
301	161.54 0 0 0.02 198.3 0 0 60.88 3.34 0 0 0 0 0 0 0 198.92 0 0 0
303	0.7 0 0 0 407.3 0 0 0 0 0 0 0 0 0 0 0 0 0 0 0
304	139.44 17.8 0 0 128.12 0 0 0 0 0.08 0 0 0 0 38.98 0 0 81.58 0 0
305	0 0 0 0 243.94 0.02 0 0 0 0 0 0 0 0 0 0 0 0 0 0.06
306	0.06 0 0 0 259.34 0 0 0 0 0 47.58 0 0 0 0 0 0 0 0 0
307	260.96 0 0 0 0 0 28.16 0 0 0 0 0 0 0 0 0 236.88 0 0 0
308	80.98 0 0.02 0 0 0 0 0 0 0 0 0 0 0 0 0 0 0 0 0
309	0 0 0 0 52.2 13.46 0.12 0 0 0 0 0 0 0 0 0.22 0 0 0 0
310	290.5 0 0 0 80.44 0 12.56 0 0 0 0 0 0 0 0 27.5 3 0 0 0
311	39.4 0 0.02 0 193.58 0 0 0 0 0 0 0 0 0 0 0 0 0 0 0
312	195.04 0 0 0 0 0 0 0 0 0 0 0 0 0 0 0 0 0 0 1.02
313	726.36 0 0 0 184.88 0 97.64 0 0 134.92 0 0 0 0 64.14 0 0 0 0 0
314	4.3 0 0 0 0 0 0 0 0 0 0 0 0 0 0.66 0 0 0 0 0.06
315	349.36 0 0 0 136.68 0 24.94 0 0 0 0 0 0 0 0 0 0 0 0 0.02
316	229.64 0 0 0 141.32 0 0 0 0 0 0 0 0 0 0 0 0 0 0 0.02
302	142.72 0 0 130.16 390.58 0 39.28 0 0 0 0.04 0 0 0 0 0 110.24 0 0 102.98
317	0.1 0 0 0 0 0 92.46 97.18 0 0 0 0 0 2.8 0 0 0 0 0 130.48
318	0.14 0 0 0 0 0 0 0 0 379.48 0 13.6 0 0 0 407.02 0 0 0 292.78
319	0 0 0 132.88 147.32 0 0 0 0 0 50.54 0 0 0 0 0 142.22 0 0 0
320	0 0 0 0 0 0 0 0 0 0 0 0 0 62.96 0 0 0 0 0 0.08
321	43.88 0 0 130.78 109.34 0 0 0 0 0 0 0 0 0 0 0 106.12 0 0 33.86
322	151.04 0 0 0 0 0 0 0 0 0 0 114.2 0 0 0 0 282.4 0 0 0.36
323	247.24 0 33.2 0 0 0 0 0 0 0.02 0 0 0 0 0 0 166.64 106.82 0 0.06
324	0.02 0 0 0 0 0 77.24 0 0 0 0 0 0 0 0 0 243.74 0 0 0
325	0 0 0 0 24.54 0 0 0 0 0 0 0 0 0 0 0 194.42 66.04 0 0
326	234.96 0.02 0 0 0 0 0 0 0 0 0 0 0 0 0 0 224.62 1.4 0 0.02
327	0.12 0 0 0 136.44 0 13.7 0 0 0 0 0 0 0 0 0 303.42 0 0 36.3
328	352.22 0 0 0 0 0 0 0 0 0 0 0.02 0 0 0 0 308.14 116.46 0 0.16
329	65.34 0 0 0 0 0 0 0 0 0 0 0 0 0 0.04 0 58.58 0 0 0.04
330	0 0 0 0 0 0 0 0 0 0 0 0 0 0 0 0 105 0 0 0
331	145.28 0 0 0 0 0 0.04 0 0 0 0 0 0 0 0 0 174.68 0 0 0
332	210.14 0 0 0 0 0 0 0 0 0 0 0 0 0 0 0 187.86 0 0 0.06
333	280.6 0 0.02 0 0 0 34.36 0 0 0 0 22.38 0 0 36.28 0 306.16 43.12 0 0.02
334	0 0 0 0 0 0 13.9 0 0 0 0 0 0 0 0 0 148.08 0 0 5.02
335	0 0 0.04 0 0 0 0 0 0 0 0 0 0 0 51.94 0.02 0 0 0 0
336	41.76 0 0 0 32.1 0 0 0 0 0.02 0 0 0 0 19.08 0 0 0.04 0 0
337	0 0 0 0 38.42 0 0 0 0 0 11.58 0 0 0 0 0 0 0 0 0
338	73.58 0 0 0 18.38 0 0 4.86 0.02 0 0 0 0 0 0 0 95.16 0 0 0
339	0 0 0 0 0 0 0 0 0 0 0 0 0 0 97.38 0 22.62 0 0 0
341	33 0 0 0 0 0 0 0 0 0 0 0 0 0 0 0 0 0 0 0
342	0 0 0 0 0 0 0 0 0 0 0 0 0 0 33.04 0 78.96 0 0 0
343	99.46 39.5 0 0 0 0 0 0 0 0 0 0 0 0 0 0 172.04 0 0 0
344	0 0 0 0 168.98 0 0 0 0 0 0 0 0 0 0 0 0 0 0 0.06
345	0 0 0 0 157.96 0 0 0 0 0 0 0 0 0 0 0 0 0 0 0.02
347	114.98 0 0 0 265.9 0 3.02 0.06 0.02 0 0 0 0 0 0 0 0 0 0 0
348	0 0 0 0 53.76 0 0 0 0 0 0 0 0 0 0 0 13.24 0 0 0
349	0 0 0 0 0 0 0 0 0 0 0 0 0 0 76 0 0 0 0 0
350	71.52 0 0 0 0 0 0 0 0 0 0 0 0 0 30.16 0 0.32 0 0 0
351	0 0 0 0 0 0 0 0 0 0 0 0 0 0 0 0 45 0 0 0
352	0 0 0 0 0 0 0 0 0 0 0 0 0 0 45 0 0 0 0 0
354	179.68 0 0 0 0 0 24.2 0 0 0 0 0 0 0 0.12 0 0 0 0 0
355	0 0 0 0.02 0 0 0 0 0 0 0 0 0 0 0 0 97.98 0 0 0
356	0 123 79.12 0 0 0 0 0 0 0 0 57.04 0.82 0.02 0 0 0 0 0 0
357	0 0 0 0 0 0 80.3 0 0 116.72 0 0 0 0 0 420 0 0 0 292.98
358	0 69.16 0 0 0 0 0 0 0 0 0 0 0 0 65.2 0 154.64 0 0 0
359	42.94 0 0 0 0 0 0 0 0 0 0 0 0 0 0 0 0.06 0 0 0
361	0 0 0 0 0 0 0 0 0 0 0 0 0 0 0 0 32 0 0 0
362	61.66 0 0 0 0 0 0 0 0 0 0 0 0 0 1.3 0 0 0 0 0.06
29	0.02 8.52 247.44 0 0 0 0 0 0 0 0 0 0 0 0 0 0 0 0 0
94	0 0 269.38 0 0 0 0 0 0 0 0 0 0 0 0 0 0 0 65.62 0.02
172	0.02 332.2 0 0 0 78.38 214.78 0 0 273.48 0 0 0 0 0 191.46 0 0 15.54 76.12
204	0.06 104.4 0 0 0 56.3 66.18 106.48 0 215.88 0 0 0 0 0 210.98 0 0 278.74 37
231	0 135.36 142.06 0 0 0 0 0 0 0 0 0 0 0 0 0 0 0 35.56 0
363	0 0 27.08 0 0 0 0 0 77.92 0 0 0 0 0 0 0 0 0 0 0
364	0 0 88 0 0 0 0 0 0 0 0 0 0 0 0 0 0 0 0 0
365	0.02 0 103.34 0 0 0 0 0 0 0 0 18.64 0 0 0 0 0 0 0 0
366	0 0 131 0 0 0 0 0 0 0 0 0 0 0 0 0 0 0 0 0.02
367	0.04 37.16 0 0 0 0 0 197.3 0 35.48 0 0 0.04 0 0 0 0 0 148.82 35.14
369	0 0 0 0 0 0 0 0 114 0 0 0 0 0 0 0 0 0 0 0
370	0 0 0 0 0 0 0 0 0 0 0 14.18 12.06 0 0 0 0 69.74 0.02 0
371	0 0 0 0 0 0 0 122.62 0 0 0 0 0 47.38 0 0 0 0 0 0.02
372	0 41.52 0 0 0 0 0 0 0 0 0 17.06 0 35.4 0 0 0 0 0 0
374	0 0 0 0 0 0 0 0 0 0 0 0 0 0 0 0 0 0 19 0
376	0 0 0 0 0 0 0 60 0 0 0 0 0 0 0 0 0 0 0 0
377	0 0 14.28 0 0 0 0 0 0 6.3 0 0 0 0 0 0.04 0 0 0 0.42
378	0.02 0 0 0 0 0 0 60.16 0 212.78 0 0 0 0 0 0 0 0 0 0
379	0.04 0 0 0 0 0 0 0 0 0 0 0 108.96 0 0 0 0 0 0 0
381	0 0 0 0 0 0 0 104.48 0 0 152.92 0 0 0 0 0 0 0 44.6 0
382	0.02 0 0 0 0 0 0 0 0 0 195.04 0 0 0 0 0 0 0 123.92 0.04
384	0 0 0 0 0 0 0 42 0 0 0 0 0 0 0 0 0 0 116.82 0.16
385	0.12 491.32 0 0 0 0 0 85.08 0.06 0 0 0 0 8.42 0 0 0 0 0 0
386	0 0 0 0 0 0 0 49.74 0 0 0 0 0 0 0 0 0 0 148.16 0.12
387	0 0 0 0 0 0 0 95 0 0 60.34 0 0 27.64 0 0 0 0 0 0
388	0 0 49 0 0 0 0 0 0 0 0 0 0 0 0 0 0 0 0 0
389	0 0 56.18 0 0 0 0 0 0 0 0 0 22.82 0 0 0 0 0 0 0
390	0 10.22 0 0 0 0 0 0 0 0 0 0 0.04 0 18.74 0 0 0 0 0
391	0.04 0 121.96 0 0 0 0 0 0 0 0 0 0 0 0 0 0 0 0 0
392	0 0 0 0 0 0 0 0 0 179.1 0 0 0 0 0 0 0 0 10.9 0
393	0 0 177.26 0 0 0 0 0 0 180.54 0 0 0 0 0 0 0 0 138.14 0.06
394	0 0 6.72 0 0 0 0 0 0 0 0 0 0 0 0 0 0 0 23.26 0.02
395	0 0 128.96 0 0 0 0 0 0 0 0 0 0 0.04 0 0 0 0 0 0
396	0.04 0 0 0 0 0 23.86 0 0 0 0 0 111.08 0.02 0 0 0 0 0 0
397	0 0 3.44 0 0 0 0 0 0 0 0 0 0 0 0 0 0.04 0 27.52 0
398	0 0 0 0 0 0 0 39.58 0 0 0.02 0 0 0 0 7.22 0 0 0 0.2
399	0 30.74 196.7 0 0 0 0 0 0 0 0 0 0 0.54 0 0 0 0 0 0
400	0 0 31 0 0 0 0 0 0 0 0 0 0 0 0 0 0 0 0 0
401	0.02 27.74 0 0 0 0 0 155.24 0 0 0 0 0 0 0 0 0 0 0 0
402	0 0 74.08 0 0 0 0 230.02 0 159.9 0 0 0 0 0 0 0 0 0 0
403	0.02 322.28 95.76 0 0 0 0 70.12 0 0 0 0 0 0 0 0 0 0 80.82 0
404	0 0 66.88 0 0 0.04 0 0 0 242.18 0 0 0 31.82 0 0 0 0 0 0.1
405	0.02 206.1 0 0 0 0 0.04 0 96.96 0 0 187.14 0 0.08 0 0 0 340.7 63.94 0
406	0 0 0 0 0 0 0 0 69.06 0 0 0 0 0 10.94 0 0 0 0 0
407	0 0 23.56 0 0 0 0 0 69.42 0 0 0 0 0 0 0 0 0 0.02 0
408	0.02 0 0 152.18 0 0 0 0 0 0 0 0 0 0 0 0 0 0 203.8 0
409	0 0 60.84 0 0 0 0 0 0 0 0 120.1 0 0 0 0 0 0 0 0.08
410	0 0 0 78.24 0 0 0 0 328.74 0 0 0 0 0 0 0 0 0 0 0
411	0.02 0 0 0 0 0 0 0 273.42 0 0 0 0 0 0 0 0 56.46 50.82 0.28
412	0 0 0 0 0 0 0 20.4 140.86 0 0 24.74 0 0 0 0 0 0 0 0
413	0 0 51.7 0 0 0 0 0 0 0 0 0 0 0 55.84 0 0 19.46 0 0
414	0.06 0 0 0 0 104.34 0 0 0 0 0 0 0 65.14 0 0 0 0 0 17.46
415	0 0 56.98 0.02 0 0 0 0 0 0 0 0 0 0 0 0 0 0 0 0
416	0 0 0 0 0 0 0 0 0 197 0 0 0 0 0 0 0 0 0 0
417	0 0 84.56 0 0 0 0 64.32 0 0 0 0 0 43.12 0 0 0 0 0 0
418	0.02 0 28.9 0 0 0 0 0 0 347.08 0 0 0 0 0 0 0 0 0 0
420	0 0 86.78 0 0 0 0 0 0 102.9 0 0 0 0 0 0 0 0 25.12 0.24
421	0 0 0 0 0 0 78.88 113.04 56.02 0 0 0 0 2.22 0 0 0 0 0 50.8
422	0 0 42.26 0 0 0 0 0 0 0 0 11.74 0 0 0 0 0 0 0 0
423	0.02 85.34 0 0 0 0 0 92.66 0 374.72 0 0 0 0 0 198.24 0 0 78.64 122.38
424	0 0 0.02 0.8 0 0 0 0 0 0 0 0.8 15.56 0 0 0 0.82 0 0 0.02
425	0.02 0 0 0 0 0 0 0 0 0 0 0 0 0 0 0 0 0 87.8 156.16
426	0 0 29.32 0 0 0 0 0 30.38 0 0 0 0 0 0.28 0 0 0.02 0 0
427	0.06 0 0 0 0 161.84 0.06 0 0 169.44 0.08 0 0 0 0 261.36 0 0 0 133.16
428	0.02 0 0 0 0 0 0 0 0 0 87.9 0 0 52.74 0 0 0 0 129.46 84.88
429	0 0 0 0 0 0 0 0 0 15.32 0 0 49.52 0 0 123.62 0 0 0 84.56
430	0 0 0 0 0 236.04 0 0 0 0 0 0 0 0 0 0 0 0 15.82 25.12
431	0.02 299.48 0 0 0 0 0 0 0 0 0 0 0 0 0 0 0 0 111.48 0.02
432	0.02 0 0 0 0 0 0 0 0 237.36 0 0 0 89.7 0 0.76 0 0 171.16 0
433	0 0 0 0 0 0 0 92.12 0 0 0 0 0 0 0 0 0 0 216.58 175.3
434	0 0 0 0 0 156.62 0 0 0 0 0 0 59.38 0 0 0 0 0 0 0
435	0 0 0 0 0 189.6 0 22.6 0 0 0 0 0 0 0 284.66 0 0 125.44 56.7
436	0.02 0 0 0 0 0 0 0 0 0 0 0 251.64 0.06 0 0 0 0 32.28 0
437	0 0 0 0 0 0 0 0 0 0.02 0 0 4.98 0 0 0 0 0 0 0
438	0 0 0 0 0 0 0 0 0 0 0 0 7 0 0 0 0 0 0 0
439	0 0 0 0 0 0 0 0 0 0 0 0 0 0 5 0 0 0 0 0
440	0 0 0 0 0 0 0 0 0 0 0 0 14 0 0 0 0 0 0 0
441	0 0 0 0 0 0 0 0 0 0 0 0 85 0 0 0 0 0 0 0
442	0 0 0 0 0 0 0 0 0 0 0 0 0 0 4.9 0 0 0 0 0.12
443	0.04 0 0 0 0 0 0 0 0 104.64 0 0 266.56 155.74 0 0 0 0 0 0
444	0 0 0 0 0 0 0 0 0 0 0 0 96 0 0 0 0 0 0 0
445	0.04 0 0 0 0 48.42 0 0 0 0 0 0 0 0 16.54 0 0 0 0 0
446	0 0 0 0 0 0 0 0 0 0 0 0 16 0 0 0 0 0 0 0.02
447	0 0 0 0 0 0 0 0 0 0 0 0 327.94 0 0 0.02 0 0 0 0.02
449	0.02 288.66 0 0 0 0 0 0 0 5.32 0 0 0 0 0 0 0 0 0 0
450	0.02 130.98 0 0 0 0 0 0 0 0 0 0 0 0 0 0 0 0 0 0
451	0.04 104.92 0 0 0 0 0 237.58 0 0 0 0 0 0 0 0 0 0.02 107.44 0
452	0 0 0 0 0 0 0 0 0 0 0 0 150 0 0 0 0 0 0 0
453	0 0 0 0 0 0 0 0 6.24 0 0 0 17.92 0 0.84 0 0 0 0 0
454	0.16 0 0 0 0 0 0 0 0 13.44 0 0 24.4 0 0 0 0 0 0 0
455	0 42.62 0 0 0 0 0 0 90.32 0 0 0 0 0 0 0 0 129.32 118.74 0
456	0 0 0.64 0 0 0 0 0 86.6 0 0 3.76 0 0 0 0 0 0 0 0
457	34.68 0 0 0 0 0 0 0 0 0 0 0 0 0 0 0 0 0 4.32 0
15	0 0 0 81.44 0 0 0 0 0 152.6 0 551 0 0 0 0 0 129.92 0 0.08
28	0.06 109.46 0 0 0 0 0 180.2 0 0 0 0 0 0 0 269.24 0 0 248.02 21
59	0 0 0 0 0 0 0 0 0 0 115.52 0 0 0 0 0 0 0 0 128.48
275	0.22 0 0 256.7 0 0 0 0 0 0 249.18 223.16 0 0 0 109.7 0 0 0 0.06
286	242.66 0 0 329.34 216.28 0 0 0 0 0 90.78 97.08 0 0.4 0 211.12 188.2 0 0 0.1
340	0.02 0 0 91.94 276.48 0 0 0 0.04 0 0 0 0 0 0.04 18.38 145.06 0 0 1.04
419	0.04 0 0 0 0 48.4 0 0 0 383.98 0.02 0 0 0 0 0 0 0 59.54 0.02
458	0.02 0 0 105.4 0 0 0 0 0 0 3.04 63.58 0 0 0 0 0 55.96 0 0
459	0 0 0 40.58 0 0 0 21.38 0 0 0 0 0 0 0 0 0.04 0 0 0
460	0 0 0 0.08 0 0 0 0 0 0 0 0 0 0 0.02 0 0 73.9 0 0
461	0.04 0 0 0 0 0 0 0 0 0 35.6 0 0 0 0 0 0 0 0 207.38
462	0 0 0 0 0 0 0 22.34 0 0 297.1 0 0 0 0 114.16 0 0 0 0.38
463	0 0 0 0 0 0 0 0 0 0 164.02 0 0.08 0 0 1.06 0 0 53.84 0
464	0 0 0 0 0 0 0 0 0.02 0 93.98 0 0 0 0 0 0 0 0 0
465	0 0 71.5 0 0 0 0 0 0 174.48 0 0 0 0 0 0 0 0 0 0.02
466	0 0 0 0 0 0 0 0 0 0 0 0 50.82 0 0 0 0 0 0 99.18
467	0 0 0 0 0 0 0 0 0 0 0 0 47.48 50.42 0 61.1 0 0 0 0
468	0.02 0 51.26 0 0 0 0 102.56 0 0 0 0 0.08 0 0 8.1 0 0 0 4.98
469	0 0 0 0 0 0 0 0 0 0 0 0.02 86.16 0 0 0 0 0 0 125.82
470	0 210.04 0.54 0 0 0 0 89.72 0 0 0 0 0 0 0 0 0 0 0 3.72
471	0.08 0 0 0 0 0 0 0 0 0 0 443.06 0 0 0 0 0 198.84 0 0.02
472	0.06 117.72 0 0 0 0 0 0 188.78 0 0 0 0 0 0 0 0 104.4 0 0.02
473	0.24 0 0 90.76 0 0 0 0 114.12 0 0 0 0 0 0 0 0 0 78.88 0
474	0.02 0 0 0 0 261.82 0 0 0 0 0 0 0 0 0 0 0 0 89.38 332.78
475	0.06 0 0 501.76 0 0.02 193.56 0 0 0.02 0 0 0 0 0 0 0 29.98 0 80.6
476	0.02 0 0 0 0 0 0 0 51.6 0 0 327.38 0 0 0 0 0 0 0 0
477	0 0 0 0 0 0 0 0 59.2 53.3 0 0 0 0 0 0 0 128.5 0 0.02
478	0 0 0 0 0 78.08 0 0 0 47.82 0 0 0 218.08 0 0 0 0 0 0
479	0 0 0 0 0 116.94 0 0 0 0 0 0 0 239.88 0 117.26 0 0 0 122.92
480	0.04 0 0 0 0 86.22 0.02 0 0 0 0 0 0 222.88 0 193.5 0.04 0 0 124.3
481	0 0 0 0 0 0 0 0 0 0 0 0 0 201 0 0 0 0 0 0.02
482	0 0 0 0 0 0 0 0 0 0 0 0 0 288.8 0 106.16 0 0 0 0.04
483	0.04 0 0.02 0 0 113.78 0 44.8 0 34.02 0.16 0 0.14 148.14 0 300.06 0 0 0 233.82
484	0 0 0 0 0 312.2 0 0 0 0 0 0 0 0 0 0 0 0 0 143.82
485	0.02 0 0 0 0 0 0 105.52 0 0 0 0 0 217.14 0 86.3 0 0 0 0
486	0 0 0.04 0 0 101.36 0 0 0 38.04 0 0 0 70.92 0 0 0 0 0 0.66
487	0.02 0 0 0 0 0 0 0 0 0 0 0 0 190.02 0 28.94 0 0 0 0
488	0 0 0 0 0 0 0 0 0 0 26.56 0 0 203.44 0 0 0 0 0 0.02
489	0 0 0 0 0 0 0 0 0 0 0.02 0 0 165.96 0 0 0 0 0 0
491	0 0 45.76 0 0 176.24 0 0 0 0 0 0 0 0 0 0 0 0 0 0
492	0.02 0 0 0 0 193.98 0 0 0 0 0 0 0 0 0 0 0 0 0 0
493	0 0 0 0 0 62.3 0 0 0 0 0 0 0 138.7 0 0 0 0 0 0
494	0 0 0 0 0 0 0 0 0 0 0 0 0 179 0 0 0 0 0 0
495	0 0 0 0 0 105.7 0 0 0 52.24 0 0.06 0 0 0 0 0 0 0 0
497	0.06 0 0 0 0 0 0 0.1 0 0 0 0 0 213.84 0 0 0 0 0 0
498	0 0 0 0 0 221.36 0 0 0 124.38 0 0 0 81.72 0 0 0 0 0 38.56
499	0.02 0 0 0 0 0 0 0 0 0 0 0 0 204.96 0 0 0 0 0 0
500	0 23.38 0 0 0 0.04 0 0 0 42.98 0 0 0 42.6 0 0 0 0 0 0
501	0.02 0 60.36 0 0 0 0 0.02 0 263.08 0 0 0 1.34 0 0 0 0 33.18 0
502	0 0 0 0 0 0 0 0 0 0 0 0 0 99.02 0 0 0 0 83.98 0
503	0 0 0 0.02 0 89.18 0 0 0 0 0 0 12.6 0 0 0 0 0 0 0.22
504	0 0 0 0 0 0 0 0 0 0 0 0 0 162.46 0 135.16 0 0 0 80.36
505	0.04 0 0 0 0 80.7 0 0 0 0 0 0 0 159.26 0 0 0 0 0 0.02
506	0.02 0 0 0 0 33.44 0 40.8 0 0 0 0 68.64 135.94 0 0 0 0 0 0.16
507	0 0 0 0 0 199.34 0 0 0 39.92 0 0 0.22 0 0 0 0 0 0 48.54
508	0.52 0 0 277.3 0 0 208.42 0 10.78 0 0.02 0 0.2 0 0 50.62 0 90.02 0 0.1
509	0.08 0.28 0 0 0 0 0 0 0 0 257.1 0 0 0 0 99.52 0 0 0 0
510	0.02 111.08 0 0 0 0 0 0 0 0 64.5 0 0 0 0 219.38 0 0 0 0.04
511	0 0 0 0 0 0 0 0 0 0 0 0 0 196.58 0 290.76 0 0 0.06 125.58
512	0 0 0 0 0 0 0 0 0 0 0 0 0 77.52 0 0 0 0 0 100.48
513	0.02 0 0 0 0 159.62 0 0 0 0 0 0 0 0 0 0 0 0 0 94.38
514	0.02 0 0 0 0 123.44 0 0 0 0 47.16 0 0 0 0 90.64 0 0 70.84 228.9
515	0.04 56.22 0 185.16 0 0 0 0 0 0 79.78 0 0 0 0 243.58 0 75.62 0 15.58
516	0 0 0 0 0 48.34 0 15.7 0.02 0 0 0 0 0 0 0 0 0 0 128.94
517	0 0 0 0 0 0 0 0 0 0 61.64 0 0 107.92 0 0 0 0 0 117.44
518	0 0 0 0 0 0 0 0 0 0 65.9 0 73.6 46.74 0 74.76 0 0 0 0
519	0.02 0 0 0 0 168.52 0 0 0 0 0 0 0 75.46 0 0 0 0 0 0
520	0.02 0 0 0 0 210.16 0 0 0 0 0 0 0 0 0 180.8 0 0 0 0.04
521	0.02 0 0 0 0 0 0 0 0 0 0 0 0 91.24 0 124.88 0 0 0 124.84
522	0 0 0 0 0 0 0 0 0 0 0 0 0 0 0 0 0 0 0 99
523	0 0 0 0 0 0 0 0 0 0 0 0 0 0 0 284.06 0 0 59.74 134.2
524	0 0 0 0 0 99.02 0 0 0 0 0 0 0 0 0 0 0 0 0 51
525	0.02 0 0 0 0 0 0 0 0 0 0 0 0 163.96 0 0 0 0 0 66.02
526	0 0 0 0 0 0 0 0 0 73.72 0 0 0 97.2 0 192.02 0 0 0 0.04
527	0 0 0.02 0 0 0 0 0 0 216.4 0 0 0 0 0 235.92 0 0 0 198.66
528	0.04 0 0 0 0 151.5 0 0 0 32.32 0 0 0 0 0 0 0 0 0 189.14
529	0 0 0 0 0 0 0 0 0 0 0 0 0 154.1 0 0.2 0 0 0 141.7
530	0.02 0 0 0 0 187.84 0 0 0 0 0 0 0 0 0 0 0 0 0 80.14
531	0 0 0 0 0 0 77.78 0 0 0 191.56 0 0 0 0 35.46 0 0 0 103.2
532	0.12 2.4 0 0 0 0.02 46.44 0 0 0 0 0 0 0 0 0 11.02 0 0 0
534	0 0 0 0 0 0 0.02 0 6.74 0 0 0 0 0 24.24 0 0 0 0 0
535	0 0 0 0 0 0 40.24 0 0 0 0 0 0 0 84.76 0 0 0 0 0
536	0 0 0 20.98 0 0 0 0 0 0.02 0 0 0 0 0 0 0 0 0 0
538	162.12 0 0 0 0.06 0 0 0 0 0 0.4 0 0 0.02 24.4 0 0 0 0 0
52	0 0 0 0 0 0 0 0 0.1 0 156.36 0 0 52.32 0.06 0 0 0 68.3 7.88
126	0 0 0 102.4 0 0 0 0 0 0 0 204.54 0 0 0 0 0.02 0 0 0.02
207	0.04 0 0 0 0 107.04 0 0 0 0 0 0 0 0 0 0 0 0 19.84 86.08
380	0 259.82 0 0 0 0 0 0 0 0 0 0 0 0 0 0 0 0 47.18 0
448	0.02 0 0 0 0 0 0 0 0 0 0.06 0 236.9 0 0 0 0 0 0 0.02
496	0 0 0 0 0 0 0 0 0 350.98 0 0 0 155.84 0 192.02 0 0 0 74.16
537	0 0 0 0 0 0 46.98 0 0 0 34.02 0 0 0 0 0 0 0 0 0
540	0 0 90.98 0 0 0 0 0 0 0 0 0 0 0 0 0 0.02 0 0 0
541	0 0 99 0 0 0 0 0 0 0 0 0 0 0 0 0 0 0 0 0
542	0 27.38 0 0.02 0 0.04 0 58.66 0 0 0 0 23.9 0 0 0 0 0 0 0
543	0 0 9.04 0 0 5.3 0 0 0 0 20.58 0 1.2 0 0 0 0 0 0 30.88
544	0 0 20.1 72.72 0 0 0 0 0 0 0 0 0 0 0 0 0 81.18 0 0
545	0 21.96 0 0 0 0 0 0 0 0 0 0.02 0 0 0 0 0 0 0 0.06
546	0.06 175.4 0 0 0 0 0 0 151.62 0 0 89.5 0 0 0 0 0 210.34 0 0.04
547	0 0 0 83.52 0 0 0.04 0 0 0 17.3 0 1.14 0 0 0 0 0 0 0
548	0 0 0 0 0 0 0 0 0 0 0 0 0 0 0 0 0 0 18.8 0.2
549	0 0 58.04 0 0 0 0 145.22 0 0 24.62 0.04 25.08 0 0 0 0 0 0 0.02
550	0.02 353.66 51.3 0 0 0 0 0 0 0 0 0 0 0 0 0 0 0 0 0
551	0 0 0 0 0 0 0 0 0 0 0 0 0 0 48.48 0 0 0 4.52 0
552	0 0 117.02 0 0 0 0 0 0 0 0 0 0 0 0 0 0 0 0 1
553	0 0 0 0 0 0 0 156.98 0 0 0 0 0 0 0 0 0 0 0 0
554	0 93.96 155.04 0 0 0 0 0 0 0 0 0 0 0 0 0 0 0 0 0
555	0 0 0 0 0 0 0 0 10.2 0 0 0 0 7.8 0 0 0 0 0 0
556	0 0 1.44 0 0 0 0 0 0 0 0 0 18.56 0 0 0 0 0 0 0
557	0 0 0 0 0 0 0 0 0 0 0 0 0 33 0 0 0 0 0 0
558	0.02 0 0 34.36 0 0 0 0 0 0 75.92 0 0 0 0 0 0 0 0 94.7
559	0.08 0 0 0 0 0 0 93.12 0 0 0 0 264.8 0 0 0 0 0 0 0
560	0 0 0 0 0 0 0 0 0 50 0 0 0 0 0 0 0 0 0 0
562	0 62.86 45.14 0 0 0 0 0 0 0 0 0 0 0 0 0 0 0 0 0
563	0 0 0 0 0 0 0 0 0 0 0 0 56 0 0 0 0 0 0 0
564	0 0 29.26 2.92 0 0 0 0 0 0 0 0 0 0 21.82 0 0 0 0 0
565	0 0 0 0 0 0 0 0 0 29.4 0 0 0 0 18.6 0 0 0 0 0
566	0.16 399.18 0 0 0 0 0 115.64 0 0 0 0 0 0 0 0 0 0 0 0.02
567	0 0 0 0 0 0 0 0 0 31.6 0 0 0 0 0 0 36.4 0 0 13.04
568	0 400.96 0 0 0.02 0 34.4 0 0 236.58 0 0 0 0 0 0 0 0 0 0
570	0 89.02 0 0 0 0 0 46.98 0 0 0 0 0 0 0 0 0 0 0 0
571	0 0 36.12 0 0 0 0 2.98 0 0 0 0 10.9 0 0 0 0 0 0 0
572	0 20.38 0 0 0 0 0 0 49.62 0 0 0 0 0 0 0 0 0 0 0
573	0 0 0 0 0 0 0 0 0 0 0 0 76.92 0.06 0 0 0 0 0.02 0
574	0 0 0 0 0 0 0 0.14 0 0 0 0 26.78 0.02 0 0 0 0 0 0.06
575	0 0 92 0 0 0 0 0 0 0 0 0 0 0 0 0 0 0 0 0.02
576	0 195.94 0 0 0 0 0 0 0 0 0 0 0 0 0 0 0 0 0 0.04
577	0.02 0 70.84 0 0 0 0 0 0 0.02 0 0 0 0 0.12 0 0 0 0 0
578	0.02 0 239.98 0 0 0 0 0 0 0 0 0 0 0 0 0 0 0 0 0
579	0 0 36.86 0 0 0.08 0 0 0.02 0 0 0 0 0 0.02 0 0.02 0 0 0
580	0 0 44.38 0 0 0 0 0 0 0 33.62 0 0 0 0 0 0 0 0 0
581	0 0 126.3 0 0 0 0 0 0 0 0 0 0 15.32 17.38 0 0 0 0 0
582	0 0 0 0 0 0 0 6.24 0 124.26 279.12 0 0 0.36 0 0 0 0 0 78.02
583	0 58.82 1.6 0 0 0 0 22.58 0 0 0 0 0 0 0 0 0 0 0 0
584	0 0 0 0 0 0 0 0 0 143.92 71.08 0 0 0 0 0 0 0 0 0
585	0 0 0 0 0 0 0 68 0 0 0 0 0 0 0 0 0 0 0 0
586	0 0 73 0 0 0 0 0 0 0 0 0 0 0 0 0 0 0 0 0
587	0 0 0 0 0 0 0 0 0 0 0 0 32.72 0 0 0 0 0 0 14.28
588	0.06 0 0 0 0 0 0 0 16.14 419.72 0 0 0 0 0 0 0 0 187.04 1.04
589	0 0 12.96 0 0 0 0 0 0 0 0 0 0 121.04 0 0 0 0 0 0
590	0 0 0 0 0 0 0 0 0 0 0 0 29 0 0 0 0 0 0 0.02
591	0 0 0 0 0 0 0 0 76.68 0 0 310.52 0 0 0.04 0 0.04 77.46 0 36.24
592	0 0 0 0 0 0 0 0 0 15.18 0 0 0 0 7.8 0 0 0 0 0.02
593	0 0.06 0 0 0 0 0 0 0 0 23.56 0 0 0 0 0 0 10.38 0 0
594	0 0 0 0 0 0 0 0 0 0 12 0 0 0 0 0 0 0 0 0
595	0 0 0 0 0 0 0 0.04 0 0 0 0 0 0 11.32 0 0 152.64 0 0.02
596	0.02 0 0 0 0 0 0 0 0 157.08 0 0 0 0 0 0 0 182.88 0 0.02
597	0 91.58 0 0 0 0 0 0 152.76 0 0 31.12 0.04 0 0 0 0 247.48 0 0
599	0 0.04 0.08 0 0 0.18 0 0.02 0 0.02 0.08 0.04 0.2 0.14 0.04 0 0 0 0.08 0.08
600	0 0 0 0 0 0 0 0 0 0 0 0 3.3 0 0 0 0.04 0 0 0.66
601	0 0 0 0 0 0 0 0 0 0.02 0 0 0 56.96 0 0 0 0.02 0 0
602	0 0 0 0 0 0 0 0 0 0 0 0 0 142.98 0 0 0 0 0 0.04
603	0.06 0 0.36 0 0 290.7 0 0 0 46.58 0 0 0 123.42 0 0 0 0 0 248.86
604	0.04 0 0 0 0 188.38 0 0 0 0 0 0 0 68.58 0 0 0 0 0 0
605	0 0 0 0 0 55.48 0 0 0 0 0 0 0 33.52 0 0 0 0 0 0
606	0.02 0 0 0 0 0 0 0 0 0 0 0 0 222.98 0 0 0 0 0 0
608	0 0 0 0 0 90 0 0 0 0 0 0 0 0 0 0 0 0 0 0
609	0.04 48.64 0 0 0 0 0 0 0 7.68 0 25.2 0 81.42 0 0 0 0 0 0.02
610	0 0 0 0 0 118.98 0 0 0 0 0 0.02 0 0 0 0 0 0 0 0.04
611	0 0 0 0 0 55.96 0 0 0 0 0 0 0 79 0 0 0 0 0 0
612	0 0 0 0 0 108 0 0 0 0 0 0 0 0 0 0 0 0 0 0
613	0.02 0 0 0 0 0 0 0 0 0 0 0 0 80.98 0 0 0 0 0 0
614	0 0 0 0 0 0 0 0 0 17.82 0 0 0 139.18 0 0 0 0 0 0
615	0 0 0 0 0 208 0 0 0 0 0 0 0 0 0 0 0 0 0 0
616	0 0 0 0 0 0 0 0 0 0 0 0 173 0 0 0 0 0 0 0
617	0 0 0 0 0 60.5 0 0 0 0 0 0 0 0.5 0 0 0 0 0 0
618	0 0 0 0 0 0 0 0 0 0 50.48 0 0 0 0 10.52 0 0 0 0.02
619	0.02 0 0 0 0 0 0 0 79.4 0 0 44.4 0 0 0 0 0 51.16 0 0
620	0 0 0 0 0 0 0 29.44 29.94 17.76 0 0 0 0 0 0 0.04 37.82 0 0
621	0 0 0 0 0.12 0 0 0 0 0 0 0 0 21.7 0 2.04 0.02 0.12 0 0
622	0.04 0 83.32 0 0 0 0 0 0 0 0 0 0 0 0 31.64 0 0 0 0
623	0 0 94 0 0 0 0 0 0 0 0 0 0 0 0 0 0 0 0 0
624	0 0 58.58 0 0 0 0.04 0 0 0 0 0 0 0 0 6.38 0 0 0 0
625	0.02 0 102.64 0 0 0 0 0 0 0 0 0 0 0 0 0.02 0 0 113.3 0.02
626	0 0 0 0 0 0 0 0 0 0 0.02 0 9.98 0 0 0 0 0 0 0
627	0 11.38 122.06 0 0 0 0 0 0 0 0 0 0 0 0 0 0 0 46.56 0.02
628	0.04 0 0 0 0 0 90.86 0 0 0 0 218.46 82.72 0 0 0 0 76.86 0 0.06
629	0 0 0 0 0 0 0 0 0 59.68 0 0 0 0 0 0 0 0 76.24 67.06
630	0 0 18.74 0 0 0 0 0 0 0 0 0 0 59.26 0 0 0 0 0 0
631	0 0 0 0 0 0 0 82.6 0 0 75.26 0 0 99.2 0 0 0 0 0 86.94
632	0.02 0 0 0 0 0 0 0 0 0 103.18 0 0 0 0 83.8 0 0 0 0
633	0.02 0 0 0 0 64.74 0 0 0 129.24 0 0 0 0 0 0 0 0 0 0
634	0 0 0 0 0 0 0 0 0 0 0 0 0 37.24 0 0 0 0 18.48 27.28
635	0 0 0 0 0 0 0 0 6.56 0 0 0 41.42 0 0 0 0 0.02 0 0
636	0.02 197.96 0 0 0 0 0 0 0 0 0 0 46.02 0 0 0 0 0 0 0
637	0 0 0 0 0 0 0 0 0 0 0 0 95 0 0 0 0 0 0 0
638	0 0 0 0 0 1.42 0 0 0 0 144.54 0 0.02 0 0 0 0 0 0 0.02
640	0.02 0 0 0 0 0 0 0 0 0 115.44 0 0 59.68 0 0 0 0 32.86 0
641	0 0 0 0 0 105 0 0 0 0 0 0 0 0 0 0 0 0 0 0
642	0.04 0 0 0 0 0 0 0 0 0 0 0 119.28 0 0.02 0 0 0 0 138.66
643	0 0 0 0 0 0.72 11.28 0 0 0 0 0 0 0 0 0 0 0 0 0
644	0 0 0 0 0 0 22.98 0 0 0 0 0 0 80.02 0 0 0 0 0 0
645	0 0 0 0 0 0 0 29.26 0 0 0.08 0 0 0 0 0 0 0 0 62.66
646	0.06 0 0 0 0 82.26 0 0 0 0 0 0 24.66 0 0 0 0 0 0 0.04
647	0 0 0 0 0 0 0 0 0.02 0 53.64 0 0 95.3 0 0 0 0 0 80.02
648	0 0 0 0 0 0 0 0 0 0 0 0 0.02 166.88 0 0 0 0 60.88 1.24
649	0 0 0 0 0 0 0 0 0 0 0 0 72.76 0 0 0.04 0 0 0 67.18
650	0.02 0 0 0 0 105.22 0 0 0 0 0 0 28.12 0 0 0.14 0 0 0 49.5
651	0 167.3 0.02 0 0 39.06 104.1 0 0.06 177.84 76.62 0 0 0 0 0 0 0 0 0
652	0 0 0 0 0 0 0.04 0 0 0 113.88 0 0 0 0.02 0.02 0 0 139.5 0.54
653	0 0 0.02 0 0 45.4 0 0 0 0 0 0 0 53.52 0 0 0 0 0 0.1
654	0.04 0 0 0 0 171.58 0 0 0 0 0.02 0 0 63.4 0 0 0 0 0 262.92
655	0.04 44.66 0 0 0 0 110.14 160.92 0 110.76 0 0 0 0 0 0 0 0 178.54 102.94
656	0.02 0 0 0 0 0 0 0 0 0 0 0 0 159.92 0 0 0 0 0 0.06
657	0 0 0.02 0 0 244.08 0 0 0 0 0 0 48.74 65.84 0 0 0 0 0 103.32
658	0.06 0 0 0 0 0 0 127.74 0 0 0 0 92.02 0 0 0.16 0 0 0 2.04
659	0.02 0 0 0 0 247.72 0 42.98 0.02 0 0 0 0 0 0 0 0 0 0 73.26
660	0 0 0 0 0 0 0 219.04 0 157.04 42.06 0 0 0.88 0 0 0 0 0 31.96
661	0.02 0 0 0 0 239.24 0 0 0 0 0 0 0 0 0 42.42 0 0 0 21.32
662	0 0 24.34 0 0 0 0 0 0.08 124.04 0 0 0 0 0 0 0 0 37.82 31.72
663	0.02 0 0 0 0 0 0 0 0 0 6.04 0 0 103.28 0 0 0 0 118.34 127.36
664	0 0 0 0 0 0 0 0 0 0 5.94 0 0 0 0 0 0 0 0 125.04
665	0.04 120.1 0 0 0 0 0 0 0 0 0 0 118.84 0 0 0 0 0 0 0
666	0 0 0 0 0 0 0.8 0 0 0 0 0 9.2 0 0 0 0 0 0 0
667	0 0 0 0 0 0 0 0 0 0 0 0 7.78 9.22 0 0 0 0 0 0
668	0 0 0 0 0 0 0 0 0 0 0 0 8 0 0 0 0 0 0 0
669	0 0 0 0 0 0.02 0 0 0 0.12 0 0 16.8 0 0 0.06 0 0 0 0
670	0 0 0 0 0 0 0 0 0 0 0 0 91 0 0 0 0 0 0 0
671	0 0 0 0 0 0 0 0 0 0 0 0 0 127 0 0 0 0 0 0
672	0.02 0 0 0 0 0 0 0 0 0 0 0 150.98 0 0 0 0 0 0 0
673	0 0 0 0 0 0 0 0 0.02 0 0 31.14 112.1 71.94 0 0 0 0 0 41.8
674	0 0 0 0 0 0 0 0 0.02 0 0 0 108.98 0 0 0 0 0 0 0
675	0 0 0 0 0 0 0 0 0 0 0 0 96.22 65.78 0 0 0 0 0 0
676	0 0 0 0 0 0 0 0 0 0 55.72 60.78 0 0 0 0 0 82.5 0 0
677	0 0 0 0 0 3 0 0 0 0 0 0 0 0 0 0 0 0 0 0
678	132.86 34.32 0 0 0 0 0.02 0 0 0 0 0 0 0 0 0 163.66 167.14 0 0
679	0 254.28 0 0 0 0 0 0 0 2.98 0 0 0 22.74 0 0 0 0 0 0
680	0 0 0 0 0 0 0 0 0 0 0 0 0 0 80.98 0.02 0 0 0 0
681	0.02 0 0 0 0 0 0 0 0 0 0 0 0 0 0 0 55.98 0 0 0
682	134.08 0 0 0 52.3 0 0 0.12 0 0 0 0 0 0 74.5 0 0 0 0 0
683	0 0 0 0 0 0 0 1.16 0 0 0 0 0 0 0 0 91.84 0 0 0
684	0 309.58 0 0 0 0 0 82.84 0 0 0 0 0 0 0 81.38 0 0 0 41.2
685	0 0 0 0 0 0 0 0 181.42 0 0 70.74 0.02 0 0 0 0 162.82 0 0
686	0 61.12 37.42 0 0.24 0 0 0 0 0 0 0 0 43.22 0 0 0 0 0 0
687	0.02 0 0 0.22 0 0 0 0 0 0 0.02 0 0 0 0.02 0 127.22 0 13.5 0
688	0 0 0 0 49.78 0 0 0 0 0 0 0 0 0 0 0 0 18.22 0 0.02
689	180.04 0 0 0 0 0 0 0 0 0 0 0 0 0 0 0 49.94 0 0 0
690	264.32 0 0 0 145.66 0 0 0 0 0 0 0 0 0 0 0 0 0 0 0.02
691	0 0 0 0 0.02 0 0 0 0 0 0 0 0 0 0 0 47.98 0 0 0
692	0.02 0 0 0 0 0 0 317.58 0 172.2 0 0 0 0.2 0 0 0 0 0 0
693	0 45.72 41.28 0 0 0 0 0 0 0 0 0 91.76 51.68 0 0 20.48 0.08 0 0
694	0 0 0 0 0 0 0.02 14 0 0 121.98 0 0 0 0 0 0 0 0 0
695	0 0 0 0 0 0 16.92 0 1.38 0 0 0 0 8.28 0 0 0 0 0 0.44
696	0 0 0 55.18 0.1 0 0 0 20.2 0 0 103.46 0 0 0 0 0 0 0 0.04
697	0.02 0 0 0 0 0 0 68.68 0 0 0 0 38.3 0 0 0 0 0 0 0
698	0 0 0 0 0 0 0 0 0 0 0 0 6.32 19.68 0 0 0 0 0 0
699	0 0 0 0 0 0 0 133.6 0 156.42 0 0 0 0 0 0 0 0 0 19.98
701	0 0 0 0 0 0 0 0 0 0 0 0 0.02 0 0 0 0 0 0 28.98
702	0 0 0 0 0 0.06 0 85.5 0 0 0 0 0 0 0 0.06 0 0.06 0 57.32
703	0 0 0 0 0 0 0 47 0 0 0 0 0 0 0 0 0 0 0 0
704	0 0 0 0 0 0 0 45.06 0 0 0 0 0 0 0 13.7 0 0 0 2.26
705	0.04 0 0 0 0 1.54 0 0 0 0 0 0 0 298.26 0 123.1 0 0 0 0.04
706	0 0 0 0 0 0 0 0 0 0 0 0 15.98 0 0 0 0 0 0 0.02
708	0.04 0 0 0 0 0 0 126.9 0 0 0 0 0 0 0 0 0 0 0 155.06
709	0.08 0 0 0 0 0 0 76.1 0 0 130.56 0 0 0 0 0 0 0 71.7 70.56
710	0.02 0 0 0 0 0 0 0 0 0 0 0 0 0 0 0.02 0 0 224.22 0.74
711	0 0 0 0 0 0 0 0 0 0 0 0 0 4 0 0 0 0 0 0
712	0 0 0.06 0 0 0 0 0 0 0 0 0 0 0 0 0 0 0 52.92 63.04
83	0.06 0 0 0 0 0 0 185.4 0 0 180.72 0 0 0.26 0 0 0 0 126.16 50.38
88	0.1 0 45.18 0 0.04 0 0 273.56 0 167.48 0 0 0 0 0 0 0 0 86.64 0
383	0 0 0.04 0 0 0 0 28.9 19 0 0 0 0 0 0 1.06 0 0 0 0
561	0 40.74 0 0 0 0 0 0 0 0 0 0 92.26 0 0 0 0 0 0 0
707	0 0 0 0 0 0 0 143.84 0 0 0.04 0 0 79.12 0 0 0 0 0 0
713	0 0 0 54.3 0 0 0 40.58 0 0 59.02 42.1 0 0 0 0 0 0 0 0
714	0 0 0 0 0 0 0 36 0 0 0 0 0 0 0 0 0 0 0 0
715	0.02 20.86 0 0 0 0 0 125.56 0 0 0 0 0 0 0 0 0 0 0 70.56
716	0 0 0 20.28 0 0 0 136.2 0 0 0.5 0 0 0 0 0 0 0 0.02 0
717	0 0 0 0 0 0 0 0 88.24 0 0 0 0 0.02 0 0 0.02 90.72 0 0
718	0 0 0 0 0 0 0 0 0 0 11.5 0 0 0 0 0 0 13.02 17.48 0
719	0 0 0 0 0 0 0 0 0 0 0 0 66 0 0 0 0 0 0 0
720	0 0 213 0 0 0 0 0 0 0 0 0 0 0 0 0 0 0 0 0
721	0 0 0 0 0 0 0 74.04 71.92 0 0 0.02 0 0.02 0 0 0 0 0 0
722	0.02 0 146.94 0.04 0 0 0 0 0 0 0 0 0 0 0 0 0 0 0 0
723	0.02 0 0 0 0 0 0 98.98 0 0 0 0 0 0 0 0 0 0 0 0
724	0 0 0 0 0 0 0 222 0 0 0 0 0 0 0 0 0 0 0 0
725	0 0 0 0 0 0 0 0 0 0 0 0 0 0 0 0 0 0 33 0
726	0 0.02 13 0 0 0 0 0 0 0 0.06 0 15.92 0 0 0 0 0 0 0
727	0 21.86 0 0.06 0 0 0 133.42 0 30.62 0 0 0 0 0 0 0 0 0 0.04
728	0 0 112 0 0 0 0 0 0 0 0 0 0 0 0 0 0 0 0 0
729	0.02 0 44.34 0 0 0.02 0 0 0 144.8 0 0 0 0 0 0 0.06 0 0 58.76
730	0 0 0 0 0 0 0 0 0 0 66 0 0 0 0 0 0 0 0 0
731	0 0 0 0 0 0 0 96 0 0 0 0 0 0 0 0 0 0 0 0
732	0.06 0 0 0 0 0 0 241.72 0 65.9 0 0 0 0 0 0 0 0 183.32 0
733	0 0 0 0 0 0 0 21.9 0 0 0 0 0 0 0 0 0 0 0 15.1
734	0 0 0 0 0 0 0 55 0 0 0 0 0 0 0 0 0 0 0 0
735	0 0 0 0 0 0 0 151.22 0 136.32 0 0 0 0 0 36.58 0.02 0 0 85.86
736	0 0 0 0 0 0 0 107.58 0 0 157.42 0 0 0 0 0 0 0 0 0
737	0 0 0 0 0 0 0 86.34 0 0 0 0 0.14 0 0 0 0 0 0 43.52
738	0 0 0 0 0 0 0 66 0 0 0 0 0 0 0 0 0 0 0 0.02
739	0 0 157.64 0 0 0 0 221.62 0 0 0 0 0 0 0 0 0 0 22.72 0
740	0 0 0 95.92 0 0 0 0 0 0 37.68 0 0 0 0 0.1 0.04 0 23.26 0
741	0 0 0 85 0 0 25.1 0 49.22 0 0 0 0 0 0 0 0 22.68 0 0
742	0.16 102.3 0 8.26 0 0 10.78 0.02 124.86 0 0 250 0 0.02 0 0 0 302.6 0 0
743	0 0 0 0 0 0 0 0 37.36 0 0 0 0 0 0 0 0 0 25.64 0.02
744	0 0 0 139.44 0 0 0 0 0 0.02 0 111.52 0 0 0 0 0 0 0 0
745	0 0 0 0 0 0 0 0 0 0 0 0 0 0 0 0 0 0 0 43
746	0.04 170.24 146.62 0 0 0 0 0 0.4 0 0 0 0 0 0 0 0 0 0 61.72
748	252.02 44.6 0 0 0 0 0 0 0 0 0 0 0 0 0 0 218.12 248.24 0 0
749	0 0 0 0 99.6 21.4 0 0 0 0 0 0 0 0 0 0 0 0 0 0
750	222.1 0 0 0 132.16 0 28.74 0 0 0 0 0 0 0 0 0 0 0 0 0
751	303.96 0 0 0 0 14.78 0 0 0 0 0 0 0 0 50.82 0 39.76 0 76.66 0.02
752	0 0 0 0 69.2 0 0 0 0.02 0 0 0 0 0 0 0 20.78 0 0 0
753	0 0 0 0 0 0 0 0 0 0 85 0 0 0 0 0 0 0 0 0
754	104.32 0 0 0 0 0 0 0 0 0 0 0 0 0 0 0 57.68 0 0 0
152	0 0 0 0 0 0 0 0 0 0 0 0 0 105.92 0 0 0 0 82.86 53.24
346	41.24 0 0 0 280.22 0 60.26 0 0 0 0.26 0 0 0 0 0 0 0 0 0
353	0 0 0 0 32.98 0 0 0 0 0.02 0 0 0 0 0 0 0 0 0 0
360	0 0 0 0.08 18.92 0 0 0 0 0 0 0 0 0 0 0 0 0 0 0
539	0 0 0 0 42.58 0 0 0 0 0 0 0 0 0 0 0 50.42 0 0 0
569	0 82.28 0 0 0 0 0 0 0 0 0 0 0 0 56.72 0 0 0 0 0
639	0 0 0 12.88 0 0 0 0 0.02 0 0 0 0 99.1 0 0 0 0 0 0
747	0.02 0 0 0 0 0 0 182.52 0 113.5 0 0 0 0 0 0 0 0 13.96 0
755	0 25.4 0 0 0 0 0.18 0 0 215.42 0 0 0 0 0 0 0 0 0 0
757	0 0 0 0 3 0 0 0 0 0 0 0 0 0 0 0 0 0 0 0
758	0 0 0 0 0 0 0 0 31 0 0 0 0 0 0 0 0 0 0 0
759	0 0 0 0 0 0 14 0 0 0 0 0 0 0 0 0 0 0 0 0
760	0 0 0 0 0 0 0 0 63.12 0 0 0 26.88 0 0 0 0 0 0 0
761	0 1.2 0 0 0 0 0 48.7 59.1 0 0 0 0 0 0 0 0 0 0 0
762	0 0 0 127.44 0 0 0 81.24 88.32 0 0 0 0 0 0 0 0 0 0 0
763	0.1 0 0 0 0 0 0 0 229.12 0 0 116.84 0 0 0 0 0 55.94 0 0
764	0 0 18.5 0.18 0 0.02 0 0 0 0 0 40.3 0 0 0 0 0 0 0 0
765	0 0 71 0 0 0 0 0 0 0 0 0 0 0 0 0 0 0 0 0
766	0 0 0 0 24.98 0 0 0 0 0 0 0 0 0 0 0 0 0 0.02 0
767	0 0 0 0 0 0 0 3.88 0 0 0 0 0 8.9 3.2 0 0 0.02 0 0
768	0 0 125 0 0 0 0 0 0 0 0 0 0 0 0 0 0 0 0 0
769	0 0 68.42 0 0 0 0 0 0 0 0 0 0 0 18.54 0 0 0 0 0.06
770	0.08 84.12 0 0 0 0 0 0 0 0 0 0 87.78 0 0 0 0 0 0 0
771	0 0 92 0 0 0 0 0 0 0 0 0 0 0 0 0 0 0 0 0
772	0 0 0.54 0 0 0.1 78.38 0 0 0 0 0 0.96 0 0 0 0 0 0.02 44
773	0 0 0 0 0 0 0 0 0 0 0 0 49 0 0 0 0 0 0 0
774	0 0 0 0 0 0 31.34 0 19.72 0 0 0 23.88 0 0 0 0 0.06 0 0
775	0.02 0 59.98 0 0 0 0 0 0 0 0 0 0 0 0 0 0 0 0 0
776	0 0 0 0 0 0.22 0 21.78 0 0 0 0 0 0 0 0 0 0 0 0
777	0 0 0 0 0 0 0 0 0 0 0 0 0 0 4.92 0 0 0 0 0.08
779	0 0 64 0 0 0 0 0 0 0 0 0 0 0 0 0 0 0 0 0
780	0 0 179.48 0 0 0 0 0 4.52 0 0 0 0 0 0 0 0 0 0 0
781	0 0 0 0 0 0 0 237 0 0 0 0 0 0 0 0 0 0 0 0
782	0.02 0 0 0 0 0 0 0 0 0 25.98 0 0 0 0 0 0 0 0 0
783	0 0 92.92 0 0 0 0 0 0 0 0 0 0.08 0 0 0 0 0 0 0
784	0 0 0 0 0 0 0 1.24 0 0 0 0 0 0 0.34 0 0.42 0 0 0
785	0 0 0 0 0 0 0 102 0 0 0 0 0 0 0 0 0 0 0 0
786	0 1.34 0.18 0 0 0 0 34.48 0 0 0 0 0 0 0 0 0 0 0 0
787	0 0 0 0 0 0 0 0 0 33 0 0 0 0 0 0 0 0 0 0
788	0 0 0 0 0 0 0 0 0 0 0.78 0 1.22 0 0 0 0 0 0 0
789	0 0 0 0 0 0 79.58 0 49.4 0 0 0 0 0 0 0.02 0 0 0 0
790	0 0 165.66 0 0 0 0 7.34 0 0 0 0 0 0 0 0 0 0 0 0
791	0 0 24.98 0 0 0 0 0.02 0 0 0 0 0 0 0 0 0 0 0 0
792	0 0 0 0 0 0 0 111.44 0 0 0 0 0 102.12 0 0 0 0 55.44 0
794	0 0 134.84 0 0 0 0.02 0 0 0 0 0 0 0 0 0.02 0 0 0.12 0
795	0.02 0 0 0 0 0 0 36.98 0 0 0 0 0 0 0 0 0 0 0 0
796	0 0 81.94 0 0 0 0 0 0 0 0.06 0 0 0 0 0 0 0 0 0
797	0.02 75.98 0 0 0 0 0 0 0 0 0 0 0 0 0 0 0 0 0 0
799	0 0 0 0 0 9.7 0.02 0 0 0 0 0 0 0 2.28 0 0 0 0 0
800	0 30.2 0 0 0 0 14.3 0 17.5 0 0 0 0 0 0 0 0 0 0 0
801	0 0 0 0 0 0 0 32.14 0 4.86 0 0 0 0 0 0 0 0 0 0.02
802	0 0 88.98 0 0 0 0 0 0 0 0 0 0 0 0 0 0 0 0 0
804	0 0 0 0 0 0 0 0 0 0 0 0 0 0 0 0 0 0 16 0
805	0 0 0 0 0 0 0 0 0 0.02 0 0 0 70.98 0 0 0 0 0 0
806	0 0 0 0 0 11.12 0 0 0 39.18 0 0 62.88 0 11.82 0 0 0 0 0
807	0 0 20.4 0 0 0 0 2.56 0 0.02 0 0 0 0.02 0 0 0 0 0 0
808	0 81.22 0 0 0 0 0 0 4.78 0 0 0 0 0 0 0 0 0 0 0
809	0 0 107.98 0 0 0 0 0 0 0 0 0 0 0 0 0 0 0 0 0.04
810	0 0 106.96 0 0 0 0 0 0 0 0 0 0 0 0 0 0 0 0 0.02
812	0 0 42.98 0 0 0 0 0 0 0 0 0 0 0 0 0 0 0 0 0.02
814	0 0 0 0 0 0 0 0.18 0 0 0 0 0 0 0 0 4.82 0 0 0
815	0 0 0 0 0 0 0 0 75.74 0 0 210.26 0 0 0 0 0 0 0 0
816	0 0 0 0 0 0 1.46 0 41.54 0 0 0 0 0 0 0 0 0 0 0
817	0 0.02 0 0 0 0 0 0 0 0 0 0 7.98 0 0 0 0 0 0 0
818	0 0 0.06 34.76 0 0 0 0 0 0 0 0 0 0 0 0 0 0 19.18 0
819	0 0 0 0 0 0 0 0 75 0 0 0 0 0 0 0 0 0 0 0
820	0 0 71.02 28.48 0 0 0 0 0 0 0 99.5 0 0 0 0 0 0 0 0
821	0.02 0 9.36 0 0 0 0 0 0 0 0 23.62 0 0 0 0 0 0 25 0
823	0.02 0 0 0 0 0 0 0 0 0 0 73.4 0 0 0.28 0 0 76.96 0 18.34
824	0 65.84 0 47.14 0 0 0 0 0 0 0 0 0 0 0 0 0 0 0 0.02
826	5.04 34.7 55.06 0 0 0 0 0 0 0.3 0 58.9 0 0 0 0 0 0 0 0
827	0 0 0 0 0 0 0 0 74.28 0 0 0 0 0 0 0 0 51.7 0 0.02
828	0 0 0 0.06 0 0 0 0 0 0 0 0 0 0 27.94 0 0 0 0 0
829	0 0 0 0 0 0 0 0 37.02 0 0 0 0 0 0 0 0 35.98 0 0
830	0 0 0.06 0 0.12 0.08 0.02 0.04 0.06 0.02 0.08 0 0.12 0.12 0.1 0.04 0.08 0 0.02 0.04
831	0 26.42 0 0 0 0 0 0 0 0 0 88.16 61.42 0 0 0 0 0 0 0
832	0 0 0 0 0 0 0 0 0 0 0 30.74 0 0 0 0 0 0 16.26 0
833	0 0 0 0 0 0 0 0 102 0 0 0 0 0 0 0 0 0 0 0
835	0 0 0 0 0 0 0 0 0 0 40 0 0 0 0 0 0 0 0 0
836	0 0 0 0 0 0 0 0 0 0 0 0 0 66 0 0 0 0 0 0
838	0 7.12 0 0 0 0 0 3.88 0 0 0 0 0 0 0 0 0 0 0 0
839	0 0 0 0 0 0 0 0 10 0 0 0 0 0 0 0 0 0 0 0
840	0 0 0 0.02 0 0 0 0 0 10.72 0 0 0 0 0 0 0 63.04 30.22 0
842	0 0 57.62 0 0 0 0 0 0 0 0 0 0 0 0 24.36 0 0 0.02 0
843	0 0 75.44 0 0 0 0 0 0.02 0 0 0 0.02 0 0 0 0 0 5.52 0
844	0 0 0 110.7 0 0 0 0 0 0 0 0 0 0 0 0 0 0 0 0.34
845	0.2 0 0 97.34 0 0 0 79.22 0 0 0 319.18 0 0 0 0 0 0 0 0.02
846	0 0 0 0 0 0 0 0 117.98 0 0 0 0 0 0 0 0 0 0 0.02
847	0 0 0 0 0.02 0 0 0 0 0 24.02 0 0 66.48 0 0 0 74.48 0 0
848	0 0 0 0 0 29 0 0 0 0 0 0 0 0 0 0 0 0 0 0
849	0.02 59.38 38.16 0 0 0 0 0 14.4 0 0 0 0 0.04 0 0 0 0 0 0
850	0 0 0 0.66 0 0 0 0 0 0 0 0 0 15.34 0 0 0 0 0 0
851	0 0 0 0 10.92 0 0 0 0 0 0 0 0 0 0 0 0 0 0 0.08
852	0 0.06 0.1 0 0.16 0.14 0 0.06 0.06 0 0 0.02 0.02 0.08 0.14 0.02 0.08 0 0.04 0.02
853	0 0 0 0 0 0 0 0 0 0.02 0 0 53.98 0 0 0 0 0 0 0
854	0 0 0 0 0 0 0 0 1.08 0 0 0 0 26.46 16.46 0 0 0 0 0
855	0 0 0 0 0 64.52 0 0 0 0 124.48 0 0 0 0 0 0 0 0 0
856	0 0 0 0 0.04 0 0 0 0 0 0 0 0 0 0 0 0 0 0 117.96
857	0 0 0.02 0 0 0 0 0 0 0 0 0 0 0 2.98 0 0 0 0 0
858	0 0 2 0 0 0 0 0 0 0 0 0 0 0 0 0 0 0 0 0
859	0 0 21.54 0 0.02 0 0 0 0 0 0 0 0 0 0 0 18.44 0 0 0
860	0 0 0 0 0 0 0 0 0 0 0 0 30.98 0 0.02 0 0 0 0 0
861	0 0.08 0 0 0 0 0 0 0 0 0 0.02 0 3.9 0 0 0 0 0 0
862	0 0 36.88 0 0.08 0 0 0 0 0 0 0.04 0 0 0 0 0 0 0 0
863	0 0 0 0 0 0 0 0 0 0 59.32 0 0 12.68 0 0 0 0 0 0
864	0.02 0 0 0 0 0 0 0 77.32 0 0 135.84 0 0 0 0 0 0.82 0 0
865	0 0 0 0 45.86 0 0 0 0 0 0 0 0.14 0 0 0 0 0 0 0
866	0.02 0 0 0 0 0 0 0 0 0 0 269.48 0 0 0 0 0 51.5 0 0
867	0 0 0 0 0 0 0 0 0 0 0 0 0 24 0 0 0 0 0 0
868	0 0 0 0 0 13 0 0 0 0 0 0 0 0 0 0 0 0 0 0
869	0 0 0 0.02 0 0 0 25.3 14.74 0 0 0 0.02 3.92 0 0 0 0 0 0
871	0.04 0 0 0 0 0 0 0 147.96 0 0 0 0 0 0 0 0 0 0 0
872	0 0 0.08 0 0 0 0 0 0 0 0 0 0 0 0 0 109.92 0 0 0
873	96.62 0 0 0 0 0 0 0 0 0.02 0 0 0 0 0 0.02 101.34 0 0 0
874	0.6 0 0 0 0 0 0 0 0 0 0 0 0 0 0 0 82.5 0 0 17.9
875	0 0 0 0 0 0.02 0 0 0 0 0 0 0 0 30.82 0.02 83.14 0 0 0
876	0 0 0 0 0 0 0 0 0 0.02 0 0 0 0 0 0 84.98 0 0 0
877	0 0 0 0 0 0 0 0 0 0 0 0 0 0 76.28 0 0 18.72 0 0
878	0 0 0 0 0 0 0 0 0 0 0 0 0 0 64.94 0 0 0 0.06 0.02
879	165.5 0 0 0 0 0 0 0 0 0 0 0 0 0 0 0 114.38 66.1 0 0
880	21.14 0 0 0 37.86 0 0 0 0 0 0 0 0 0 0.06 0.02 92.86 0 0 0.06
881	0 0 0 0 0 0 0 0 0 0 0 0 0 0 0 0 87 0 0 0
883	36 0 0 0 0 0 0 0 0 0 0 0 0 0 0 0 0 0 0 0
884	0 0 0 0 0 5.24 0 0 0 0 0 0 0 0 0 0 17.76 0 0 0
885	0 0 0 0 0 0 0 0 0 0 0 0 0 0 20 0 0 0 0 0
886	0.02 0 0 0 0 0 36.84 0 0 0 0 0 0 0 0 0 91.12 0 0 0.02
887	0 0 0 0 167.98 0 0 0 0 0 0 0 0 0 0.02 0 0 0 0 0
888	0 0 0 0 40 0 0 0 0 0 0 0 0 0 0 0 0 0 0 0
889	0 0 0 0 27 0 0 0 0 0 0 0 0 0 0 0 0 0 0 0
890	6.88 0 20.42 0 5.38 0 0 0 0 0 0 0 0 0 33.46 0 0 7.86 0 0
891	16 0 0 0 0 0 0 0 0 0 0 0 0 0 0 0 0 0 0 0.02
892	58.96 0 32.02 0 0 0 0 0 0 0 0 0 0 0 0 0 25 0 0 0
894	0 0 0 0 0 0 0 0 0 0 0 0 0 0 28 0 0 0 0 0
895	149.36 0 36.14 0 0 0 0 0 0 0 0 0 0 0 32.14 0 32.36 0 0 0
896	0 0 0 0 0 0 0 0 0 0 43.24 0 0 0 77.76 0 0 0 0 0
897	0 0 0 0 0 0 0 0 0 0 0 0 0 0 0 0 3 0 0 0
898	126.76 0 0 0 27.22 0 0 0 0 0 0 0 0.02 0 0 0 0 0 0 0
900	0 0 0 0 115.08 0 0 0 0 0 13.92 0 0 0 0 0 0 0 0 0
901	12.94 0 0 0 0 0 0 0.06 0 0 0 0 0 0 0 0 0 0 0 0
902	0 0 0 0 125.98 0 0.02 0 0 0 0 0 0 0 0 0 0 0 0 0
903	0 0 0 0 0 0 0 0 0 0 0 0 0 3.54 48.46 0 0 0 0 0
906	0 0 0 0 51 0 0 0 0 0 0 0 0 0 0 0 0 0 0 0
907	0.04 0.04 0.08 0.06 0.08 0.12 0.04 0.04 0.08 0 0.02 0 0.08 0.12 0.14 0.02 0.02 0 0 0.02
908	0 0 0 0 0.02 0 0 0 0 0 0 0 0 0 43.98 0 0 0 0 0
909	0 0 0 0 0 0 0 0 0 0 0 0 0 0 30 0 0 0 0 0
910	0 0 0 0 8 0 0 0 0 0 0 0 0 0 0 0 0 0 0 0
911	0 0 0 0 7.84 0.02 0 0 0 0 0 0 0 0.14 0 0 0 0 0 0
912	15.22 0 0 0 0 0 0 0 0 0 0 0 0 0 4.78 0 0 0 0 0
913	0.02 0 0.1 0 0.12 0.12 0.02 0.02 0.06 0.04 0.02 0.04 0.04 0.18 0.12 0.02 0.06 0 0.02 0
914	0 0 0 0.06 0 6.3 0 0 0 0 0.08 0 0.02 0 15.72 0 5.82 0 0 0
915	0 0 0 0 0 0.02 46.96 0 0 0.02 0 0 0 0 0 0 0 0 0 0
916	0 0 0 0 0 0 0 0 0 0 0.06 0.02 0 0 42.92 0 0 0 0 0
917	0 0 0 0 6.96 0 13.04 0 0 0 0 0 0 0 0 0 0 0 0 0
918	0 0 0 0 0 0 0 0 17.62 0 0.02 0 0 0 0 0 6.34 0 0 0.02
18	0.02 0 0 0 0.02 0 0 0 0 0 21.9 0 0 0 0 0 0 0.06 0 0
813	0 0 0 142.4 0 0 0 0 0 0 41.6 0 0 0 0 0 0 0 0 0
919	0.04 0 0 0 0 0 0 0 0 0 0 0 34.82 0 0 0 0 110.42 0.38 119.34
920	0 0 0 0 0 0 0 0 1.28 0 5.22 0 0.48 0 0 1.02 0 0 0 0
921	0.02 0 0 0 0 0 0 0 0 0 151.98 0 0 0 0 0 0 0 0 0
922	0 0 0 93.44 0 0 0 0.52 0 0 0 0 0 0 0 0 0 0 0 0.06
923	0 0 0 0 0 0 0 0 0 0 214.44 0 0 0 1.54 0 0 0 0 0
244	0 0 0 0 0 0 0 18.5 0 0 9.92 0 0 0 17.62 0 0 67.96 0 0
924	0 0 0 0 0 0 0 0 20.22 0 0 174.9 16.84 0 0 0 0 2.04 0 0.02
925	0.06 0 33.7 0 0 0 0 0 0 0 0 0 0 0 0 0 0 65.22 0 0.02
926	0 0 0 0 0 0 0 0 189.02 0 0 18.82 0 0 0 0 0.06 0 0 0.08
927	10.58 0 0 0 0 0 0 0 0 0 0 0 0 0.6 0 0 4.82 0 0 0.02
928	0 0 0 0 0 0 0 0 232.98 0 0 0 0 0 0 0 0 0 0 0
929	0 0 0 0.04 0 0 0 0 0 0 1.58 0 0.06 0 39.66 0 0 56.66 0 0
930	0.04 0 0 0 0 0 0 0 90.62 0 0 0 0 0 0 0 0 64.34 0 0
931	0 0 0 0 0 0 0 0 84.36 0 0 14.64 0 0 0 0 0 0 0 0
932	0 0 51.54 0 0 0 0 0 0 0 0 42.46 0 0 0 0 0 0 0 0
933	0 0 0 45.6 0 0 0.32 0.06 0 0 0 0 0 0 0 0 0.02 0 0 0
934	0 0 0 0 0 0 0 36.34 64.48 0 0 0 0 0 0 0 0 67.16 0.02 0
935	0 0 0 0 20 0 0 0 0 0 0 0 0 0 0 0 0 0 0 0
936	0 0 0 0 0 0 0.02 0 0 0 40.78 0 0 0 0 0 0 38.2 0 0
937	66.04 0 0 0 0 0 0 0 0 0 0 0 0 0 0 0 39.96 0 0 0
939	0 92.16 0 0 0 0 0 0 0 0 0 0 63.12 24.72 0 0 0 0 0 0
940	0 0 0 0 0 0 0 0 0 0 0 0 0 0 0 0 0 0 57.98 0.02
941	0 0 0 0 0 0 0 69.64 0 0 0 0 20.36 0 0 0 0 0 0 0
942	0.04 0 0 0 0 0 0 80.4 0 0 0 0 0 51.56 0 0 0 0 0 0
944	0.02 0 98.96 0 0 0 0 0 0 0 0 0 0 0 0 0 0 0 0 0.02
945	0 0 0 0 0 0 0 0.06 0 0 0 0 0 112.94 0 0 0 0 0 0
946	0 0 78.62 0 0 0 0 0 0 0 0 0 0 0 0 0 0 0 81.38 0
947	0 0.7 0 0 0 0 0 0 0 0 0 0 43.3 0 0 0 0 0 0 0
948	0 0 0 0 0 0 0 0 24.72 0 0 0 0 0 0 0 65.28 0 0 0
607	0 0 0 0 0 0 0 0 0.02 0 0 0 0 201.8 0 0 0 0 0 0.18
778	0 0 0 0 0 0 0 218.98 0 0 0 0 0 0 0 0 0 0 0 0.02
949	0 0 0 0 0 0 0 160.74 0.1 46.16 0 0 0 0 0 0 0 0 0 0
950	0 0 0 67 0 0 0 0 0 0 0 0 0 0 0 0 0 0 0 0
951	0 0 78.24 0 0 0 0 0 0 0 0 0 0 0 0 17.74 0 0 0 0.02
953	0 0 25.32 0 0 0 0 0 0 0 0 0 0 28.68 0 0 0 0 0 0
954	0 0 0 0 0 2.78 0 0 0 0 0 0 0 0 0 0 0 0 0 27.22
955	0 0 0 0 0 0 0 0 0 0 0 0 0 0 26.98 0 0 0 47.04 64.98
956	0 0 0 0 0 0 0 55.86 0 0 0.18 0 0 0 0 0 0 0 0 86.96
957	0 0 0 0 0 0 0 0 0 0 0 0 0 4 0 0 0 0 0 0
958	0 0 0 0 0 0 0 0 0 0 44 0 0 0 0 0 0 0 0 0
960	0 0 0 0 0 0.02 0 0 0 0 0 0 0 0 0 0 0 0 0 60.98
961	0 0 0 0 0 0 0 19.14 0 0 0 0 0 0 0 0 0 0 0 73.86
963	0.04 0 0 0 0 0.02 0 0 0.26 29.78 0 0 0 0 0 0 0 0 0 126.9
964	0 0 0 0 0 0 0 0 0 0 0 0 0 26 0 0 0 0 0 0
965	0 0 0 0 0 0 0 0 0 0 0 0 0 68.86 0 0 0 0 0 0.16
966	0 0 0 0 0 0 0 0 0 0 0 59.28 0 20.36 0 0 0 0 8.34 0
968	0 0 0 0 0 58.98 0 0 0 0 0 0 0 0 0 0 0 0 0 0.02
969	0 0 0 0 0 0 0 0 0 232 0 0 0 0 0 0 0 0 0 0
970	0 0 0 0 0 0 0 0 0 0 21.96 0 0 0 0 0.04 0 0 0 0
971	0.02 0 0 0 0 0 0 0 0 0 95.88 0 0 0 0 0.1 0 0 0 0
972	0 19.16 0 0 0 0 0 0 0 0 51.84 0 0 0 0 0 0 0 0 0
973	0 0 0 0 0 0 0 0 0 0 0 0 0 0 0 4.94 0 0 0 0.08
834	0.04 0 0 0 0 0 0 0 46.94 0 0 0 0 0 0 0 0 0 0 0
974	0 0 0 0 0 0 0 0 72 0 0 0 0 0 0 0 0 0 0 0
975	0 0 0 0 0 0 0 0 102 0 0 0 0 0 0 0 0 0 0 0
976	0.04 0 0 7.82 0 0 0.02 0 0.78 0 0 0 10.34 0 0 0 0 0 0 0
977	0 0 37.4 0 0 0 0 0 0 0 0 37.64 0 0 0 0 0 46.88 0 0.1
978	0 11.2 0 0 0 0 0 0 0 0 0 0 0 0 0 0 0 37.78 0 0
979	0 0 14.02 70.96 0 0 0 0 0 0 0 0 0 0 0 0 0 8.02 0 0
980	0 0 0 0 0 0 0 0 56 0 0 0 0 0 0 0 0 0 0 0
981	0 0 0 0 0 0 0 0 0 0 0 0 0 0 0 0 0 11 0 0
982	0 0 0 0 0 0 0 0 39.92 0 0 0 0 0.02 0 0 0 0 0 0.06
983	0.02 0 0 0 0 0 0 0 19.26 0 0 0 0 0 0 0 14.72 0 0 0
984	32.66 0 0 0 0 0 0 0 5.52 0 0 0 0 0.02 9.54 0 42.26 0 0 0
985	0 0 0 38.02 0 0 0 0 1.7 0 0 0 0 0 5.28 0 0 0 0 0
986	0 0 0 0 0 0 0 0 50.94 0.06 0 0 0 0 0 0 0 0 0 0
988	0.02 0 0 0 0 0 0 0 35.82 0 0 0 0 0 46.76 0 74.4 0 0 0
989	64.58 0 0 0 0.1 0.06 0 0 0 0 0 0 0 0 0 0 6.26 0 0 0
990	59.46 0 0 1.06 18.38 0 0 0.02 0 0 0 0 0.08 0 0 0 0 0 0 0
992	0 0 0 0 0 0 0 0 3.46 0 0 0 0 0 4.54 0 0 0 0 0
993	0 0 0 0 0 0 0 0 51.88 0 0 0 0 0 0 0 0.1 84.08 43.94 0
994	0 0 0 9.12 0 0 0 0 0 0 0 0 0 0 0 0 0 0 0 3.88
995	0 0 0 0 0 0 0 0 0 0 26.7 0 0 0 0 0 49.3 0 0 0
996	0 0 0 0 0 0.02 0 0 0 0 0 0 0 0 0 0 0 0 34.98 0
997	0 0 30 0 0 0 0 0 0 0 0 0 0 0 0 0 0 0 0 0
999	0 0 0 0 0 0 0 26 0 0 0 0 0 0 0 0 0 0 0 0
1000	0 0 0 0 0 0 0 0 16.42 0 0 0 0 0 0 0 0 0 13.58 0
1001	0 0 12.12 9.96 0 0 0 0 5.9 0 0.02 0 0 0 0 0 0 0 0 0
1002	0 0 0 0 0 0 0 0 14 0 0 0 0 0 0 0 0 0 0 0
1003	0 0 0 0 0 0 0 0 0 0 0 0 0 0 0 0 0 0 13 0.02
1004	0 0 21.92 0 0 0 0 0 0 0 0 0 0 0 0 0.06 0 0 0 0
1005	0 0 0 22.86 0 0 0 0 0 0 34.14 0 0 0 0 0 0 0 0 0
1006	0.02 0 0 0 0 0 28.96 0 0 0 0 0 0 35.02 0 0 0 0 0 0
837	0 0 0 0 0 0 0 0 0 0 0 0 0 68 0 0 0 0 0 0
841	0 30.26 0 0 0 0 0 0 0 0 0 0 0 0 0 0 0 62.74 0 0
1008	0 0 0 0 0 0 0 0 0 0 67.44 8.34 0.02 0 0 0 32.2 0 0 0
1009	0 0 0 0 0 0 0 0 0 0 81.22 0.02 0 0 0 0 0 74.76 0 0
1011	0 0 0 0 0 0 71.04 0 90.88 0 0 68.06 0 0 0 0 0.02 0 0 0
1012	0 0 0 81.48 0 0 125.24 0 0 0 0 65.26 0 0 0 0 0 0 0 0.02
1014	0 0 0 28.14 0 0 0 61.22 0 0 0 0 0 0 46.62 0 0 115.02 0 0.02
1015	3.22 6.74 0 0 0 0 0 0 0 0 0 0 0 0 0.02 0 0 12.4 7.6 0
1016	0 0.48 0 0 0 0 68.16 0 113.38 0 0 0 0 0 0 0 0 194.98 0 0
1018	0 0 0 0 0 0 0 0.02 0 0 35.22 0 0 0 0 0 0 0 0 54.76
1019	0 0 0 0 0 0.02 28.64 0 0 0 0 0 0 0 0 0 0 0 0 65.34
1007	0 0 0 90.9 0 0 34.48 0 0 0 0 0 0 0 33.62 0 0 0 0 0
1013	0 17.62 0 0 0 0.02 16.32 0 0 0 0 0 0 0 29.04 0 0 0 0 0
490	0.02 0 0 0 0 0 0 0 0 0 0 0 0 168.96 0 0 0 0 0 0.02
811	0 0 0 0 0 0 0 0 0 0 0 0 0 21.44 0 0 0 0 0 26.56
1020	0 0 0 0 0 0 0 0 0 0 0 0 0 105.04 0 0 0 0 12.96 0
1021	0 0 0 0 0 0 0 0 0 0 25.06 0 5.04 0 0 0 0 0 0 91.9
1022	0 0 0 0 94.86 0 0 0 0 0 0 0 0 0 0 0 0 0 0 0.16
122	0 0 0 0 0 0 18.16 0 187.68 0 0 0 0 0 0 0 0 0 0 0.14
1023	0 0 0 0 0 0 0 0 59.78 0 0 0 0 0 6.22 0 0 0 0 0
1024	44 0 0 0 0 0 0 0 0 0 0 0 0 0 0 0 0 0 0 0
1025	0 0 0 0 0 0 0 0 0.02 0 0 0 0 0 0 0 102.98 0 0 0
882	28.76 0 0 0 68.22 0 0 0 0 0 0 0.02 0 0 0 0 0 0 0 0
1026	0 0 0 0 0 0 0 0 0 0 0 0 0 0 7 0 0 0 0 0
825	0 0.64 0 0.04 0 0 0 0 123.86 0 0 0 0 0 0 0 0 51.46 0 0
1027	0 0 0 0 0 0 0 0 7 0 0 0 0 0 0 0 0 0 0 0
1028	0.02 0 0 0 0 0 0 0 207.54 0 0 143.52 0 0 0 0 0 1.92 0 0
1030	0 0 0 0 0 0 0 0 0 0 0 0 28.94 0.06 0 0 0 0 0 0
1031	0 0 0 0 0 0 0 0 0 0 0 0 12 0 0 0 0 0 0 0
1033	0 0 34.7 0 0 0 0 0 0 0 0 0 0 0 0 0 0 46.3 0 0
1034	0.02 0.14 0 0 0 0 0 0 22.56 0 0 0 0.02 0 0 0 0 31.26 0 0
1035	0 63.62 0 0 0 0 0.04 0 0 0 0 0.02 0 0 0 0 0 0 110.32 0
1036	0 0 0 0 0 0 0 0 0 0 0 0 0 0 0 0 0 0 51 0
1038	35 0 0 0 0 0 0 0 0 0 0 0 0 0 0 0 0 0 0 0.02
1039	0 0 0 0 0 0 0 85.2 0 77.94 0 0 0 0.02 0 62.16 0 0 0 65.66
756	0 0 0 0 0 0 0 0 131.02 0 0 147.98 0 0 0 0 0 0 0 0
1040	0 0 0 0 0 0 0 0 18.44 0.4 0 24.16 0 0 0 0 0 0 0 0
1041	0 0 0 0 0 0 0 149.98 0 0 0 0 0 0 0 0 0 0 0 0.04
1042	0 68.94 0.04 0 0 0 0 0 0 0 0 0 0 0 0 0 0 0 0 0
1043	0 0 20 0 0 0 0 0 0 0 0 0 0 0 0 0 0 0 0 0
1044	0 0 0 0 0 0 0 105.96 0 0 0 0 0 0 0 0 0.04 0 0 0
1045	0 0 0 0 0 0 0 36.32 0 0 33.68 0 0 0 0 0 0 0 0 0
1046	0 80.56 37.44 0 0 0 0 0 0 0 0 0 0 0 0 0 0 0 0 0
1047	0 0 0 0 0 0 0 0 199.76 0 0 0 0 0 0 0 0 110.24 0 0
1048	0 0 0 55.34 0 0 0 0 0 0 0 125.66 0 0 0 0 0 0 0 0
1049	0 0 20.8 0 0 0 0.02 0 29.14 0 0 0 0 0 0 0 0 0 0 0.04
1050	0 0 0 0 0 84.48 0 0 0 0 0 0 0 33.52 0 0 0 0 0 0
1051	0.04 0 0 0 0 0 0 0 97.96 0 0 0 0 0 0 0 0 0 0 0
3	0 0 0 0 0 0.02 0 0 217.98 0 0 0 0 0 0 0 0 0 0 0
1052	0 0 0.02 0 0 0 0 0 50.94 0 0 0 0.04 0 0 0 0 0 0 0
1053	0.04 0 0 0 0 0 0 78.94 0 0 0 0 0 0 0 0 0 0 0 0.02
1054	0 0 7.46 0 0 0 0 0 0 0 0 35.54 0 0 0 0 0 0 0 0
1056	0 0 0 0 0 0 0 0 0 0 0.08 0 0 0 0 0 0 0 8.54 19.38
1057	0 0 0 0 0 0 0 0 43 0 0 0 0 0 0 0 0 0 0 0
1058	0 0 40 0 0 0 0 0 0 0 0 0 0 0 0 0 0 0 0 0
952	0 0 0 122 0 0 0 0 0 0 0 0 0 0 0 0 0 0 0 0
1059	0 0 0 0 0 0 0 0 74 0 0 0 0 0 0 0 0 0 0 0
1060	0.2 1.26 0 0.02 0 2.48 0 0 45.86 40.18 0 0 0 0 0 0 0 0 0 0
1061	0 0 0 0 0 0 0 0 68 0 0 0 0 0 0 0 0 0 0 0
1062	0 0 0 0 0 0 0 0 0 0 0 0 0 0 36 0 0 0 0 0
1063	0 4.92 0 0 0 0 0 0 0 0 0 45.48 0 59.6 0 0 0 0 0 0
1064	0 0 0 0 0 0 0 0 0 0 0 0 0 12 0 0 0 0 0 0
1065	0 0 0 0 0 0 0 0 0 0 0 0 0 0 0 0 0 0 0 118
959	0 0 0 0 0 0 0 69.94 28.32 0 0 0 33.46 0 0 0 0 0 0 56.28
998	0 0 0 0 0 0 0 0 0 0 0.02 0 0 0 0 0 0 0 26.98 0
1017	0 0 0 117.98 0 0 0 0 27.76 0 0 0 0 0 0 0 0 0 0 0.26
1066	0 0 0 0 0 0 0.02 33.94 0 0 0.02 0 0 0 0 6.02 0 0 0 0
1067	0.02 0 0 131.98 0 0 0 0 0 0 0 0 0 0 0 0 0 0 0 0
1068	0 0 0 24.32 0 5.68 0 0 0 0 0 0 0 0 0 0 0 0 0 0
1070	0 0 0 0 0 0 0 0 0 0.02 8.78 0 0 0 0 0 0 0 0 79.2
1071	0 0.06 0 10.26 0 0.02 0 0 0 0 0.04 0.72 0 0 0 0 0 0 0 30.9
1072	0 0 14 0 0 0 0 0 0 0 0 0 0 0 0 0 0 0 0 0
1074	0 10.94 0 0 0 0 0 187.24 0 0 0 0 0 0 0 0 0 0 0 0.82
1075	0 0 0 0 0 0 0 0.02 0 0 0 0 0 0 0 0 0 0 20.98 0
1076	0 0 0 0 0 0 0 0 0.32 0 0 0 0 0 0 0 0 0 17.68 0
1077	0 0 15.66 6.34 0 0 0 0 0 0 0 0 0 0 0 0 0 0 0 0
1078	0 0 0 0 0 9.12 0 35.88 0 0 0 0 0 0 0 0 0 0 0 0
1079	0 0 0 0 0 0 40.7 0 0 27.62 0 0 19.66 0 0 0 0 0 0 0.02
1080	0 0 0 0 0 0 0 0 0 0 8 0 0 0 0 0 0 0 0 0
1081	0 0 0 0 0 0 0 0 0 0 0 8.04 0 0 0 0 0 0 13.96 0
1082	0 0 0 0 0 0 11.98 0 0 0 0 0.02 0 0 0 0 0 0 0 0
1083	0 0 0 0 0 0 0 0.16 0 0 0 0 0 0 5.38 0 3.94 0 0 5.52
1010	0 0 0 87.92 0 0 0 0 0.08 0 0 0 0 0 0 0 0 0 0 0
1084	0 0 0 39.84 0 0 0 0 0 0 0 32.16 0 0 0 0 0 0 0 0
1085	0 0 0 0 0 0 0 0 0 0 0 0 0 0 33 0 0 0 0 0
1086	0 0 0 0 0 0 0 0 0 0 0 0 0 0 0 0 37.78 19.18 0.04 0
1087	0 0 4.44 0 0 0 0 0 0 0 0 9.56 0 0 0 0 0 0 0 0
1088	0 0 0 0 0 0 0 0.02 0 0 0 0 0 0 0 0 12.16 0 10.82 0.02
1089	0 0 0 0 0 0 0 0 27.52 0 0 0 0 0 17.16 0.02 0 26.28 0 0
368	0 0 0 0 0 0 0 0 41 0 0 0 0 0 0 0 0 0 0 0
373	0 9.16 81.84 0 0 0 0 0 0 0 0 0 0 0 0 0 0 0 0 0
1090	0 51.34 0 0 0 0 0 0 0 0 0 0 22.66 0 0 0 0 0 0 0
1092	0 0 0 0 0 0 0 0.76 23.22 0 0 0 0 0 0.02 0 0 0 0 0
1073	0.16 0 27.16 35.82 0 0 0 0 0 0 0 0 0 0 0 0 0 0 0 150.86
1093	0 0 0 0 0 0 0 0 44.12 0 0 0 0 0 0 18.88 0 0 0 0
1094	0 0 0 0 0 0 0 0 28.98 0 0 0.02 0 0 0 0 0 0 0 0
1095	0 0 0 0 0 0 0 0 68 0 0 0 0 0 0 0 0 0 0 0
1096	0 0 0 0 0 0 0 0 4.3 0 0 0 0 0 3.7 0 0 0 0 0
1069	0 0 0 0 0 0 0 0 0 0 0 0 0 0 0 0 0 0 0 43.02
1097	0 0 0 50.98 0 0 0 0 0 0 0 0 0 0 0 0 0 0 0 0
1098	0 0 0 0 0 0 0 0 39.28 0 0 0 0 4.88 0 0 0 0 0 67.84
1099	0 0 6.74 0 0 0 0 0 0 0 34.26 0 0 0 0 0 0 0 0 0
1100	0 0 0 0 0.1 0 0 0 0 0 0 0 0 0 0 0 0 0 0 17.9
1101	0 0 0.02 0 0 0 32.86 0 0 0 90.2 0 49.26 0 0 0 0 0 0 59.66
1102	0 0 0 0 0 0 3.32 0 4.18 0 0 0 0 0 0 0 0 5.5 0 0
1103	0 0 0 0 0 0 0 0 0 0 60.58 0 0 0 0 0 0 0 0 3.42
1104	0 0 0 0 0 0 0 0 0 0 0 0 0 0 0 0 0 0 0 12
1105	43.96 0 0 0 0 0 0 0 0 0 0.04 0 0 0 0 0 0 0 0 0
1106	0.34 0 0 0 11.46 0 0.2 0 0 0 0 0 0 0 0 0 0 0 0 0
1107	0 0 0 0 0 0 0 0 0 0 21.3 1.24 20.42 0 0 0 0 0 0 5.04
1108	0 0 0 0 0 0 0 0 0 0 11.96 0 0.04 0 0 0 0 0 0 0
1109	0 0 0 0 0 0 0 0 2.14 0 0 0 30.26 0 0 0 0 0 0 39.6
1110	0 1.34 56.42 0 0 0 0 0 0 0 0 0 0 0 0 0 0 0 0 42.24
1111	0 0 0 0 0 0 0 0 0 0 0 0 0 0 0 0 0 0 0 24
1112	0 0 0 0 0 0 0 0 0.76 0 0 0 0 25.24 0 0 0 0 0 0
1113	0 0 0 0 0 0.04 0 0 0.06 0 0 0 0 0 0 0 0 0 6.02 61.88
1115	0.04 0 0 0 0 0 0 0 0 0 55.94 28.56 0.02 0 0 0 0 0 0.44 0
1116	0 0 0.02 0 0 0 0 0 0 31.98 0 0 0 0 0 0 0 0 0 0
1117	0.02 0 0 0 0 0 0 16.42 0 0 0 0 0 0 0 0 0 37.56 0 0
1118	0.02 0 0 0 0 0 0 35.34 0 0 0 0 75.64 0 0 0 0 0 0 0
1119	0 0 0.58 0 0 0 0 181.38 0 0 0 0 0 0 0 0 0 0 0 0.06
1121	0 0 0 0 0 0 0 0 0 0 0 0 0 52.98 0 0 0 0 0 0
1122	0 0 0 0 0 5 0 0 0 0 0 0 0 0 0 0 0 0 0 0
1123	0 0 0 0 0 0 0 0 0 0 0 0 0 11 0 0 0 0 0 0
1124	0 0 0 0 0 0 0 0 0 0 0 0 0 34 0 0 0 0 0 0
1125	0 0.02 0 0 0 0 0 0 0 0 0 0 0 0 0 0 0 0 0 7.98
1126	0 0 0 0 0 0 0 0 0 87.92 0 0 0 0 0 0 0 0 0 0.1
1127	22.98 0 0 0 0 0 0 0 0 0 0 0 0 0 0 0 0 0 0 0
1091	0 64.88 0 0 0 0 0 0 27.12 0 0 0 0 0 0 0 0 0 0 0
1128	0 0.02 0 25.72 0 0 0 0 0 0 7.8 0 0 0 0.18 0 0 0 0.28 0.02
1129	0 0 0 83.96 0 0 0 0 0 0 0 0.02 0 0 0 0 0 0 0 0
1130	0 3.74 0 0 0 0.08 0 0 0 0 0 0.18 0 0 0 0 0 0 0 0
1131	0 0 0 0 0.02 0 0 0 0 0 0 0 0 0 0 0 0 0 0 46.98
1132	0 0 0 0 4.38 0 0 5.7 48.28 0 0 0 0 0 0 0 0 0 0 6.64
1133	0 0 0 0 0 0 0 0 0 0 0 0 0 0 0 0 0 0 62 0
1134	0 0 0 105.28 0 0 0 0 0 0 0 0 0 1.7 0.02 0 0 0 0 0
1135	0 0 20.38 0 0 0 0 0 0 0 0 0 100.6 0 0 0 0 0 0 0.02
1136	0 0 0 0 0 0 0 0 45.9 0 0 0 0 0 0 0 0 0 0 30.1
1137	0 0 0 0 0 0 0 0 0 0 0 0 0 20.16 0 0 64.84 0 0 0
1138	0 0 0 8.02 0 0 0 0 0 0 0.04 0 0 8.94 0 0 0 0 0 0
1139	0 0 68.98 0 0 0 0 0.02 0 0 0 0 0 0 0 0 0 0 0 0
1140	0 0 15.24 0 0 0 0 0 6.32 0 11.44 0 0 0 0 0 0 0 0 0
1141	0 0 0 0 29.98 0 0 0 0 0 0 0 0 0.02 0 0 0 0 0 0
1142	0.04 0 0 111.52 0 0 0 0 0 0 0 0 0 0 13.16 15.28 0 0 0 0
1143	0 0 0 42.98 0 0 0 0 0 0 0 0 0 0 0 0 0 0 0.02 0
1144	0 0 0 8 0 0 0 0 0 0 0 0 0 0 0 0 0 0 0 0
1145	0 0 0 0 0 0 0 0 21 0 0 0 0 0 0 0 0 0 0 0
1146	0 0 0 0 0 0 0 0 0 5.96 0 0 0 0 0 0 0 0 0 0.04
1147	0 0 0 0 0 0 0 0 0 0 0 0 30.68 0 0 0 0 0 0 31.32
1148	0 0 0 0 0 0 0 30 0 0 0 0 0 0 0 0 0 0 0 0
1149	0 0 0 0 0 0 0 0 0 0 0 0 0 50.82 0 0 0 0 0 14.18
1150	0 0 0 0 0 0 0 0 0 0 0 0 0 0 0.08 0 23.92 0 0 0
1151	0 0 7.72 0 0 0 0 0 0 0 0 0 0 0 0.08 0 0 7.2 0 0
1152	0 0 0 0 0 0 0 0 0 0 0 67 0 0 0 0 0 0 0 0
1153	0 0 0 0 0 0 0 33.54 0 0 0 0 0 0 0.42 0 0 0 17.04 0
1154	0 0 0 0 0 0 0 0 0 0 0 0 0 0 0 0 0 0 0 31
1155	0 0 0 0 0 0 0 0 0 0 7 0 0 0 0 0 0 0 0 0
1156	0 0 0 0 0 0 3 0 0 0 0 0 0 0 0 0 0 0 0 0
1157	0 0 44.46 0 0 0 0 0 0 0 0 0 0 0 0 0 0 4.54 0 0
1158	0 0 0 0 0 0 0 0 0 0 5.08 0 0 10.92 0 0 0 0 0 0
1160	0 0 0 0 0 0 0 0 0 0 66.48 0 0 0 21.52 0 0 0 0 0
1161	0 0 0 28.96 0 0 0.04 0 0 0 0 0 0 0 0 0 0 0 0 0
822	0 0 0 0 0 0 0 0 0 0 0 0 0 9 0 0 0 0 0 0
1162	0.04 0 0 0 0 0 0 0 0 0 0 0 0 4.78 2.16 0 0.02 0 0 0
1163	0 0 0 0 0.12 0 0 0 0 0 23.38 0 0 0 0.28 0 0 25.22 0 0
1164	0 0 0 0 0 0 0 0 8.86 0 0 0.14 0 0 0 0 0 0 0 0
1165	0 0.02 0 0 0.66 0 0 2 0 0 0 0 0 0 15.3 0 0 0.02 0 0
1167	0 0 0 0 0 0 0 0 0 0 0 0 0 0 0 0 0 0 0 17
1168	0 0 37.66 0 0 0 0 0 0 0 28.34 0 0 0 0 0 0 0 0 0
1169	0 0 0 0 0 0 0 6.56 0 0 0 0 19.52 0 0 0.02 0 0 0 14.92
1170	0.06 30.36 0 0 0 0 0 0 0.02 0 0 0 2.66 0 0 0 0 0 0 35.88
1171	0 0 0 0.04 0 0 0 0 0 0 14.08 0 0 0 0 0 0 16.88 0 0
1172	0 0 0 0 0 0 0 0 0 0 0 0 0 45 0 0 0 0 0 0
1173	0 0 0 9.96 0.84 0 0 0 0 0.02 0.18 0 0 0 0 0 0 0 0 0
1174	0 0 0 0 0 0 0 14.86 0.02 0 0 0 0 10.9 0.2 0 0.02 0 0 0
1175	0 0 0 0 17 0 0 0 0 0 0 0 0 0 0 0 0 0 0 0
1177	0 0 4 0 0 0 0 0 0 0 0 0 0 0 0 0 0 0 0 0
1179	0 0 18 0 0 0 0 0 0 0 0 0 0 0 0 0 0 0 0 0
1181	0 0 0 0 0 0.04 0 0 0 0 0.02 0 20.52 0 0 0.42 0 0 0 0
1182	0 0 28 0 0 0 0 0 0 0 0 0 0 0 0 0 0 0 0 0
1183	0 0 0 0 0 0 0 0 22.54 13.46 0 0 0 0 0 0 0 0 0 0
1184	0 7.8 0 0 0 0 0 0 0 0 0 0 0 9.1 0 0 0 0 0 2.1
1185	0 0 0 0 0 0 0 0 0 0 0 0 0 0 0 0 0 0 27 0
1187	0 0 0 0 0 0 0 0 0 0 0 0 0 0 0 0 0 25.78 0 8.24
1188	0 0 91.98 0 0 0 0 0 0 0 0 0 0 0 0 0 0 0 0 0
1189	0 0 14.66 0 0 0 0 0 0 0 0 0.34 0 0 0 0 0 0 0 0
1190	0 0 0 0 0 0 0 0 0 0 0 27 0 0 0 0 0 0 0 0
904	25.78 0 0 0 0 0 0 0 0 0 27.22 0 0 0 0 0 0 0 0 0
1191	13 0 0 0 0 0 0 0 0 0 0 0 0 0 0 0 0 0 0 0
905	0 0 0 0 0 0 0 0 0.16 0 0 0 0 0 0 0 63.84 0 0 0
962	0 0 0 0 0 0 0 0 0 0 61 0 0 0 0 0 0 0 0 0
1192	0 0 0 0 0 0 0 0 0 0 22.38 0 0 0 0 20.62 0 0 0 0
1193	0 0 0 0 0 0 0 0 0 0 0 0 0 38 0 0 0 0 0 0
1194	0 0 0 0 0 0 0 0 0 0 97 0 0 0 0 0 0 0 0 0
1195	0 0 0 0 0 0 0 0 0 0 29 0 0 0 0 0 0 0 0 0.02
1196	0 0 0 0 0 0 0 0 0 0 8.98 0 0 0 0 0 0 0 0 0
1197	0 0 0 25.16 0 0 0 0 0 0 11.48 98.36 0 0 0 0 0 0 0 0
1198	0 0 0 0 18.94 0.06 0 0 0 0 0 0 0 0 0 0 0 0 0 0
1199	0 0.02 0 36.84 0 0 0 0 0 0 0 1.54 0 0 0 0 0 0 0 12.6
1200	0 0 0 0 0 0 0 0 0 0 0 0 0 23 0 0 0 0 0 0
1201	0 0 0 0 0 0 0 0 0 0 0 0 0 5 0 0 0 0 0 0
1202	0 0 0 0 0 0 0 0 14.5 0 0.02 0 0.02 9.46 0 0 0 0 0 0
1203	0 0 0 0 0 0 0 0 0 0 0 0 0 80 0 0 0 0 0 0
1204	0 0 0 0 0 0 0 0 0 0 0 0 0 49 0 0 0 0 0 0
1205	0 0 0 0 0 0 0 0 0 0 0 0 0 18 0 0 0 0 0 0
1206	0 0 0 0 0 0 0 0 0 0 0 0 0 0 0 0 0 0 38.36 0.64
1207	0 31 0 0 0 0 0 0 0 0 0 0 0 0 0 0 0 0 0 0
1208	0 41.98 0 0 0 0 0 0 0 0 0 0 0.02 0 0 0 0 0 0 0
1209	0 0 0 0 0 0 0 0 0 0 0 0 32 0 0 0 0 0 0 0
1211	0 0 0 0 0 0 0 0 0 0 0 0 0 0 0 0 0 0 0 41
1212	0 0 0 0 0 0 0 13 0 0 0 0 0 0 0 0 0 0 0 0
1213	0 0 0 0 0 0 0.02 0 0 0 0 0 0 0 12.96 0.02 0 0 0 0
1214	0 0 0 0 0 0 14.96 0 0 0 0 0 0 0 0.02 0 0 0 0 0.02
1215	0 0 0 0 0 0 0.04 0 46.84 0 0 0 0 0 0 0 0 0.12 0 0
1216	0 0 0 0 0 0 0 0 0 0 0 0 0 0 11 0 0 0 0 0
700	0 0 0 0 0 0 0 29.92 0 0.08 0 0 0 0 0 0 0 0 0 0
943	0 56.8 0 0 0 0 55.2 0 0 0 0 0 0 0 0 0 0 0 0 0
1032	0 0 0 0 0 0 0 32 0 0 0 0 0 0 0 0 0 0 0 0
1210	0 0 89 0 0 0 0 0 0 0 0 0 0 0 0 0 0 0 0 0
1217	0 0 74.44 0 0 0 0 0 0 0 0 0 21.56 0 0 0 0 0 0 0
1218	0 0 32.56 0 0 0 40.58 0 0.4 0 0 0 7.46 0 0 0 0 0 0 0
1220	0 0 0 0 0 0.06 0 0 71.94 0 0 0 0 0 0 0 0 0 0 0
1221	0 0 54.18 0 0 0 0 0 0 0 0 44.82 0 0 0 0 0 0 0 0
1222	0 34.42 0 0 0 0 0 0 0 0 0 0 22.58 0 0 0 0 0 0 0
1223	0 0 0 0 0 0 0 0 0 0 13.94 0 0 0 0 0 0 0.06 0 0
1224	0.02 0 0 0 0 0 0 0.04 0 0 0 0 0.02 0 0 0 0 0 28.92 0
1225	0 0 0 0 0 0 0 0 16.26 0 0 0 15.74 0 0 0 0 0 0 0
1226	0 0 0 0 0 0 0 0 0 0 0 0 0 0 48.1 0 0 49.9 0 0
1219	0 19.1 20.9 0 0 0 0 0 0 0 0 0 0 0 0 0 0 0 0 0
1227	0 0 16 0 0 0 0 0 0 0 0 0 0 0 0 0 0 0 0 0
1228	0.02 0 99.98 0 0 0 0 0 0 0 0 0 0 0 0 0 0 0 0 0
1229	0.02 0 0.16 0 0 0 0 0 0 0 0 0 0.68 0 6.86 0 0 0 11.3 3.98
1230	0 0 28 0 0 0 0 0 0 0 0 0 0 0 0 0 0 0 0 0
1231	0 0 46.98 0.02 0 0 0 0 0 0 0 0 0 0 0 0 0 0 0 0
1232	0 0 21.54 0 0 0 0 0 0 0 0 0 0 0 0 0 0 0 0 17.46
938	0 0 0 0 0 0 0 0 0 0 0 0 0 0 59 0 0 0 0 0
1233	0 0 0 0 0 0 0 0 0 0 0 0 0 0 0 0 17 0 0 0
1234	11 0 0 0 0 0 0 0 0 0 0 0 0 0 0 0 0 0 0 0
1235	0 0 0 0 0 0 0 0 0 0 0 0 0 0 0 0 4 0 0 0
1236	0 0 0 0 0 0 0 0 0 0 0 0 0 0 0 0 3 0 0 0
1237	0 0 0 0 0 0 0 0 0 0 0 0 0 0 0 0 20.98 0 0 0.02
1238	0 0 0 0 0 0 0 0 0 0 0 0 0 0 0 0 21 0 0 0
1239	0 0 40 0 0 0 0 0 0 0 0 0 0 0 0 0 0 0 0 0
1240	0 0 0 0 0 0 0 0 0 0 0 0 0 0 0 0 0 0 62 0
1241	0 0 0 11.98 0 0 0 0 0 0 0 0 0 0 0 0 0 0.02 0 0
1242	0 0 0 0 0 0 0 12 0 0 0 0 0 0 0 0 0 0 0 0
1244	0 48.64 0 0 0 0 0 0 0 0 0 0 0 0 35.36 0 0 0 0 0.02
1245	0 0 0 0 0 6.12 0 0 47.82 0 0 0 0 0 0 0 0 0 0.04 0
1055	0 0 9.66 0 0 0 0 0 0 9.34 0 0 0 0 0 0 0 0 0 0
1246	0 0 9 0 0 0 0 0 0 0 0 0 0 0 0 0 0 0 0 0
1247	0 0 0 0 0 0 0 11 0 0 0 0 0 0 0 0 0 0 0 0
1248	0 0.02 0 0 0 0 0 0 0 0 0 0 47.98 0 0 0 0 0 0 0
1249	0 0 10.42 0 0 0 0 0 18.58 0 0 0 0 0 0 0 0 0 0 0
1250	0 0 6 0 0 0 0 0 0 0 0 0 0 0 0 0 0 0 0 0
1251	0 0 0 24 0 0 0 0 0 0 0 0 0 0 0 0 0 0 0 0
1252	5.06 0 0 0 0 0 0 0 0 0 0 0 0 0 0 0 1.48 0 0 16.46
1253	0 0 3.44 0 0 0 0 0 0 0 0 0 4.64 0 0 0 8.92 0 0 0
1254	0 0 0 0 0.02 0 0 0 0 0 0 0 0 0 0 0 9.98 0 0 0
1255	0 0 0 0.02 8.98 0 0 0 0 0 0 0 0 0 0 0 0 0 0 0
1256	0 0 0 0 0 0 0 0 0 0 0 0 0 0 6 0 0 0 0 0
1257	0 0 0 0 6 0 0 0 0 0 0 0 0 0 0 0 0 0 0 0
1258	0 0 0 0 0 0 0 0 0 0 0 0 0 0.12 41.88 0 0 0 0 0
1166	0 0 0 0 0.02 0 0 0 0 0 24.98 0 0 0 0 0 0 0 0 0
1259	0 0 0 0 2.18 0 0 0 4.82 0 0 0 0 0 0 0 0 0 0 0
1260	0 0 0 0 0 0 0 0 0 0 7 0 0 0 0 0 0 0 0 0
1261	0 0 0 0 0 0 0 0 0 0 13 0 0 0 0 0 0 0 0 0
1262	0.1 0 0 0 10.18 0 0 0 0 0 15.72 0 0 0 0 0 0 0 0 0
1263	0 0 11.64 0 0 0 0 0 0 0 0 0 0 0 0 19.36 0 0 0 0
1265	0 0 0 0 0 0 0 0 0 0 0 0 0 0 0 0 54 0 0 0
1266	0 0 0 0 0 0 0 0 0 0 33 0 0 0 0 0 0 0 0 0
1267	0 0 0 0 0 0 0 0 0 0 0.26 0 58.22 0 0 0 0 0 0 27.52
1268	0 0 0 0 0 0 0 0 0 0 0.14 0 0 0 0 0 0 0 0 27.88
1180	0 0 0 0 0 0 0 19.98 0 0 0 0 0 0 0 0 0 0 0 0
1270	0 0 0 0 0 0 0 0 16 0 0 0 0 0 0 0 0 0 0 0
1271	0 0 0 0 0 0 0 0 0 0 0 0 0 0 0 0 0 0 19 0
1272	0.14 0 0.26 0 0 0.04 0 0.02 0 0 0 0 0 0 0 0 0 8.52 0.02 0
1176	0 0 0 0 50.94 0 0 0 0.04 0 0 0 0 0 0 0 0.02 0 0 0
798	0 13.84 0 0 0 0 0 0 0 4.16 0 0 0 0 0 0 0 0 0 0
1273	0 0 36.48 0 0 0 0 0 0 0 0 0 2.52 0 0 0 0 0 0 0
1274	0 9 0 0 0 0 0 0 0 0 0 0 0 0 0 0 0 0 0 0
1275	0.02 0 0 0 0 0 0 0 0 0 0 0 0 0 8.98 0 0 0 0 0
1276	0 0 0 0 0 0 0 0 15.92 0 0 0 0 0 0 0 0.08 0 0 0
1277	0 0 0 0 0 0 0 0 0 0 0 0 0 0 0 0 12.98 38.02 0 0
1279	0 12.46 0.38 6.16 0 0 0 0 0 0 0 0 0 0 0 0 0 0 0 0
1280	0.02 0 0 0 1.6 0 0 0 0 0 0 0 0 0 36.38 0 0 0 0 0
1281	0 0 0 0 0.04 0 0 0 0 0 30.96 0 0 0 0 0 0 0 0 0
296	0 0 0 15.42 0 0 0 0 0 0 0 0 0 0 1.58 0 0 0 0 0
1282	0 0 0.02 0 0 0 0 0 0 0 0 26.98 0 0 0 0 0 0 0 0
1283	0 0 0 0 0 0 0 0 0 0 0 32.66 0 0 4.34 0 0 0 0 0
533	0 0 0 22.36 0 0 0 0 0 0 18.62 0 0 0.02 0 0 0 0 0 0
1284	0 0 0 0 0 0 0 0 0 0.02 0 44.96 0 0 0 0 0 0.02 0 0
1285	0 0 0 0 0 0 0 35 0 0 0 0 0 0 0 0 0 0 0 0
1286	0.04 0 0 0 0 0 0 0 0 0 50.96 0 0 0 0 0 0 0 0 0
1287	0 2 0 0 0 0 0 0 0 0 0 0 0 0 0 0 0 0 0 0
1288	0 0 0 0 0 0 0 0 17 0 0 0 0 0 0 0 0 0 0 0
1289	0 0 0 0 0 0 0 0 0 0 0 12.86 0 0 0 0 0 0.14 0 0
1290	0 0 0 0 0 0 0 0 0 0 0 0 0 0 3 0 0 0 0 0
1291	0 0 0 0 0 0 0 0.02 26.98 0 0 0 0 0 0 0 0 0 0 0
1292	0.08 0.1 0.1 0.02 0.08 0.02 0 0.04 0.16 0 0 0.02 0.1 0 0.12 0 0.12 0.04 0 0
1293	0 0 0 0 0 0 0 0 0 0 0 0 0 0 0 0 15 0 0 0
1294	11.24 0 0 0 2.2 0 0 0 0 0 0 0 0 0 0 0 2.56 0 0 0
1295	0 0 0 0 0 0 0 0 0 0 0 0 0 0 10 0 0 0 0 0
1296	0 0 0 0 57.64 0 0 0 0 0.36 0 0 0 0 0 0 0 0 0 0
1264	0 0.78 0 0 0 0 0.58 0 7.78 0 0 0 0 3.86 0 0 0 0 0 0
1269	0 0 0 0 0 0 0 0 0 0 0 0 0 28 0 0 0 0 0 0
1297	0 0 21 0 0 0 0 0 0 0 0 0 0 0 0 0 0 0 0 0
1298	0 0 0 0 0 23 0 0 0 0 0 0 0 0 0 0 0 0 0 0
1299	0 0 0 0 0 16.92 0 0 0 0 0 0 0 0.06 0 0 0 0.02 0 0
1300	0 0 0 0 0 0 0 10.06 0.02 0 0 0 0 0 10.16 0 0.76 0 0 0
1301	0 0 0 0 0 0 0 18.94 0 0 0 0 0 0.06 0 0 0 0 0 0
1302	0 0 0 0 0 0 0 0 0 0 0 0 0 0 17 0 0 0 0 0
803	0 0 0 1.7 0 0 0 12.3 0 0 0 0 0 0 0 0 0 0 0 0
1037	0 0 34 0 0 0 0 0 0 0 0 0 0 0 0 0 0 0 0 0
1278	0 0 0 0 0 0 0 0 39 0 0 0 0 0 0 0 0 0 0 0
1304	0 0 0 0 0 0 0 0 0 0 0 0 5 0 0 0 0 0 0 0
1305	0 0 0 0 0 0 0 0 0 0 0 0 17 0 0 0 0 0 0 0
1306	0 0 0.02 0 0 0 0 0 0 4.9 0 0 0.08 0 0 0 0 0 0 0
1307	0 0 0 0 0 0 0 3 0 0 0 0 0 0 0 0 0 0 0 0
1308	0 0 0.7 0 0 0.74 0 0 0 0 0 0 0.56 0 0 0 0 0 0 0
1309	0 0 0.02 0 0 0.26 0 0.06 0.04 0.12 0 0.04 0.08 0.38 0 0 0 0 0 0
1310	0 0 0 0 0 3 0 0 0 0 0 0 0 0 0 0 0 0 0 0
1311	0 0 30.06 0 1.94 0 0 0 0 0 0 0 0 0 0 0 0 0 0 0
1312	0 0 0 0 0 0 0 0 21 0 0 0 0 0 0 0 0 0 0 0
1314	0 0 27 0 0 0 0 0 0 0 0 0 0 0 0 0 0 0 0 0
1315	0 0 0 0 0 0 0 0 0 0 0 0 0 0 62 0 0 0 0 0
893	18 0 0 0 0 0 0 0 0 0 0 0 0 0 0 0 0 0 0 0
1316	0 0 0 0 13.96 0 0.02 0 0 0 0 0 0 0 0 0 0.02 0 0 0
598	0 0 0 0.08 0.08 0 0 3.38 0.06 0 0 0.06 0 0 0.26 0 0.08 0 0 0
870	0 0 0 0 0 0 0 0 13 0 0 0 0 0 0 0 0 0 0 0
991	0 0 0.02 0 0 0 0 0 0 0 0 3.76 0 0 0 2.5 35.72 0 0 0
1114	0 0 0 0 0 0 0 0 0 0 0 24 0 0 0 0 0 0 0 0
1120	0 0 0 0 0 0 0 0 19.26 0 10.74 0 0 0 0 0 0 0 0 0
1318	0 0 0.04 3.84 0 0 0 0.08 0 0 0.02 0 0.02 0 0 0 0 0 0 0
1319	0 0 0 0 0 0 0 0 0 0 0 0 0 0 6.98 0 0.02 0 0 0
1320	0.06 0 0 0.2 0.06 0.02 0 0 0.24 0 0.04 0.06 0 0 0.26 0 0.06 0 0 0
1321	0 0 0 0 0 0 0 0 5 0 0 0 0 0 0 0 0 0 0 0
1322	0 0 0 0 0 0 0 0 2.1 0 0 0 0 0 9.58 0 0 0.32 0 0
1323	0 0 0 0 0 0 0 0 0 0 4 0 0 0 0 0 0 0 0 0
1324	0 0 0 6.26 0 0 0 0 0 0 0 1.5 0 0 0.08 0 0 0 4.16 0
1326	0 0 0 12 0 0 0 0 0 0 0 0 0 0 0 0 0 0 0 0
1327	0 0 0 0 0 0 0 0 3 0 0 0 0 0 0 0 0 0 0 0
1328	0 0 0 0 0 0.06 0 0 0 0 0 0 0.04 0 0 0 0 16.9 0 0
1329	0.04 0 0 0.08 0.04 0 0 0 0.22 0 0.02 0.16 0 0 0.14 0 0.2 0.1 0 0
1330	0 0 0 0 0 0 0 0 0 0 0 0.02 0 6.98 0 0 0 0 0 0
1331	0 0 0 0 0 0 0 0 0 0 8 0 0 0 0 0 0 0 0 0
1332	0 0 0 0.02 1.14 0 0 0 0 0 0 0.06 0 2.76 0.02 0 0 0 0 0
1333	0.02 0 0 0 0 0 0 0 0.54 0 0.42 0.24 0 0 0.06 0 0.06 0.32 0 12.34
1334	0.16 0 0.04 0 0.58 0 0 0 0.38 0.06 0.14 0 0.06 0 0.58 0 0 0 0 0
1335	0.02 0 0 19.98 0 0 0 0 0 0 0 0 0 0 0 0 0 0 0 0
1336	0.04 9.16 0 0 0 0 0 0 0 0 0 0 0 0 0 0 5.8 0 0 0
1337	0 0 0 0 0 0 0 0 10.98 0 0 0 0 0 0 0 0.02 0 0 0
1338	0 0 0 0 0 0 0 0.02 0 0 4.92 0 0 0 0.06 0 0 0 0 0
1339	0.04 0 0 0.16 0.02 0 0 0 0.2 0 0 0.08 0 0 0.32 0 0.16 0.02 0 0
1340	0.08 0 0 0.08 0.02 0 0.02 0 0.1 0 0 0.08 0 0 0.4 0 0.18 0.04 0 0
1342	0.04 0 0 0.04 0.06 0 0 0 0.24 0 0.06 0.08 0 0 0.22 0 0.22 0.04 0 0
1343	0.04 0 0 0 0.1 0 0 0 0.3 0 0.04 0.2 0 0 0.14 0 0.1 0.08 0 0
1344	0 0 0 15.96 0 0 0 0 0 0 0 0 0.02 0 0 0 0 0 0 0.02
1345	0 0 0 0 0 0 0 0 0 0 0 0 0 0 4 0 0 0 0 0
1346	0 0 0 0 3.08 8.56 0 0 0 0 0 0.02 0 0 0.04 0 0.26 0 0.04 0
1347	0 0 0 11 0 0 0 0 0 0 0 0 0 0 0 0 0 0 0 0
1348	0.08 0 0 0.06 0.06 0 0 0 0.3 0 0.06 0.06 0 0 0.2 0 0.12 0.06 0 0
1349	0.02 0 0 0.12 0.18 0 0 0 0.16 0 0 0.08 0 0 0.26 0 0.08 0.1 0 0
1350	0 0 0 3 0 0 0 0 0 0 0 0 0 0 0 0 0 0 0 0
1351	0 0 0 0 0 0 0 0 0 0 0.06 0 0 0 3.94 0 0 0 0 0
1354	0.06 0 0 0.14 0 0 0.02 0 0.22 0 0 0.12 0 0 0.22 0 0.2 0.02 0 0
1355	0 0 0 0 0 0 0 0.04 9.96 0 0 0 0 0 0 0 0 0 0 0
1356	0 0 0 0 0 0 0 0 0 0 0 0 0 0 8 0 0 0 0 0
1357	0 0 0 0 0 0 0 0 0 0 0 0 0 0 0 0 8 0 0 0
1359	0.54 0 0 0 0 0 0 0 0 0 0 0 0 0 1.46 0 0 0 0 0
1360	0 0 0 0 1.14 0 0 0 0.02 0 0.24 0 0 1.6 0 0 0 0 0 0
1361	0 0 0 0 0 0 0 0 4 0 0 0 0 0 0 0 0 0 0 0
1362	0.06 0 0 0.14 0.08 0 0 0.02 0.14 0 0.02 0.16 0 0 0.22 0 0.12 0.04 0 0
1363	0.04 0 0 0.06 0.1 0 0 0 0.18 0 0.06 0.12 0 0.02 0.22 0 0.14 0.06 0 0
1364	0 0 0 0.14 0.08 0 0 0 0.3 0 0.02 0.12 0 0 0.22 0 0.04 0.08 0 0
1365	0 0 0 0 0 0 0 0 2.26 0 0 0.74 0 0 0 0 0 0 0 0
1367	0 0 0 0 0 0 0 0 0 0 16 0 0 0 0 0 0 0 0 0
1369	0 0 0 0 0 3.4 0 0 0 0 0 0 0 0 6.12 0 0 1.48 0 0
1370	0 0 0 0 0 0 0 0 0 0 0.42 0 0 0 3.58 0 0 0 0 0
1371	0 0 0 0 0 0 0 0 3 0 0 0 0 0 0 0 0 0 0 0
1372	0 0 0 0 0 0.04 0 0 0 0 8.96 0 0 0 0 0 0 0 0 0
1373	0.04 0 0 0.12 0.04 0 0 0 0.16 0 0 0.14 0 0.02 0.36 0 0.06 0.06 0 0
1374	0 0 0 0 0 0 0 0 0 0 0 0 0 0 0 0 2 0 0 0
1375	0 0 0 0 0 0 0 0 0 0 0 0 0 0 27.8 0 0 0.2 0 0
1376	0 0 0 0 0 0 0 0 11 0 0 0 0 0 0 0 0 0 0 0
1377	0 0 0 0 0 0 0 0 0 0 0 0 0 0 0 0 0 8 0 0
1378	0.02 0 0 0 0 0 0 0 6.96 0 0 0 0 0 0.02 0 0 0 0 0
1379	0 0 0 0 0 0 0 0 0 0 0 0 0 0 17 0 0 0 0 0
1380	0 0 0 0.74 0 0 0 0 0 0 0 0 0 0 11.26 0 0 0 0 0
1382	6.96 0 0 0.04 0 0 0 0 0 0 0 0 0 0 0 0 0 0 0 0
1383	0 0 0 0 0.04 0 0 0 0 0 0 0 0 0 7.96 0 0 0 0 0
1384	0 0 0 0 0 0 0 0 0 0 0 0 0 0 2 0 0 0 0 0
1385	0 0 0 0 0.06 0 0 0 0.16 0 0 0 0 0 0 0 11.7 0 0.08 0
1386	0 0 0 0 9 0 0 0 0 0 0 0 0 0 0 0 0 0 0 0
1387	0 0 0 0 0 0 0 0 0 0 0 0 0.06 0 2.94 0 0 0 0 0
1388	0 0 0 0 0 0 0 0 0 0 0 0 0 0 14 0 0 0 0 0
1389	0 0 0 0 0 0 0 0 0 0 0 0.02 0 0 3.98 0 0 0 0 0
1390	0 0 0 0 0 0 0 0 0 0 0 0 0 0 4 0 0 0 0 0
1391	0 0 0 0 0 0 0 0 0.02 0 0 0 0.02 0 5.96 0 0 0 0 0
1392	0 0 0 0 0 0 0 0 0 0 0 0 0 0 0 0 10 0 0 0
1393	0 0.18 0 0 0 0 1.42 0 0 0 0 0 0 0 12.4 0 0 0 0 0
1394	15.72 0 0 0 0 0 0 0 0 0 0 0 0 0 1.26 0 0 0 0.02 0
1395	0 0 0 0 0 0 0 0 0 0 0 0 0 0 6 0 0 0 0 0
375	0 0 0 0 0 0 0 0.02 0 20.74 11.24 0 0 0 0 0 0 0 0 0
1159	0 0 0 0 22 0 0 0 0 0 0 0 0 0 0 0 0 0 0 0
1396	0 0 0 0 0 0 0 0 0 0 10.3 6.7 0 0 0 0 0 0 0 0
1397	0 0 0 0 0 0 0 0 0 0 16 0 0 0 0 0 0 0 0 0
1398	0 0 0 0 0 0 0 0.02 0 0 0 0 6.6 0 0 0 0 2.38 0 0
1399	0 0 0 0 13.92 0 0 0 0 0 0 0 0 0 0 0 3.08 0 0 0
1400	0 0 0 0 2.32 0 0 0 0 0 0 0 0 23.68 0 0 0 0 0 0
1401	0.02 0 27.24 0 0 0 0 0 0 0 0 0 0 0 0 3.4 0 0 0.06 21.28
1402	0 0 0 0 0 0 0 0 0 0 0 0 0 7 0 0 0 0 0 0
1403	0 0.02 0 0 0 0 0 0 0 0 7.98 0 0 0 0 0 0 0 0 0
1404	0 0 0 0 0 0 0 0 0 0 30.98 0 0 0 0 0 0 0 0.02 0
1313	0 0 0 0 0 0 0 0 0 0 0 0 0 0 37 0 0 0 0 0
1405	0 0 0 0 0 0 0 0 0 0 0 0 0 0 15 0 0 0 0 0
1406	0 0 0 0 0 0 0 9.98 0.02 0 0 0 0 0 0 0 0 0 0 0
1407	0 42.44 0 0 0 0 0 0.56 0 0 0 0 0 0 0 0 0 0 0 0
1408	0 0 0 0 0 0 0 0 0 0 0 0 3 0 0 0 0 0 0 0
1409	0 0 0 0 0 0 0 0 0 0 0.02 0 0.04 0.02 0 5.9 0 0 0.02 0
1410	0 0 0 0 0 0.02 0 0 0 0 0 0 9.98 0 0 0 0 0 0 0
1411	0 0 0 0 0 0 0 0.02 0 0 0 0 0 0 0 0 0 0 54.98 0
1412	0 0 0 0 0 0 0 3.94 0 0 0 0 0 0 0 0.06 0 0 0 0
1413	0 0 18 0 0 0 0 0 0 0 0 0 0 0 0 0 0 0 0 0
1414	0 0 0 0 0 0 0 0 0 0 0 0 0 0 2 0 0 0 0 0
1415	0 0 15 0 0 0 0 0 0 0 0 0 0 0 0 0 0 0 0 0
1416	0 0 0 0 0 0 10 0 0 0 0 0 0 0 0 0 0 0 0 0
1417	0 0 0 0 4.94 0 0.06 0 0 0 0 0 0 0 0 0 0 0 0 0
1418	0 0 0 0 0 0 0 0.02 0 0 10.98 0 0 0 0 0 0 0 0 0
1419	0 21 0 0 0 0 0 0 0 0 0 0 0 0 0 0 0 0 0 0
1420	0.96 0.1 0.04 0 0 0.02 0 0 0 0 0 0 0 0 0 0.04 1.84 0 0 0
1421	0 0 0 0 0 0 9.16 0 0 0 0 0 0 10.5 0 6.34 0 0 0 0
1422	0 0 0 0 0 0 0 0 0 0 9 0 0 0 0 0 0 0 0 0
1423	0 0 0 0 0 0 0 0 0 8 0 0 0 0 0 0 0 0 0 0
1424	0 0 0 0 0 0 0 7 0 0 0 0 0 0 0 0 0 0 0 0
1425	0 0 0 0 0 0 0 0 0 0 0 0 0 0 0 0 0 0 22 0
1426	0.08 0 0 0 0 0 0 0 0 13.22 0 0 0 0 0 0 0 0 0 12.7
1427	0 0 0 0 0 0 0 0.02 0 0 0 0 8.98 0 0 0 0 0 0 0
1428	0 0 20.04 0 0 0 0 0 0 0 0 0 0 0 0 0 0 0 0 13.96
1429	2.18 0 0 0 0 0.02 0 0 0 0 0 0 0 0 0 0 3.8 0 0 0
1430	4 0 0 0 0 0 0 0 0 0 0 0 0 0 0 0 0 0 0 0
1431	0 0 0 0 4.16 4.84 0 0 0 0 0 0 0 0 0 0 0 0 0 0
1432	0 0 0.02 0 0 0 0 0 0 0 0 0 0 0 1.98 0 0 0 0 0
1434	0 0 0 0 0 0 0 0 0 0 0 0 0 0 16 0 0 0 0 0
1435	0 0 16 0 0 0 0 0 0 0 0 0 0 0 0 0 0 0 0 0
1436	0 0.52 0 4.46 0 0 0 0 0 0 0 0 0 0 0 0 0 0.02 0 0
1303	0 0 0 0 0 0 0 25 0 0 0 0 3.98 0 0.02 0 0 0 0 0
1437	0 0 0 0 0 0 4.58 10.42 0 0 0 0 0 0 0 0 0 0 0 0
1029	0 0 15.98 0 0 0 0 0 0 0 0 0 0 0 0 0 0 0 0 0.02
1178	0 0 39.96 0 0 0 0 0 0 0 0 0 0 0.02 0 0 0 0 0 0.02
1438	0 0 0 0 0 0 0 11 0 0 0 0 0 0 0 0 0 0 0 0
1439	0 0 0 0 0 0.02 0 21.98 0 0 0 0 0 0 0 0 0 0 0 0
1440	0 0 0 0 0.02 0 0 0 0 0 0 0 11.98 0 0 0 0 0 0 0
1381	0 0 0 0 0 0 0 0 0 0 0 0 0 0 17 0 0 0 0 0
1441	0 0 0 0 0 0 0 0 0 0 0 0 0 0 18 0 0 0 0 0
1442	0 0 0 0 0 0 0 0 0 3.16 0 0 4.84 0 0 0 0 0 0 0
1443	0 0 0 0 0 0 0 0 0 15 0 0 0 0 0 0 0 0 0 0
1444	0 0 0 0 0 0 0 0 0 37.98 0.02 0 0 0 0 0 0 0 0 0
1186	0 0 0 0 7 0 0 0 0 0 0 0 0 0 0 0 0 0 0 0
1445	0 0 0 0 0 0 0 0 0 0.04 0 0 0 6.96 0 0 0 0 0 0
1446	0 0 0 0 0 0 0 36 0 0 0 0 0 0 0 0 0 0 0 0
1447	0 0 0 0 0 0 0 0 0 1.84 0 0 0 0 0 0 0 0 1.16 0
1450	0 0 0 0 0 8 0 0 0 0 0 0 0 0 0 0 0 0 0 0
1451	0 0 0 0 0 0 0 0 0 0 0 0 0 47 0 0 0 0 0 0
1452	0 0 0 0 0 4 0 0 0 0 0 0 0 0 0 0 0 0 0 0
1453	0 0 0 0 0 1.2 0 0 0 0 0.8 0 0 0 0 0 0 0 0 0
1454	0 0 0 0 0 0 0 0 0 0.02 0 0 0 13.98 0 0 0 0 0 0.02
1455	0 0 0 0 0 0 0 0 0 0 0 0 0 4.98 0 0 0 0 0 0
1456	0 0 0 0 0 0 0 0 0 0 0 0 0 22 0 0 0 0 0 0
1457	0 0 0 0 0 0 0 0 0 0 0 0 0 3 0 0 0 0 0 0
1458	0 0 0 0 0 3.52 0 0 0 0 0 0 0 0.48 0 0 0 0 0 0
1459	0 0 0 0 0 0 0 0 0 0 0 9.52 0 0 0 0 0 0 0 13.48
1461	0 0 0 0 0 0 0 0 0 0 0 0 0 2 0 0 0 0 0 0
1462	0 0 0 0 4.92 0 0 0 0 0 0 0 0 0 0 0.3 0.06 12.72 0 0
1463	0.12 0 0 0 0.24 0 0 0 0 0 0 0 0 5.56 0.08 0 0 0 0 0
1464	0 0 0 0 6 0 0 0 0 0 0 0 0 0 0 0 0 0 0 0
1368	0 0 0 0 0 0 0 0 0 0 12 0 0 0 0 0 0 0 0 0
1465	0 0 0 0 0 0 0 0 0 0 5 0 0 0 0 0 0 0 0 0
1466	0 0 0 0 0 0 0 0 0 0 0 0 0 0 24 0 0 0 0 0
1467	0 0 0 0 0 0 5 0 0 0 0 0 0 0 0 0 0 0 0 0
1468	0 0 0 0 0 0 0 5.26 0 10.74 0 0 0 0 0 0 0 0 0 0
967	0 0 0 0 0 34.98 0 0 0 0 0 0 0 0 0 0 0 0.02 0 0
1469	0 0 0 0 0 0 0 0 0 38 0 0 0 0 0 0 0 0 0 0
1470	0 2.56 0 0 0 0 0 0 0 10.44 0 0 0 0 0 0 0 0 0 0
1471	0 0 18.98 0 0 0 0 0 0 0.02 0 0 0 0 0 0 0 0 0 0
1472	0 0 0 0.46 0 0 0 0 0 0 0.58 0 0 0 0 0 0.86 0 0 0.1
1243	13 0 0 0 0 0 0 0 0 0 0 0 0 0 0 0 0 0 0 0
1473	0 0 23.3 0 0 8.66 0 0 0 0 0 0 0 0 0 0.04 0 0 0 0
1474	0 0 0 0 0 0 0 1.68 0 0 0 0 0 0 0 0 0 0 0 15.32
1475	0 0.62 0 0 0 0 0 0 0 0 21.38 0 0 0 0 0 0 0 0 0
1476	0 0 0.04 0 0 0 0 0 0 0 0 0 0 0 0 0 0 0.08 1.34 0.54
1477	0 0 0 0 0 0 0 0 0.74 0 0 0 0 0 3.62 0 0 0 0.64 0
793	0 0 0 0 0 0 0 4.76 0 0 0 0 0 0 0 0 0 0 0 14.24
1479	0 0 0 0 18.38 0 0 0 0 0.62 0 0 0 0 0 0 0 0 0 0
1480	0 0 0 0 0 0 0 0 0 0 0 0 0.12 0 0 0 0 0 10.88 0
1478	0 23.02 0 0 0 0 0 0 0 0 0 0 16.98 0 0 0 0 0 0 0
1481	0 0 0 0 0 0 0 0 0 0 0 0 0 0 0 0 0 0 2 0
1482	0 0 0 0 0 0 0 0 3.98 0 0 0 0 0 0.02 0 0 0 0 0
1483	0 0 0 0 0 0 0 0 0 0 0 0 0 0 31.94 0 0 0 0 0.06
1484	0 0 0 0 0 0 0 0 0 0 0.04 0 0 0 0 0 0 0 3.96 0
1485	0 0 0 0 0 0 0 0 0 0 14 0 0 0 0 0 0 0 0 0
1486	0 0.08 0.14 0.06 0.02 0.02 0 0.06 0.2 0 0.06 0 0.12 0.08 0 0 0.02 0 0.14 0
1487	0 0 0 0 0 0 0 0.02 0 0 0 0 0 0 0.02 0 0 0 3.96 0
1488	0 4 0 0 0 0 0 0 0 0.02 6.98 0 0 0 0 0 0 0 0 0
1489	0 0 0 0 0 0 0 0 8 0 0 0 0 0 0 0 0 0 0 0
1490	0 0 0.02 0 0 0 0 0 5.98 0 0 0 0 0 0 0 0 0 0 0
1491	0 0 6 0 0 0 0 0 0 0 0 0 0 0 0 0 0 0 0 0
1492	0 0 0 0 0 0 0 0 4 0 0 0 0 0 0 0 0 0 0 0
1493	0 0.1 0.22 0.06 0 0 0.02 0 0.12 0 0.12 0 0.14 0 0.04 0 0.02 0 0.16 0
1494	0 0.04 0.2 0.02 0 0 0.04 0.06 0.2 0 0.1 0 0.1 0 0.08 0 0.02 0 0.12 0.02
1495	0 0 0 0 0.04 0 0 0 0 0 0 0 14.7 0.26 0 0 0 0 0 0
1497	0 0 1.32 0 0 0 0 0 0 0 0 0 0 0 4.68 0 0 0 0 0
1498	0 0 0 0 0 0 0 0 0 0 4 0 0 0 0 0 0 0 0 0
1499	0 0 0 0 0 0.02 0 0.04 0 0 12.94 0 0 0 0 0 0 0 0 0
1500	0 0 0 0 0 0 0 0 5 0 0 0 0 0 0 0 0 0 0 0
1501	0 0 0 6.96 0 0 0 0 0 0 4.04 0 0 0 0 0 0 0 0 0
1502	0 0 0 0 0 0 3 0 0 0 0 0 0 0 0 0 0 0 0 0
1503	0 0 0 0 0 0 0 0 1.6 0 0 0 0 0 0.04 5.24 0 0 21.12 0
1504	0 0 0 0 11 0 0 0 0 0 0 0 0 0 0 0 0 0 0 0
1358	0 0 0 0 0 0 0 0 0 5 0 0 0 0 0 0 0 0 0 0
1505	0 0 3.98 0 0 0 0 0 0 0 0 0 0.02 0 0 0 0 0 0 0
1506	0 0 0 0 0 0 0 0 0 0 7 0 0 0 0 0 0 0 0 0
1507	0 0 0 0 0 0 0 0 0 0 3 0 0 0 0 0 0 0 0 0
1508	0 0 0 0 0 0 0 7 0 0 0 0 0 0 0 0 0 0 0 0
1509	0 0 4 0 0 0 0 0 0 0 0 0 0 0 0 0 0 0 0 0
1510	0 0 0.92 0 0 0 0 0 2.06 0 0 0 0.02 0 0 0 0 0 0 0
1511	0 0 0 0 0 0 0 0 0 0 0 0 0 0 9 0 0 0 0 0
1512	0 0 0 0 0 0 0 0 0 0 23.98 0 0 0 0 0 0 0 0.02 0
1513	0.08 0 0 0 0 0 0 0 0 0 0 0 0 0 0 0.06 0 3.86 0 0
1514	0 0 0 0 0 0 0 0 0 0 0 0 0.02 0 19.9 0 0 0.08 0 0
1515	0 0 0 0 0 0 0 0 0 0 0 0 3.98 0 0 0 0 0 0 0.02
1516	0 0 0 0 7.64 4.36 0 0 0 0 0 0 0 0 0 0 0 0 0 0
1517	0.02 0 13.98 0 0 0 0 0 0 0 0 0 0 0 0 0 0 0 0 0
1518	0 0 0 0 0 0 0 0 0 31.98 0 0 0 0.02 0 0 0 0 0 0
1519	0.04 0 5.96 0 0 0 0 0 0 0 0 0 0 0 0 0 0 0 0 0
1520	0 0 3 0 0 0 0 0 0 0 0 0 0 0 0 0 0 0 0 0
1521	0 0 0 0 0 0 0 0 11.88 0 0 0.12 0 0 0 0 0 0 0 0
1522	0 0 17 0 0 0 0 0 0 0 0 0 0 0 0 0 0 0 0 0
1523	0 0 0 0 6 0 0 0 0 0 0 0 0 0 0 0 0 0 0 0
899	0.04 0 0 0 0 0 21.96 0 0 0 0 0 0 0 0 0 0 0 0 0
1524	0 0 0 0 0 0 0 0 0 0 33.94 0 0 0 0 0 0 0 0 0.06
1525	0 0 0 0 0 0 4 0 0 0 0 0 0 0 0 0 0 0 0 0
1496	0 0 0 0 0 0 0 2.78 0 0 0 0 0 0 0.22 0 0 0 0 0
1526	0 3.98 0 0 0 0 0 0 0 0 0 0 0 0 0 0 0 0 0 0.02
1527	0 0 0 0 0 0 0 0 0 0 0 0 0 0 0 0 12 0 0 0
1528	0 0 0 0 0 0 0 0 0 0 0 0 0 0 7 0 0 0 0 0
1529	0 0 0 0 0 0 8 0 0 0 0 0 0 0 0 0 0 0 0 0
1530	0 0 0 0 0 0 0 0 0 0 0 0 0 8 0 0 0 0 0 0
1531	0.02 0 0 0 0 0 0 9.88 9.1 0 0 0 0 0 0 0 0 0 0 0
1449	0 0 0 0 0 0.04 0 0 0 0 24.64 0 0 0 0 0 0 0 3.32 0
1532	0 0 0 0 0.06 0 0 0 0 0 0 0 0 3.94 0 0 0 0 0 0
1533	0 0 0 0 0 0 0 0 0 0 4 0 0 0 0 0 0 0 0 0
1534	0 0 0 0 0 0 0 0 0 0 0 0 0 0 11.64 0 0 0.32 0 0.04
1353	0 0 0 0 0 0.02 0 0 0 0 0.76 0 0 0.02 0 0 0 0 0 4.2
1536	0 0 0 0 0 0 0 0 0 0 5 0 0 0 0 0 0 0 0 0
1537	3.56 0 0 0 0 0 0 0 0 0 0 0 0 0 0 12.44 0 0 0 0
1538	0 0 0 0 0 0 0 0 0 0 0.02 0 0 0 8.98 0 0 0 0 0
1539	0 0 7 0 0 0 0 0 0 0 0 0 0 0 0 0 0 0 0 0
1540	0 0 24 0 0 0 0 0 0 0 0 0 0 0 0 0 0 0 0 0
1541	0 0 0 0 0 0 0 0 0 0 0 0 0 0 0 0 7 0 0 0
1543	0 0 0 0 0 0 0 3 0 0 0 0 0 0 0 0 0 0 0 0
1317	0 0 0 0 0 0 0 0 0 0 0 0 0 0 0 5 0 0 0 0
1546	0 0.02 0.16 0 0.02 0.02 0.06 0.06 0 0.1 0.08 0 0.16 0.08 0.08 0 0 0 0.12 0.04
1547	0 0 6 0 0 0 0 0 0 0 0 0 0 0 0 0 0 0 0 0
1548	0 0.04 0.26 0 0 0.04 0 0.04 0 0.06 0.02 0 0.26 0.1 0.04 0 0 0 0.08 0.06
1549	0 0.02 0.22 0 0.02 0 0 0.14 0 0.08 0.06 0 0.12 0.14 0.04 0.04 0 0 0.08 0.04
1550	0 0 0 0 0 0 0 0 0 0 4.88 0 0 0 0 0 0 0 1.12 0
1551	0 0.04 0.18 0 0.04 0 0.02 0.14 0 0.08 0 0 0.18 0.04 0.1 0.06 0 0 0.08 0.04
1553	0 0 0 0 0 0 0 0 0 0 0 0 7.94 0 0 0 0 0 0 0.06
1554	0 0 0 0 0 0 0 3.98 0 0.02 0 0 0 0 0 0 0 0 0 0
1555	0 9 0 0 0 0 0 0 0 0 0 0 0 0 0 0 0 0 0 0
1556	0 0.04 0.22 0 0.02 0.02 0.02 0.14 0 0.08 0.04 0 0.14 0.02 0.06 0.06 0 0 0.08 0.06
1557	0.02 0.06 0.2 0 0.04 0.02 0.02 0.08 0 0.16 0.08 0 0.04 0.06 0.1 0.02 0.02 0 0.06 0.02
1558	0 0 0 0 0 15.06 0 0 0 0 3.94 0 0 0 0 0 0 0 0 0
1559	0.02 0.02 0.3 0 0.04 0 0 0.12 0 0.12 0.02 0 0.18 0.06 0.06 0 0 0 0.04 0.02
1560	0 0 0.02 10.88 0 0 0 0 0 0 0.1 0 0 0 0 0 0 0 0 0
1561	0 0.04 0.24 0 0.04 0 0 0.08 0 0.04 0.04 0 0.16 0.08 0.08 0 0.02 0 0.12 0.06
1562	0 0.04 0.2 0.04 0.04 0 0 0.16 0 0.1 0.06 0 0.14 0.06 0.14 0 0 0 0.02 0
1563	0 0.04 0.2 0 0.02 0.04 0.02 0.12 0 0.1 0.02 0 0.14 0.06 0.06 0.04 0 0 0.1 0.04
1565	0.02 0.02 0.3 0 0.02 0.04 0.02 0.1 0 0.08 0.04 0 0.16 0.06 0.04 0.02 0 0 0.04 0.04
1566	0 0 0.18 0 0 0.02 0.02 0.2 0 0.08 0.04 0 0.14 0.02 0.08 0.04 0.02 0 0.08 0.08
1567	0 0.04 0.18 0 0.02 0 0.02 0.16 0 0.08 0.02 0 0.16 0.1 0.06 0.02 0 0 0.1 0.04
1568	0.04 0.02 0.32 0 0.02 0 0 0.16 0.02 0.06 0.04 0 0.18 0 0.04 0 0 0 0.04 0.06
1569	0.04 0.02 0.18 0.02 0.04 0.06 0.04 0.1 0 0.06 0.02 0 0.16 0.08 0.1 0 0.02 0 0.02 0.04
1570	0 0.02 0.24 0 0.02 0.02 0.02 0.06 0 0.12 0.02 0 0.16 0.08 0.04 0.08 0 0 0.02 0.1
1571	0 0.02 0.3 0 0.02 0 0 0.1 0 0.04 0.02 0 0.16 0.1 0.06 0.02 0 0 0.1 0.06
1572	0 0 0.26 0 0.04 0.02 0.04 0.06 0 0.06 0.02 0 0.16 0.06 0.06 0.02 0 0 0.14 0.06
1575	0 0.02 0.24 0.02 0 0 0.02 0.04 0 0.06 0.06 0 0.1 0.1 0.12 0.06 0 0 0.1 0.06
1576	0 0.1 0.26 0 0.02 0.02 0.02 0.06 0 0.02 0.08 0 0.12 0.12 0.1 0.02 0 0 0.04 0.02
1577	0.02 0.02 0.24 0 0.02 0.02 0.02 0.16 0 0.08 0.06 0 0.1 0.06 0.02 0.02 0 0 0.08 0.08
1578	0 0.04 0.3 0 0.02 0.02 0 0.16 0 0.1 0.02 0 0.1 0.06 0.08 0.02 0 0 0.04 0.04
1579	0 0.02 0.14 0 0.02 0 0 0.16 0 0.16 0.02 0 0.1 0.02 0.16 0.06 0 0 0.04 0.1
1580	0 0 0.18 0.02 0.06 0 0.04 0.08 0 0.18 0.04 0 0.1 0.08 0.08 0.02 0.02 0 0.06 0.04
1581	0 0.02 0.16 0 0.06 0.02 0.02 0.12 0 0.1 0.02 0 0.22 0 0.16 0.04 0 0 0.04 0.02
1582	0 0.02 0.2 0 0.02 0.02 0.02 0.06 0 0.06 0.08 0 0.18 0.06 0.12 0.02 0.02 0 0.04 0.08
1583	0 0.06 0.1 0.04 0 0.04 0.02 0.14 0 0.08 0.14 0 0.16 0.06 0.06 0 0 0 0.08 0.02
1584	0 0.02 0.26 0 0 0 0 0.22 0.02 0.1 0.02 0 0.14 0.1 0.04 0 0 0 0.06 0.02
1585	0 0 0 0 0 0 1.94 3.06 0 0 0 0 0 0 0 0 0 0 0 0
1586	0 0.04 0.18 0.02 0.04 0.04 0.02 0.06 0 0.04 0.04 0 0.14 0.08 0.16 0 0 0 0.08 0.06
1587	0 0.08 0.14 0.02 0.02 0.02 0 0.14 0.02 0.08 0.04 0 0.14 0.12 0.1 0 0 0 0.06 0.02
1588	0 0 0 0 0 0 0 0 0 0 0 0 0 0 4 0 0 0 0 0
1589	0 0 0 8.98 0 0 0 0 0 0.02 0 0 0 0 0 0 0 0 0 0
1590	0 0.08 0.06 0 0.06 0 0.04 0.14 0 0.04 0.04 0 0.12 0.08 0.14 0.02 0 0 0.04 0.14
1591	0 0 0 0 0 0 0 0 0 0 0 0 0 0 18 0 0 0 0 0
1592	0 0 0 0 0 0 0 0 0 0 0 0 0 0 9 0 0 0 0 0
1593	0 0 0 0 0 0 0 0 0 0 0 0 0 0 4 0 0 0 0 0
1595	0 0 0 0 0 0 0 0 0 0 0 0 2 0 0 0 0 0 0 0
1596	0 2 0 0 0 0 0 0 0 0 0 0 0 0 0 0 0 0 0 0
1597	0 0 0 0 0 0 0 0 0 0 3.3 0 8.7 0 0 0 0 0 0 0
1545	0 0 0 0 0 0.02 0 0 0 0 3.98 0 0 0 0 0 0 0 0 0
1598	0 0 0 0 0 0 0 0 0 0 0 0 0 0 0 0 10 0 0 0
1552	0 0 0.12 0 0 0 0 0 4.88 0 0 0 0 0 0 0 0 0 0 0
1599	0 0 0 0 0 0 0 0 0 0 0.12 0 0 0 0 0 0 0 4.88 0
1601	0 0 0 0.1 0.12 0 0.14 0 0.06 0 0 0.08 0 0 0.14 0.06 0.06 0.16 0.02 0.06
1602	0 0 0 0 10 0 0 0 0 0 0 0 0 0 0 0 0 0 0 0
1603	0 0 0 0 0 0 0 0 0 1.38 0 0 0 0 1.62 0 0 0 0 0
1605	0 0 0 0 6.94 0 0 0 0 0 0.06 0 0 0 0 0 0 0 0 0
1606	0 0 0 0 0 0 0 0 0 0 0 0 0 0 0 0 0 2 0 0
1607	0 0 0 0 10 0 0 0 0 0 0 0 0 0 0 0 0 0 0 0
1608	0 5.14 0 0 0 0 0 0 0 0.82 0 0 0 0.04 0 0 0 0 0 0
1609	0.02 0 0 0 0 0 0 0 0 0 0 0 0 0 0 0 0 4.98 0 0
1612	0 0 0 0 0 0 0 0 0 0 0 0 0 0 14 0 0 0 0 0
1613	0 0 0 0 4 0 0 0 0 0 0 0 0 0 0 0 0 0 0 0
1542	0 1.46 0 0 0 0 0 0 0 0 0 0 2.54 0 0 0 0 0 0 0
1614	0 0 0 0 0 3 0 0 0 0 0 0 0 0 0 0 0 0 0 0
1616	0 0 0 0 0 0 0 0 0 0 0 4 0 0 0 0 0 0 0 0
1600	0 0 0 0 9.64 0 0 0 0 0 0 0 0 0 0 0 0 0 0.36 0
1617	0 0 0 0 0 0 0 0 0 0 0 0 0 0 6 0 0 0 0 0
1618	0.04 0.06 0.02 0 0 0.4 0 0.04 0.02 0.12 0 0 0 0 0 0.12 0.02 0.06 0.1 0
1619	0 0 0 0 0 0 0 3 0 0 0 0 0 0 0 0 0 0 0 0
1620	0 0 0 0 0 0 0.4 0 0 0 0 21.6 0 0 0 0 0 0 0 0
1621	0.06 0.06 0.1 0 0 0 0.1 0.1 0.1 0.08 0 0.12 0.08 0 0 0 0.1 0.06 0.04 0
1622	0 0 0 0 0 0 0 0 0 0 5 0 0 0 0 0 0 0 0 0
1535	0 0 0 0 0 0 0 0 0 0 7 0 0 0 0 0 0 0 0 0
1623	0 0 0 12 0 0 0 0 0 0 0 0 0 0 0 0 0 0 0 0
1624	0 0 0 0 2 0 0 0 0 0 0 0 0 0 0 0 0 0 0 0
1615	0 0 0 0 0 0 0 0 8.6 0 0 0 0 0 9.4 0 0 0 0 0
1610	0 0 0 0 0 0 0.78 0 0 0 0 0 0 0 0 0 0 2.22 0 0
1627	0 0 0 0 0 3 0 0 0 0 0 0 0 0 0 0 0 0 0 0
1629	0 0 0 0 2.94 0 0 0 0 0 0 0 0 0 0 0 0 0 0 0.06
1632	0 0 0 0 0.44 0 0 0.92 0 0 0 0 0 1.64 0 0 0 0 0 0
1633	0 0 0 0 0 0 0 0 0.02 0 2.26 0 0 0.72 0 0 0 0 0 0
1634	0 0 0 0 0.42 0 0 0 0 0 0 0 0 0 1.58 0 0 0 0 0
1635	0 0 0 0 0 0 0 0 0 0 0 0 0.36 1.28 0 0 0 0 0 1.36
1639	0 0.02 0 0 3.98 0 0 0 0 0 0 0 0 0 0 0 0 0 0 0
1642	0 0 0 0 0 0 0 0 0 0 9 0 0 0 0 0 0 0 0 0
1644	0 0 0 0.02 0 0 0 0 0 0 0 0 0 0 2.98 0 0 0 0 0
1646	0 0 0 0 0 0 0 0 0 0 7 0 0 0 0 0 0 0 0 0
1647	0 0 0.02 0 0 0 0 0 0 0 2.98 0 0 0 0 0 0 0 0 0
1648	0 0 0 0 0 0 0 0 0 0 0 0 0 0 2 0 0 0 0 0
1649	0 0 0 0 0 0 0 0 0 0 3 0 0 0 0 0 0 0 0 0
1650	0 0 0 0 2.18 0 0 0 0 0 0 0 0 0 0 0 1.82 0 0 0
1651	0 0 0 0 3.46 0 0 0 0 0 0.54 0 0 0 0 0 0 0 0 0
1652	0 0 0 3.98 0 0 0 0 0 0 0 0 0 0 0.02 0 0 0 0 0
1628	0 0 0 0 0 0 0 0 0 0 0 0 0 0 0 0 0 0 0 10
1653	0 0 0 0 0 0 0 0 0 0 0 0 0 0 5 0 0 0 0 0
1654	0.16 0 0 0 0.22 0 0.12 0 0 0 0.04 0.06 0 0 0.22 0.12 0.02 0.04 0 0
1655	0 0 0.02 0.24 0 0 0.66 1.08 0 0 0 0 0 0 0 0 0 0 0 0
1544	0 0 7 0 0 0 0 0 0 0 0 0 0 0 0 0 0 0 0 0
1656	0 0 0 0 2 0 0 0 0 0 0 0 0 0 0 0 0 0 0 0
1657	0 3 0 0 0 0 0 0 0 0 0 0 0 0 0 0 0 0 0 0
1658	0 0 0 0 0.92 0 0 0 0 0 0 0 0 0 0 0 0 8.08 0 0
1631	0 0 0 3 0 0 0 0 0 0 0 0 0 0 0 0 0 0 0 0
1660	0 0 0 0 0 0 0 0 0 1.26 0 0 0 0.74 0 0 0 0 0 0
1661	0.14 0 0.04 0 0.04 0.08 0.16 0.16 0.04 0 0 0 0 0.14 0 0 0 0 0.2 0
1662	0 0 0 0 0 0 0 0 0 0 0 0 0 0 5 0 0 0 0 0
987	0 0 0 0 3.26 0 0 0 0 0 0 0 0 0 0.74 0 0 0 0 0
1643	0 0 0 0 0 0 0 0 0 0 0 0 0 0 2 0 0 0 0 0
1663	0 0 0 0 2 0 0 0 0 0 0 0 0 0 0 0 0 0 0 0
1666	0 0 0 0 2 0 0 0 0 0 0 0 0 0 0 0 0 0 0 0
1669	0 0 0 0 0 0 0 0 0 0 0 0 0 0 2 0 0 0 0 0
1433	3 0 0 0 0 0 0 0 0 0 0 0 0 0 0 0 0 0 0 0
1672	0 0 0 0 0 0 0 0 0 0 0 0 0.02 0 0 0 3.98 0 0 0
1673	0 0 0 0 0 0 0 0 0 3 0 0 0 0 0 0 0 0 0 0
1664	0 0 0 0 0 0 4.98 0 0 0 0 0.02 0 0 0 0 0 0 0 0
1677	0 0 0 0 0 2.02 0 0 0 0 0 0 0 0.96 0 0 0.02 0 0 0
1678	0.2 0 0 0 0.4 0 0 0 0 0 0 0 0 0 0.2 0 0.2 0 0 0
1679	0 0 0 0 0 0 0 0 0 0 0 0 0 0 3 0 0 0 0 0
1573	0 0 0 0 0 0 0 0 0 0 0 0 0 0 0 0 0 0 0 8.44
