2 31.6 17.2 34 40.2 91.6 40.6 1 16.8 5.6 39 0.4 0 66.4 0 30.4 8.4 0 59.8 0
0 0 0 0 0 0 13.6 0 14 3 0 8.4 0.4 0 30.2 0.2 8 0 0.2 0
0 0 0 0 0 0 0 4.2 0 0 0 0 38 0 7.4 0 17.4 0 0 0
0 0 0 0 0 0 0 0 0.2 0 0.8 0 12.8 0 9.4 0 8.4 6.2 5.2 0
0 52 30.4 0 43.4 26.2 0 0 3.2 13.4 3 0 0 52.6 0 0.2 1 2.6 0.4 5.6
56 0.6 0.4 26 0 0 32.6 40.6 5.4 0 0 15.8 0 0 0.6 14.6 0 31.4 36 113
83.2 40.8 87.8 14.4 61.6 81.8 6.6 0.2 0 7.4 26.2 17.6 21.6 32 6.8 17.8 12.6 83.6 0 166
0 0 0 5.8 0 21.8 0 0 0 0 3 0.4 13.8 61.2 0 0 4.4 0 5.6 0
10 0 0 0 0 0 6 10 5 0 0 0 11.6 0 0.2 0 0 0 0 1.2
49 19.4 11.2 3 0 0.4 35.6 48.4 0 4.4 21.6 0 6.4 9 0 0.2 0 57 44.4 64
22.8 27.2 27.2 0 14.8 14.2 21.6 1.4 0 12.2 42.6 0 0.2 20.4 15 10 0 2.2 3 21.2
0.2 2.2 7 5 0 0 0 1 7.8 0 7.2 3 6.8 13.4 0 0 0.2 63 0 0.2
65.6 65.4 67.6 32.8 46 29.2 21 28.6 40.4 35.8 30 23 32 41.6 55.8 12.6 45.4 58.2 0.8 58.2
0 44.2 0 11.2 0 4.4 40.4 0 0.8 0.2 5.8 20.2 0 0.2 2.2 10.6 0 0 55 32.8
0 0 0 4.2 0 0 9 0 18.2 2.4 0 53.6 20.6 0.2 2.4 6 0.4 0 0 0
33.8 5.4 0 0 22.2 3.4 0 78.6 0 1.4 12.8 12.6 2.6 45.8 0 0 0 37.4 50 0
0 0 0 0 0 0 0 0 7 0 0 17.8 0 0 0 0.2 0 0 0 0
63 53.4 28 68 3.2 0 36.6 9.4 0 0 0 0 0 0 0 6.2 0.2 68.2 52 60.8
0 21.6 0 0 0 0 0 0.2 0 0 0 0 0 0 0 3 10 0 0 0.2
0 6.6 0.6 0 0 0.2 0 4.2 15.6 1.8 0 0 0 30 0 0 0.2 0.6 1.2 2
5.6 0 4.2 0 62.4 0 6.4 0 30.6 19.2 3.6 15.8 22.4 0 0 37 13.4 0 0 4.4
2.2 44.4 7.2 0 7 40.4 0 0.4 0 11 5.8 5.4 0 60.4 0.6 0 0 0 3 10.2
13.4 18.4 10.2 26 1 0.2 0.2 12 9 0.2 6.4 0 3.6 34.4 5.2 0 0 31.6 36.8 20.4
0 28.4 0 0 0 0 17 25.2 26.6 0 0 11.8 5 0 0 0 0 0 0 0
0 0.6 22.8 0 0 0.2 13 0 27.8 0 0 0 0 4.4 0.2 0 0 19.8 39.2 22
0 0 0 0 0 0 0 0 46.6 1.8 0 30 16.2 0 9 16.2 0 3 0 0.2
0 0 0 0 0 0 0.2 0 34.8 5 0 3.2 0 0.4 0 4.4 0 0 0 0
0 0 0 0 21.8 0 0 1.4 0.2 0 6.2 0 0 39.2 0 7.4 10 25.2 31.6 9
4 0 0 0 0 0 0 0 0 0 0 0 23 0 12.4 0 9.4 0.6 7.6 0
0 0 0 0 0 2 15 0 7.4 0 0 0 0 18.6 5.2 0 18.6 0 0.2 0
24.8 0.6 0 0 0 0 2.8 6 0 0 0 0 11.2 0 0.2 0 0 0.2 0 5.2
0 0 0 0 0 0 0 0.2 34.4 4.4 0 11.4 0 0 0 5 2.6 0 0 0
0 0 0 0 0 0 0 0 0 0 0 0 12.4 0 7.2 0 18.4 0 0 0
0 0 0 0 0.2 0 0 0 0 0 0 0 19.6 0 16 0 7.2 0 0 0
0 0 0 0 0 0 0 0 0 0 0 0 15.6 0 2 0 6.4 0 0 0
0 0 0 0 0 0 0 0 0 0 0 0 12.6 0 18.2 0 9.2 0 0 0
0 0 0 0 0 16.2 0 0 3.2 13 0 0 0.4 47 0 0 0 0 0 0.2
0 0.4 68.8 0 36 11.2 0 3.2 8.4 4 0 6.6 0 21.4 0 0 8.2 35.4 0 0.4
0 0 0 0 0 0 0 0 0 0 0 0 7.4 0 25.6 0 0 0 0 0
0 0 0 0 0 0 0 0 0 0 0 0 25.4 0 14.4 0 1.2 0 0 0
0 1.2 1.4 7 0 1.6 0 6.6 0 0 0 0 0.4 16.6 10.2 0.2 0 0 28.6 0.2
5.8 42.2 75.2 0 8 0 0 14.2 0 17 14.2 49.8 0 56.4 0 0 0 79.2 1 0
0.4 40.2 70.4 13.2 9.2 8.6 21.8 1 11.4 0 0 80.6 0 4 24.8 0 19.6 62.2 40.4 0.2
8.2 49 15.4 0 15.6 7.8 0.2 0.4 5.2 17.8 10 26.8 0 84.2 0 0 0 0.6 5 13.8
0 0 0 0 0 0 0 0 38.6 3.6 0 23.4 0 0 0 6.4 0 0 0 0
0 0 0 0 0 0 0 0 19 0 0 0 19.8 0 17.8 0 8.4 0 0 0
0 0 0 0 0 0 0 0 0 0 0 0 21.6 0 11.2 0 1.2 0 0 0
16 0.4 0 5 0 0 0 0 0 0 0 0 14.6 43 0.8 0 14.6 0 0 32.6
2.6 38.8 45.8 0 20.4 25.2 23.6 12.8 7.6 7.4 32 2.2 12.6 0 17.8 35.4 0 0.2 0.6 0
0 0 0 0 0 0 7.4 0 19.6 0 0 0 0 0 0 12 0 0 0 0
0 0 0 0 0 3.2 0 4.2 3 0 0 0 0 0.2 0 0 0 10.8 0.6 0
0 0 4.2 0 0 0 20.6 0.4 16.2 0 0 18.2 0 0 0 13 0 0 0 14.4
0 0 0 0 0 0 0 0.2 14.8 0 0 8.4 0.8 9.8 0.2 0 0 0 1.6 7.2
0 0 0 0 0 0 0 0 77 14 0 25.4 23.6 0 0 0 0 0 0 0
0 0 0 0 3.2 3.4 0 0 0.4 4 0.2 0 0.2 16.6 0 0 2.8 0 0.2 0
0 27.6 79.4 0.2 45.4 41.8 0 0.2 0 6.4 14.2 17.2 0 85.2 0 0.2 0.2 0.2 26.8 0
0 0 1.6 0 0 0 0 0 36.4 25.8 0 55.2 8 33.4 0 0.2 7.6 0 1.4 5.4
18.4 7 0 34.4 0 7.2 35.8 40.4 10.8 5.6 1 0 4.8 20.8 14 28 0 0 52.8 0
73 42.2 24.6 29.6 24.2 81.4 5.4 25.4 16 9 63.2 52.6 0 14.6 0 15.8 0.4 87.8 32.4 40.4
86 0 25.8 20.6 0 7.6 0 6.4 5.8 0 0 0 0 7 4.6 0 0 92.8 0 101.4
0 0 0 0 0 0 0 0 0 0 0 0 5.4 0 6 0 16.6 0 0 0
14.8 48 7.8 23.4 20.2 20.2 12.8 15.6 56 0.2 52 10.8 6.2 28.6 0.6 2.6 0 0 38.2 0
0 0 0 0 0 0.2 48.8 0 29.6 0.2 0 26.6 7 0 0 30 4.4 0 0.2 0
0 59 39.4 12.4 8.4 42.8 0 25.2 0.4 0.2 15 6.6 2.6 49 9 0 2.4 25.8 24.6 2.2
5 35 0 0 0 0 0 0.2 8.6 0 0.2 0 0.8 0 0 15.4 3.2 36 0 19.6
0 0 0 0 0 0 0 0 44 1 0 11.6 0 0.2 0 0 1.2 0 0 0
0 0 0 0 0 0 0 0.2 28 25.2 0 5.8 0 12.8 0 0 0 0 0 0
0 0 0 0 0.4 0 0 0 21 1.2 0 17.8 0.2 0 0 0 0 0 0 5.4
7.6 0 0 0 0 0 10.4 31.8 20.6 0 0 0 17.2 0 0 17.2 0.2 0 3 0
8.8 20.4 41.6 0 0 12.6 0 3.6 6 0 6.4 0.6 0 58.4 0 0 0 0.8 23.8 9
0.4 4 0 7.8 0 0 9.8 0 1.8 0 0 0 0 0 6 0 0 0.2 30 0
7.2 2.8 0 6.8 14.6 13.8 1.2 50 0.2 0 6.4 4.8 0 43.2 0 4.6 0 49.4 0.2 42.8
14 0 1 6 0.2 0.4 0 41 0 0 0 0 5.2 0 0 0 0 0 54.2 0
0 0.2 0 0 0 0 23.4 0 20.4 0 0 0 12 0 4.2 0 2.8 0 0 0
0 6.2 4.2 0 0 0 10.4 0 19.8 36.2 0 18 0 0 0 19.6 1.2 2.4 0 1
12 0 0 14.2 0 0.4 8.8 21 0.6 0.4 0 0 12 4.6 0 1 0 0 60 1
0 6.8 3 0 0 6.4 0 9.6 0.2 0 0 1.8 0 32.8 0 0 0 0 24.6 39.8
0 0.2 0 1 0 0 0 0 5.2 0 0 7 10.4 0 0.2 0 0 0 0 0
0 0 0 0 0 0 49.8 0 11.6 8 0 0.2 8.6 0 10.2 18.6 0 0 0 0
0 3.2 0.2 6 0 0 0.4 10 0 0 0 0 0 0 6.2 0 0 17 2.2 8.8
0 0 2.4 0 0 0 1.2 0.4 12 17.4 0.2 30.8 0 0 0 4.2 0 0 15.4 0
27.8 21.4 4.2 0 0.4 1.6 11.4 29.8 18 12.8 0 35 0 10.2 1.8 0 2.6 29 0 40.8
4.2 11.2 55.6 0 23.4 22.4 0.2 0 0 11.6 0 68.8 0 3.4 5 0 4 54.6 0.6 0
0 0 0 3.4 0 0 0 9.4 0 0.2 0 42 7 23.2 0 0 0 0 3.4 12.4
58.4 89.8 35 50.4 26.4 0 13.8 51.2 9.8 0 16 0 14.6 5.6 6.8 0 0.2 32.2 0 44.6
0 0 0 5 0 0 0 0 0 0 0 0 35.8 0.2 0 0 0 0 0 0
0 42 47.8 0 41.6 99.4 0 14.8 0 2.8 0.2 24.6 0 15.8 8.6 8 0 44.6 4.2 18.6
0 0 0 0 0 0 0 0 0 0 0 0 14.4 0 17.8 0 5.8 0 0 0
12.4 23.6 0 20.8 0 0 23.6 0 32.8 0 8.4 0.4 0 0 0 19 0 0 0 0
105 52.4 15.6 64.2 0 8.4 32.8 82 0.4 0 26.6 12.6 8.8 0.4 34.2 16.4 24.2 9 0 77
18.2 0.2 0 0 0 0 0.2 1.8 0 0 0 0 32.6 39.2 0 0 17 39 0 37.8
10.8 38.2 70.2 5 66.2 56 0 59.6 55.8 35.4 52.6 47.8 0 23.6 0 17.4 0 4.4 57 0
0 0 0 0 0 0 0 0 0 0 0 40 0 0 0 0 0 0 0 0
10.6 24.2 45 45.8 71.6 131.2 6.8 52 36.8 10 59.8 0 6 23.6 11.4 19.4 0 25.4 58.8 15.6
14.4 34 69.6 0 27.8 46.8 9 1.4 0 2.4 16.6 19 7.4 56.4 0.2 0.2 0.4 63.4 0 34
4 18.4 0.2 0.2 5 0.2 0 36.4 0 0 0 0.2 0 15.2 0 0 0 0 0 40.2
15.4 0 0 5 5.2 0 0 0.4 0.6 0 0 0.2 0 25.8 0 0 0 5.6 38.4 26.4
3.6 11.4 0 5.2 0 0 5.8 0 0 0 0 0 5.2 0 0 0.2 0 0 0 3.6
0 0 12.2 0.4 0 13 0 36.8 64 34 0 13.4 16.8 0 4.4 13.2 11.6 0 33.2 0
0 0 0 0 0 0 0 0.2 0 0 0 0 10.8 0 39.2 0 24.8 0 0 0
0 0 0 0 0 0 0 0 21 15.8 0 40 1.2 1.8 0 0.2 0 0 0 0
6.8 24.6 34.6 0.2 33.8 39.4 0 0 8 17.2 5.6 6.6 29.8 53.6 0 0 0 0.8 0.2 16.8
0 4.8 0 0 1.4 0 0 1 8.2 0 0 14.2 0 24.4 0 0 0 0 0 0
0 0 0 0 0 0 21 0 35.2 10.6 0 7.2 11 0 16.4 9 9.6 0 0 0
0 0 0 0 0 0 0 0 0 0 0 0 7.6 0 13 0 4.4 0 0 0
0 25 5 24 0 0 10.8 0 0 0 0 0.4 0 12.6 2.2 3.8 0 52.2 0.8 0
0 0 0 0 0 0 0 0 0 0 0 0 12.8 0 17.2 0 0 0 0 0
0 0 0 0 0 0 35 0 17.4 7.6 0 0 0 0 0 0 0 0 0 0
0 6.6 46.8 0 30.8 35.6 0 0 61.8 10 18.6 38.2 0 61.8 0 0.4 0 25.4 0 0
0 3.6 4 1 31.2 37.6 0 3 0 1.6 15.8 0 25.4 28.6 0.2 0 0 0 0 0
0 0 0 0 0 0 0 0 0 0 0 0 19 0 23.4 0 0.6 0 0 0
0 0 0 0 0 0 0 0 0.2 0 0 0 37 0 28.8 0 10 0 0 0
0 0 0 0 0 0 18.6 0 0 9 0 7.8 29.2 0 0 7.4 0 0 0 0
14.8 0 0 0 0 0 4.4 0.2 0 0 0 0 0 0 0 0 0 0 42.4 13.2
18.2 1.2 0 0.4 0 0.6 7.8 31.6 5.8 0 5 0 0 36.4 4.2 26 0.4 6.6 0 19.8
8.4 0 2.6 0 1.4 0.2 7 0 14.4 4.6 11.8 0 30.2 0.4 24.2 9.4 18.4 0 0 28
0 0 0.2 0 5.2 0 0 0.2 76.4 29.4 0 3.8 8.6 1.2 17.6 0.2 0 1.2 59 0
1 0 0 0 32.6 0.2 0 5.4 0 0 6.6 0 0 0.6 0 25.4 0 0 36.8 27.4
0 29 16.4 20.6 0 31.4 15.4 1.8 31.6 37.6 28 48.4 20 0 20.8 0 0 18.4 0 15.6
0 0 0 0 0 0 0 0 0.8 0 0 42 0.2 0 0 0 0 0 0 0
1.4 9.4 0 14.4 0 0 22.2 18.4 19 0.8 0.2 7.6 0 0 0 0.2 0 0 2.6 1.8
36 0 0 29.2 0 0 0 0 0 0 5.6 0 0 0 0 0 0 21.4 3.2 12.6
22.8 0 0 7.8 0 0 20.4 4 0 0 0 1 0 0 0 0 0 28 0 10
1 0 4 5 0 12.6 0 0 0 0 0 0 0 12.2 0 0 0 0 0 0.2
21.2 44.2 52 0 10.2 16.8 13.6 0.4 1 15 14.8 7.8 0 0 5 0 0 63.2 27.6 23.2
0 0 0 0 0 0 0 0 0 0 0 0.2 46.6 0 17 0 10.2 0 0 0
0 0 0 0 6 0 0 0 0 0 0 0 25 18 0 0 0 0 0 0
24.2 59.8 38.6 0.2 0.2 0 9 16.8 12.4 0 21.8 15.6 0 26.2 4.2 0 0 80 0 0
0 0 0 0 0 0 0 0 0 0 0 0 17.6 0 17.4 0 0 0 0 0
0 0 93.2 0 109 82.2 0 8.2 78.6 68.8 56.8 24.8 55.8 47.8 8.8 7.2 8 0 31.8 0
0.2 0 0 1.2 0 0 26.6 0 0 0 0 13.6 0 0 17.4 4 0 0 0 0
0 4 0.2 0 0 0 10.8 0 0 0 0 0 0 0 0 5 0 0 0 0
0 0 0 0 0 0 0 0 0 0 0 0 13.8 0 10.2 0 0 0 0 0
0 0 0 0 0 0 0 0 0 0 0 6.2 8.8 0 12.2 0 20.8 0 0 0
8 0 0.2 0 36.6 5.4 0 13.2 0 3 15 0 9.8 17.2 0 7.2 1.4 0 0 0
0 0 4 0 0.2 0 17.8 0 10 0 0.8 0 0 0 0 8.6 2 0 17.6 0
0 0 1 0 0 0 0 0 27.8 9.4 0 10.4 4 24.4 0 0 14.8 0 13.2 0
8.8 0.2 0 0 0 0 6.6 0 14.4 0.2 5.6 0.4 0 0 0 0 0 8 3.6 54.2
0 0 0 0 0 0 11.6 0 7.8 0 0 0 6.8 0 0 10.8 0 0 0 0
0 0 0 0 0 0 0 0 0 0 0 0.2 35.6 0 0 0.2 0 0 0 0
0 0 0 0 0 0 0 0 38.2 10.6 0 72.8 15.2 0 1 1.4 3.8 0 0 0
0 0 0.4 0 0 0 0 0 0 0 0 0 3.4 7 4 0 8.4 0 20.8 0
0 0 0 0 0 0 0 0 0 0 0 0 16.6 0 5 0 0.4 0 0 0
17.4 50.8 23.2 16.2 4.4 14.4 21.8 54 39 4.2 0.8 23 9.6 17 18.8 15.4 0.4 19.8 10.8 0
0 6.8 15.6 2.4 78.6 60.8 0 0.4 30.6 33.4 25.8 45 22.8 56 44.6 5.4 11.6 0.2 0 0
0 0 0 0 0 0 0 0 0 0 0 0 9 0 26 0 0 0 0 0
0 0 0 0 0 0 0 0 0 0 0 0 9 0.2 31.8 0 0 0 0 0
2.8 5.6 18.6 18 0 0 11.4 1.2 8.2 0 0 0.8 0 12.8 0 0 0 17.2 31.4 0
0 0 0 0 0 0 0 0 0 0 0 0 0.2 0 28.8 0 0 0 0 0
0.2 0 0 0 0 0 0 0 32.4 1.8 0 3.8 0 0.2 0 46.6 0 0 0 0
100.4 95.2 55 37.8 4.6 0 28 40.8 0 7.2 9 0 4.6 35.6 0 0 2.4 58.8 42.6 27
0 0 9.2 0 20.4 7 0 0.2 0 0 18 51.4 0.2 0.2 12.6 0 0 38.2 0.6 0
0 0 0 0 0 0 0 11 0 0 0 0 5 0.8 0 0 2 4.8 3 1.4
41.4 0 0 0 0 0 8.8 9 0 0 0 0 6.8 0 0.6 0 0 8.2 20.2 0
0 0 0 0 0 0 0 0 0 0 0 0 21.6 0 0 0 7.4 0 0 0
0 0 0 0 0 0 5 44.4 0 0 0 0 0 0 0.2 0 0 0 0 20.4
0 0 0 0 0 0 17.6 0 46 16.4 0 0 0 0 0 12.8 0 0 0 0.2
11.8 45.6 0 2.8 10.8 62.8 25.2 0.2 27.2 0 10 0 0 58.6 0 5.2 0 0 0 17.8
0 0.2 4.4 0 0 0 0 0.2 21.2 9 2.6 63.8 6.8 0 0.2 0 23.6 0 0 0
22.6 12.6 0 7 19.4 0 4.6 38.8 29.4 8.8 0 7.6 0.2 16.2 0 15.8 0.6 1.2 15.2 0
0 0 0 6.4 0.2 0 9.4 16.6 0 0 1.8 0 0 0.4 0 0 3 7.8 16.2 0.2
0 0 0 0 0 0 0 5.8 46.4 10.8 6.8 0 0 6.8 0 0 0 0 7.4 0
0 0.4 0 0 0 0 0 1.6 0 0 0 0 2.6 0 4.6 0 0 1.6 25.2 0
0 0 0 0 0 0 0 0 35.2 0 0 48.2 31.2 0 0 0 11.4 0 0 0
0 13.8 0 0 0 0.6 0.2 0 0.6 0 0.2 0.6 17.8 0.6 0 0 0 13.6 0 0
0 0 0 0 0 0 0 0 0.2 0 0 0 23.4 0 1.2 0 13.2 0 0 0
0 9.6 5.2 0.2 5.4 1.6 0.6 0 0 7 7.4 7 0 1.2 0 2.2 0 21 1.6 14
0 0 0 0 0 0 0 0 44 7.6 0 60 0.4 0 0 0 4 0 0 0
7.6 0.2 0 0 0 0 0.2 0 0 0 0 0 6.4 12.2 0 0 5.8 14.4 3 6.2
0 0 0 0 0 0 0 0 0 0 0 0 12.4 0 5.2 0 10.4 0 0 0
0 0 0 0 0 0 0 0 0 0 0 0 6 0 26 0 0 0 0 0
6 9.6 0 0 0.4 0 2 0 0.2 0 0 4 0 0 0 0 0 12.6 0 24.2
0 0 0 0 0 0 0 0 0 0 0 0 49 0 6.4 0 12.6 0 0 0
0.4 25 57.8 0 10.2 9.8 8.8 5.8 45.8 7.4 6.2 30.2 11.2 5.2 33 0 0 12.2 0 0
0 4.4 0 0 7.6 0 4.2 2.6 0 0 0 0 0 9 0 0 0 25.4 0.4 0.4
0 0 0 0 0 0 18.8 0 11.4 7.2 0 0 20.2 0 22 0.2 0.2 0 0 0
0.6 8.4 0 6.4 0 17.2 0 29.4 2.8 0 0.2 0 25.2 0 0 9.6 12.8 0.4 68 0
0 31.4 18.8 0 11.6 46.2 6.6 0.2 59.4 12 1 42.6 21.4 42.4 0 2.6 20.4 101.2 0 18.2
0 0 0 0 0 0 0 0 0 0 0 0 4.4 0 38.2 0 18.4 0 0 0
7.2 45.6 0.4 11.4 5.6 12.8 0 0.8 0 0 16.6 0 0 15.8 0 0 0 0 0.8 0
0.2 0 0.4 4.4 0 0 33.4 0 53 64.4 0 55.4 46.4 0 8.8 26.2 18.8 0.6 0 1
0 0 0 0 0 0 0.2 0 0 3.4 0 21.2 0 7.8 0 7.2 0 10.2 0 0
0 0 0 0 11 17.8 0 0 5.8 0 0 0 7.6 17.4 0 0 0 14.4 0 0
63.6 26.4 0.4 49.4 20.8 10.6 55.6 1.2 25.8 1 51.2 0 0 13.4 3.2 8.6 2.6 55.8 1 34.4
4.6 14 0 4.8 0 0 24.2 27 1.4 1.2 9.2 0 0 0 0 0 0 3.6 11 0
0.4 0 16.4 0 10.4 23.8 0 0 22 12.4 5.4 27.6 21.4 3.8 0.2 0 10.2 0 0 0
0.6 31.8 0 10 3.2 0 8 0 0 0 0 0 0 0 0 0 0 28.6 2.8 0
0 20.6 10 0 24.8 2 0 0.2 23.8 8.2 0 0 0 42.2 0 0 3.2 47.4 1.4 12.2
41.2 6 0.2 23.2 0 0 46.8 31 3.6 1.6 0 30.2 0 10.6 2 6.2 0 30.8 2.8 75.8
0 0 0 0 0 0 0 0.2 24 8.4 0 12.2 8 0 13.4 0.2 7.6 0 0 0
0 0 0 5 0 0 0 0 0 0 0 0 24.4 0 28.6 0 0 0 0 0
0 0 0 5.8 0 0 8.6 0 1.2 0.4 0 10 21.2 0 0 6.8 0 0 0 0
0 19.8 15 0 13.2 13.4 0 0 12.4 17.6 19.8 11.4 16 3.8 7.2 0.2 13 12.2 8 0
27 47.4 46 18.8 19.4 33 2.8 61 0 0 32.4 22 0.8 23 0.2 0 0 31.8 0 61.4
7.6 0 5.6 10 5.6 10.4 4 0 32 4.4 8.2 0 0 0 14 6.4 15.4 16.2 18 0.2
0 46 0 0 10.6 0 12.6 0 0 0 0 0 0 0 3.2 0 0 0.6 0 0
0 6 0 0 12 48.4 0 1 0 0 3 0 22.2 67.2 30.2 0 18.2 0 0 19.8
1.2 10 7.8 0 8.4 36.4 0 19.4 12.2 0 27.6 6.4 0 0 0 0 0.4 29 59.8 29.4
0 0 0 0 0 0 23.4 0 16.8 0 0 0.2 13.8 0 0 0 3.8 0 0 0
0.4 17.4 71.2 3 41 49.6 0.8 1 9.4 39.8 0 32 0 97.8 0 0 14.8 33.6 10 1.2
25 30.6 10.8 21.8 43.8 32 38.2 67 11.8 2.8 40.2 0 33.8 27.6 18.4 55 0 28.2 3.2 3.8
9.4 0.8 0 0 0 0 4 0 0 0 0 0 0 4.8 0 0 0 0 0 0
0 0 0.2 0 0 0 0 0 48.4 0 0 0.6 14.2 0 0.2 4.2 7.2 0 0 0
4 0.2 0 5.4 0 0 10.6 0 0 0 0 0 4.2 0 32.8 0 5.4 1 12.4 0
0 0 0 0 0 0 0 0 0 0 0 0 11.6 0 9.6 0 13.6 0 0.2 0
0 0 0 2.2 0 0 0 0 0 0 0 0 24.6 0 31.2 0 19 0 0 0
0.8 16.8 12.6 11.6 17.4 18.8 19.2 32.6 0 18.4 14.2 50.2 13.8 3 0 0 0 33.6 39 13
0 66.8 0.4 0 0 0 0 0 0 0 4 0 0.2 0 0.8 0 0 0 0 11.8
0 0 0 4 0 0 24.6 0 0 0 0 0 0.4 0 10 0 11.8 0 0.2 0
9.8 64.8 49.6 0 14.2 0 1.2 31.2 0 0 2.6 20 0 35.2 0 0 0 0.2 4.2 24
0 0 0 0 0 0.4 1 3.2 9.8 0 0 0 3.8 11.8 4.8 0 12 0 0 0.2
0 0 0 0 0 0 1.8 0 0 0 0 0 0 0 2.6 0 0.2 0.4 0 21
0.4 0 6 0 17.8 0.4 0 57 42.4 4.2 0.2 15 0.4 42.2 2.6 0 0 36 23.8 0.6
13.8 18.2 0 18.8 0 1 29.2 22.6 4.6 0 6.4 0.2 28 23.4 6.6 17.8 0 0 50 14.4
0 2.6 10 4 6.2 0 0 3.2 0 0 1 0 0 56.4 0 0 4 18 19.6 33
0 29.4 1.4 0 13.8 7 7 0 20.8 4.6 44.4 4 0 6.6 0 13.2 0 0 58.8 0
0 0 0.2 0 28.4 36.4 0 0 2.8 2.6 0 0.6 0 40.8 0 0 0 0 0 0.2
0 20.6 0 0.6 3 6.2 0 17 6.8 0 10.4 0 0 0 0 0.6 0 0 4 2.8
0 0.4 0.2 0.2 0 9 0.2 0 0 0 0.2 0 0 0 10.8 0 0 9.8 7.2 0
0 0 0 0 0 0 0 0 4.4 0 0 0 40.6 0 0 0 0 0 0 0
0 0.8 21 0 16.6 34.8 0.4 29.2 35.4 0 29.2 2.2 0 0 0 28 4.2 0 26.2 0
0 28.4 75.8 0 75 70.6 6.8 0.2 54.2 21.2 49.2 46.4 0 40.8 14.4 2.6 9.6 23.4 15.4 0
0 0.8 6.4 0 0 0 0 5.6 26.6 9.4 0 60 10 0 1 0 0 31.8 0.4 0
0 15 35.6 17 7.8 8.2 6 16.6 4.2 3.2 29.2 21.8 22.4 0 6.6 1.4 5.4 23.6 0 0
0 0 0 0 0 0.2 0 0 0 0 0 8.2 1.2 0.4 0 0 0 29.6 0.2 10.2
0 0 0 0 0 0 17 0 18.8 0 0 0 1 0 3.8 2.6 0 0 27.8 6
0 0 0 0 0 0 19.6 0 17.2 3 0 11 0 0 0 31.2 0 0 0 0
0 0.6 0 0 0 0 1 0 0 0 0 0 8.4 0 11.4 3 0.6 16 0 5
0 0 0 0 0 0 0 0 0 0 0 0 11 0 17 0 7 0 0 0
0 10 34 0 2.8 0 0 16.4 0 8.6 0 10.4 0 15.4 0 0 3.8 62.8 28.4 25.4
0 0 0 0 0 0 2.8 0 1 0 0 37 0 0 0 0 0.2 0 0 0
29.8 35.6 0.2 13 0 0 11.2 0 0 0 0.2 5 0 0.2 14.6 0 0 9.4 60.8 0
21.4 0 0 11.8 0 9.4 19.6 20.8 6.2 0 7 0 0 22.6 1.2 0 0 34.4 0 27.6
121.4 37 33.4 43 11.8 10 28.4 10.6 0 14.6 19.2 14 7.2 19.2 20.2 9.4 12.6 125.6 1 90.4
20 19.4 0 20.6 0 18 9.6 15 0 0 0 0.2 0 2.6 12.8 0.2 0.2 14.2 11.4 46.8
14.2 0 16.6 9.4 0 0 0.4 1.4 8.2 0 12.6 38.2 1.6 0.8 0 0 10.2 64.4 10 8
8 17.8 0 6.2 0 0 0 0 0 0 0 0 0 0 0 0.4 0 0 0.2 55.4
0 0 0 0 0 0 0 0 21 0 0 28.4 0 0 0 0.6 0 0 0 0
107.6 0 0 29 0 0 0 49.6 0 0 0 0 0.2 0 13.4 15.8 0.2 0 44.2 56
0 0 0 0 0 0 0 0 0 0.2 0 0 16.4 0 0 0 19.4 0 0 0
0 0 0 0 0 0 0 0 0 0 0 0 15.2 0 23.8 0 0 0 0 0
0 0 0 6.6 0 0 0 0 0.6 5.8 0 15.6 0 0 13.4 0 0 0 0 0
1.4 36.4 8.6 9.6 0 0 42.8 8.2 0 0 0.2 3.4 0 0.2 0 9.2 0 6.2 0.2 8.6
0.2 48.8 27.6 18.6 21.8 34 13 26 0 30 67.6 52.8 0 47.6 8.6 15.6 0 0.2 22.6 0
0 0 3.6 0 0 0 0 0 0.4 12.4 0 0 0 12.6 0 0 0 0 0 0
0.4 7.8 27 0 23.6 46.4 4.8 0 6.2 11 22.2 3.6 0.2 52.6 0 21.6 6.6 0 9 0
0 0 0 0 0 0 10.4 0 0 0 0 11.6 0 17 6 0 0 0 0 0
0 0 0 0 0 0.2 0 0 34 7.8 0 0 0 0 0 15.6 0.4 0 63.4 11.6
0.2 0.6 2.4 24 0 62.2 10.8 42.4 26.6 14 15.2 10.6 12 0 0 0 1.2 15 50.8 0
0.2 0 7.8 4.2 9.6 0 13.8 28.8 15.8 3.2 0 13.4 20.2 0.6 0 13.6 3.4 39.6 38.6 0.2
0 0 0 0 0 0 0 1 53.8 0 0 11.4 0 28.6 0 0 0 21.8 10 1.4
0 0 0 0 0 0 18.8 0 8.6 3.8 0 0 3.4 0 0 8.2 0 0 0.2 0
0 9 6.6 0 2.2 0.8 0 0 14.6 0 0.6 0 0 15.8 0 0 7 64.2 38.8 5.4
6.8 0.6 44.8 0 22.4 8.6 0 0 0.6 4.2 0 6 0.4 47.2 0 1.2 8.4 31.4 2.4 32
0 0 0.8 0 37.4 0 0 0 24.8 2.8 4.6 0 7.6 0 0 7.4 11.6 0 0 0
0 0.8 24 11.4 79.8 59.8 0 0 30.8 34.6 24.8 85.2 0 2.8 0 0 4 0 0 0
13.4 0.8 0 5.8 4.6 0 35.2 0 9 0 0 0.2 9.6 0.2 10 8.8 0 0 0.4 0
0 0 0 0 0 0 0 0 0 0 0 0 26.4 0 30.6 0 0 0 0 0
0 10.8 0 0 0 0 0 8.4 9.2 0 6.8 5.2 0 0.2 11.6 0.2 0 0 22.6 0
0 0 0 0 0 0 0 0 0 0 0 0 17.4 0 12.4 0 17.2 0 0 0
0 0 0 0 0 0.2 0 0 12.4 0.8 0 0 29 0 0 0 27.6 0 0 0
5 22 35 8.6 10.2 3.6 0 0 12.8 15.2 34.8 19.8 12.2 0.4 0.4 0 7.4 36.6 20 0
0 0 14.8 13.2 0.2 0.2 0 0 0 0 0 6 14.8 39.2 0 0 12.2 69.8 1.6 83
39.4 72.8 0 16.6 28.6 11.4 8.6 0.8 2 2 29.2 0 1.8 0 6 2.8 0.2 0 0 19.8
0 0 0 0 0 0.2 0 0 14.8 0 0 42.4 0 0 0 0 8.6 0 0 0
0 0 0 0.6 0 0 7.4 0 6 0 0 0 0 0 10 0 0 0 0 0
0 0 18 6 32.8 72 0 0.8 19.4 12 32.4 0 0 21.4 0 16.8 0 0 38.8 34.6
1.8 30.2 56.2 0 48 70.2 4 0 28.8 22.6 28.8 0 10.4 14.6 2.6 20.4 0 6.2 71 24.2
102.4 54.8 14.8 14.4 30.6 15.8 24 14.6 15.8 7.4 25.4 7.6 0 0 22.2 21.2 0 0.8 50 74.2
17.6 23 20 13.4 48.6 14.8 19 9.8 41.2 8.6 32.4 11.8 14.2 0.2 0.4 14 0 0 0 0
33.8 54.8 39.2 13.2 0.2 0 18 40.2 19.4 0.2 1.2 38 0.6 21.8 26.8 0 5.6 56.4 0.4 48.2
0 10.4 0 0 0 0 0 50.2 0 0 0 0 5.4 0 0 3.4 0 0 0.8 14.8
0 0 0 0 0 0 0.2 0 0 0 0 0 6.4 0 31.4 0 0 0 0 0
0.2 11.6 0 0 6.2 0 17.8 0 27.8 0 0 52 0 0 0.2 0.4 0.2 14.6 0 0
3 15.2 38.6 0 0 9 0.2 0 0 0 0 0 0 69 0 0 5.2 0 0 8.8
18.6 20 110.2 11.6 80.6 118.2 5 56.4 0.2 39 75.8 32 35.2 65.2 20.4 42.4 1.2 13.6 72.4 0
0 0 0 0 0 0 7.4 0.4 25 0.4 0 43 8 0 0 12.8 0 0 0 0
7 0 0 0 0 0.2 0.4 0 0 0 0 0 7.6 0 16 0 0 0 13.4 3.4
33.8 36.8 63.8 30 82.2 104.8 33.8 0 34.8 80.4 40.8 9 0.2 13 2.8 23.4 0 0 41.2 10.2
0.2 35.2 46.4 4.8 40 13 0 25 0 28.6 28.6 45 3.2 63.4 13 0 6.2 22 0 11.4
0 0 0 0 0 0 0 0 0 0 0 0 14.8 0 0 0 12.2 0 0 0
0 0 0 0 0 0 0 0 0 0 0 0 34.2 0 8.6 0 0.2 0 0 0
0 55.4 18 3 0 0 0 0 19 9.6 0 0 0 0 0 0 0 0 0 0
0 0 0 0 0 0 0 0 0 0 0 0 24.2 0.2 27.6 0 14 0 0 0
0 15 0 0 0 0 0.2 0.2 22.4 0.2 0 0 0.2 0 9.4 3 14.4 0 0 0
8.4 39.2 89.4 19.4 17.4 32 33 0.2 24.4 11.8 41 13.4 42.6 24.8 19.2 6.2 5.4 6.6 28.6 0
0 1 0 0 0.2 11 0 27.8 54 7.2 1.6 0 12.2 0.6 11.8 8.4 0 0.2 10.8 0.2
0 0.4 0 0.2 2 0 3.8 38.8 15.6 0 0.2 0 0.8 7.8 26.8 0 0 31.2 1 2.4
0 0 0 0 0 4.4 0 0 33 1.6 0 6 0 0 0 0 0 0 0 0
0 0 45.8 0 8 6.6 0.2 0.2 0 14.2 7.8 17.8 0 56.8 0 0 0.6 53.6 0 21.4
9.2 20.2 83.6 0 68.8 67.6 0 22.6 45.2 29.8 65.6 9.4 0 14 0 10.8 0 0 1.2 0
47 3.6 0 17.8 6.4 0 26.2 0.2 28 0 0 0 8.8 63 0 11.2 0 0 26.4 53.4
44.2 20 19.8 6.8 46.4 35.2 16.2 52 28.4 7.8 55 20 8.6 38.4 4.2 0 0 36.2 0.2 70.4
0 0 0 0 0.4 0 11 9 73.6 29.8 0 0.2 27 0.8 27.8 26.6 15.2 1.8 0 2.8
18 66.4 70.2 22.4 29.6 31.2 5.4 0 0 13.6 20.8 13.6 0 17.8 0 1.2 0 78.6 0.6 12.6
49.8 0 0 14.6 0 0 36.8 38 28.4 0.4 0 22.2 1 31.2 20.8 18.4 0 12.8 13 11.6
0.2 17.2 7.2 12.2 16.2 1.2 44.8 8.6 46 0 8.6 0.4 9.8 29.6 11.4 12.6 6.6 56.8 50.4 3.2
28.8 18.8 44.8 5.2 0 0 0 6.6 0.6 0 0 16.4 0.2 13 3 4.4 4.8 12 24.2 2.2
53.4 36.2 32.2 60 3.6 13.4 44 22 17.6 6 24.4 6.8 0 19.8 20.6 0.6 7.4 31 13.4 17.6
0 0 0 0 0 0 0 0 0.4 0 0 7.6 17 0 0 0.2 4.8 0 0 0
12 26.2 41 0 42.2 63.2 0 2.8 0 32.4 13.4 21.4 7.2 78.6 0.2 0 0.4 13.6 22.8 50.6
0 0 0 0 0 0 0 0 0 0 0 0 19.2 0 0 0 6.8 0 0 0
19.6 45.8 62.6 17 112.6 92 21.6 39.6 74 46.8 60.8 10.8 12.8 28.8 0.2 29.4 0 1.8 19.4 4.2
0 0 0 0 0 0 3.2 0 9.8 0 0 5.2 12.2 0 3.6 0 9 0 0 0
41.2 23.8 10.2 39 0 23.8 0 7.6 25.6 0 5.6 0.2 0 0 17.4 17.2 0 12 77.8 27.6
0 0.2 0 0 0 0 43.6 0 0 0 0 8 0 0 0 19.2 0 0 0 0
12.8 25.8 26.2 8.4 7.6 31.8 0 0 0 3.8 0.4 0 0.2 38 7.4 0 0 0 64.4 0.2
108.4 56.6 36.4 56.4 49.6 25.6 18.8 68 41.2 0 34.2 13.6 0.6 0.2 7.2 2.8 0.4 40.8 0.6 94.6
0 0 0 0.2 0 0 0.2 0 0 0 0 0 22.6 0 5 0 0 0 0 0
0 0 0 0 0.2 0 25.8 0 19.2 5.4 0 7.8 0 0 10.6 0 0 0 0 0
25.8 1.4 96.4 23 44.6 49.6 0 15.2 0 0 39 20.2 16.4 62.8 11.4 0 0 57.2 1.4 95.6
94.6 27.6 4.6 44.6 7.6 0 16.6 0.2 0 0 0 0 0 12.6 0 6.6 0 41.6 41.4 96
34.4 2.2 40.2 0.2 43.6 27.4 0 5 1.8 6 0 8.2 1 27.8 0 1.8 0 61.6 29.4 93.4
0.2 0 78.2 0 50 24.8 0 0.2 13.6 44.2 48.4 45.8 25 8.6 0 11.4 5.4 28.2 0 0
5.6 24.2 0 0 0 15.6 16.4 60.2 0 0 0 0 0 1.4 10.4 0 0 0 36.2 0
0 0 0 26.4 0 0 12.6 10.6 5.2 0 0 0 0 0.2 1.4 0 4.2 42.6 0 11.8
0 0.2 0 0 0 0 0 0 0 0 0 0 22 0 5.6 0 7.2 0 0 0
25.8 43 50.4 0 6 0 9.6 33.2 11.8 1 21.8 20.8 1.2 1.2 16.2 0 3 18 0 28
0 0 0 0 4 0 0 0 0 0 0 0 18.4 0 0.4 0 5.2 0 0 0
0 0 12 0 37 77.8 0.4 0 42.2 28 21 15.8 0 33.2 0 0 10.4 0 0 0.2
45.6 20 0 15.2 0 0.2 27.4 0 0 2 0 0 0 0 0 3 0 4.2 0 74.4
9.2 0 0 0 0 0 0 33.2 0 0 0 2.2 0 0 10.2 0.4 0 2.4 22.4 19
0 0.2 0 0 0 0 5.2 41.4 44.2 0 0 1.2 25.8 7.8 0 12.6 0 7.6 0 16
0 0.2 0 0 0 0 0 0 24.2 0 0 14.2 24.2 0 0 0.2 0 0 0 0
63.2 0 16.4 6.2 0.4 2 0 0 0.2 0 0 0 1.4 2.4 12.4 12 0 6.4 12.2 93.8
20.4 8.4 14 0.6 47.8 28.8 0 15.6 0 3.2 0 0 0 13.2 0 0.2 0 61.4 2.2 42.2
47.6 32.2 7.2 24.4 14 21.6 11.8 25.2 0.2 0 35 1.2 3.6 0 11.4 25.4 8.8 33.4 44 20
6.2 0 29.4 0 18.2 43.6 7.4 27.2 37.8 1 12.2 0 29 19.4 7.4 0 10 63 0 83.2
6.8 0 0 3.2 0 0 27.4 0 13.4 3.8 0.2 0 10.6 0 5.8 0 3.6 0 24 0.2
0 44.6 57.4 0.2 19 21.4 10.6 0 4.4 12.8 0.6 14 0 14.2 0.2 0.2 0 82.8 0.2 0.4
20.6 0 0 17 0 7.4 8.6 14.6 0 0 0 0 0 0.2 6.6 7 0 14.8 1.4 10.8
0 4.6 0 0 39.8 27.8 0 6.8 23.6 39.4 1.8 26.6 9.2 55.6 0 0.2 23.2 21.4 0 0
0 0 15 0 0 0 3.4 0 0 0 0 0 7 0 13 0 0 0 8.6 0
58.8 39.4 7 37.4 7.2 14.4 17.4 18.2 23.6 5.2 25.8 17.2 12.8 2.6 26 41.6 0 11 36.2 0.2
0 0 0 0 0 0 0 0 0 0 0 0 24.6 0 6.2 0.2 0 0 0 0
0 21.8 12.2 0 3.6 17 4 3.8 34 7.6 23 1.8 0 0.2 0 0 0 0 0 0
6 0.2 4 0 4.4 0 0 0 11.4 0 0.2 7 0 12 0 0 0 3.6 0.2 0
27.8 5.4 0 22.2 0 0 0 0 0 0 0 0 0 0.2 2.4 0 2.8 0 20.4 49.8
42.8 50.2 18.6 12.2 5.6 29 0 30 7.2 4.8 16.4 6.4 0.2 36.4 10 4.8 0.2 2.2 47.6 50.4
0.4 0 19.4 0 0 0 0 0 0 0 0 0 0 34.4 0 0 0 3.6 6.6 7.6
0 0 0 0 0 0 0 0 0 0 0 0 22.4 0 5.8 0 7.8 0 0 0
7.8 25.8 1.2 8.4 0 0 22.8 35.8 0 18.8 17.4 23.6 0 1.2 0 30.2 1.6 0 38.4 13
13 79 5.8 22.2 10.8 0.4 33.4 10.4 23.8 14 13.4 0 1 11.6 0 0 0 29.4 28.8 21.8
7.4 10.8 0 22.6 10.6 0 20.2 0 23.4 0 17.6 52.6 0 19.4 22.4 10.6 0 25.8 30.2 20.4
8.2 7 37 11.8 0 13 37.6 27.2 31.6 0.2 29.8 58.8 14.2 0 27 11.6 0.2 39.8 0 0
10.2 0 14 8.6 22.2 47 0 0 11 7 5.6 0 11.8 20.8 0 0 0 29.4 1.4 0
0 0 16.6 0 0 26.4 0 16.4 26.8 16.4 23.8 18 3.6 67.6 0.4 16.6 9.6 32.8 0 0
0 0 0 0 0 0 4 0 37.6 35 0 32 0 0 0 0 0.4 0 0 0
0 0 0 0 0 0 8 0 15.4 9.4 0 2.8 0 0 0 1.4 0 0 0 0
6.6 0 0 0 0 0 0.2 0 0.6 0 0 0 0 13.4 8.6 5.2 0 0.2 0 27.2
0 0 0 0 0 0 0 0 0 0 0 0 20.8 0 21.4 0 16.8 0 0 0
0 0.4 0 0 0.2 13.4 0 0.2 0 0 0 0 0 19.2 0 0 0 0 7.8 5.8
0 0 0 0 0 0 0.2 0 0 0 0 0 2.6 0 9.6 0 2.6 0 0 0
62.4 18.4 0 58.2 0 0.2 38 0 9 0 5.4 0 0 0.2 24.6 0.2 0 23.4 0 67
0 0 0 0 0 0 0 0 0 0 0 0 6.6 0 8.6 0 8.8 0 0 0
0 0 0 0 0 0 0 0 0 0 0 0 0 0 1 0 33 0 0 0
0 0 0 0 0 0.4 5 0 51.4 13 0.2 19.2 13.8 0 0 0 0 0 0 0
1.2 0 0 6.4 3 0 0 5.8 0 0 0 0 0 0 4 0 0 8.6 0 0
0 0 0 0 0 0 0 0 30.8 0 0 0 0 0.6 13 3.6 0 0 0 0
0 0 0 10.8 0 0 36.4 19.8 0 0 0 0 6.8 0 1 0 0 11.4 24.2 19.6
16.6 24.8 2.4 0 0.6 0.6 11.6 22.6 0 0 19.8 6.2 0 0 0.6 0 0 7.8 24.2 26.2
0 0 0 0 0 0 0 0 0 0 0 0 15.4 0 6.6 0 3 0 0 0
14.8 12.8 25.8 13.8 32.8 29.4 5.6 14 29.2 0 31 0.4 0 23.2 14 10.2 11.4 0 35.6 1
0 0 0 0 0 0 0 0 0.2 0 0 5 16.8 0 0 0 0 0 0 0
0 0 0 0 0 0 30 0.2 18.4 0 0 1.8 6 0 5.2 5.8 0.4 0 0.2 0
0 0 0 0 56.8 0 0 0 0 0 0 0 0 0 0 14.2 0 0 0 0
0 0 0 0 38.2 0 0 0 0 4.4 0.2 0 17.4 0.4 0 36.2 0.2 0 0 0
5 0 0.2 0 15 0.2 0 0 0.4 5 1.8 0 0 4.2 0 9 0 0 1.2 0
0 0 0 0 0 0 0 0 0 0 0 0 10 0 0 0 0 0 10 0
26.6 0 0 0 0 0 3 0.4 0 0 0 0 0 12.6 0 0 0 0 19.6 8.8
0 1.4 0 0 0 13.8 0.2 0 0 0 0 3.8 0 0 0 0 0 8 14.8 7
0 0 0 0 38.6 0 0 3.2 6 0 19.6 0 14.2 0.2 5 10.8 0 0 0.2 0.2
19.2 41.6 48.4 4 4.8 25.2 4.8 0 0 8.2 18 17.2 0 26.8 0 0.2 0 44.4 19 8.2
0 7 5 0.2 34.6 19.2 4.8 7 0 24.8 13.4 47.6 1 31.2 9.2 17 0.4 40.6 0 0
0 0 0 0 15.2 10.8 0 0 0.2 0 8.4 0 0 0 0 1.6 3.8 0 0 0
0 0 0 0 0 0 14.6 0.6 0 0 7.2 6.4 0.4 0 1.4 0 0 0 1.4 0
0.2 0 0 0 15.6 0 0 0 0 0 0 0 0 0 7.6 0.8 15.6 0 9.2 0
0 38.4 61.2 14.2 31.4 15.4 21.2 30.2 16.2 0 38.6 44 9 15.2 16 0 0.6 33.2 0.2 0
24.4 9.4 31 2 23.6 16.8 0.2 4.8 0 0 13.6 1 5 17 0 0 0 40.8 0.2 46.2
1.6 24 10.2 19.4 0 0.2 0 8.2 0 0 0.2 0.2 0.8 25.8 0 0 0.6 13.2 28.6 18
11.2 0 11.2 39 0 3.4 0 0 0 0 0 2.6 0.2 0.2 3 6.4 1.6 43 20.2 0
7.2 0 0 3 5.8 0 12.6 0 13.6 7.2 0 0.2 0 0 0 4.8 0 0 12.4 0.2
7.4 0 0 13 0 0 22.8 0 0 0 0 0 0 0 0.2 0 1.8 0 1 34.8
0 0 0 0 0 0 0 0 0 0 0 0 8.8 0 15 0 0.2 0 0 0
20.4 37.2 10.6 0.2 2 7.4 18 2.8 10 6 10.2 0.2 8.4 0 0 25.6 5.2 0.2 44.2 44.4
0 0 0 0 0 0 0 0 13.8 0 0 1.2 0 0 0 0 0 0 0 0
10.4 34.2 22.8 0.2 42.8 11.4 25.2 42 9.2 6.8 16.6 0 2.4 2.2 0 40.4 0 0 37.4 18
0 0 0 0 14.2 0 0 0 8 0 0 0 0 1.8 11.4 0 8.6 0 0 0
89 8.4 29 14.4 14.8 7.8 3.4 2.8 12.6 0 13.6 5.8 0 0 0 0 0 41.2 0 12
0 0 0 0 0 0 12.4 0 2.2 3.8 0 0 9 2.4 0.2 0 14 0 0 0
0 32.4 0 0.4 0 0 0.8 1.4 0 0 0 8.8 5.2 0 0 0 0.2 0 0.6 49.2
0 0.6 0 14.2 0 0 19.4 0 3.8 0 0 0.4 24.4 0 0 28.2 2.2 0 0 25.8
6.8 7.2 62 0 60.4 36.4 0.2 0 0.4 29.2 50.2 61.4 0 31.2 18 0 21.2 45.8 12.4 0.2
0 0.2 3.4 0 23 10.6 0 0 5.4 0 5.6 0 0 34.8 0 9.6 0 0.2 6.2 0
0.2 0 0 0 0 0 0 0 0 0 3.8 8.6 0 17 4.8 0 3.2 8.4 0 0
0 0 0 0 0 0 0 0 0 18.4 0 18 11.8 2 1.6 0 3.2 0 0 0
13 0.2 0 0.2 0.8 0.4 0 10.4 2.4 0 0 1.8 8.6 0.2 0 14 2.4 0 0 16.6
14 11.4 23 0.6 0 0 0.8 27.6 0.2 0 1 0 2 30.6 0 0 0 28.2 0.2 27.4
0 13 37.6 0 25.8 25.8 3.4 0 13 19 15.6 16 0 0.6 0 4 0.2 6.8 18.2 5
0 0 0 0 0 0 0 0 0 0 0 0 0 0 0 0 17 0 0 0
5.8 38.8 0 12.4 0 0 0 0 2.2 0 0 15 0 0 0 2.4 1 17 2.4 28
2.2 0 0 0 3.4 0 4 17.6 0 0 0 24.8 0 0.6 0 4.4 0 0 1 0
0 0 0 0 0 0 0 0 12.8 0 0 0 0 0 0 0 0.2 0 0 0
0 0.2 0 0 0 0 0 0 0 0 0 0 11.2 0 0 0 14.6 0 0 0
5.6 14 49.2 11.4 31.4 32.8 0.4 26.8 0 4.6 21.4 0 0 15.8 8 7.6 1 15.4 8.8 14.8
50 9.2 22.8 11 6 13.4 0 29 0.2 9.6 9.4 0 0 12.8 0 6 0 26.4 0 50.2
10.2 20.2 17.2 0 1.2 13.8 0 8.6 0 0.2 17.2 4.6 0 26.4 0 0 0 0 0 10.4
0 0 0 0 0 0 0 0 0.2 0 0 0 7.2 0 0 0 6.6 0 0 0
23.4 15.8 0 18.2 0 1.4 1.2 21.8 0 0 0 1 15.6 0 4.6 0 0 16.2 16.4 19.4
0 0 0 0 0 0 0.2 0 0 0 0 0 3.4 0 10 0 0 0 0.2 0.2
0 0 3.2 0 0 0.2 0 2 2 0 0 1.2 0 1 0 0 0 0 22.4 0
3.2 0 0.2 0 5.4 0 0 23.2 0 0 0.6 0 0 5 0 0 0 1.6 15.8 0
0 0 0 0 0 0 19.8 0 3.4 0.6 0 2.6 1.6 0 0 7 1 0 0 0
0 0 0 0 0 0 3.2 0 1.4 0 0 0 0.2 0 0 0.6 4.6 0 0 0
0 0 0 0 0 0 0 0 0 0 0 0 0 0 0 0 1 0 9 0
20 5.6 36.2 0 32.2 13 10.4 8.8 14.6 3.2 18.6 31.2 13.4 23.4 2.2 9.8 17.6 29.4 0 0.4
0.6 0.8 21.8 10.2 23 32.2 0 0 11.2 17.8 27.2 0 0 0 0 10.2 0 16.4 33.6 0
0 0 0 0 0 0 0.2 0 0 0 0 0 0.4 0 11.8 0 2.6 0 0 0
5 0 0 4 0 0 0 0 0 0 0 0 0 0.8 0 0 0 0 4.2 0
0 0 0 3 0 0 4.6 0 0 0 0 0.2 6.2 0 0.8 0 0 0 0 0
2.4 0 0 0 3.8 0 3 0 5 0 0 0 0 0 0 0 0 0 14.8 0
0 0 0 0 11.2 0 15 0 8.4 5.6 2.2 6.4 0.8 0 0 13.4 0 0 0 0
0 0 0 0 0 0 7.8 0 0 0 0 11.2 5.6 0 18.6 0.4 5.4 0 0 0
0 0 0 4 0 0 9 0 0 0 0 0 0 0 0 0 3 0 0 0
0 0 0.2 0 11.4 4.8 0.2 0 7.6 4.2 0 0 8 27.8 0 2.6 2.4 0 9.8 0
7.8 0 4 0.4 0 0 0 0 0 0 0 0 0 0 0 0 0 9.2 0 33.6
0 0 0 0 0 0 0 0 0 0 0 0 31 0 0 0 0 0 0 0
0 0 0 0 0 0 0 0 0 0 0 0 19.8 0 6.8 0 0.4 0 0 0
6.6 0 0 21.6 10.8 17.8 2 24 2 5.8 25.2 0 0.2 9.2 3 10.8 0 27.4 0.2 11.4
1.8 0.4 0 0 0 0 5.2 1.8 0 0 0 0 0 0 0 6 0 0 0 1.8
0 0 0 0 0 0 0 0 0 0 0 0 0 0 0.4 0 11.6 0 0 0
0 0 0 0 0 0 0 0 6.6 4.6 0 31.6 0 0.2 0 0 0 0 0 0
0 0 0 0 0 0 0 0 1.2 0 0.2 0.2 2.2 7.4 3.4 0 0 0 1.4 0
0 0 0 0 3 0 0 0 0 0 0 7 0 0 0 0 0 0 0 0
13.4 1 0 4 18.8 22.4 0 12.8 8.2 9.4 0 0.2 0 14.8 0 0 4 0 0 0
5.4 3.2 8.8 0 0 10.6 0 0.2 0.6 2.4 12.6 7.4 0 0 0 0 0 20.8 0 0
18.2 0 24.2 20 1.8 0 7.4 0 3.8 0 0.2 0 0 1.2 0 0 0 5 0 10.2
0 0 0 0 0 0 0 0 0 0 0 16 0 0 0 0 0 0 0 0
0 0.4 0 0 0 0 7.6 0 0 0 0 3 0 0 0 0 0 0 0 0
0 0 0 0 0 0 0 0 0 0 0 0 2.8 0 11.2 0 0 0 0 0
0 0 0 0 21.2 24.4 1 0 0 0 3 0 0 0 0 7.4 0 0 0 0
0 0 0 0 0 0 0 0 2 0 0 0 0 0.4 4 0 4 0 2.4 0.2
0 0.2 0 0 0 0 0 0 0 6.2 0 0 0 0.4 4 2.2 0 1 9 0
0 0 0 0 0 0 0 0 0 0 0 0 3 0 0 0 0 0 0 0
0 0.4 0 0.2 0.8 5 0 0 16.6 2.2 0 0.6 5 0 0 0.2 0 15 0 0
0 0 0 0 0 0 0 0 0 0 0 0 1.4 0 1 2.6 4 0 0 0
0 0 0 4 0 0 20.4 0 0 1 0 4.2 0.2 0 0 0 0.2 0 0 0
13.8 0.6 18.6 8 16.6 9.8 8 9 0.2 0 33.2 4.2 0 12.8 5 0 0 40.4 0.8 0
0 0 0 0 0 0 0 0 0 0 0 0 17.8 0 1.2 0 0 0 0 0
6.4 1.6 0 0 0 0 0 2 0.8 0 0.2 0.2 0 0 0 0 0 0 0 17.8
0 0 1.4 0 0 0 0 0 0 0 8.2 3 0 0 0 12.2 0 0 0.2 0
1.6 0 0 0 0.4 0 0 0 0.2 0 0 0 0 3.2 0 0 0 19 0.4 9.2
7 0 3 0 0 0 0 0 5.8 0 0 0.4 0 0 0 0.8 0 0.4 0.6 0
2.4 0 0 0 0 0 0 2.4 0 0 4 0.4 0.6 0 0 0 0 0 1.2 0
0 0 0 0 6.8 4.4 0 8.4 0 0 11.8 0 0 0 0 0 0 0.2 0.2 0.2
0 8 0 0 0 0 0 0.2 0 0 0 0 0 3.8 0 0 0 0 0 0
0 0 0 0 0 0 0 0 0 0 0 3 0 0 0 0 0 0 0 0
0 0 0 2.4 0 0 0.6 0 0 0 0 0 0 0 0 0 0 0 0 0
0 0 0 0 0 0 0 0 0 0 0 0 0 0 0 0 5 0 0 0
