10.2 17.8 0.2 17.8 2.6 5.4 0 25 0 0
0 0 0 0 0 0 0 16.4 0 0.6
0 0 0 0 0 0 0 0 0 11
0 0 0 0 0 0 0 0 0.2 9.8
0.4 0 0.8 18.6 11.2 4 0 0 0 0
0.6 3 4.6 4.4 0 0 13.6 8.8 7.2 3.8
33.2 7.2 15.8 0 20.2 0.2 0.4 0 19 0
0 0 0 0 3 0.2 0 0 0 6.8
0.2 0 8.2 0.2 0 0 0 0.4 0 0
17 1 2.2 0.6 8.2 0 24 1.6 23.4 0
4.2 8 0 21.2 13.6 0 0 0.4 0.6 0
0 0 7 0 0.2 0 8.8 0 0 0
15.2 32.6 0 14 12 13.6 38.4 3.2 13 12
14.4 1.4 0 1.6 0 0.2 5.6 7.2 4.6 0
0 0 0 0 0 5.2 0 0 0.6 5.2
0 0 0.8 0 21.4 0.2 12.6 1 0 0
0 0 0.6 0 0 0.2 0 10.2 0 0
10.4 11.6 1.2 13 0 0 31.2 6 18.6 0
0 0 0 0 0 0 0 0 0 3
0 0 5.8 12.8 0 1.6 0 0 0 6.8
0 0 0 0 4 4 0 37.8 0 16
0 0 15.6 6.6 4.6 1 0 0 7.2 0
10 0 10.4 5.4 7 0 0.2 1.8 2.2 0
12.6 0 0 0.2 0 0 0 20.6 9.6 0
0 0 13.2 0.8 0 5.8 8.4 0.2 11.6 0
0 0 0 0 0 11.6 0 17.4 0 7
0 0 0 0 0.4 0.6 0 8 0 0
10 0.2 0.2 0 0 0 10.6 0 0 0
0.2 2 0 6.8 6.8 0 3.2 2 0 0
1.2 0 0 0 0 0 6.8 0 0 0
3 0 11.6 0 0 0 0 0.4 0 0
0 0 0 0 0 0 0 0 0 8
0 0 0 0 0 0 0 0 0 17
0 0 0 0 0 0 0 0.4 0.2 2.4
0 0 6.8 0 13.8 0 0 0.4 0 0
0.2 0 0 33.6 18.2 1.8 0 0 0 4.2
0 0 0 0 0 0 0 0 0 14
0 0 0 0 0 0 0 0 0 5
15 0 9.6 0.2 0 0 8.2 0 0 0
0 0 0 15 11.8 14 0 0 2.2 0
0 0 0 26.4 7.4 0 0 0.2 0 3
10.4 3.6 23 18.4 0 0 2.6 0 0 4
0 0 0 0.2 0 13.8 0 0 0 0
0 0 0 0 0 0 0 0.8 0 9.2
0 0 0 0 0 0 0 0 0 13
9.4 0 0 0 0 0 2.4 0.2 0.2 0.8
28 9.8 0.2 11 1.6 0 0 21.2 4.8 1.4
0 0 1 0.2 0 0 0 12 4.8 0
0 0 0 0 0 4.6 0 0.4 0 0
0 0 0 0 0 3 0 0 0 0
0 0 6.8 0 0 0 0.2 0 0 0
0 0 0 17.4 11.4 13.8 0.4 0 1 0
0 0 10.6 0 0 13.4 0 0 0 0
0.8 5.6 25.8 0 0 0 2.8 1.6 11.4 3
20 5.2 0 21.8 9.8 6 13.4 8.4 8.4 0
0 0 0 11.2 0 0 33.8 0 0 0
0 0 0 0 0 0 0 0 0.2 0.8
0.2 20 0 10.2 0.6 12.4 8.8 10.8 0 0
0 10 0 0 0 11.2 0 6.8 0 0
12 6.2 0.6 22.4 6 0 9.6 0.2 0 0
0 0 0 10.8 0 7.2 6.4 2.6 8 0
0 0 0 0 0 12.8 0 1.6 0.2 0.4
0 0 0 0 0 11.4 0 0.6 0 0
0 0 0 0 0 1 0 0 0 0
0 0 0 0 0 6 0 0 0 0
0 0 0 26 7 0 0 0 0 0
0 5.4 5.6 0 0 0 0 0 0 0
10.8 0 0 0 5.6 5.4 7.4 5.6 0.2 0
2.4 3 11 0 0 0 0.2 9.4 0 0
0 0 0 0 0 0 0 0 0 9
0 0 0 0 0 12.8 0 4.2 0 0
4.6 3 10 0 0.2 0 0 7.2 0 0
0 0 10.2 0 13 0 6.8 0 0 0
0 0 0 0 0 4 0 0 0 0
0 9 0 0 0 6 0 0 0 0
0 0 4.4 0 0 0 0.6 0 0 4
0 0 8.6 0 0.2 2 0.2 0 0 0
0.2 0 3 1 0 5.2 25.4 0 15.2 0
0 0 0 13.4 0 0.2 6.8 1.6 6 2
5 0 0 0 0 11 0 0 0 0
24.2 5.6 0 12.8 0 0 9.8 0.8 0 2.8
0 0 0 0 0 0 0 0 0 12
10.4 3.6 0.2 3 21.2 3 12.6 0 4 0
0 0 0 0 0 0 0 0 0 5
0 0 0 14.8 0 10.2 0 0 0 0
24.6 13.8 0 0 0 0 0.4 0 32.2 0
0 0 10.8 0 0.2 0 11 0 0 11
16.6 8.8 0.6 22.8 4.2 22.4 0 4 14.4 0.2
0 4 0 0 0 6 0 0 0 0
35.4 0 0 18.8 19.2 0.2 0 24.8 11.6 10
17 0 0 19.6 11 0.4 15.4 0 8.4 0.2
5.4 0 3.2 8.4 0 0 0 0 0 0
2.2 0 0.8 2.2 0 0 4.8 0 0 0
0 0 0 0 0 0 9.4 0 0.6 0
10.4 0 10.2 0 0 4.6 0 5.4 0 11.4
0 0 0.2 0 0 0 0 0 0 20.8
0 0 0 0 0 14 0 0 0 0
4 0 14.2 0.4 10 0 0 0 0 11.4
0.2 0 7.6 0 0.2 0 0 0 0 0
0 0 0.2 0 0 11.6 0 0 0 4.2
0 0 0 0 0 0 0 0 0 8
0 12.6 7.2 0.4 0 0 0.2 0.2 1.4 0
0 0 0 0 0 0 0 0 0 3
0 0.8 19.2 0.2 14 19.8 0 0 0 0
0 0 0 18.8 17.8 0 0.2 0 0.2 0
0 0 0 0 0 0 0 0 0 4
0 0 0 0 0 0 0 0 0 17
0 0 0 0 0 14.2 0 0 0 5.8
8.6 11.8 6.4 0 0 0 0 0.2 0 0
11.4 2.4 0.2 0 5 2.2 4.8 24.8 0 0.2
0 0 0 0 0 7.2 0.8 12.8 2.6 11.6
0 0 0.2 0 6.8 15.4 0 0 0 3.6
2.6 0 14.8 0 4.4 0 0 0.2 0 0
0 0 5.6 14.2 0 5.2 0 16.6 7.8 16.6
0 0 0 0 0 3 8 0 0 0
0.2 0 10.2 0.2 0 0 0 1.2 0.2 8
4.6 0.2 0 0.2 4 0 5.8 0 7 0.2
0 0 0 0 0 0 8 3.4 3.6 0
0 0 0 0 0 0 0 3 0 0
0 0 0.6 18.6 19.2 3.2 0 0.2 0 4.2
0 0 0 0 0 0 0 0.2 0 12.8
0 0 12.2 4.8 1.8 0.2 0.2 0 11.8 0
0 0 0 0 0 0 0 0 0 2
0 0 9.4 13.6 22.2 25.6 0 11.4 0 22.8
0 5 0 0 0 0 0 0 0 0
8.2 0 6.8 0 0 0 0 0 0 0
0 0 0 0 0 0 0 0 0 7
0 0 0 0 0 0 0 0 0 4
0 0 0 0 9 0 0 0 0 0
0 0 0 0 0 5.2 0 2.8 0 0
0 0 5 0 0 0 0 0 0 2
0 0 0 0 0 8 4.8 0 0.2 0
0 0 0 0 0 0 0 10 0 0
0 0 0 0 0 0 0 0.2 0 14.8
0 0 0 0 0 27 0 0 0 0
10.6 0 0 0 0 0 0 0 0 8.4
0 0 0 0 0 0 0 0 0 6
0 18.6 5.2 0 5.8 7 0 0 9 5.4
0 1 19.4 5 25.8 10 0.2 33.2 0 4.4
0 0 0 0 0 0 0 0 0 9
0 0 0 0 0 0 0 0.2 0 8.8
0 0 0 2.2 0 0 12.8 0 0 0
0 0 0.2 0 0 0 0 0.2 0 3.6
0 0 0 0 0.2 0 0 7.8 0 0
1 0.2 0 29.4 4 0 32.8 11.2 14.8 0.6
0 1.6 0 17 9 0 0 0 1 0.4
2 0 0 0 0 0 0 0 0 3
7.4 0 0.8 0 0 0 10.8 3 0 0
0 0 0 0 0 0 0 0 0 9
0 0 0 1.6 0.4 0 7 7.2 1.8 0
0 0 0 0 0 7 0 13.8 0 0.2
6.6 12.4 0 6.6 14.6 1.2 0 14.6 0.8 0.2
0 0 1.4 0 2.6 46.4 0 2.6 0 0
0.2 4 0 0 0 2 4.6 34.6 0.6 0
0 0 0 0.4 0 2.4 2.2 0 0 0
0 0 6.8 0 0 0 0 0 0 0.2
2.8 0 0 0.2 0 0 0 0 0 3
0 0 0 0 0 0 0 4 0 9
0 0 0 9 0 0 0 0 7 0
0.2 0 0 5 3 0 4.4 0.2 17.2 0
0 0 0 0 0 16 0 0 0 0
0 0 0 0 0 0 3 0 0 0
0 0 0 0 0 0 0 0 0 5
0 0 0 0 0 0 0 0 0 7
0 0 0 0 0 0 0 0 0 11
0.2 0 0 13.8 0 5 0 2.4 26.6 4
0 0 0 0 7.6 0.2 10.4 0.4 4.4 0
0 0 0 0 0 0.2 0 11.8 0 5
13 0 23.6 0 0 0 0.4 3 0 0
0 3.6 15.8 10.8 7 14.6 0.2 0 8 18
0 0 0 0 0 0 0 0 0 8
0 0 0.2 16.6 0 5.2 0 0 0 0
2 2.2 0 1 0 23.8 0 9.4 0 2.6
0 0 0 0 0 3.8 0 0.2 0 0
0 0 4 4.6 1 0.2 0 0.2 0 0
12.6 5.8 0 0 0.2 0 0 0 29.4 0
0 0 0 3 0 0 4 0 0 4
0 0 0 1 7.8 8.6 0.2 3 0 3.4
9.4 0 0.2 0.2 0.2 0 0 0 5 0
0 0 4.8 0 0 0 13.4 0 0 6.8
0.4 17.2 10.2 0.4 0 1.4 27.4 13 0 0
0 0 0 0 0 19 0 0 0 0
0 4 0 0 0 3 0 3.6 2.4 0
0 0 0.2 0 6 7.8 0 0 5 9
1.2 0 0.4 2.8 8.2 0 21.2 0 12.2 0
0.2 4.4 0 4.8 0 3.6 11.6 0 0.4 0
0 0 0 1 0 0 0 0 0 0
0 0.4 0 0 11.6 0 0 5 0 4
27.4 0 0.2 5.4 11 0 1 7 0 0
0 0 0.2 0 0 0.2 0.2 0.4 0 0
0 0 0 11.6 7.4 3 4 0 0 0
13.8 5.2 0 0 21.4 15.8 4 11.8 0 0
0 0 5 0 0 0 0 0 0 0
0 0 0 0 0 5.2 0 5.6 0 0.2
0 0.8 4.2 0 0 0 0 8.8 0 0.2
0 0 0 0 0 0 0 0 0 3
0 0 0 0 0 0 0 0 0 4
9.6 4.6 0 0 1.2 3 2.2 1.8 3.6 0
0 0 0 7 0 0 0 0 0 0
0 0 0.2 0 0 0 0 7.8 0 0
0 0 14.8 0.6 0 0 4.6 0 0 0
0 0 6.4 3.6 0 0.4 0 0 0 0.6
12 0 13 0 0 13.8 0 0 7.2 0
6.4 0 16 3 0.6 0 0 0 1.8 2.2
14.2 0 0 0 0 6.4 0 17.6 5.8 0
0 0 3.6 0.2 8.8 4.2 0.2 0 0 0
0 0 0 0.2 9.6 0 8.2 0 0 0
5 0 0 0 0 0 0 0 0 0
0 0 7.2 0 15.2 9 0 0 7.6 3
0 0 18.8 18 15 17.4 0.2 0 0 4.6
0 0 9.4 0 0 17.8 0 0 0 2.8
0 0 0 19.6 3.8 13.4 0.8 2 0.4 0
0 0 0 0 0 0 14 0 0 0
15.2 0 0.6 0 1 0 0.2 0 3 0
0.2 0 0 0 0 5.2 0 9.6 0 0
0 0 2 0 0 0 0 0 3 0
0 0 0 0 0 0 0 0 0 4
0 1.2 1.8 29.4 4.2 0 0 0 11.4 0
0 0 0 0 0 0.2 0 3.8 0 0
12.6 0 2.2 0 0.2 0 4.8 13.2 7 0
15.6 6.8 0 1 0 0 0.6 0.4 19 2.6
10.2 13 6.4 8.6 12.2 7.4 27.6 8.6 16 0
0 12 4 0 0 0 0 0 0 0
0 0 0 0 0 13.8 6.8 0 0 5.4
0.2 0 5.8 0 0 0 0 0.6 0 1.4
0 0.2 0 0 0 7.8 0 0 0 0
17.6 20.8 2.4 0 3.6 0 0.2 0.4 0 0
0 0 0 0 0 0 0 9.8 0 0.2
0 0 0 0 0 0 0 1.2 0.6 3.2
5 0.4 0 0 0 0 0 0 4.6 0
0 7.6 0 4.4 0 0 0 4 0 0
3.6 4 8.2 26.4 0 5.6 3.8 6.4 0 0
0 0 0 0 0 4 0 0 0 0
8.8 0 0 6.2 24 8.6 0 0 0.4 0
0 0 10.2 0 0 0 0 1.2 0 0.6
0 0 0 0 0 0 3 0 0 5
0 0 0 0 4.2 0.2 9 21.6 0 0
27 0 0.4 0.8 5.4 0 0 0.2 0 7.2
0 0 0 3.6 0 9.2 11 0.2 0 0
0 5 0 0 0 0 0 0 0 0
12 0 3.8 0 0 0 0 0 8 2.2
0 0 0 8.6 2 2 20.4 0 0 0
0 0 0 0 5 1 0 0 0 0
0 0.2 0 0 7.2 32 3.8 0 0 1.8
0 0.2 0 0 0 0 0 17.8 4 0
0 0 0 0 0 0 0 0 0 10
0 0 13.8 0 0 9.6 0 0 0 0.6
0 0 0 0 0 0 0 0 0 3
0 0 0 0 0 3.8 0 0 0 3.2
0 0 3.2 19.6 3.2 0 0.2 0.2 8.2 0.4
0 0 0.2 13.8 0 0 0 0 0 0
14 0.2 0 0.4 0 0 8.2 0 6.2 0
0 0 0 0.2 0 20.8 0 0 0 0
0 0.2 0 0 0 2.8 0 15 0 0
7.8 0 28.4 0 45.6 0 0.2 0 0 0
12 2.6 0 6.6 11 7.6 1.2 0 0 0
4.2 7 0.4 14.4 9.2 4.8 10.6 21 6.4 0
0 0 4 0 5.8 3.8 12.4 15 0 0
10 10 19.4 14 0 0 11.4 3.4 8.8 3
0 4 7 0 0 0 2.6 0 0.4 0
0 0 0 0 0 0 0 0 0 17
0 0 5 0 0 8 0 0 0 0
0 0 5 3.8 13 0 0.2 0 0 0
40 0 12.4 20.2 28.4 16.6 0 16.8 0 6.6
0.4 0 0.2 0 0 6 0 0.4 0 0
0 0 0 0 0 0 0 0 0 3
7.2 9.2 0 17.4 35 15.2 20.2 8.4 7.4 6
0.2 2.4 26.8 36.4 16.4 14.8 0 0 0 0
0 0 0 0 0 0 0 0 0 12
0 0 0 0 0 2 0 0 0 1
0 0 0.8 16.2 0 0 0 0 0 0
0 0 0 0 0 0 0 0 0 10
0 0 0 0 0 0 0 0 0 3
20.8 0 0.4 18.6 32.8 0.4 0 0 4 9
0 0 0 0 0 5 0 0 0 0
0.2 0 6.6 0 0 0.2 0 5 0 0
0 0 0 0 0 10 0 0 0 0
0.2 0 6.8 9.2 5.4 1.6 6.6 0.2 0 0
0.4 1.2 0.2 13 13.8 18.6 5 4.8 0 0
5.4 5.4 0 0 0 5.8 19.2 0.2 0 5
6.8 9.2 17 19.4 9.2 20.2 8.6 0 11.8 3.8
0 0 0 0 0 35.8 7 4.6 0 20.6
0 0.2 6 22.4 3.2 0 6.2 0 0 0
34.8 0.2 0 0 0 0 12.4 19.6 0 4
0 0 0 0 3.2 0.2 23.6 0 12 11
0 0 0 3.6 1.6 3.8 8.4 0.2 3.4 0
17.2 22.2 0 4.6 3 0 15.6 4 8.8 3.6
0.2 0 0 0 0 0 0 3.8 0 0
6.6 0.2 0 8 33.4 12.8 0 1.4 0.2 9.4
0 0 0.2 0 0 0 0 0 0 8.8
23.2 0 0 38.4 19.2 19.2 0 11.2 11.8 0
0 0 0 0 0 4.4 0 0.2 0 5.4
5.4 9 0.6 3.4 0 0.4 15.4 2.4 24 0.4
0 0 0 0 0 0 0 11.8 0 0.2
0 0 0 0 0 4.4 0.2 10.4 5 0
0.4 4.2 11 5.2 32 16.6 27.8 0 12.4 0.4
0 0 0 0 0 0 0 5 0 0
5.4 1.8 0.2 12.4 29 0 0 0 19.2 0
19.4 8.2 0 0.4 0 0 61.4 0 6.6 0
0 6.4 10.4 0.8 13.2 7.6 20.8 0.2 6.6 0
0.2 0 10 23.4 3 21.2 0 1 8.8 0.4
0.2 0 8.8 8.6 0 0 5 13.2 0 0.2
0 0.2 1.6 0 0 0 0 0 7.2 4
0 0 0 0 0 0 0 0 0 2
17.8 0 0.4 38.6 2 0 0 3.6 0.4 2.2
0 0 0 0 0 0 0 0 0 3
6.4 0 10.8 10.2 0 10.8 0 0.2 0 6.6
10.2 4.8 0 0 0 0 34.4 0.2 0.4 0
0 0 5 0 0 0 0 0 0 0
0 0 25 0 0 1.8 0 11.2 0.4 0.6
0 0 0 0 0 14.4 0 17.6 0 0
6.2 0 3.6 9.6 9.6 0 0 0.4 0.6 0
8.4 0 0 10 0 0.2 47.8 0 9.6 0
15.6 5 16.8 4.4 17.8 5.6 0 0 7.8 13
0.8 0 23 22.6 25.6 11 7.6 0.8 14.6 13
0 0 0.2 0 0 0 10.4 3.4 0.2 4.8
5.8 0 0 42.6 11.4 2.6 6.4 0 0.2 0
0 12.4 0.6 3.8 0 0 0.2 0 0 0
0 0 13.2 0 26.6 23 0 0.4 0 11.8
14.4 14.8 0.2 27.4 14.8 0.2 0.2 4.4 0 4.6
0.2 0 0 0 0 0 0 0 0 4.8
0.4 0 16.4 23.6 16 0.4 0.2 0 0 0
0.4 0 0 7.6 0 0 0 1 0 0
11.6 0.2 0 0 0 0 6.2 0 0 4
25.4 0 0 4.2 18.2 0.2 17.4 0 28.4 0.2
0 0 0 17 0 0 0 0 0 0
0 0 0 0 0 0 0 0 0 5
26 12.8 0 0 0 8 0 19.8 9.4 0
15.8 13.4 14.6 0.4 15.2 12.8 0 0 13.8 0
7.4 5.2 4.8 6.2 0 11.6 0 2.8 0 4
10.6 4.6 22 17.8 5.4 0 0 11.4 0.2 0
10 0 0 7.8 21.8 0 0 0 1.4 0
13.8 0.4 17.4 5.2 0 33.2 0 0 0 0
0 0 0 0 0 11 0 0 0 0
0 0.4 0 0 0 20 0 3.6 0 0
0.2 4.8 0 1 0 0 21 0 0 0
0 0 0 0 0 0 0 0 0 13
1.2 0 7.8 0 0 0 0 0 0 0
0 0 0 0 0 0 0 0 0 7
0 20.6 0 12.8 0 0 0 15.8 6.2 6.6
0 0.2 0 0 0 0 0 0 0 8.8
0 0 0 0 0 0 0 0 0 4
0 0.4 0 0 0 18.2 0 7.4 0 0
1 13 0 0 0.8 0 0.2 9 0 0
0 0 0 0 0 0 0 5 0 0
9.2 5.8 0.2 0 0 6.2 0.6 0 0 0
5.8 0 0 4.8 5 8.2 0.2 0.4 8.6 0
0 0 0 0 0 0.2 0 0 0 14.8
11.2 18.8 16 9.4 25 6 16.6 11.6 0 4.4
0 0 0 0 0 4 0 0 0 0
0 1 0 0 0 0 0 5 0 0
0 0 0 0 3 0 0 0 0 0
5 0 0 0 2 0 0 3 0 4
0 0 0 0 6 1 0 3 0 0
0.8 0 0 0.4 0 0 0 0 3.8 0
7.8 12 0 0.2 0 0 0 0 0 0
0 0 0 13.8 8 0 0 0 0.2 0
0 0 4.8 0 0 0 2.4 14.8 3 0
16.2 4.6 13.2 17 8.4 0 9.4 0 8.6 1.6
0 5.2 0.2 27.6 12.8 37 10.8 6.4 0 1
0 0 0 0 7 0 0 0 0 0
0 0 0 0 0 4.4 4.6 1 0 0
0 0 0 0 0 0 0 0 0 7
25.4 0 0.4 53.4 34.4 6.4 0 2.4 0 3.6
0 0.2 1 11.6 14.8 0 0 0 9.4 3
0 1.2 13 0.2 0 0 2.4 0.2 20.2 3.8
0 0 0 18 0 7.2 14.8 0 0 4
10.2 7.2 0 0 0 10.6 0 0 0 0
0.4 17.6 0 0 0 0 21.4 0.2 7.4 0
0 0 0.4 0 0 0 0 0.2 0 7.4
21.4 25.6 0 2.4 16.6 0 1.8 0 0.2 0
0 0 0 0 0 3 0 0 0 0
29 0.2 12.8 13.2 15.8 0 6.4 7.6 0 0
0 0 1.2 0.2 14.8 6.8 0 0 0 0
9.8 0 0.6 16.2 9.6 6.4 32 0 36 2.4
0 0 0 0 0 0 0 0 0 3
10 0 7.4 0 0 0 17.4 13.2 13 0
0 0 8 0 0 0 14.2 0 7.6 14.2
13.6 0 0 62.8 41.6 44.8 0.2 0 9 23
8.4 0 14.6 34.4 33.8 14.6 0 0 0 1.2
0 0.8 5.6 0 0 13.6 0.4 0 0.2 12.4
0 0 0.2 0 0 19 0 0 0 4.8
0 12.4 12.4 0 0 0.2 12 0 4 0
0 0 18.4 0.2 0 0.2 23.6 0 39.6 0
11.6 0.6 4.4 14.6 33 10.2 3.4 6.2 0 4
0 0 0 0 0 0 0 0 0 9
1 0 0 0 0 11 25.6 0 22.4 0
0.4 0 0 0 0 12.6 0.8 13.2 0 0
0 0 0.2 0 0 27.6 0 3.2 0 0
0 0 0 0 0 0 0 2.4 0 11.6
12 16.2 8.2 19.6 25.4 6.4 26.6 0.4 32 5.2
21.6 18.6 21.6 20.2 20 0 42 0 32 0
49 0 0.4 28.8 20.2 0 0 1.6 7 0
0 0 0 0 0 0 0 0.2 0 11.8
12.4 14.2 0 0 0 2 31.4 6 0 7
0 0 0 0 0 0 0 0 0.2 9.8
0 0 0 4 0 0 24 0 0 0
4.6 0 11.8 0 3.4 0 0.2 0 0 0
0 0.2 0 0 0 0 0 21.6 0 0.2
1 0 1.6 0 7.4 0.2 0 0 0 12.8
0 0 8 0 0 0 0 0 0 0
0 0.2 12 47.2 37.2 37 21.2 13 11.4 31.8
26 0 0 42.6 13.6 5.4 0 0 0.4 0
0 0 5.6 0.2 0 2.6 0 0 10.8 4.8
0 9.8 0 0 0 0 3.8 5.8 0 6.6
0 0 2 0 0 0 12.8 0 9.2 0
0 0 0 0.2 12 5.6 0 0 0 11.2
0 2.8 0 0 0 0 0 10.8 0.2 12.2
0 0 0 1 0 4.4 0 0 0 18.6
0 0 22.4 0 29.8 1.6 0 10.8 6.4 12
0 0 0 0 0 0 38 0 4.4 0.6
0 0 0 0 0 0 0 0 0 17
0 0 0 0 0 0 0 0 0 35
28.6 0 16.6 10.6 48.2 20.8 50.6 11.6 6 0
1.4 0 8 0 0 0.2 7 19.4 0 0
0 0 0 0 0 0 0 0 0 11
0 0 0 0 0 0 0 22 0 4
0 0 0.2 0 0 0 0 0 0 5.8
0 0.4 0.2 0 0 13.4 0 0 0 1
23.2 4 0 25.6 45.8 37.8 13.2 0 0 3.4
17.2 0 15.2 18.8 11 12.2 9.6 0 0 0
36 6.8 0 14.8 9.2 0 0 24 0.2 0
0 0 0 0 0 14.4 0 0 0 6.6
0 0 0 0 0 0 0 9 0 0
0 8.4 0 0 0 0 0 0 1 12.6
0 0 0 0 0 10 0 0 0 0
0 0 11.6 4.4 29.8 11.2 0 0 0 0
0 0 0 0 1 0 0 0 0 7
0.8 0 10.4 0 0 2.6 0.2 14.4 0 3.6
0 0 0 0 0 0 0 0 0 19
19.4 0 14 4.4 0 16.2 0 0 0 0
0 0 0 0 0 0 0 0 0 20
5.6 26.2 0 0 0 3.8 0.2 7 0 2.2
14.2 13.8 0 68 36 25.4 48 0 5.8 4.8
0 0 0 0 0 0 0 6.4 0 33.6
7.2 0 3.4 12 8.4 2.8 30.4 2.8 19.4 3.6
3.6 0 0.2 27 17.8 15.4 0 0 0 5
6.4 0.2 0.4 17.8 0 0 13.4 0.2 14.2 19.4
0 0 19.6 0.6 21.8 6.8 8.6 4.2 10.4 5
33.2 4.8 11.2 5.2 7.2 0 6.4 13.8 0.2 0
32.8 0 0 23.6 10.6 14.6 1.2 0.4 37.8 0
0 42.2 13 13.8 0 8.2 17.4 0 0 0.4
0 0 7.4 0 0 42.8 0 0.6 0 6.2
0 9.8 0 0 0 2.6 0 13.2 0 7.4
0 0 0 0 0 0 0 0 0 2
0 0 4.4 0 0 0 0 0 0 14.6
0 0 0 0 0 9.2 0 24 0 15.8
0 0 8.4 0 0.2 0 12.2 3.2 0 4
9.2 5.6 0 0 0 0 0 16 5.2 0
0.4 0 0 8.8 29.4 3.6 0.4 7.2 0 3.2
0 0 0 0 0 9.6 0 0.6 0 3.8
15.8 14.8 5.8 21.8 21.4 0 0 25.4 0 0
7.2 0 0 0 0 0 6.2 0 8.6 0
0 0 0.2 0 0 0 0 24.8 0 0
0 0 0 14.6 0 0 0.4 0 0 0
19.4 1.8 26.4 40.6 34 16.4 0 0 0 2.4
0 0.2 0 0 0 0 0 18.8 0 0
19 24.8 18.6 15.8 10.2 0 14.8 0 32.8 4
0 0 0 0 0 0 0 0 0 20
24.6 0 0 0 0.4 0 0 0.2 0 0.8
0 0 0 0 0 8.2 0 0.4 20.4 0
29.8 0 12.6 8 8.8 0 0 16.8 0 0
16.2 0 0 4.8 20.4 14.6 30.4 0 2.4 6.2
6.8 0 9 0 0.8 0 0 0.2 0 2.2
1.6 0 0 18.2 0 0 0 0 2.2 0
0 0 0 0 0 2.4 0 0 0 16.6
7.6 0.4 2.2 0 10.2 0.2 0 13.8 0 0.6
0.2 7.8 20.6 59.6 0 5.6 0.2 0 0 0
0 0 0 0 0 0 0 0 0 13
0 4 0.2 0 0 39.4 0 58.8 0 26.6
10.8 0 13.4 28.6 13.2 1.6 1.2 0 0 0.2
0 0 28 4.2 5 0 18.4 0 20.6 4.8
0 0 0 0 0 0 0 2 0 53
0 0 0 0 0.2 0 0 28.8 0 0
5.8 2.4 5.2 0 0.2 0 6.8 1.2 0 0.4
9 3.8 3 0 0 0 13 0 7.2 0
16.2 0.8 0 0 0 15 0 0 0 8
2.6 0 0 0 0 0 23.2 0 5.2 11
1.6 1.8 0 61.8 52.8 0 6.4 0 11.6 0
5.4 0 0 17.4 8 4.6 3.6 0 0 3
12.6 0 11.6 43.4 52.4 31.4 0.2 0.4 0 0
9.8 9.4 10 0 5.6 0 8 1.6 0.2 9.4
0 0 8.2 0 0 0 18.2 0 4 5.6
14.4 3.4 0.4 20.2 8 20.6 0 21 13.6 8.4
0 0 0.8 0 0 20.4 0 31.8 0 0
0 0 0 0 0 0 0 0 0 22
0 50 5.6 0 0.4 0 22 0 19 6
22.2 0.8 0.4 20.6 23.4 15.4 25.2 12 24 10
0 0.2 13.6 14 0 7.4 12.2 0 0 1.6
15.8 0.4 19.2 13.6 24.6 0 44.8 0.6 14.6 0.4
0 0 0 0 0 23.4 0 0 0 30.6
5.6 0 27.8 0.6 0 0 0 0 0 0
0 0 2.4 0 0 0.2 5.6 0 0 13.8
0 0 0 0 0 0 0 0 0 11
0 0 0 0 0 0 0 0 0 13
5 0 0 0 0 0 0 0 0 0
0 0 2.4 15.2 0 13 0 0.4 0 0
31.4 0 29.8 0.2 16 6.4 17.6 8.6 1 2
0 0 0 0 0 0 0 0 0 22
0 5.6 0 0 0 0 11.2 0 0.2 0
0 0 2.2 3.6 8.4 12 0 0 7 2.8
0 0 0 0 0 22.4 0 18.6 0 0
0 0 0.2 0 0 0 0 0 0 39.8
0 0 0 0 0 0 0 0 0 6
0 0 54 10.6 17.6 10.6 0.2 0 0 0
11.6 0 0.4 0 0 0 0 0 0 0
30.6 21.8 0 0 9.2 0 1.6 12.6 10.2 0
34 17.8 12.8 9 9.8 1 57.4 10 36.6 6.4
0 0 0 0 0 19 0 11 0 0
0 0 0 0 0.2 0 0 37.6 0 16.2
13.4 0 4.8 0 0 0 20.4 10.4 14 0
0 0.2 11 11 4.4 5.8 0.2 0 5.4 0
0 0 0 0 0 0 0 0 0 38
0 8.2 2.2 7.2 0.2 1.4 0 0 9.8 0
0 0 0 0 0 0 0 0 0 16
17 0.2 0 22.8 48.6 36.8 9.8 0 0.4 24.4
0 0.8 13.2 34 18.8 16.8 30.4 26.6 22.8 3.6
0.2 0 0 0.2 0 26.8 0 23.8 0 0
62.8 9.4 0.8 0 0 0 51.6 0 21.2 3.2
1.6 0 13.8 42.6 10.4 0 28.8 0 19.8 0
46.4 34.6 17.8 6.6 8 10.6 48.8 1.4 73.8 31
1 0 29.6 0 0 0 6.4 0 9 0
9.8 4.2 0 11.2 0 0 0 0 0.2 10.6
0 0 0.4 0 0 33.6 0 11.4 0 7.6
0.2 0 0.4 46 12.4 30 0.2 0 15.6 1.2
13.4 0 17 22.2 15.2 0 3.8 12.4 0 0
29.6 17.6 40.6 0 16.2 0 0 0 6 0
0 0 0 0 0 0 0 0 0 32
0 0 0 35.8 40.4 0 0.6 0 0 4.2
0 0.2 0 0 16.2 20.6 0 0.2 0 15.8
0 0 0 0 0 0 0 0 0 12
0 0 28.2 0 17 39.8 0 17.4 0 25.6
0 0 0.2 0.2 0 19.4 0 0 0 0.2
0 0 0 0 0 0 0 21.8 0.6 8.6
11.6 0 22.6 83.8 67.6 27.8 0 0.6 0 21
0 0 0.2 0 0 35.4 0 0 0.2 0.2
12.8 9.6 0 0 0 0.4 22 0 39.2 0
0.2 0 18.6 11 8 28.2 0 0 0 0
3 0 7.2 0 0 24 0.2 17.4 0 0
0 0 0 0.2 0 0 24.8 0 0 13
0 0 0 0.2 0 0 0 0 5.6 16.2
0 0 0 0 0 0 0 21.8 0.2 0
10.4 9.4 0 7.6 0 0 0 0 0 16.6
9.4 1.6 22.2 0 0 11.6 3.6 16.6 11 0
29 0 15.8 14.2 13 12.2 57.2 0.2 34.4 1
0 0.2 0 16.2 6 5.2 23.8 0 0 0.6
0 0 1.6 12.2 0 6.2 0 0 0 13
0 0 0 0 0 6.8 0 0.2 0 6
0 12.4 0 0 0 0 0 0 0.6 0
19.2 12.6 33.2 32 0 0.2 8.6 0.2 0.2 2.8
26.8 18.6 0 0 3.2 0 61.6 0 8.8 0
0 1.6 0 0 0 0 40.4 4.6 14.4 0
0 0 0 0 0 20 0 12.4 0 7.6
0 0 0 0 0 0 0 0 0 15
2.2 0 0 7.4 0 0 0 0.4 0 0
0 0 0 0 0 3 0 15.4 0.6 0
0 0 0 0 0 3.6 26.4 0.4 5.6 0
0 0 0 0 0 0 0 0 0 37
3.8 0.2 12.2 0 0 0 4.8 0 0 0
0 0 4.6 0.8 0 14.2 0.2 8.2 0 0
0 0 28.2 58.4 36.6 22.4 0 0 0 0.4
0 0 0 0 0 4.4 0 0 0 17.6
0 0 12.4 14.4 0 0.2 4.8 0 0 12.2
0 0 0 0 0 8.8 0 11.2 0 0
0 5.4 0 0 0 0 0 21.6 0 0
0 0 0 0 0 29.4 0 16 0 10.6
0 0 18.8 0.4 0.2 0 10 0 7.4 0.2
0 0 13.6 0 4.6 0.8 0 0 0 0
2.6 32 0 0 0 0.2 0.2 0 10 0
0.2 0 8 20.4 64 15.2 0 2.2 0 0
0 3 0 0 0 0 0 0 0 28
17.2 0 18.2 57.2 20.6 35.2 0 0.2 42.8 8.6
0 0 0 0 0 0 0 0 0 35
0 8.6 0 0 0 4.6 0 32.8 0 0
16 0 0 3 0 0 15.4 8.4 14.2 0
37.4 29.6 0 22 0.2 56.8 53.8 63.4 0 35.8
13.2 0 0 34.8 0 49.2 0 0 27 0.8
0 0 0 0 0 0.2 14.4 13 0 3.4
0 0 0 0 0 11.6 0 29.4 0 0
0 0 2.2 0 0 0 0 8.8 0 9
0 0.2 0 0 0 15.8 0 0.4 0.2 6.4
0 0 5 0 0 0 0 0 0 28
0 0 0 0 0 37.8 0 0 0 0.2
5 0 5.8 9.2 23 0 0 0 0 0
18.2 0 0.2 0.2 16.4 12.8 8 0.8 25.2 1.2
0 0 0 0 0 10.2 0 0.2 0 1.6
0 0 34.8 0 5.8 0 0 0 0 5.4
0 0 0 0 13.8 0 1.2 0 0 0
0.8 0 7.2 0 0 22.8 20.4 7.8 0 0
25.4 3.4 32.2 42.2 34.8 41 0.2 0.4 0.4 0
7.2 10.4 8.6 0 0 0 4.8 0 0 0
27.4 6 12 0 0 0 6.8 13.4 12.8 12.6
0 0.2 0 0 0 0.4 0 11.4 0 10
5.4 0 0 1.6 0 0 29.8 0 20.2 0
0 0 0 0 0 0 0 0 0 47
0.4 0 0 1.4 0 21.6 5.6 0 0 0
0.6 0 7.8 0 2.2 0 11.4 4 0 0
0 0 0 0 0.2 5.8 0 23 0 0
22.2 7.8 0.2 5 0 0 11.2 13.8 28.4 13.4
0 0 0 0 0 0 0 0 0 31
22.6 1.2 0.2 0 21.4 0 22.4 13 0.2 4
15.4 4 37.8 44.8 0 13.4 0 0 28.6 0
0 0 26.8 0 28.8 9.4 0 0.8 0 0.2
0 0 0 78.2 18.2 25.4 0 0.2 0 0
0 0 5.8 44.2 50 20.8 0 0 0 1.2
20.2 0 38 23 66.2 41.2 14.4 0.2 0.8 0
0 0 5.6 6.8 0 2.4 8 0.4 4.8 0
0 0 0 0 0 69.2 0 16.4 0.2 29.2
20.4 16.2 13 6.6 0 3.6 11 0 7.2 0
0 0 0 0 0 0 0 0 0 15
16 0 0.2 21.6 40.8 11.8 40.8 0 0.2 7.6
0 0 0 0 0 0 0 0 0 9
33.6 0 10.2 8.8 0 0 0.2 14 16.2 18
0 0 16.2 5.6 0 31.2 0.4 0 1.2 0.4
0 0 0 0 0 0 0 0 0 23
0 0 58 27.2 14.4 0 11.4 0.6 4 1.4
0 3.2 13.6 13.4 13.6 9.4 5.8 0 0 0
0 0.2 0 0 0 47.6 0 29.8 0 18.4
0 0 0 0 0 0 0 14.6 0 20.4
0 0 0 0 0 22.8 0 0.2 0 5
0 0 0.4 0 0 25.6 0 10.4 0 1.6
11.2 0 17 0 12.2 0 12.4 0 0.2 0
14.6 33.8 0.2 9.6 0 3.6 0.2 0 21.8 1.2
18.6 0 2 0 30.4 0 5.6 13 0 5.4
12 0 0 0 0 0 21 0 0 13
5.2 0 0 104.4 62.4 77.8 0 0 18.8 1.4
35.8 0 55 40.2 40.4 0 30.4 0.2 0 0
0 0 0 0 0 16 0 0 0 8
44.6 6.8 0 0 23.4 1.6 51.2 0.2 0 3.2
0 0 0 0 0 0 0 0 0 50
0 0.2 0 22.2 0 15.4 19.4 0 0 2.8
16.2 2 0 40 54.2 48.8 23 0 17.6 0.2
0 0 0 0 0 20 0 0 0 0
1.4 0 18 40.8 53.6 3 100 0 1.6 18.6
0.2 0 0 0 0 0 0 15.6 0 21.2
0 0 0 0 0 0 0 0.6 3.4 10
25.8 0 58.6 42.8 33.2 33.6 10 0 0 0
19.6 3 0 26.8 0 43 0 0 9 8.6
50.8 49.8 0 47.6 42.6 25.6 31.8 70.2 89.2 37.4
0.2 0 0 0 0 0 0 0 0 5.8
0 0 0 0 0 0 0 22.4 0 6.6
10.2 12.4 27.2 0 0.4 1.6 2.2 0 0 0
23.6 5.6 8.4 18.2 12.4 7.4 98.4 0 44 5
47.6 0 17.4 27 26.6 15.8 13.2 0 0 12.4
0 0 57.6 0 22.6 0.2 19.4 5.6 3.6 0
0 0 0 0 0 0 0 23 0 0
13.6 6 37 0 0.2 60.4 0 9.4 0 28.4
21.8 9.4 34.6 33.8 8 8 32.2 0.4 3.8 0
0 0 0 16.2 13.8 50.6 0 0 0.8 6.6
43.4 19.4 7.2 0.2 0 12.4 45.4 19.8 34.2 0
0.2 0 5.8 0 0 0 0 12.8 28.2 5
0 0 1.4 0 0 7.8 0 8.8 0 20
11.2 0 31.6 0 0 14.8 60.6 0.2 0.2 1.4
0 0.6 17.6 5 0 0 26.6 0 5.2 4
0 0 26.8 18.2 52.8 26.8 14.4 0 0 0
0 0 0 0.2 0 5.6 0 4.2 0 3
0 0 5.2 0 0 0 0 0 0 41.8
0 0 0.2 0 0 11.6 0 0.2 0 4
0 0 0 0 0 0 0 7.2 11.8 13
0 0 5.4 0.2 0 16.8 9.6 1.8 0 24.2
0 0 0 0 6.6 0 0 28.4 0 27
0 0 0 0 0 0 0 30 0 8
7.4 1.8 35.2 14.8 0 0 0 0 12.8 0
0 4.4 0 0 0 14 0.2 23.6 5.8 0
0 0 0 0 0 0 0 0 0 19
32.8 0 0.2 113.4 94.4 41.2 0 3.6 7 15.4
0 0 0 0 3 0 13.4 0.4 0.2 50
7.2 3.6 7 24.6 0 6.8 0.2 4.4 0.2 0
0 0 0 0 0 0 0 0 0 14
0.4 0 34.4 1 3.8 0 24.6 0 7.8 5
0 0 0 0 0 0 0 0 0 22
0 0 0 0 0 0 0 0 0 24.8
0 0 0 0 0 27 0 0 0 0
3.8 0.2 0.2 22.6 29 22.6 4.2 0 0.4 0
0 0 17.2 4.6 4.8 0.2 15.8 0 13.2 9.2
0.2 0 0 0 0 29.4 0 0.4 2 0
23.2 0 3.8 15.8 14.2 5.2 45.6 6.2 0 0
0 0 0 33.6 0 0 116 0 9.4 0
0 0 0 0 0 0 0 0 0 42
4.8 0 0 0 0 0 0 5.6 0 9.6
0.2 0 0 0 0 31 0 37.6 0 42.2
6.6 1.2 14.4 0 0 0 58.4 0 19.4 1
12.4 2.2 0 0 0 34.2 0 44.8 0 14.4
7.6 0 9.2 0 0.2 0 0 0 0 0
0 0 0 0 0 0 0 27.2 0 22.8
0 0 0 0 5.2 0 0 0 0 10.8
0 0 0 0 0 39.6 0 1.4 0 0
9.8 0 7.2 0 0 0.2 50.8 0.6 23.8 11.6
0 0 0.4 44.6 31 25 0 0 0 0
0 0 0 0 0 21 0 0 0 0
36.4 46.6 0 8.6 0 20 33 13 54.2 21.2
0 0 0 0.2 0 59.4 0 18.8 0 16.6
1.4 0 28.4 1.2 79.6 37.2 0.2 0 0 0
8.8 0 46.4 9.2 0 0 10.2 8 0 20.4
44.6 8.4 0.4 75.4 36.2 2.2 10.8 9 22.4 14.6
4.6 0 0.2 87.8 30.4 7.2 0 0 0 0.8
0 0 0 0 0 0 0 0 0 9
0 0 0 0 0 43.6 0 1 0 0.4
5.6 0 50.2 31.2 41.4 35 5.4 7.8 0.4 0
29.8 0 12 64.6 17.2 20.4 90.2 0 82.6 0
0 0 0 0 0 49.8 0 12.8 0.2 27.2
0 0 0 0 0 17.8 0 0.2 0 0
0 0 0 20.4 2 8.6 21.2 0.4 17.4 0
0 0 0 0 0 0 0 0 0 34
18 0 4.8 26.6 19.4 4.6 0 24.8 23.4 72.4
0 0 0 0 0 44.2 0 11.2 0 10.6
10.6 0 1 0.4 5 1 3.2 7.6 0 8.2
0 1 0 0 0 0 0 0 0 56
0 0 0 0 0 5.2 0 3.8 0 25
0 0 0 0 0 24.6 0 0 0 2.4
29 0 22.8 72.6 81 39 15.6 3.8 0 8.2
0 6.4 0 0 0 3.6 0 0.4 0 11.6
0 0 0 0 0 0 0 0 0 6
0 0 0 0 0 18.6 0 9.4 0 4
0 0 0 40.8 0 1.4 27.6 0.2 14 0
0 0 0 0 0 0 0 0 0 25
2 0 0 0 0 34 0 54.6 0 2.4
0 0 1 31.8 2.2 9.4 15.2 1.6 16.8 0
0 0.2 0.2 0 0 15.8 0.4 21.4 0 11
0 0 0 0 0 0 0 0.8 0 7.2
9.6 10 18.2 1.2 0 0 0 0 0 0
29.4 0.8 44.4 18 15.2 26.6 0 0 8.6 3
0 0 13.2 0 0 0 0.2 0 0 5.6
0 0 0 0 0 0 0 0 0 18
12.6 0 11 21.8 7.4 11.6 21.6 0.4 17.2 4.4
0 0 0 0 0 6.8 0 23 0 0.2
0 0 0 0.2 0 0.2 0 17 0 19.6
0 0.2 2.8 0 0 0 8 0 0 0
2.4 12.4 14.6 0 0 0 0 12.6 0 0
4.2 0 30 23.8 20.4 1 0.2 0 4.4 0
105 0 28.6 35.8 10.6 0 104.4 39.6 38 0
30.4 0 53.8 13.6 0.2 0.4 14 0 28.6 0
28.2 0 0 131.8 79.6 62.4 57 0 0.4 9.6
0 0 0 0 0 0 0 0 0 18
19.2 0 0 40.2 29.4 16.6 19.4 0 32.2 8
4 3.8 0 0 0 0 0 6.8 0 81.4
0 0 28 0 0 0 12 0 0.6 25.4
0 0 0 0 0 0.2 0 25.8 0 4
0 0 0 0 0 0 0 0 0 42
0 16.6 0 62.2 15.6 8.4 0 10.6 0 9.6
0 3 33.2 24 71.6 34.2 0.2 0.8 0 0
69.4 21 16.2 53.8 65.8 55.4 28.2 49.6 6.6 69
0 0 0 0 0 44.8 0.4 0.8 0 0
0 0 1.8 4.8 12 23 0 0 8.4 1
1 1.4 0 3.2 1.2 44.2 0 1.4 0.4 4.2
0.2 6 0 0 0 1.2 0 0 9.4 1.2
25.2 50.6 0 4.6 14 8.4 15.2 0 39 0
0 2.8 0 18 25 52.8 0 0 31.4 0
0.2 13.8 0 0 0 0.2 4.4 12.4 0 0
55.2 0 0 13.4 24 0 77.2 0 19.2 0
0 5 8 0 0 0 29.4 0 5.6 4
0 0 0.6 0 0 27.4 0 25.2 0 17.8
0 0 0 0 0 24.8 0 12.2 0 0
0 0.2 0 0 0 44.6 0 41.6 0 13.6
30.4 0 0 36.4 0 1.8 0 2.2 18.2 0
0 0 0 0 0 0 0 0 0 62
71.6 13.2 24.8 1.6 34.6 0.2 12.4 14.8 0.4 10.4
13.8 0 32.8 17.4 50.6 3.8 33.2 0 5.4 0
0 0 0 0 0 0 0 0 0 27
32.4 0 0.2 21.4 36.2 0.2 64 0.4 11.2 0
23.2 5.6 6.2 0.2 0 0 1 0 18.8 8
14.8 0 0 12 15.4 5.8 0 2 0 0
6 0 0 4.4 0 57.4 0 0 0 4.2
1.8 0 29.6 0 0 0.4 30.4 0 0.4 1.4
25.4 0 22.8 0 9 0 0 1.6 0.2 0
0 10.4 9.4 0 0 22.8 0 44.2 0 154.2
0 0 0 0 0 0 0 0 0 24
0 0 0 0 0 0 0 0 0 62
0 0 31.6 0 0 0 7.8 2.4 0 11.2
0 0 62.8 12.4 8.4 10 16 0.2 45.2 0
0 0 0 0 0 0 0 0 0 52
28.4 0 15.4 71.2 62.8 13.2 73.2 1.6 17 26.2
0 0 0 0 0 0 0 47 0 0
0 0.2 12.8 64.4 73.8 35.6 0 24.6 21.6 1
0 5.8 0 0 0 0 0 0 0.4 23.8
0.2 0 0 0 0 37.8 0 0 0 0
0 0 0 0 0 60 0 24 0 0
0 0.6 4.6 0 0 0 1.2 72.6 0 0
54.4 0 12.4 38.2 62.4 34.2 3.4 0 0 0
14.2 2 21.4 110 104 62.4 56.2 5 64.8 27
0 0 0.6 2.4 0 11.6 0 0 0 13.4
4.8 0 0 110.2 70.6 81.4 28.4 0 30.6 0
4.8 0 1.6 0 0 0 12.8 0 1 14.8
0 0.4 0.2 0.2 0 34.2 0 0 0 0
0 0 0 0 0 0 0 0 0 53
0.4 0 0 0 47.2 0 27.4 0 0.6 27.4
0 0 0 0 0 0 0 0 0 43
67.6 0.4 24 73.2 94.8 84 95.6 0 9.2 17.2
94 2 21.2 67.8 90 26.6 13.2 19.8 14.2 9.2
58 9.6 52.6 16.2 37.8 0.8 13.8 26.2 13 8
19.4 0 3.6 117.6 67.8 54.2 55.4 0 0 0
0 0 0 0 0 0 0 0 0 40
0 0 0 0 0 0 0 0 0 32
0 0 0 0 0 0 0 6.6 0.2 35.2
0 0 0 0 0 0 0 0 0 24
0 0 0 0 0 0 0 0 0 25
0 0 0 0 0 0 0 3.2 0 44.8
0 0 0 0 30.2 6.8 8.6 0.2 0 0.2
44.6 0.4 39.4 67.6 37 2 72.4 1.4 50.4 0.8
0 0 0 0 0 0 0 0 0 47
0 0 0 0 0.2 30.6 0 8.4 0 9.8
0 0 0 0 0 0 0 0 0 27
0 0 0 0 0 0.2 4 22 0 14.8
0 0 0 0 0 0 0 0 0 30
0.4 7.4 0 19.8 0 50.2 22.8 0 6.4 0
21.4 0 0.2 0.2 2 0 0 0.2 0 7
113.2 0 50.2 45.8 41 4.2 28.4 6.4 12.6 0.2
0 0 0 0 0 0 0 0 0 10
0 3.8 4.8 0 17.8 165.2 0 53.4 0 0
0 0 18 53 89.8 0 14.2 0 0 2
0 0 0 0 0 0 0 0 0 51
10 49 0 0.2 0 0.2 0 13.8 5.8 49
0 33.2 0 0 0 15 3 41.2 12.2 10.4
0.8 0 12 34.2 32 2 28 0.2 24.8 1
0 0 41.2 0.2 0 0 8.4 10.4 8.2 21.6
0 0 0 0 0 3.6 0 0.4 0 26
134.2 16 23.6 3.2 68.4 15.2 38.2 35 10.6 12.6
0 0 0 0 0 10.6 0 47.2 0 46.2
16.4 11.8 0 28.6 0.4 27.8 82.2 4.4 9.2 5.2
24 1.4 10.2 0 0 0 12.8 0 0 30.6
2 4.6 0 0 0 28.4 0 22 0 0
0 17.4 51.2 21.8 0 0 33.2 38.4 14.6 4.4
0 0 0 0 0 41 0 34.2 0 1.8
66.6 24 2.6 27 3.4 4.2 223 10.6 21.6 0
0 0 0 0 0 0 0 0 0 56
0 0 0 0 0 0 0 0 0 67
38.6 0.2 34 43.2 56.6 0 56 0 8.2 9.2
5.4 11.6 26.2 51.4 6 15.6 0 7.6 7 0.2
0 0 0 0 0 0 0 0 0 29
81.6 11 35.4 167 158.6 0 148.6 0.2 85.2 0.4
6 10 10.8 54.2 23.4 26.4 45.8 17.2 13 0
34.4 28.4 36 65.6 0 0 152 0 20.6 1
0 0.2 0 9 8.4 10.6 14.4 0 6.4 0
0 0 5.8 52.2 0.2 0 24.6 0 0.2 0
38.2 8.4 72 15 27.6 102.6 3.2 16 1.6 92.4
0 0 6 0 0 55.6 0 0.2 4 6.2
0 0 0 0 0 0 0 0 0 34
69 42.6 32.4 0 0.2 54 48.6 50.4 11.2 5.6
0 36.2 0 0 0 0 4.2 4.6 0 0
0 0 0 0 0 0 0 0 0 44
0 3 0 0 0 0 0 0.2 0 7.8
4 0.6 0 0 0 0 0 17.4 0 18
0 5.4 0 0 0 32 0 28.6 0 0
24 0 0 10.4 0 8.2 0 14 17.6 37.8
0 64.8 0.2 0 0 0 0 1 14.4 12.6
46.2 22.8 55.8 44.4 19.8 69.8 106.8 12.4 0 0
0 0 0 0 0 0 0 4.8 1.4 129.8
62.4 7.6 84.6 186.6 137.8 87.8 0.2 0 36 0
0 0 0.2 10.6 7.6 22.2 0 41.4 0 0
0 0 0 0 0 0 0 0 0 32
12.8 29.4 96.2 5.4 0 0 36.8 0 0.2 14.2
81.2 8.8 34 52.8 58.8 0 37.4 15.2 5.8 0
0 0 0 0.2 0 25.4 0 53 0.2 3.2
147.2 0 52.2 12.2 47.2 22 108.6 54.2 77.6 11.8
0.4 0.2 49.4 9 21.4 0 12.4 12.6 0.4 91.2
0 0 0 0 0 105.2 0 8 0 25.8
0 0 0 0 0 0 0 0 0 39
8.2 0.2 0.2 0 0 1.4 16.8 35.4 0 20.8
62.6 20.2 37.2 0.2 0.8 0 19.4 0 22.6 22
0 6.8 0.6 0 0 0 25 0 14.6 7
7 32.6 2 39 32.6 0.2 0 7.2 24.8 13.6
32.4 71.8 16.2 55.6 3.8 1.6 0 1.4 66.8 3.4
0 0 0 0 0 52.8 0 0 0 8.2
80.8 0 39.4 160.8 191.4 130 1.4 76.4 0 28.8
15.6 0 14.6 122 75.4 80 133.8 2.6 0 0
0 0.2 57 119.4 38.6 41.2 39.4 0.2 27 0
101 100 26.4 31 38.8 0 93 68.8 83.8 63.2
2.2 43.2 0 0 0 0 9 10.6 12 6
13.6 0 32.4 67.2 5.8 36.8 0 0 17.4 4.8
94 2.2 92.6 70.2 127.6 14.6 4.6 35.8 26.4 0
8.4 0 13.8 130.4 68.6 140.6 9.2 8.6 0 6.4
14.6 0 0.2 0 0 17.6 0 0 8.6 0
118.6 32.8 70.4 36.8 94.2 44.4 81.4 61.4 26.4 7.6
36.6 0 47.6 25.8 16.2 0 144.2 0 0 0.6
0 0.6 0 0 0 89.6 0 11.8 0 0
54 0.2 63.6 153.6 90.8 26.2 125.6 0 68 0
0 5.6 15.6 12.6 9.2 66.2 0 0 0 0.8
11.8 151.2 0 0.4 0 60.4 2 113.8 43 123.4
0 0 0 0 0 41.4 0 4.4 0 5.2
44.4 19.4 18 132.8 174.8 41.6 96.2 27.4 31.8 14.6
1.8 0 21 106.6 47.4 104.6 125 0 14.4 0.2
0 0 0 0 0 0.2 0 0 0 69.8
32.6 0 99 30 22.2 28.6 15.6 0 32 0
2.4 0.2 0 0.4 0 14 21.2 13.8 0 0
0.6 0 0 130.6 48.6 55.2 24.4 25.8 0 2.8
0.2 0 56.4 0.2 0 0 12.6 4.8 3.2 23.6
120 31.8 64.4 5.2 0.2 44.2 23.2 47.2 0.8 4
0 0 0.2 41 9.6 44.8 4.2 0.6 13.2 4.4
0 0 0 0 0 21 0 30 0 24
0 0 0.4 0 0 10.6 0 72.4 0 5.6
1.4 0 21.8 81.2 33 175.4 21.6 50.2 44.8 38.6
14.4 0 54.4 0 0 2.2 46 12.8 24.2 0
0.4 15.2 0 0 0 0 0 0 10.2 19.2
0 0 50.6 0 0.6 26.6 9 19.4 0 12.8
48 16.2 15.6 45.4 5 0 82.6 0 20.2 0
4.8 0 0.2 22.6 0 0 63.4 4 10 0
66.2 14.8 96 3.6 10.8 0 16.4 20.6 44.6 6
0 0 0 28 4 0 0 0 0 4
0 0 0 0 0 0 0 0 0 45
156.6 75 87.4 94.6 176.4 59.2 1 30.2 47.4 0.2
0 0 0 0 0 47.8 0 39.2 0 9
48.6 31 0 9 0 0 36.6 6.4 67.4 0
28.2 11.6 46 48.2 0 68.4 0 113.6 32 117
0 0 0 0 0 0.2 0 0 0 46.8
0.2 0 0 59 28.8 91.4 35.2 0 0.2 5.2
25.6 0 35.2 69.6 107 12.8 0.2 0 0.2 0.4
5.8 0 0 0 0 94.2 0 96 0 0
10 0 61.2 12.8 12.2 4.8 54.4 0.2 22 0.4
0 0 0 0 29.4 1.4 6.8 9.2 0 15.2
0 0 0 0 0 2 0 1.8 0 39.2
0 0 1 137.6 76.4 100.8 0 0 0.2 0
23 7.4 18.8 0.2 0 0.2 0 25.8 7.4 24.2
12 0 33.2 0 0 3 65.8 0 0 0
1.2 37.8 16.8 1.2 0 49.8 12 25.8 0 7.4
0 0 0 0 0 40.6 0 49.8 0 58.6
85.6 85.6 0.2 29.2 47 6.4 313.4 0 93.4 0.2
60.4 4.6 101.4 53.2 64.4 33.8 27 0.2 0 0
122.6 0.4 2.2 74.8 35.8 1.4 99 0.2 68.6 16
0 0.8 0 0 0 86.6 0 2 0 3.6
4.6 21.2 0.2 0 0 100 0 179.8 5.8 66.4
0 0 0 0 0 23.4 0 68.6 0 0
0 0 2.6 0 0 224.6 0 29.6 0 6.2
0 0 0 0 0.8 113.4 0 24.8 0 7
40.2 17 53.8 24.2 1.8 0.2 23 19.6 4.2 46
0 0 0 0 0 26.6 0 31.2 0 0.2
0.2 3.4 13.4 14.6 0 5 93.2 2.6 21.6 49
0 0 75.6 94.4 145.6 47.6 35.2 0 4.6 0
