1	0.02 0 419.42 0 240.12 561.84 183.58 0 0 0.02
2	0 0 0 0 15.78 0 0 0 266.64 37.58
3	0 181.84 0.02 0 0 0 37.14 0 0 0
5	0 94.2 0 0 0 0 0 0 0 143.8
6	0 0 0 0 0 0 70 0 0 0.02
8	0 0 22.9 21.46 235.36 0 0 155.04 0 212.22
9	0 0 0 0 103.02 238.26 422.54 0 0 192.18
10	0 0 0 0 12.9 0 144.96 126.08 0 0.06
11	0.02 1.64 0 0 278.06 0 0 0 213.52 249.76
12	0.08 0 0 0 560.1 0 0 0 3.42 385.42
13	0.06 0 0 0 0 0 422.66 0 0 92.26
14	0.02 0 0 0 0 0 561.88 0 0 0.1
15	0.14 0 131.98 0 0 485.74 107.06 0 0.02 116.06
16	0 0 0 0 0 0 90 0 0 0
17	0 140 0 0 0.02 0 0 0 81.92 0.06
18	2.22 0 0 0 20.12 0 0 0 2.66 0
19	0 0 0 0 0 0 227 0 0 0
20	0 0 0 0 0 80.8 0 129.16 0 0.06
21	0 0 85 0 0 63.46 0.02 0 33.5 0.02
22	6.14 0 221.56 0 388.56 0 0 0 264.32 114.4
23	0 0 0 0 501.36 0 0 0 0 121.64
24	0.04 149.04 0 0 0 107.48 90.86 0 140.58 0
25	0 0 103.32 0 0 433.5 171.32 85.54 0 19.32
26	0.06 0 0 0 0 0 0 216.94 0 0
27	0 0 0 0 0 0 0 0 137.54 0.52
28	0.06 0 330.24 0 236.28 0 0 0 0.04 296.32
29	0 0 0 0 0 0 0 0 242 0
30	0 0 0 0 0 0 0 113.98 0 0.02
31	0 0 1.32 0 66.52 0 0 0 0 392.16
32	0 0 0 0 280.3 0 0 0 0 1.72
33	0 58.6 0 0 0 0 0 0 177.76 50.62
34	0 0 0 0 0 0 0 15 0 0
35	0 0 0 0 0 0 0 0 12 0
36	0 0 0 0 0 0 0 26 0 0
37	0 0 0 0 0 0 0 14.98 0 0.02
38	0.02 0 0 0 0 0 0 0 303.98 0
39	0 0 0 0 85.58 0.02 0 0 134.4 0.02
40	0 0 0 0 0 0 0 69.38 79.6 0
41	0 0 0 0 0 25.34 0 57.38 8.28 0
44	0 0 115.44 0 67.52 40.04 0 0 0 0
45	0.02 0 0 0 125.1 0 0 139.88 0 0
46	0 0 0 0 0 0 0 75 0 0
47	0 0 0 13.54 117.5 0 0 189.74 0.02 55.22
48	0.02 0 0 0 216.34 0 0 19.12 0 140.5
49	0 0 0 0 0 0 0 71.56 103.46 30
50	0.16 8.74 391.64 0 607.66 524.92 344 0 132.76 0.12
51	0 0 35.54 0 0 0 0 32.42 53.16 94.92
52	0.02 0 0 66.54 0 0 0 198.38 0 0
53	0 141.54 0 0 0 0 0 0 160.46 0
54	0.02 0 0 0 0 0 0 0 116.98 149.04
56	0.08 181.58 0 0 648.04 0 0 0 193.14 277.12
57	0 0 0 0 0 0 0 138.9 0 0.1
59	0 0 0 0 102.2 0 0 192.8 0 0
60	0 0 0 0 63.4 0 0 131.6 0 0
61	0 0 0 0 0 0 0 182 0 0
62	0.04 0 0 0 0 0 0 0 312.96 0.02
63	0 0 0 0 0 0 0 0 191.98 0
64	0 0 73.72 0.02 507 0 0 0 0 449.28
65	0.02 0 0 0 0 0 0 149.08 0 177.88
66	0.02 0 189.52 0 0 0.04 0 115.74 0 153.68
67	0.04 0 0 0 0 0 0 0.04 241.92 0
68	0 0 0 0 0 0 0 0.02 315.46 50.56
69	0.12 0 280.94 0 252.92 0 0 0 0 462
70	0.02 0 170.62 0 0 0 0 391.46 0 182.88
71	0 0 405.68 46.08 0 0 0 0 0 190.24
72	0 0 78.96 0 0 0 0.02 77.48 176.52 0.02
73	0 0 165.08 0 0 0 0 0.02 116.06 73.84
74	0 0 0 8.96 0 0 0 0 0 12.04
75	0 0 0 0 0 0 0 0 15 0
76	0.02 0 0 0 0 0 0 0 0 145.98
77	0.02 0 41.3 0 0 0 0 0 0 396.68
78	0 0 61.96 0 0 0 0 0.04 0 0
79	0.04 0 40.06 0 415 0 0 0 293.6 311.3
80	0.02 0 0 0 0 0 0 0.02 142.96 0.02
81	0 0 0 0 167.78 0 0 122.98 50.22 0.02
82	0.02 0 347.96 0 82.5 0 0 0 311.82 55.68
83	0 0 145.14 0 121.4 0 0 321.14 0 0.32
84	0 36.12 0 6.88 0 0 0 0 0 0
85	0 0 0 21.34 0 0 0.02 0 104.18 33.46
86	0 0 0 113.32 0 0 0 312.5 0 25.18
87	0.02 0 0.06 40.26 175.42 0 0 0 0 209.26
88	0.02 0 255.8 0 0 0 0 165.78 0 178.38
89	0.06 0 0 0 540.36 0 0 0 343.58 0
90	0 0 20.46 0 0 0 0 60.58 155.96 0.02
91	0 0 275.88 0 113.76 0 0 20.34 0 0
92	0 0 0 0 114.76 0 0 0 151.2 51.04
93	0.04 71.04 0 0 0 0 272.92 0 0 0.02
94	0 0 155.12 0 0 0 0 1.38 196.46 0.06
96	0.1 0 145.9 0 384.76 0.02 0 0 348.18 0
97	0.12 0 252.22 0 174.54 0 0 0 0 350.16
98	0.24 148.14 130.06 0 618.92 0 0 0 0 472.6
99	0 0 385.74 139.76 0 0 0 0 0 0.52
100	0.1 209.3 0 0 518 367.12 570.52 0 0 63.94
101	0 0 0 0 0 0 0 0 202.98 0.02
102	0 0 0 0.06 0 0 0 0 117.94 0
103	0 0 0 0 0 24 0 0 0 0
104	0 1.58 0 0 0 0 0 1.42 0 0
105	0 0 86.86 0 0 78.66 0 0 0 0.48
106	0 12.4 0 0 0 144.6 0 0 0 0
107	0 31.64 0 0 0 0 88.36 0 0 0
108	0.02 129.3 0 0 0 0 8.78 28.88 0 0.02
109	0 243.3 0 0 0.04 0 55.34 0 80.32 0
110	0.02 0 44.72 0 0 0 0 15.26 0 0
111	0.04 0 0 0 0 540.42 98.7 107.84 0 0
112	0 0 24.88 0 0 9.12 0 0 0 0
113	0 0 0 0 0 0 0 33 0 0
114	0 0 51.2 0 177.8 0 0 0 0 0
115	0 0 0 0 0 0 10.8 0 0 39.22
117	0.02 97.72 69.02 0 0 684.38 89.36 0 161.62 14.88
118	0 0 132.78 0 0 560.54 0 0 58.74 0.92
119	0 0 8.02 6.94 0 0 0 0.04 0 0
120	0 0 0 0 0 97.02 0 0 0 29.02
121	0.06 18.96 207.28 0 0 660.32 59.88 0 139.92 54.54
122	0 132.98 0 0 0 50 0 0 0 0.04
125	0.02 0 99.96 0 0 520.6 0 0 0 62.4
126	0 0 0 0 0 199.3 122.7 0 0 0
127	0.42 0 0 68.14 552.82 325.6 347.62 0 141.26 5.14
128	0 0.16 15.92 0 0 0 0 0 169.92 0
129	0 101.8 0 0 62.86 0 233.3 0 0 0.04
130	0 10.96 0 0 0 0 0 23.04 0 0
131	0 0 0 223.1 0 0 0 95.9 0 0
132	0.02 0 234.18 256.12 180.28 0 0 0 0 130.4
133	0 0 116.22 311.46 0 0 0 4.3 0 81.02
134	0 0 0 326.38 328.62 0 0 0 0 27
135	0.02 0 129.68 91.94 446.42 0 0 0 0 139.94
136	0 0 61.04 248.56 50.4 0 0 0 0 0
137	0.02 0 0 0 0 0 456.72 59.24 0 0.02
138	0 0 38.92 0 0 0 0 0 0 0.08
140	0 0 135 0 0 0 0 0 0 0
141	0.02 0 102.44 84.5 0 0 0 0 0 0.1
143	0 0 371.38 90.18 0 0.18 0 55.18 0 179.02
144	0.02 0 103.68 0 269.64 0 0 0 268.48 108.18
145	0 80.68 48.32 0 0 0 0 0 0 0.02
146	0 24.98 0 0 0 0 0 0 0 0
147	0.22 53.34 0 0 0 386.78 0 0 77.66 0
148	0 25.52 0 0 1.34 236.1 0 0 0 69.04
150	0 0 0 0 0 0 336.86 0 0 113.14
151	0.04 0 321.36 0 50.02 297.32 261.64 0 0 15.62
152	0 0 0 176.58 54.38 0 0 0 0 0.06
153	0.06 0 165.12 140.5 265.3 0 0 89.86 101.14 8.04
154	0 0 53.64 5.22 209.62 0 0 112.42 157.04 0.02
155	0 0 0 0 0 0 0 94.7 156.3 0
156	0.02 163.68 0 0 260.08 0 0 0 70.2 1.02
157	0 0 0 0 74.24 0 0 0 32.44 254.32
158	0 0 0 0 0 0 0 0 0 121.02
159	0.02 0 0 0 0 0 0 0 16.3 239.68
160	0 0 0 0 95.14 0 0 0 0 101.84
161	0.02 0 62.34 0 0 0 0 0 293.22 263.42
162	0 0 0 146.88 0 0 0 0 0 159.12
163	0 0 0 126.88 59.88 0 0 0 81.24 0
164	0.02 174.3 110.94 0 0 0 0 0 0 184.74
166	0 0 0 0 87.92 0 0 133.08 0 0
167	0.02 0 0 24.92 0 0 0 0 124.06 0
168	0.16 0 225.32 0 535.18 0 0 0 244.16 1.18
169	0.02 0 133.14 0 305.84 0 0 0 0 0.02
170	0 0 0 132.26 95.38 0 0 160.2 0 0.16
171	0 9.88 0 0 0 0 0 186.08 0 0.02
172	0.02 0 427.08 0 446.06 0 0 0.04 275.6 69.2
173	0.18 0 282.58 0 365.68 0 0 155.24 75.06 120.28
174	0.08 0 392.7 0 643.44 0 0 0 311.74 0.02
175	0.12 0 0 0 530.82 0 0 0 116.04 0.02
176	0.18 0 66.06 0 381.8 0 0 0 217.42 224.54
177	0.02 0 4.42 97.92 127.18 0 0 0 198.44 0.02
178	0.06 0 0 156.8 161.7 0 0 21.74 0 74.72
179	0 0 85.32 0 341.96 0 0 204.24 0 6.46
180	0.04 0 0 51.18 457.14 0 0 0 0 194.66
181	0.26 49.46 335.78 0 320.22 482.64 187.22 0 166.28 0.14
182	0.06 0 0 0 432.86 0 0 0 169.4 115.66
183	0.16 0 0 0 520.4 0 0 0 231.94 186.5
184	0 174.96 0 0 0 0 0 0 137.98 0.06
185	0 94.6 0 160.34 284.78 0 0 0 0 208.3
186	0 0 176.14 83.12 237.72 0 0 0 237.04 1.98
187	0 0 0 155.9 319.96 0 0 0 169.1 0.04
188	0.02 0 0 10.24 221.44 0 0 0 269.28 0
189	0.02 0 0 0 143.26 0 0.08 0 62.64 0
190	0.02 0 0 99.92 140.42 0 0 142.14 25.94 0.56
192	0 0 0 0 321.64 0 0 0 0 85.36
193	0.02 0 0 183.5 101 0 0 0 31.24 155.24
194	0.02 0 118.68 280.1 336.9 0 0 0 0 80.34
195	0.06 0 170.72 0 401.7 0 0 0 320.66 57.84
196	0 0 246.46 0 202.66 0 0 62.08 0 280.8
197	0.06 0 0 302.2 339.14 0 0 59.38 0 81.2
199	0 0 0 382.82 166.18 0 0 0 0 0.02
200	0 171.62 0 0 200.28 0 0 0 0 254.08
201	0.04 252.52 0 0 25.44 0 0 0 0 0.04
202	0 0 364.32 6.2 212.94 0 0.02 112.9 144.94 9.7
204	0.02 0 393 0 339.36 0 0 61.98 105.7 171.9
205	0.04 0 0 249.28 113.86 0 0 0 0 72.8
206	0 0 0.04 0 45.44 0 0 0 0 85.52
207	0 0 0 75.8 0 0 0 137.16 0 0.08
208	0.02 0 274.04 190.32 123.04 0 0 0 55.54 0
209	0.02 0 0 0 409.62 0 0 0 123.46 47.92
210	0.1 0 395.3 3.4 348.24 0 0 18.32 295.52 0.1
211	0.06 0 155.8 303.64 196.44 0 0 0 0 0.06
212	0 0 0 73.2 0 0 0 179.8 0 0
213	0 0 0 121.76 36.24 0 0 268 0 0
214	0 0 0 28.18 0 0 0 72.84 0 192
215	0 0 142.1 131.72 0 0 0 0 0 335.16
218	0.02 140.76 0 0 0 0 0 0 0 320.22
219	0 186 0 0 0 0 0 0 103 0
220	0 0 0 0 0 144.12 0 29.88 0 0
221	0 0 0 0 0 0 227.98 0 0 0.04
222	0.14 110.52 267.96 0 0 387.18 173.72 0 0.02 74.44
223	0.08 0 0 0 206.66 0 0 0 0 237.26
224	0 0 0 0 0 0 82.94 53.06 0 0
225	0.02 0 110.5 0 0 134.48 0 0 0 0
226	0 0 0 0.02 0 0 0 0 446.98 0
227	0 0 0 0 0 0 0 0 236.04 155.96
228	0.04 0 183.9 0 168.06 0 0 0 186.9 201.1
229	0.04 0 0 0 0 0 0 0 251.28 181.68
230	0.02 0 127.94 0 31.16 0 0 0 262.84 119.04
231	0 0 34.14 0 0 0 0 0 265.02 3.86
232	0.04 0 0 0 0 0 0 0 246.94 0
233	0 0 0 0 0 0 0 0 325.96 0.04
234	0.16 166.9 63.48 0 285.6 0 0 0 0 336.88
235	0.04 179.18 85.1 0 0 180.02 66.56 0 0 0.08
236	0.02 35.9 0 0 0 0 112.06 0 0 0.04
237	0.18 0 0 0 0 647.18 270.76 0 0 237.88
238	0.04 0 0 0.22 419.12 0 0 217.54 94.5 67.56
239	0 0 90.58 0 0 0 0 49.6 0 267.82
241	0 0 0 45.18 0 0 0 0 206.86 142.96
242	138.68 0.06 0 0 0 0 231.26 0 0 0
243	153 0 44 0 0 59.98 0 0 0 0.02
244	0 0.06 0 0 0 122.72 2.22 0 0 0
245	354.68 0 0 0 0 228.32 0 0 0 0
246	0 108.84 0 0 0 0 240.16 0 0 0
247	0 0 0 0 0 8 0 0 0 0
248	0 111.14 0 0 0 172.96 184.6 0 0 0.3
249	0 259.14 0 0 0 0 63.86 0 0 0
250	0.32 334.74 82.8 0 0 0 138.1 0 0 0.04
251	0 0 0 0 0 0 183 0 0 0
252	0 0.04 78.44 0 0 305.52 0 0 0 0
253	0 0 0 0 0 0 69 0 0 0.02
254	0 59.72 64.1 0 0 0 0 0 0 0.18
255	0.06 0 48.3 0 0 373.02 76.42 0 0.16 0.02
256	0.14 45.86 0 0 0 0 0 0 0 0
257	0.22 46.06 189.96 0 0.04 393.24 254.44 0 0 0.08
258	690.56 230.48 175.06 0 130.5 0 269.04 0 0 44.34
259	263.68 39.02 0 0 0 0 0 0 53.28 0
260	167.12 114.36 0 0 0 0.52 0 0 0 0
261	70.22 0 8.78 0 0 0 0 0 0 0
262	127.3 55.7 0 0 0 0 0 0 0 0
264	133.06 96.86 0.02 0 0 0 0 0 0.02 0.04
265	0 0 168.3 0 206.22 0 0 0 226.92 139.56
266	61.82 15.18 0 0 0 0 0 0 0 0
267	0 31 0 0 0 0 0 0 0 0
268	326.76 133.84 0 0 35.3 0 267.1 0 0 0
269	538.46 0 0 74.98 74.94 0 277.34 0 0 0.28
270	275.6 0 0 0 0 0 61.1 0 0 31.3
271	391.9 89.26 0 0 0.14 0 0 0 60.7 0
272	593.76 0.02 0 0 0 0 0 2.2 0 75.02
273	0.12 180.44 0.02 0 64.98 219.2 126.28 0 64.94 0.02
274	0.08 0 120.66 0 0 363.82 43.4 0.04 0 0
275	0 0 0 96.72 0 238.18 362.2 133.76 0 0.16
276	0.02 0 24.26 0 106.6 278 427.7 0 0 36.4
277	0 0 0 0 0 0 206 0 0 0
279	0 38.36 0 0 33.3 0 10.3 0.04 0 0
280	0 0 0 0 0 209.98 0.02 0 0 0
281	0.04 0 0 0 0 270.1 4.34 0.02 68.96 0.6
282	0.12 0 0 0 0 541.66 0 0.02 0 155.14
283	0.02 0 0 0 0 114.66 265.14 159.06 0 0.14
284	0.14 0 0 0 0 304.82 74.16 0 0.06 111.8
285	0 0 0 27.26 0 0 519.74 0 0 0.02
286	620.96 0 0 106.46 131.84 129.44 428.74 0 0 0.54
287	0.34 0 0 0 0 167.08 0 78.56 0 0.04
290	0 66.74 74.28 0 0 64.24 42.72 0 0 0
291	0 0 0 0 0 344.9 0 0 0 0.12
292	312.28 0 0 0 0 2.54 0 19.14 0 0.02
293	0.22 35.74 0 0 0 170 227.82 0 0 0.24
294	541.34 72.96 157.18 0 0 423.5 0 0 0 0
295	0.02 26.18 0 0 0 191.8 0 0 0 0
296	0 0 0 0 0 15 0 0 0 0
297	0 0 0 0 0 0 151 0 0 0.02
298	0.44 187.2 0 0 0 299 131.34 0 0 0
299	131.38 0 0 0 12.58 0 0 0 0 0.12
300	738.34 0 126.92 0 0 382.54 0 0 0 0.12
301	426.04 0 0 0 0 60.94 109.92 0 0 0.1
302	769.68 0 0 0 228.28 0 0 0 0 0.04
303	259.32 0 0 0 0 0 122.66 0 0 0.04
305	261.94 0 0.04 0 0 0 0 0 0 0.02
306	170.56 0 0 29.46 0 0 93.96 0 0 0.02
307	411.58 66.4 0 0 0 0 0 0 0 0
308	77 0 0 0 0 0 0 0 0 0
309	40.24 5.44 0 15.28 0 0 0 0 0 0.06
310	356.3 0 0 0 0 44.66 0 0 0 0.02
311	178.78 0 0.16 0 0 0 0 20.06 0 0
312	211 0 0 0 0 0 0 0 0 0
313	781.66 0 171.56 0 0.04 143.22 73.46 0 0 0.06
314	3.96 0 0 0 0 0 0.04 0 0 0
315	500.7 0 33.26 0 0 0 0 0 0 0.04
316	361.2 0 0 27.7 0 0 0 0 0 0.14
288	585.34 407.06 0.08 0 88.16 190.76 50.56 0 3 0
317	0 0 0 0 111 0 0 0 0.02 198
318	0.12 0 72.76 0 524.84 0 0 0 0 425.28
319	220.76 0 0 0 0 0 183.26 30.92 0 0.04
320	0 70.4 0 0 2.6 0 0 0 0 0.04
321	275.12 0 0 26.46 0 0 140.38 0 0 0
322	343.6 0 0 0 0 164.54 0 0 0 0.88
323	297.64 2.54 41.28 0 0 216.5 0 0 0 0.02
324	117.28 98.44 0 0 36.74 0 58.52 0 0 0.02
325	122.54 96.66 0 0 0 0 47.8 0 0 0.02
326	418.78 0 0 0 0 0 0 0 0 9.24
327	350.82 64.74 0 0.04 48.34 0 0 0 0 0.04
328	582.2 0 0 0 0 155.64 0 0 0 64.14
329	84.2 37.46 0 0 0 0 0 0 0 4.34
330	78 9 0 0 0 0 0 0 0 0
331	322 0 0 0 0 0 0 0 0 0
332	371.6 0 0 0 0 44.02 0 0 0 1.38
333	578.8 61.2 0 0 0 0 0 0 0 69
334	87.7 79.28 0.02 0 0 0 0 0 0 0
335	28.2 14.8 0 0 0 0 0 0 0 0
337	22.1 0 0 0 0 0 0 19.9 0 0
338	150.6 0 34.36 0 0 0 0 0 0 0.04
339	115.94 0.06 0 0 0 0 0 0 0 0
340	415.54 0 0 0 34.28 0 109.18 0 0 0
341	26 0 0 0 0 0 0 0 0 0
342	115.06 20.94 0 0 0 0 0 0 0 0
343	193.78 84.04 0 0.02 0 0 0.02 0 2.06 0.08
344	153 0 0 0 0 0 0 0 0 0
345	195 0 0 0 0 0 0 0 0 0
346	289.1 0 0 0 0 0 0 76.88 0 0.02
348	73 0 0 0 0 0 0 0 0 0
349	60 0 0 0 0 0 0 0 0 0
350	108 0 0 0 0 0 0 0 0 0
351	45.96 0 0 0 0 0 0 0 0.04 0
352	32 0 0 0 0 0 0 0 0 0
353	15 0 0 0 0 0 0 0 0 0
354	200.06 0 0 0 0 0 0 12.94 0 0
355	87 0 0 0 0 0 0 0 0 0
356	0 0 0 0 0 0 0 0 0 266.02
357	0 0 0 0 639.72 0 0 0 0 312.26
360	32 0 0 0 0 0 0 0 0 0
361	25 0 0 0 0 0 0 0 0 0
42	0 131.48 0 0 96.04 0 0 180.86 59.62 0
95	0.02 0 503.44 0 0 0 0 0 0.02 163.54
139	0 0 129.98 0 0 0 0 0 0 0
216	0.04 0 240.76 0 175.5 0.12 0 184.24 0 310.34
363	10.4 0 0 0 0 0 0 0 78.6 0
364	0 0 0 0 0 0 0.02 0 76.98 0
365	0 0 65.96 0 0 0 0 0 57.04 0
368	0.02 51.98 0 0 0 0 0 0 0 0
369	0 44.76 0.02 0 0 86.22 0 0 0 0
370	0 23.4 0 0 0 63.6 0 0 0 0
371	0 0 0 0 0 0 0 14.76 0 145.24
372	0 0 0 0 0 0 0 79 15 0
373	0 0 0 0 0 0 0 0 88 0
374	0 0 0 0 0 0 0 0.14 0 20.86
375	0 0 0 0 0 0 0 0 0 32
376	0 0 0 0 0 0 0 0 56 0
377	0 0 0 0 0 0 0 0 25 0
378	0 0 196.08 0 0 0 0.08 22.96 0 99.88
379	0 99 0 0 0 0 0 0 0 0
380	0.06 0 59.48 0 0 0 0 0 94.54 154.92
381	0 0 0 65.02 0 0 114.14 2.5 0.04 87.3
382	0 0 0 67.66 0 0 0 261.34 0 0
383	0 0 33.94 0 0 0 0 22.06 0 0
384	0 0 0 0 0 0 0 0 148.98 0.04
385	0.1 0 79.56 0 0 0 0 0 376.46 162.88
386	0.02 0 0 0 0 0 0 26.48 174.48 0
387	0 0 0 0 0 0 0 180 0 0
388	0 0 0 0 0 0 0 0 51 0
389	0 0 0 0 10.1 0 0 0 58.9 0
390	0 0 0 0 0 0 10.82 0 0 16.18
391	0 0 0 0 0 0 0 0 137 0
392	0 0 0 0 0 0 0 0.1 96.12 100.78
393	0 0 350.12 0 0.04 0 0 41.42 0 143.42
394	0 0 0 0 0 0 0 32.98 0.02 0
395	0 0 0 0 0 0 0 31.98 0 78.02
396	0 53.76 0 0 0 0 0.02 76.22 0 0
397	0 0 0 0 0 0 0 0 25 0
398	0 0.02 22.44 0 0 0 0 0 11.54 0
399	0 0 0 0 0 0 0 0 240 0
400	0 0 0 0 0 0 0 0 42.94 0.06
401	0 0 0 0 0 0 0 41 120.7 0.32
402	0 0 168.28 0 0.06 0 0 39.74 0 285.9
403	0 0 0 0 0 0 0 0 450.78 111.28
405	0.06 0 108.66 0 0 593.5 46.8 0 171.92 0
407	0 0 46.98 0 0 36.02 0 0 0 0
408	0.06 24.74 43.92 0 145.22 0 184.34 0 21.72 0
409	0 93.42 75.58 0 0 0 0 0 0 0
410	0 159.46 0 0 0 202.46 0 0 63.08 0
411	0 0 107.14 0 0 282.86 0 0 0 0
413	0 124 0 0 0 0 0 0 0 0
414	0 0 0 179 0 0 0 0 0 0
415	0 0 0 0 0 0 0 0 46 0
416	0 0 123.24 44.52 0 0 0 0.14 0 0.1
417	0.02 0 145.24 0 0 0 0 31.62 0 2.12
418	0 0 356.5 0 0 0 0 10 0 2.54
419	0 0 375.38 161.5 0 0 0 0 0 0.08
420	0 0 248.88 0 0 0 0 0 0 0.12
421	0 0 0 0 0 0 0 198.28 34.88 86.84
422	0 0 0 0 0 0 0 0 3.58 55.44
423	0.06 0 290.16 70.02 238.5 0 0 0 0 340.24
424	0 22 0 0 0 0 0 0 0 0.02
426	0 0 0 0 0 0 0 0 68.98 0.02
427	0.04 0 0 221.04 293.26 0 0 0 0 228.64
428	0 0 0 139.78 0 0 0 226.2 0 0.02
429	0 0 0 0 220.98 0 0 0 0 86.02
430	0 0 0 277.06 45.94 0 0 0 0 0
431	0 0 0 0 95.22 0 0 0 317.6 0.18
432	0.02 0 325.94 148.6 47.44 0 0 0 0 0.02
433	0.06 0 0 0 138.58 0 0 213.02 174.32 0
435	0 0 134.06 319.78 160.66 0 0 0 60.5 0
436	0 138.68 0 64.46 6.32 0 0 0 0 85.54
437	0 0 0 0 0 0 0 0 0 4
438	0 4 0 0 0 0 0 0 0 0
439	0 5 0 0 0 0 0 0 0 0
440	0 14 0 0 0 0 0 0 0 0
441	0 61.3 0 0 0 0 0 0 47.7 0
442	0 5 0 0 0 0 0 0 0 0.02
443	0.6 0 0 179.94 0 0 0 0 0 304.46
444	0 84.68 0 24.28 0 0 0 0 0.02 0
445	0 0 0 0 0 0 0.02 0 0 72.98
446	0 0 9.34 0 8.66 0 0 0 0 0
447	0 163.46 97.22 84.46 0 0 0 17.86 0 0
448	0 0 0 0 42.16 0 0 0 0 205.84
449	0 0 0 0.14 0 0 0 0 197.2 66.66
450	0 0 0 0 0 0 0 0 0 128
451	0.04 0 172.4 0.16 0 0 0 138.5 113.9 0
452	0 72.04 0 0 0 0 0 0 80.96 0
453	2.58 0 0 0 0 0 0 0 21.42 0
454	0 0 0 25.7 0 17.3 0 0 0 0
456	0 0 10.6 0 0 78.4 0 0 0 0
457	16.18 19.76 0 0 0 0 0 0.02 0 0.06
7	0.12 267.78 0 0 319.88 293.46 216.26 0 91.42 0.08
124	0 0 0 0 156.96 0 478.02 0 0 0
165	0 0 0 102.76 96.24 0 0 0 0 0
191	0.06 0 244.94 157.7 368.48 0 0 159.02 0 54.8
203	0 0 0 0 252.46 0 0 0 0 316.56
304	337.98 0 0 0 0 84 0 0 0 0
367	0 0 0 0 0 0 0 212.78 137.08 110.16
425	0.02 0 0 0 92.3 0 0 148.1 30.56 0
458	0 0 0 0 0 121.98 105.02 0 0 0
459	0 0 0 0 0 43.32 0 23.68 0 0
460	0 0 0 0 0 65 0 0 0 0
461	0 0 0 0 152.98 0 0 64.02 0 0
462	0.02 0 0 127.14 87.36 0 0 251.74 0 2.74
463	0 0 0 0 81.7 0 0 144.3 0 0
465	0 0 257 0 0 0 0 0 0 0
466	0 0 0 0 116.36 0 0 39.64 0 0
467	0 15.54 0 0 87.16 0 0 43.3 0 0
469	0 0 0 0 54.78 0 0 101.04 0 54.2
470	0 0 0 0 0 0 0 0 89.5 222.52
471	0 0 5.84 0 0 541.86 54.88 0 0 21.38
472	0 0 0 0 0 224.58 0.02 0 106.4 0
473	0 0 119.5 0 0 88.34 115.04 0 0 0.14
475	0 265.38 0 0 29.16 0 475.06 0 0 0.38
476	0 0 0 41.24 0 341.76 0 0 0 0
477	0 0 108.98 0 0 87.84 42.68 0 0 0.5
478	0.02 0 0 344.2 21.76 0 0 0 0 0.04
479	0.02 0 70.48 233.94 320.54 0 0 0 0 0
480	0.04 0 0 318.04 269.56 0 0 0 0 22.36
481	0 0 0 179 0 0 0 0 0 0.02
482	0.06 0 0 420.14 0 0 0 0 0 1.82
483	0.26 0 91.94 393.34 382.58 0 0 0 0 19.86
484	0 0 0 254.9 200.08 0 0 0 0 0
485	0 0 0 233.58 0 0 0 0.02 0 119.4
486	0 0 0 147.6 0 0 0 0 0 40.4
487	0 0 0 232 0 0 0 0 0 0
488	0.02 0 0 194.94 20.04 0 0 0 0 0
489	0 0 0 166.32 11.68 0 0 0 0 0
490	0.02 0 0 157.98 0 0 0 0 0 0
491	0 0 34.16 166.84 0 0 0 0 0 0
492	0 0 0 170 0 0 0 0 0 0
493	0 0 0 200 0 0 0 0 0 0
494	0.02 0 0 179.96 0 0 0 0 0 0.04
495	0.02 0 0 183.96 0 0 0 0 0 0
496	0.08 0 254.22 215.48 182.86 0 0 0 0 76.36
498	0.08 0 0 356.76 155.38 0 0 38.78 0 0
499	0 0 0 199.98 0 0 0 0 0 0.02
500	0 0 0 0 0 0 0 101 0 0.02
501	0.02 0 287.44 52.52 0 0 0 0 0 0
502	0 0 0 207 0 0 0 0 0 0
503	0 0 0 124.84 0 0 0 0 0.16 0
504	0.04 0 0 245.74 91.32 0 0 0 0 58.9
505	0 0 0 179 0 0 0 0 0 0
506	0 0 0 213.1 0 0 0 0 0.02 52.88
507	0 0 0 233.92 82.08 0 0 0 0 0
508	0.04 105.32 0 0 75.26 143.66 295.7 0 0 0.02
509	0.02 0 0 116.28 62.7 0 0 202 0 0
510	0.06 0 0 261.74 39.34 0 0 0.02 84.8 0.08
511	0.08 0 0 297.12 187.52 0 0 0 47.1 0.14
512	0.06 0 0 0 18.9 0 0 175.04 0 0
513	0.02 0 0 173.06 73.84 0 0 0 0 0.1
514	0.04 0 0 300.76 245.4 0 32.78 0 0 0.02
515	0.2 0.7 0 130.48 168.42 0 257.96 0 68.22 0
516	0.06 0 0 215.94 0 0 0 0 0 0
517	0.06 0 0 248.28 0 0 32.66 0 0 0
518	0.04 0 0 35.7 0 0 0 176.3 43.86 0.12
519	0.02 0 0 224.24 35.66 0 0 0 0 0.06
520	0.02 0 53.34 286.12 0 0 0 0 0 75.52
521	0 0 0 170.76 161.84 0 0 0 0 50.4
522	0 0 0 0 106 0 0 0 0 0
523	0.02 0 53.06 293.58 219.34 0 0 0 0 0
524	0 0 0 121 0 0 0 0 0 0
525	0 0 0 160.42 74.58 0 0 0 0 0
526	0 0 0 228.62 32.48 0 0 0 81.9 0
527	0 0 121.28 182.06 228.04 0 0 0 0 110.64
528	0.02 0 0 164.66 212.48 0 0 0 0 34.84
529	0.08 0 0 107.78 95.54 0 0 97.58 0 0
530	0 0 0 160.72 93.28 0 0 0 0 0
532	1.46 0 0 0.04 0 0 35.64 0 0 25.86
533	0 5.2 0 31.8 0 0 0 0 0 0
534	0 0.64 0 0 9.98 29.38 0 0 0 0
535	0 0 0 0 0 130.56 0 0 0 0.44
536	0.96 0.2 0 0 0 0 26.84 0 0 0
537	0.02 0 0 19.42 0 0 0 71.56 0 0
538	154 0 16.82 0 0 0 0 0 0.18 0
539	69.44 0 0 0 0 0 0 0 11.56 0
4	0 0 0 0 176.5 0 0 99.56 229.02 90.92
142	0 0 150.98 0 0 0 0 0 0 0.04
198	0 0 0 0 239.2 0 0 160.72 0 0.06
404	0 0 312.24 0 0 0 0 5.66 0 0.12
434	0 0 0 153.64 0 0 0 0 0 40.34
455	0 185.58 5.62 0 0 0 65.06 0 96.72 0.02
474	0.02 0 0 171.1 444.52 0 0 0 0 30.36
497	0.04 0 0 0 106.82 0 0 89.14 0 0
540	0 0 0 0 0 0 0 0 89 0.02
541	0 0 0 0 0 0 0 0 120.98 0
542	0.02 0 94.82 0 0 0 0 0 0 0.18
543	0.04 0 21.42 0 41.52 0 0 0 0 0
544	0.04 83.8 0 0 0 97.06 8.66 0 0 0.44
545	0 0 0 0 0 0 0 0 18 0
547	39.92 0 0 0 0 0 0 57.06 0.02 0
548	0.02 0 19.38 0 6.54 0 0 0 0 0.06
550	0.06 0 0 0 0 0 0 0 382.94 0
551	0 47.98 0 0 0 0 0 0 0 0.02
552	0 0 0 0 0 0 0 0 98 0
553	0 0 0 0 0 0 0 79.42 0 96.58
554	0 0 0 0 0 0 0 0 238.9 0.1
555	0 0 0 0 0 0 0 0 16 0
556	0 0 0 0 0 0 0 0.82 0 29.18
557	0 0 0 0 0 0 0 46.98 0 0.02
558	0 61.08 0 0 6.28 0 0 144.64 0 0
559	0.06 142.58 39.94 0 0 0 0 0 174.42 0
560	0 0 36.94 0.06 0 0 0 0 0 0
561	0.02 54.66 0 0 0 0 0 0 113.32 0
562	0.02 0 4.26 0 0 0 0 0 135.72 0
563	0 43.12 0 2.92 0 0 0 0 0 10.96
564	0 30.38 0 0 0 0 0 0 15.62 0
565	0 39.98 0 0 0 0 0 0 0 11.02
566	0.02 0 0 0 0 0 0 0 205.7 275.3
567	0 60.98 0 0 0 0 0 0 0 0
568	0.02 0 216.9 0 0 0.02 0 12.22 292.06 163.78
569	0 84.12 0 0 0 0 0 0 75.84 0.04
570	0 0 0 25.56 0 0 0 0 73.44 0
571	0 0 0 0 0 0 0 0 51 0
572	0 0 0 0 0 0.04 0 0 0 70.96
574	0 0 20.9 0 0 12.1 0 0 0 0
575	0.02 0 0 0 0 0 0 0 90.7 0.3
576	0 0 0 0 0 0 0 0 248.98 0.02
578	0 0 1.42 0 0 0 0 0 248.56 0
579	0 0 0 0 12.1 14.56 0 0.02 0 15.32
580	0 0 0 41.2 0 0 0 0 49.8 0
581	0 0 0 0 0 0 0.02 0 0 159.98
582	0.02 0 0 100.88 0 0 30.82 250.16 0.02 112.1
583	0 0 0 0 0 0 0 0 90.5 10.52
584	0 0 101.06 0 0 0 0 126.92 0 0
585	0 0 0 0 0 0 0 0 76 0
587	0 2.46 0 0.02 0 0 0.46 0 0 28.1
588	0 0 506.02 47.5 0 0 0 51.44 0 0
589	9.66 0 0 66.18 54.56 0 0 0 1.6 0
590	0 26.98 0 0 0 0 0 0 0 0.04
591	0 76.52 0 0 0 318.72 55.46 0 0 67.28
593	0 0 0 13.66 0 0 10.46 0 0.18 5.7
594	0 0 0 0 5.22 0 0 6.12 0.66 0
595	0 18.9 0 0 0 141.1 0 0 0 0
596	0 80.16 183.96 0 0 0 67.86 0 0 0.02
597	0 0 0 0 0 366.8 0 0 152.2 0
598	0 0 0 0 0 0 0 0 4.62 3.38
599	0 0.16 0.1 0.32 0.14 0.06 0 0.06 0.08 0.08
600	0 0.04 0 2.6 3.36 0 0 0 0 0
601	0 0 0 71 0 0 0 0 0 0.02
603	0.1 0.34 0 257.06 396.68 0 0 0 0 77.8
604	0.02 0 0 257.52 25.4 0 0 0 0 0.08
605	0.06 0 0 87.66 0 0 0 0.26 0 0
606	0 0 0 198 0 0 0 0 0 0
607	0 0 0 231.98 0 0 0 0 0 0.02
608	0 0 0 103 0 0 0 0 0 0
609	0 0 0.7 70.78 0 0 0 0.02 0 99.5
611	0.06 0 0 0 105.94 0 0 0 0 0
612	0 0 0.06 115.94 0 0 0 0 0 0.02
613	0 0 0 94.98 0 0 0 0 0 0.02
614	0 0 0 129.36 0 0 0 0 0 27.62
616	0 0 34.06 141.94 0 0 0 0 0 0
617	0 0 0 0 0 0 0 0 0 52
618	0 0 0 46 0 0 0 0 0 0
619	0 1.96 0.02 0 0.04 146.98 0 0 0 0
620	0 0 0 0 0 94 0 0 0 0
621	0 0 0 26 0 0 0 0 0 0
622	0.02 0 105.98 0 0 0 0 0 0 0
623	0 0 0 0 0 0 0 4.12 86.88 0
624	0 0 60.96 0 0 0 0 0.04 0 0
625	0 0 210 0 0 0 0 0 0 0
626	0 0 0 13 0 0 0 0 0 0.02
627	0 0 0 0 0 0 0 0 96.54 92.44
628	0.02 94.1 0 0 31.26 272.42 85.96 0 0 0.24
630	0 0 0 83 0 0 0 0 0 0
631	0 0 0 160.94 0 0 0 114.52 0 69.56
633	0 0 48.56 10.92 0 0 0 0 0 164.5
634	0 0 0 0 24 0 0 58 0 0
635	0 25.38 0 0 0 0 0 0 0 20.62
636	0.02 0 0 25.38 0 0 0 0.02 167.62 47.96
637	0 59.84 0.26 29.88 0.02 0 0 0 0 0
638	0 0 0 48.1 0 0 0.06 71.84 0 0
639	0 0 0 58.54 0 0 0 63.46 0 0
640	0 0 0 0 36.04 0 0 145.88 0 0.08
641	0 0 0 0 116.88 0 0 0.1 0.02 0
642	0.02 0 0 0 83.32 0 0 0 0 171.66
643	0 0 0 8 0 0 0 0 0 0
644	0 0 0 55.86 60.14 0 0 0 0 0
645	0 0 0 47.48 33.52 0 0 0 0 0
646	0 0 0 72.18 53.82 0 0 0 0 0
647	0 0 0 126.6 108.4 0 0 0 0 0
648	0 0 0 200.96 0 0 0 0 0 0.06
649	0 0 0 73.58 0 0 0 0 0 66.4
650	0 0 0 172.24 0 0 0 0 0 38.76
652	0 0 0 0 96.9 0 0 234.1 0 0
653	0 0 0 0 123 0 0 0 0 0
654	0 0 0 190.66 297.34 0 0 0 0 0
655	0.06 0 0 0 156.84 0 0 151.34 0 388.76
656	0 13.2 0 106.58 9.22 0 0 0 0 0
657	0 0 0 230.7 184.24 0 0 0 0 0.06
658	0 0 0 0 0 0 0 111.06 109.94 0
659	0.02 0 0 357.22 30.34 0 0 0 0 3.42
660	0 0 82.04 26.4 0 0 0 168.14 0 197.42
661	0 0 0 282.96 0 0 0 0 0 0.06
662	0 0 91.2 68.28 0 0 0 2.78 0 76.72
665	0 73.22 0 0 0 0 0 0 125.16 26.62
666	0 0 0 0 11.98 0 0 0 0.02 0
667	0 22.98 0 0 0 0 0 0 0 0.02
668	0 7.86 0 0 0.04 0 0 0 0 5.1
669	0 21 0 0 0 0 0 0 0 0
670	0 52.18 0 0 0 0 0 0 0 39.82
671	0 44.18 0 93.82 0 0 0 0 0 0
672	0 123.38 0 0 0 0 0 0 13.62 0
673	0 0 0 40.58 39.78 0 0 0 0 171.64
674	0 6.52 0 0 49.4 0 0 0 64.08 0
675	0 0 0 0 152.94 0 0 0 0 0.08
676	0 0 0 0 0 105.02 93.96 0 0 0
677	0 0 1.54 1.46 0 0 0 0 0 0.02
678	270.16 145.26 62.56 0 0 0 0 0 0 0
679	0 0 0 0 22.26 0 0 0 224.74 0
680	49.78 15.22 0 0 0 0 0 0 0 0
681	39.22 8.7 0 0 0 0 0 0 0 0.1
682	223.36 0 0 0 0 28.62 0 0 0 0
683	86.68 0 0 0 0 0 0 0 0 16.32
358	140.5 126.5 0 0 0 0 0 0 0 0
651	0.02 0 0 21.68 180.72 0 0 0 153.66 229.92
684	0.04 0 0 68.2 0 0 0 0.3 189.26 288.2
685	0.02 119.6 15.84 0 0 157.56 18.98 0 105.96 0.04
686	0 0 0 0 0 0 0 66.92 67.08 15.02
687	71.14 0 0 0 0 31.84 0 0 0 0
688	59 0 0 0 0 0 0 0 0 0
689	207.68 0 0.02 0 0 0 0 0 18.3 0
615	0.02 0 0 192.98 0 0 0 0 0 0
690	422 0 0 0 0 0 0 0 0 0
691	37 0 0 0 0 0 0 0 0 0
116	0 0 0 0 0 0 271.76 84.24 0 0
289	338.64 0 37.18 0 0 87.1 106.06 0 0 0.04
531	0.02 0 0 0 123.76 0 124.08 0 0 144.12
602	0 0 0 164 0 0 0 0 0 0
610	0.02 0 0 116.98 0 0 0 0 0 0.04
629	0 0 0 54.46 0 0 0 67.94 0 89.56
663	0.02 0 0 178.66 101.66 0 0.02 80.64 0 0
664	0 0 0 52.7 73.3 0 0 0 0 0
692	0.16 0 139.22 0 0 0 0 132.5 0 213.12
693	0 0 0 0 45 0 0 0 33.92 197.08
694	0 8.74 0 140.26 0 0 0 0 0 0
695	0 0 0 0 0 0 0 0 0 36
696	0 46.18 0 0 0 0 81.1 0 0 58.72
697	0 0 0 0 0 0 0 64.18 44.82 0
698	0 0 0 0.02 0 0.02 0 28.96 0 0
700	0 0 0 0 0 0 0 0 0 32
701	0 0 0 0 36 0 0 0 0 0
702	0 0 0 0 0 0 0 115 0 0
703	0 0 0 0 0 0 0 57 0 0
704	0.02 0 0 0 0 0 0 51.98 0 0
705	0 0 0 389.08 89.52 0 0 0 0 0.4
706	0 10 0 0 0 0 0 0 0 0
707	0 0 0 48.78 0 0 0 173.22 0 0
708	0 0 0 115.82 0 0 0 162.18 0 0
710	0 0 46.5 0 0 0 0 133.14 0 57.36
711	0 0 0 3.98 0 0 0 0 0 0.04
712	0 0 0 91.92 0 0 0 0 0 55.06
123	0.02 174.68 0 0 0 111.24 0 0 0 0.08
549	0.02 0 0 0 0 0 0 40.66 40.12 181.18
573	0 27.42 0 0 0 0 0 0 0 51.58
577	0 0 39.24 0 0 0 0 30.86 0 0.9
713	0 0 0 0 0 46.12 80.24 72.64 0 0
714	0 0 0 0 0 0 27.86 0 0.14 0
715	0 0 0 0 0 0 0 125.5 0 113.5
716	0 0 0 0 0 0.02 0 144.68 0.3 0
717	0 1.28 0 0 0 173.72 0 0 0 0
719	0 0 31.1 0 0 0 12.9 0 0 0
720	0.02 0 48.28 0 0 0 0 0 143.94 0.76
721	0 0 0 0 0 0 0 40.22 104.78 0
722	0 0 0 0 0 0 0 26.2 113.8 0
723	0 0 0 0 0 0 0 8.38 0 82.62
724	0 0 0 0 0 0 0 179.84 0 28.16
725	0 0 0 0 0 0 0 37 0 0
726	0 0 2.32 16.6 0 5.08 0 0 0 0
727	0.04 0 0 0 0 0 0 99.88 0 89.08
728	0 0 0 0 0 0 0 0 111 0.02
730	0 0 0 0 0 0 0 66.98 0 0
731	0 0 0.04 0 0 0 0 0 106.96 0
732	0.08 0 0 19.38 0 0 0 197.48 118.12 212.94
733	0 0 0 40 0 0 0 0 0 0
734	0 0 0 0 0 0 0 54 0 0
735	0.08 0 0 115.84 0.14 0 0 0 0 324.94
736	0 0 0 61.08 0 0 0 192.92 0 0
738	0 0 0 0 0 0 0 44.66 33.28 0.08
739	0 0 171.48 0 0 0 0 88.58 94.14 118.78
740	0 0 0 0 0 66.02 63.92 44.06 0 0
741	0 0 0 0 0 78.06 89.94 0 0 0
742	0.04 53.44 83.76 0 0 627.76 0 0 0 8
743	0 0 0 0 0 12.42 0 0 54.58 0
744	0 0 0 0 0 67.04 147.78 0 0 40.18
745	0 0 0 0 62 0 0 0 0 0
746	0 0 64.68 0 0 0 0 86.26 219.06 0
747	0.02 0 72.38 0 0 0 0.02 191.56 0 0.02
749	119.98 0 0 0 0 0 0 0 0.02 0
750	380.76 0 0 0 0 0 0 0 0 0.24
751	367.68 0 106.6 0 0 0 0 0 0 0.72
752	111.92 0 0 0 0 0 0 0 0.08 0
753	0.02 0 0 0 0 0 0 74.98 0 0
754	127.98 0 0 0 0 0 0 0 0 25.02
58	0.04 0 0 98.8 125.4 0 0 0 0 301.76
217	0.04 132.22 0 0 0 0 0 0 85.44 66.3
263	36.98 0 0 0 0 0 0 0 0.02 0
336	96.98 0 0 0 0 0 0 0 0 0.02
347	338.82 0 0 29.18 0 0 0 0 0 0
362	61 0 0 0 0 0 0 0 0 0
406	0 56.56 0 0 0 46.44 0 0 0 0
546	0.16 0 0 0 0 422.8 0 0 182.82 1.22
586	0 0 0 0 0 0 0 0 77.92 0.1
632	0 0 0 183.98 0 0 0 0 0 0
709	0 0 0 0 0 0 0 317 0 0
737	0.04 0 0 0 0 0 0 85.52 54.44 0
748	408.68 0 48.68 0 0 323.96 0 0 31.68 0
755	0.02 0 171.9 0 0 0 0 0 77.08 0
756	0 0 62.48 0 0 242.5 0 0 0.02 0
757	0 0 0 11 0 0 0 0 0 0
758	0 28.94 0.06 0 0 0 0 0 0 0
759	0 0 0 0 0 0 0 0 0 20
760	0.02 93.98 0 0 0 0 0 0 0 0
761	0 0 0 0 0 0 0 0 91.2 26.8
762	0 67.2 0 0 0 135.44 38.86 81.4 0 2.1
763	0.02 191.76 0 0 0 193.04 1.52 0 24.66 0
764	0 0 16.76 0 0 29.84 29.4 0 0 0
766	0 0.04 0 0 0 0 21.9 0.06 0 0
768	0 0 0 0 0 0 0 0 0 120
769	0 82 0 0 0 0 0 0 0 0
770	0.08 0 0 0 29.28 0 0 1.16 25.16 85.34
771	0.02 0 0 0 0 0 0 0 78.96 0.02
772	0.02 0 0 0 0 0 0 64.64 0 64.32
773	0 35 0 0 0 0 0 0 0 0
775	0 0 0 0 0 0 0 64 0 0
776	0 0 18 0 0 0 0 0 0 0
778	0 0 0 0 0 0 0 186.54 57.46 0
780	0 0 0 0 0 0.02 0.02 0 160.96 0
781	0 0 0 0 0 0 0 107.68 115.32 0
782	0 0 0 0 0 0 0 21 0 0
783	0 0 0 0 0 0 0 9.64 0 77.36
784	0 0.28 0 1.72 0 0 0 0 0 0
785	0 0 0 0 0 0 0 101 0 0
786	0 0 18.88 0 0 0 6.1 0.02 0 0
787	0 0 0 0 0 0 0 37 0 0
788	0 5 0 0 0 0 0 0 0 0
789	0.02 88.98 0 0 16.22 0 0 0 0 28.78
790	0.02 0 0 0 0 0 0 22 139.98 0
791	0 0.02 0 0 0 0 0 0 17.98 0.02
792	0 0 0 71.46 0 0 0.02 190.5 0 0
793	0 0 0 0 0 0 12.66 16.34 0 0
794	0.02 0 0 27.68 0 0 0 0 108.3 0
795	0 0 43 0 0 0 0 0 0 0
796	0 0 0 0 0 0 0 36 0 56
797	0 0 0 0 0 0 0 0 90 0
798	0 3.36 0 0 0 0 0 0 0 14.64
800	0 68.96 0 0 0 0 0 0 0 0.04
801	0 0.04 0 0 0 0 0 0 29.96 0.02
802	0 0 0 0 0 0 0 0 79.98 0
803	0 0.06 0 0 0 0 0 15.94 0 0
804	0 0 0 0 0 0 0 0 20 0
805	0 0 0 72.12 0 0 0 0 0 6.88
806	0.02 0 0 0 0 0 11.44 63.38 0 79.16
807	0 0 0 0 0 0 0 8.38 0 14.62
808	0 0 0 0 0 0 0 0 55 0
809	0 0 0 0 0 0 0 0 92.98 0.02
811	0 0 0 67 0 0 0 0 0 0
812	0 0 9.72 0 0 0 0 28.28 0 0
813	0.06 0 0 0 0 0 183.92 0 0 0.02
814	0 0 0 0 0 0 0 5 0 0
815	0 0 0 0 0 292 0 0 0 0
816	0 44 0 0 0 0 0 0 0 0
818	0 49.98 0 0 0 0 0 0 0 0.02
820	0.02 0 0 0 0 155.84 0 0 53.12 0.02
821	0 0 21.34 0 0 0 0 19.66 0 0
822	0 0 0 0 0 0 0 0 0 12
823	0 73.2 0 0 0 135.8 0 0 0 0
824	0 0 0 0 0 48.18 0 0.02 62.8 0
825	0.02 181.6 0 0 0 0 0 0 36.24 0.14
827	0 0 0 0 0 83.7 0 0 37.3 0
828	0.06 0.06 21.76 0 0 0.02 0.1 0 0 0
829	0 83.62 0 0 0 0 0 0 0 0.38
830	0.14 0.1 0.1 0.18 0 0.04 0.06 0.18 0.16 0.04
831	0 51.54 0 0 0 53.06 0 0 64.4 0
832	0 0 0 0 0 45.98 0.02 0 0 0
833	0.04 0 0 0 0 97.36 0 0 42.6 0
834	0 0 0 0 0 21.94 0 0 28.04 0.02
835	0 0 0 0 55 0 0 0 0 0.02
836	0 0 0 0 66.06 0 0 0 0 20.92
837	0.04 0 0 82.96 0 0 0 0 0 0
838	0 0 8 0 0 0 0 0 0 0
839	0.02 0.66 5.2 0 0.02 0.06 0 0 0 0.04
840	0 67.94 0 0 0 0 5.38 0 38.68 0
841	0 0 0 0 0 64.6 0 0 37.4 0
842	0 0 0 0 0 0 0 7.62 0 62.38
843	0 0 0 34.12 0 0 0 43.88 0 0
844	0 0 0 0 61.52 62.48 0 0 0 0
845	0.14 0 0 0 0 364.72 45.24 74.8 0 11.1
846	23.22 0 0 0 0 0 43.62 0 0 33.16
847	0.06 0 0 0 0 0 178.94 0 0 0
848	0 0 0 2.34 0 23.66 0 0 0 0
849	0 0 0 0 0 0 0 0 111 0
850	0 0 0 0 16 0 0 0 0 0
851	0 0 0 0 0 0 6.84 8.16 0 0
852	0.18 0.1 0.08 0.26 0.02 0 0.06 0.08 0.1 0.14
854	0 36.56 0 0 12.42 0 0 0 0 0
855	0.02 0 0 96.34 48.2 0 0 48.44 0 0.02
856	0 0 0 0.02 0 0 0 110.96 0 0
857	0 0 0 0 3 0 0 0 0 0
858	0 2.98 0.02 0 0 0 0 0 0 0
859	0 22 0 0 0 0 0 0 0 0
860	0 28 0 0 0 0 0 0 0 0
861	0 0 0 0 0 0 0 0 7 0
864	0 0 39.56 0 0 200.44 0 0 0 0
865	0 0 0 0 0 0 0 69 0 0.02
866	0 0 0 0 0 298.98 0 0 0 0
867	0 0 0.08 0 0 0 3.52 0 0 12.4
868	0 0 0 4.52 14.48 0 0 0 0 0
869	0 0.06 0 0 0 0 0 0 0.06 62.88
870	6.18 0 0 0 0 15.82 0 0 0 0
871	0 115.7 0 0 0 0 0 0 33.06 0.26
872	93.56 0 0 0 0 0 17.42 0 0 0
873	160.88 0 0 0 0 0 0 0 0 0.14
874	96.94 0 0 0 0 0 0 0 0 0.04
875	94.06 0 0 0 0 0 31.94 0 0 0
876	105 0 0 0 0 0 0 0 0 0
877	91.46 12.46 0.08 0 0 0 0 0 0 0
878	50.56 0 20.44 0 0 0 0 0 0 0
879	321.6 0 0 0 0 0 0 0 0 40.4
880	131.6 0 0 0 0 0 9.4 0 0 0
881	107 0 0 0 0 0 0 0 0 0.02
882	82.98 0 0 0 0 0 0 0 0 0
883	30 0 0 0 0 0 0 0 0 0
884	17 0 0 0 0 0 0 0 0 0
885	18 0 0 0 0 0 0 0 0 0
886	105.64 20.36 0 0 0 0 0 0 0 0
887	181 0 0 0 0 0 0 0 0 0.02
888	39.98 0 0 0 0 0 0 0 0 0
889	43.98 0 0 0 0 0.02 0 0 0 0
890	26.86 0 0 0 0 0 0 0 28.14 0
891	14 0 0 0 0 0 0 0 0 0
892	96.7 0 0 0 0 0.9 0 0 21.4 0
893	28 0 0 0 0 0 0 0 0 0
894	29.98 0 0 0 0 0.02 0 0 0 0
895	224.44 63.44 0 0 0 0 0 0 0 0.12
896	107.04 0 0 0 0 0 1.78 26.18 0 0
897	0.12 0.12 0.04 0.16 0.04 0.04 0.08 0.18 0.14 0.08
898	119 0 0 0 0 0 0 0 0 0
899	4.28 16.72 0 0 0 0 0 0 0 0
900	95.16 0 0 29.82 0 0 0 0 0 0.02
901	17.76 0 0 0 0 0 0 2.24 0 0
904	31.88 0 0 0 0 0 0 23.06 0.06 0
905	84.94 0 0 0 0 0 0 0 0 0.08
906	55.06 0 0 0 0 0 0.92 0 0 0
907	4 0 0 0 0 0 0 0 0 0
908	38 0 0 0 0 0 0 0 0 0
909	42 0 0 0 0 0 0 0 0 0
910	2.98 0 0 0 0.02 0 0 0 0 0
912	8.06 0 0 0 0 13.94 0 0 0 0
913	0 0 0 4.6 0 0 0 0.4 0 0
914	0 18.22 4.68 0 0 0 0.1 0 0 0
915	0.6 0 0 0 0 0 0 31.38 0.02 0
918	0 0 0 0 0 7.3 0 9.7 0 0
920	0 0 0 0 0.04 2.3 0 7.66 0 0
921	0 0 0 19.94 0 0 0 135.06 0 0
922	0 27.76 0 0 0 0 85.24 0 0 0
923	9.34 0 0 0 0 0 0 171.66 0 0
278	0 0 0 0 0 133.42 0 18.58 0 0
924	0 0 19.5 0 0 220.5 0 0 0 0
925	0 70.74 0 0 0 0 0 0 0 11.26
926	0 54.4 21.4 0 0 135.16 0 0 0 0.04
927	0 0 0 0.02 0 0 14.98 0 0 0
928	0 153.56 0.18 0 0 108.26 0 0 0 0
929	0 0 36.08 0 0 37.2 0 7.72 0 0
930	0.02 31.32 0 0 0 100.18 0 0 57.48 0
931	0.04 51.3 0 0 0 14.06 0 0 20.6 0
932	0 0 30.08 0 0 53.92 0 0 0 0
933	0 0 0 0 0 23.86 0 15.14 0 0.02
934	0 0 0 0 0 158.98 0 0 0 0
935	0 0 0 0 0 0 21 0 0 0
936	0 0 0 0 0 0 122 0 0 0
937	98 0 0 0 0 0 0 0 0 0.02
938	59.98 0 0 0 0 0 0 0 0 0
55	0 0 0 0 144.08 0 0 0 212.08 31.84
240	0 269.38 22.04 0 0 0 38.58 0 0 0
940	0 61.44 0 0 0 0 0 2.56 0 0
941	0 0 0 0 0 0 0 0 120 0
942	0 0 0 0 0 0 0 123 0 0
943	0 114.24 0 0 2.76 0 0 0 0 0
944	0.02 0 0 0 0 0 0 0 108.98 0
945	0 0 0 0 74.84 0 0 54.16 0 0
946	0 0 148 0 0 0 0 0 0 0
947	0 0 0 17.92 0 0 0 0 19.08 0
948	47.84 33 0 0 0.02 0.08 0 0 0 0.06
919	0 53.56 0.12 0 111.42 0 131.9 0 0 0.02
699	0 0 88.68 46.84 0 0 0 13.34 0 163.12
729	0 0 0 0 0 0 0 0.02 0 219.98
863	0 0 0 0 71 0 0 0 0 0
949	0 0 0 0 0 0 0 124.14 37.86 0
950	0 0 0 0 0 26.76 0 40.24 0 0
951	0 0 0 34.02 0 0 0 0 50.98 0
952	0 67.16 0 0 28.44 0 16.4 0 0 0
953	0 0 37.52 0 0 0 24.48 0 0 0
954	0 0 0 0 0 0 0 30 0 0
955	1.32 0 0.06 0 0 0 0 129.62 0 0
956	0 0 0 122.16 0 24.84 0 0 0 0
957	0 0 0 4 0 0 0 0 0 0
959	0 0 0 0 0 0 0 107.66 79.34 0
960	0 0 0 0 12.32 0 0 52.68 0 0
961	0.02 0 0 0 0 0 0 111.98 0 0
962	0 0 0 63 0 0 0 0 0 0
963	0 0 0 0 129 0 0 0 0 0
964	0 0 0 0 0.04 0 0 22.96 0 0
965	0 0 0 68 0 0 0 0 0 0
966	0 0 0.02 0 0 0 0 89.98 0 0
967	0 0 0 30.94 0 0 0 0 0 0.06
968	0 0 0 39 0 0 0 0 0 0
969	0.06 0 159.76 27.74 0 0.1 0 0 0 8.34
970	0 0 0 0 0 0 0 22 0 0
971	0 0 0 0 0 0 0 104 0 0
972	0 0 14.18 57.82 0 0 0 0 0 0
973	0 0 0 0 0 0 0 12 0 0
767	0 23 0 0 0 0 0 0 0 0
774	0 81.98 0 0 0 0 0.02 0 0 0
817	0 7 0 0 0 0 0 0 0 0
853	0 9 0 0 34.82 0 0 0 0.18 0
974	0 0 0 0 0 84.98 0 0 0.02 0
975	0 0 0 0 0 131 0 0 0 0
976	8.94 0 0 0 0 0 0 0 11.06 0
977	0 32.44 0 0 0 51.42 0 0 0 13.14
978	0 0 0 0 0 52 0 0 0 0
979	0.02 84.98 0 0 0 0 0 0 0 0
981	1.78 6.98 0 0 1.24 0 0 0 0 0
982	0 34.62 0 0 0 0 0 0 14.38 0
983	0 0 0 0 0 0 8.48 0 0 22.52
984	89.06 0 0 0 0 0 0 0 0 15.94
985	0 0 0 0 0 33.36 20.64 0 0 0
987	10 0 0 0 0 0 0 0 0 0
988	74.82 0 0.02 0 0 61.16 0 0 0 0
989	75 0 0 0 0 0 0 0 0 0
991	29.96 0 0 0.36 0 0 12.68 0 0 0
992	0 10 0 0 0 0 0 0 0 0
993	0.04 18.38 94.06 0 0 64.36 0 0 0 0.18
994	12.94 0 0.04 0 0 0 0 0 0 0
995	77.58 0 0 8.42 0 0 0 0 0 0
862	0 0 25.92 0 0 0 0 0 0 0.1
996	0 0 21.18 0 0 0 0 0 0 3.8
997	0 3.62 0 27.38 0 0 0 0 0 0
998	0 0 13.18 0 0 0 0 23.82 0 0
999	0 0 0 0 0 0 0 0 26 0
1000	0 0 0 0 0 0 0 0 23.98 0.04
1001	0 22.94 0.04 0 0 0 0 0 0 0
1002	0 0 12 0 0 0 0 0 0 0
1003	0 0 17 0 0 0 0 0 0 0
1005	0 0 0 0 13.36 0 0 51.64 0 0
1006	0 0 0 0 0 0 51 0 0 0
1007	0 0 0 0 0 0 155 0 0 0
1008	0 0 0 0 0 0 110 0 0 0.02
1009	0 0 0 0 0 34.94 151.64 3.4 0 0
1010	0.04 85.1 0 0 0 0 0 45.86 0 0
1011	0 65.44 0 0 0 162.42 0 0 0 0.16
1012	0 196.66 0 0 0 0 103.32 0 0 0
1013	0 0 6.06 0 0 50.82 0 0.22 15.9 0
1014	0 79.34 0 0 0 121.68 51.9 0 0 0.08
1015	0 8.9 0 12.1 0 0 0 0 0 0
1016	0 94 0 0 0 270 0 0 0 0
1017	0 50.58 0 0 0 0 82.4 0 0 0.02
1018	0 0 0 0 0 0 0 75 0 0
1020	0 0 0 94 0 0 0 0 0 0
1021	0 0 0 80.5 36.5 0 0 0 0 0
1023	0 5.44 0 0 0 48.56 0 0 0 0
990	71.9 0 0 8.1 0 0 0 0 0 0
1024	21.18 12.1 0 0 0 0 0 6.72 0 0
1025	110.5 0 0 0 0 0 0 0 2.5 0
1026	10 0 0 0 0 0 0 0 0 0
1027	0 0 0 0 0 0 0 0 8 0
916	17.38 0.02 0 0 0 0 0 0 25.6 0
1029	0.02 0 20.76 0 0.02 0 0.02 0.12 0 0.06
1030	0 0 0 0 0 0 0 0 33 0
1031	0 0 16 0 0 0 0 0 0 0
1032	0 0 41 0 0 0 0 0 0 0
1033	0.08 0 0 0 0 63.92 0 0 0 0
1034	0 0 4.46 0 0 51.52 0 0.02 0 0
1035	0 0 147.8 0 0 0 0 0 35.2 0
1036	0 7.54 0 0 0 0 0 41.26 0 5.2
1037	0 0 0 0 0 0 0 0 36 0
1039	0.02 0 0 0 97.72 0 0 86.28 0 115.98
43	0 0 73.08 0 0 0.14 0 29.78 0 0
468	0 0 85.24 0 0 0 0 0 74.76 0
939	0.08 0 0 0 0 0 0 0 0.02 161.92
1028	0 0 113.5 0 0 235.46 0 0 0 0.02
1040	0 0 0 0 0 54.02 0 9.98 0 0
1041	0 0 34.5 0 0 0 0 57.14 0 50.38
1042	0 0 0 0 0 0 0 0 0 78.98
1043	0 0 24 0 0 0 0 0 0 0
1044	0 0 0 0 0 0 0 0 105 0
1045	0 0 0 25.66 0 0 0 0 0 41.34
1046	0 0 0 0 0 0 0 0 0 122
1047	0.06 38.2 0.02 0 0 271.7 0 0 0 0.02
1049	0 0 0 0 0 54.98 0 0 0 0.02
1051	0 0 0 0 0 114 0 0 0 0
1048	1.52 0 0 0 0 108.3 0 57.42 0 2.76
1052	0 26.2 8.8 0 0 0 0 0 0 0
1053	0 0 0 0 0 0 0 60 0 0
1054	0 0 0.02 0 0.02 37.96 0 0 0 0
1055	0 0 23 0 0 0 0 0 0 0
1056	0.02 0 0 0 0 0 21.98 0 0 0
1057	0 0 1.7 0 0 5.54 12.44 0 0 23.32
412	0 0 50.12 0 0 113.22 0 17.66 0 0
1058	0 0 0 0 0 0 0 0 0 44
826	0.04 0 66.98 0 0 81.98 0 0 0 0
1059	0 79 0 0 0 0 0 0 0 0
1060	0 0 60.28 0 0 26.68 0 0 0 0.04
1061	0 51.28 9.64 0 0 0 0 0 0 0.08
1062	35 0 0 0 0 0 0 0 0 0
1022	33.12 0 2.92 0 0 0 36.96 0 0 0
1064	0 0 0 0 17 0 0 0 0 0
1065	0 0 0 0 153 0 0 0 0 0
1066	0 0 26.28 8.72 0 0 0 0 0 0
1067	0 110.98 0 0 0 0 0 0 0 0.02
1068	0 0 0 0 0 8.24 0 15.76 0 0
1069	0 0 0 0 45 0 0 0 0 0
1070	0 0 0.02 0 0 0 53.98 0 0 0
1071	0 0 0 0 0 0 0 30 0 0
1072	0 0 10 0 0 0 0 0 0 0
1073	0 95.18 0 0 68.14 0 0 60.68 0 0
1074	0 0 0 0 0 0 0 124.6 0 56.4
1075	0 0 0 0 0 0 6.2 11.8 0 0
1076	0 0 0 0 0 0 0 0 0 16
1078	0 0 44.98 0.02 0 0 0 0 0 0
1079	0 60.46 0 0 0 0 0 0 18.54 0
1080	0 0 4 0 0 0 0 0 0 0
1081	0 0 0 0 0 6.14 0 0.04 8.82 0
1082	0 0 0 0 0 0 20.98 0.02 0 0
1083	0 15 0 0 0 0 0 0 0 0
1084	0 0 49 0 0 0 0 0 0 0
1086	0 0 0 7.88 0 37.12 0 0 0 0
1087	0 0 0 0.16 0 13.8 0 0.04 0 0
1088	0 21 0 0 0 0 0 0 0 0
1089	0 0 22.16 0 0 42.8 0 0 0 0.06
1090	0 0 0 0 0 0 0 0 0 71.98
1091	0 0 104 0 0 0 0 0 0 0
1092	0.04 0 0 0 0 0.02 0 7.54 17.4 0
1093	0 24.7 0 20.3 0 0 0 0 0 0
1094	0 0 0 0 0 23 0 0 0 0
1095	0 0 0 0 0 66 0 0 0 0
1096	0 0 0 0 0 5.96 0.04 0 0 0
1019	0 35.28 0 0 41.46 0 0 0 14.26 0
1063	0 0 72.64 41.36 0 0 0 0 0 0
1097	2.88 26.42 0 0 17.7 0 0 0 0 0
1098	0 0 0 0 0 0 75.06 0 0 60.94
1099	0 0 0 39.98 0 0 0.02 0 0 0
1100	0 0 0 0 0 0 0 18 0 0
1101	0 0 0 0 117.84 0 0 79.06 0 0.1
1102	8.12 0 0 0 0 0 0 8.88 0 0
1103	0 0.02 0 0 0 0 0 64.98 0 0
1104	0 0 0 0 12 0 0 0 0 0
1105	0 29.6 0 0 0 0 11.38 0 0 0.02
1106	10 0 0 0 0 0 0 0 0 0
149	0 0 0 0 0 16.92 7.56 20.52 0 0
1050	0 0 0 134 0 0 0 0 0 0
1107	0 0 11.14 0 0 0 4.76 0 0 20.1
1108	0 0 0 11.7 0 0 0.14 0 0 0.18
1109	0 0 0 0 0 0 0 61.6 0 16.38
1110	0 0 0 8.82 0 0 0 0 81.18 0
1111	0 0 0 0 0 0 0 21 0 0
1113	0 0 0 0 0 0 0 0 0 54
1114	0 0 0 0 0 27 0 0 0 0
1115	0.04 0 0 21.26 0 0 40.7 0 0 0
1116	0 0 0 38 0 0 0 0 0 0
1117	0 0 0 0 0 4.76 44.24 0 0 0
1118	0 0 0 0 0 0 0 46.62 73.38 0.02
1119	0 0 0 0 0 0 0 93.52 0 95.46
1120	0 26.08 4.76 16.16 0 0 0 0 0 0
366	0 0 0 0 0 0 0 0 95.02 33.98
592	0 8.34 0 13.66 0 0 0 0 0 0
799	0 0 0 8.62 0 0 0 3.38 0 0
810	0.02 0 0 0 0 0 0 0 100.98 0
1121	0.02 0 0 0 24.6 0 31.38 0 0 0
1123	0 0 0 0 0 0 0 11 0 0
1124	0 0 0 32.42 6.58 0 0 0 0 0
1125	0 0 0 0 17 0 0 0 0 0
1126	0.4 0 0 79.18 0 0 0 0.42 0 0
1127	24 0 0 0 0 0 0 0 0 0
464	0 0 0 0 3.84 0 42.28 0 0 31.88
1077	0 0 15.84 0 0.06 1.1 0 0 0 0
1128	0 6.14 0 0 0 0 28.86 0 0 0
1129	0 0 0 0 0 0 81 0 0 0
1130	0 0 0 0 0 0 0 0 0 4
1131	0 0 0 0 0 0 44 0 0 0
1132	0 48.48 0 0 0 0 26.52 0 0 0
1134	0 59.84 0 0 38.16 0 0 0 0 0
1135	0 0 0 0 0 0 0 0 1.38 95.62
1136	0 0 0.02 0 0 41.28 0 0 38.7 0
1137	89.98 0 0 0 0 0 0 0 0.02 0
1133	0 0 0 0 0 0 0 0 0 80
1139	0 0 0 0 0 0 0 0 69 0
1140	0 0 0 0 1.42 0 0 28.58 0 0
1141	0 0 0 0 0 0 24 0 0 0
1142	0 0 0 0 34.82 0 123.18 0 0 0
1143	0 17.74 0 0 0 0 24.26 0 0 0
1144	0 7.98 0 0 0.02 0 0 0 0 0
1146	0 0 5 0 0 0 0 0 0 0
1147	0 0 0 45.48 0 23.52 0 0 0 0
1149	0 0 0 0 87.98 0 0 0 0 0.02
1150	0 0 0 0 0 28 0 0 0 0
1151	0 12 0 0 0 0 0 0 0 0
1153	0.02 0.04 0 0.1 0 0 0.02 43.76 0 19.06
1155	0 0 0 0 0 0 1.58 3.42 0 0
1156	0 0 0 0 0 0 0 3 0 0
1157	0 0 53.82 0 0.04 0 0 1.14 0 0
1158	0 0 0 0 0 0 16 0 0 0
1159	0 0 0 0 29.98 0 0 0 0.02 0
1160	0 0 0.06 11.48 0 64.3 0 0 0.16 0
902	126 0 0 0 0 0 0 0 0 0
1161	0 6.78 0 0 0.2 0 22.32 0 0 5.7
1162	0 0 0 0.04 0 5.96 0 0 0 0
1163	0 22.48 0 0 0 0 0 19.52 0 0
1164	0.04 0 0.06 0 0 2.9 7 0 0 0
1165	0 24.9 0 0 0 0 0 0 0 0.1
1166	0 0 0 14.72 4.68 0 12.6 0 0 0
1167	0 0 0 0 0 0 0 39 0 0
1168	0.02 0 0 0 0 0 0 0 50.98 0
1169	0 18.64 0 0 22.36 0 0 0 0 0
1170	0 0 0 0 0 0 0 64 0 0
1171	0 0 0 0 10.16 26.84 0 0 0 0
1172	0 3.4 0 39.76 0 0 0 0 0 2.84
1173	0 0 0 0 0 0 18 0 0 0
1174	0 0 0 0 0 0 7 0 0 0
1175	10.98 0 0 0 0 0 0 0 0 0.02
1176	58 0 0 0 0 0 0 0 0 0
1177	0 0 0 12.88 0 0 0 0 0.12 0
1178	0 0 0 0 0 0 0 0 44.98 0.02
1179	0 0 14 0 0 0 0 0 0 0
1180	0 0 0 0 0 0 0 19 0 0
1181	0 0 0 0 0 0 0 0 25 0
1182	0 0 0 0 0 0 0 0 26 0
1183	0 0 0 0.02 0 0 0 0.04 35.94 0
1184	0 0 0 0.34 0.26 0 0 0 0 16.4
1185	0 0 0 0 0 0 0 0 36 0
1186	0 0 0 0.04 0 0 0.02 0 6.94 0
1187	0 31 0 0 0 0 0 0 0 0
1188	0.04 0 0 0 0 0 0 0 109.96 0
1189	0 0 0 0 0 5 0 0 0 0
1190	20.42 0 0 0 0 0 11.58 0 0 0
1191	0 0 0 0 0 0 0 10 0 0
903	32 0 0 0 0 0 0 0 0 0
958	0.04 0 0 33.96 0 0 0 0 0 0
1193	0 0 0 0 0 0 0 26.98 0.02 0
1194	0 0 0 20.52 0 0 2.04 97.44 0 0
1195	0 0 0 14.8 0 0 14.2 0 0 0
1196	9 0 0 0 0 0 0 0 0 0
1197	0 0 0.16 21.64 0 99.2 0 0 0 0
1198	0 0 0 0.04 0 0 17.96 0 0 0
1199	0 45.22 0 0 0 0.02 10.76 0 0 0
1200	0 0 0 11 0 0 0 0 0 0
1204	0 0 0 54 0 0 0 0 0 0
1205	0 0 0 7 0 0 0 0 0 0
1206	0 0.2 0 0 0 0 0 0 0 44.8
980	0 0 0 0 16.72 0 38.28 0 0 0
986	0 43 0 0 0 0 0 0 0 0
1207	0 0 0 0 0 0 0 0 21.1 14.9
1208	0 0 0 0 0 0 0 0 0 50
1209	0 0 0 0 0 0 0 0 29.92 0.1
1210	0.02 0 0 0 0 0 0 0 92.96 0
1211	0 0 0 0 21.72 0 0 0 12.28 0
1212	0 0 0 0 0 0 0 0 0 15
1213	0 0 0 0 0 0.24 0 0.12 0 8.64
1214	0 0 0 0 15 0 0 0 0 0
1215	0.02 40.94 0 0 0 0 0 0 0.04 0
765	0.02 0 0 0 0 0 0 0 77.96 0.02
1004	0 0 0 0 0 0 0 0 22 0
1217	0 0 0 0 0 0 0 0 91 0
1218	0 0 0 0 0 0 0 0 0 72
1219	0 0 29.52 0 0 0 0 0 21.48 0
1220	0 0 0 0 0 0 0 83 0 0
1222	0.04 0 0 0 0 0 0 0 55.96 0
1223	0 0 0 0.08 0 0 13.92 0 0 0
1224	0 0 0 0 0 0 0 0 18 0
1225	0 0 0 0 11.86 13.14 0 0 0 0
1226	0 0 0 0 0.12 0 71.5 0 13.38 0
779	0 0 0 0 0 0.02 0 0 61.98 0
1221	0 0 0 0 0 0 0 0 0 106
1228	0 0 0 0 0 0 0 0 100 0
1229	0 0 0 0 0 0 0 22 0 0
1230	0 0 0 0 0.12 0 0 0 30.88 0
1231	0 0 0 0 0 0 0 0 43 0
1154	0 0 0 0 28 0 0 0 0 0
1232	0.02 0 0 0 0 0 0 0 0 41.98
1233	6.34 0 0 0 0 0 10.66 0 0 0
1234	14 0 0 0 0 0 0 0 0 0
1235	4 0 0 0 0 0 0 0 0 0
1236	3 0 0 0 0 0 0 0 0 0
1237	12 0 0 0 0 0 0 0 0 0
1238	16 0 0 0 0 0 0 0 0 0
1239	0 0.1 31.88 0 0 0 0 0.02 0 0
1240	0 0 0 0 0 0 0 0 64 0
1241	13.96 0 0 0 0 2.04 0 0 0 0
1242	0 0 0 0 0 0 13 0 0 0
1243	22 0 0 0 0 0 0 0 0 0
718	0 0 0 0 0 11.88 0 25.12 0 0
1244	0 0 0 0 0 0 23.06 0 51.7 12.24
1246	0 0 0 0.1 0 0 0 0 0 9.9
1247	0 0 0 0 0 0 0 0.06 10.94 0
1248	0 0 0 0 0 17.88 0.08 0 0 26.04
1249	0 0 0 0 0 0.02 0 0 21.98 0
1250	0 0 0 0 0 0 0 0 8.94 0.06
1251	0 0 0 0 0 0 21 0 0 0
1252	0 13.26 0 0.1 10.64 0 0 0 0 0
1216	0 0 0 0 0 0 12 0 0 0
1253	0 2.74 0 0 0 0 0 0 0 8.26
1254	0 15 0 0 0 0.12 0.88 0 0 0
1255	0 0 0 0 0 0 0 16 0 0
1257	3.98 0 0 0 0 0 0.02 0 0 0
917	16.64 0 0 0 0 1.36 0 0 0 0
1202	0 0 0 0 0 0 19 0 0 0
1259	0 7.9 0 0 0 0 0 0.08 0 0.02
1260	0.02 0.02 0 0 0.02 9.56 0 0.14 1.22 0.02
1261	0 0 0 12.92 0 0 0 0 0 0.08
1262	0 0 0.02 0 0 13.64 0 7.34 0 0
1263	0 0 0 0.06 0 0 0 0 38.94 0
1264	2.4 0 0 0 0 20.6 0 0 0 0
1266	0 0 0 0 31 0 0 0 0 0
1267	0 0 0 0 0 0 0 0 63 0
1268	0 0 0 0 0 0 0 27 0 0
1269	0 0 0 0 0 0 0 0 0 34
1270	0 0 0 0 0 0 0 7 0 0
1272	0 0 0 0 0 8 0 0 0 0
1192	0 0 4.7 30.3 0 0 0 0 0 0
819	0 0 0 0 0 90 0 0 0 0
1245	0 44.88 0 7.12 0 0 0 0 0 0
1273	0 32.98 0 0 0 0 0 0 0 0.04
1274	0 0 0 0 0 0 0 0 16.98 0
1275	0 0 0 0 0 0 0 0 0 7
1276	0 15 0 0 0 0 0 0 0 0
1277	0 50.58 0 0 0 5.42 0 0 0 0
1278	0 41 0 0 0 0 0 0 0 0
1279	10.32 0 10.66 0 0 0 0 0 0 0.02
1280	37 0 0 0 0 0 0 0 0 0
1281	0 0 0 0 0 0 38 0 0 0
1258	0 2 0 0 0 43 0 0 0 0
1283	0 21.78 10.18 0 0 0 12.04 0 0 0
1038	40 0 0 0 0 0 0 0 0 0
1138	0.02 0 0 8.98 0 0 0 0 0 0
1284	0 0 0 0 0 51 0 0 0 0
1285	0 0 41 0 0 0 0 0 0 0
1286	0 0 0 60.68 0 0.32 0 0 0 0
1287	0 0 0 0 0 7.82 0 0 0.18 0
1288	0 0 0 0 0 0 0 17 0 0
1289	0 0 0 0 0 11.98 0 0 0.02 0
1290	0 0 0 0 0 0 0 3 0 0
1291	0 21.98 0.02 0 0 0 0 0 0 0
1292	5 0 0 0 0 0 0 0 0 0
1293	15 0 0 0 0 0 0 0 0 0
1294	18.98 0 0 0 0 0 0.02 0 0 0
1295	13 0 0 0 0 0 0 0 0 0
1296	49.52 0.26 0.2 0.02 0 0 0 0 0 0
1203	0 0 0 69 0 0 0 0 0 0
1297	0 0 0 12.3 0 8.7 0 0 0 0
1298	0 0 0 33 0 0 0 0 0 0
1299	0 0 0 19 0 0 0 0 0 0
1300	0 0 0 0 0.04 13.96 0 0 0 0
1301	0 0 0 0 0 0 0 12 0 0
1302	0 0 0 0 0 14 0 0 0 0
1303	0 0 16.38 0 0 0 0 0 15.62 0
1152	0 0 0 0 0 79 0 0 0 0
1304	0 0 0 4 0 0 0 0 0 0
1305	0 0 0 0 0 0 0 14 0 0
1306	0 0 0 0 0 0 5.9 0 0.02 0.08
1307	0 0 0 3 0 0 0 0 0 0
1308	0 0 0.12 0.5 0.12 0 0.06 0.16 0.04 0
1309	0 0 0.1 0.4 0.14 0 0.2 0.08 0.04 0.04
1310	0 0 0.04 0.2 1.92 0 0.84 0 0 0
1265	40 0 0 0 0 0 0 0 0 0
1282	0 0 16.94 0 0 0 0 0 0 0.06
1312	0.04 0 0 0 0 0 14.96 0 0 0
1313	38 0 0 0 0 0 0 0 0 0
1314	0 0 0 0 0 0 0 0 25 0
1315	0 0 0 0 0 47 0 0 0 0
1316	18.2 0 0.8 0 0 0 0 0 0 0
359	50 0 0 0 0 0 0 0 0 0
1085	0.02 0.02 0 0 0 0 19.76 0 0.2 0
1317	0 0 0 0 0 2.22 0 5.78 0 0
1318	0 0 0 0 0 1.6 0 2.38 0 0.02
1319	0.02 0 0 0 0 0 6.98 0 0 0
1320	0.14 0.18 0.04 0 0 0.44 0.2 0 0 0
1321	0.04 0 0 0 0 0 0 4.96 0 0
1322	0 0 0 4.26 0 3.6 0 0.14 0 0
1323	0 0 0 0 0 2 4.72 1.28 0 0
1324	0 0 0 0 0 2.1 7.9 0 0 0
1325	0.16 0.28 0.02 0 0 0.34 0.2 0 0 0
1326	0 0 0 0 0 20 0 0 0 0
1327	0 2.08 0 0 0 4.92 0 0 0 0
1328	0 0 0 7.12 0 0 7.88 0 0 0
1330	0.04 0.02 0 0 0 0.42 0.16 0 0 6.36
1331	0.02 0 0 0 0 11.98 0 0 0 0
1332	0 0 0 0 0 0 4 0 0 0
1333	0 0 0 0 8.46 5.54 0 0 0 0
1334	0.16 0.18 0.02 0 0.02 0.36 0.18 0.08 0 0
1335	0 0 0 0 0 0 22 0 0 0
1336	0 0 15 0 0 0 0 0 0 0
1337	0 0.52 19.48 0 0 0 0 0 0 0
1338	0 0 0 0 0 0 9 0 0 0
1339	0.2 0.18 0 0 0 0.32 0.3 0 0 0
1340	0.18 0.34 0 0 0 0.24 0.22 0.02 0 0
1341	0.26 0.24 0 0 0 0.3 0.2 0 0 0
1342	0 0 0 0 0 0 5 0 0 0
1343	0.16 0.36 0 0 0 0.24 0.24 0 0 0
1344	0 0 0 0 0 5.42 0 5.58 0 0
1345	0.26 0.12 0 0 0 0.44 0.18 0 0 0
1346	0 0.02 0.02 1.94 2.34 0.34 4.34 0 0 0
1347	0 0 0 0 0 0 8 0 0 0
1348	0.3 0.18 0 0 0 0.28 0.24 0 0 0
1349	0.14 0.2 0.02 0 0 0.36 0.28 0 0 0
1350	0 0 0 0 0 3 0 0 0 0
1351	0 0 0 0 0 0 0 6 0 0
1352	0.14 0.26 0 0 0 0.36 0.22 0.02 0 0
1353	0 0 0 0 0 0 13 0 0 0
1354	0 0 0 0 0 1.38 0.62 0 0 0
1355	0 0 0 5 0 6 0 0 0 0
1357	6 0 0 0 0 0 0 0 0 0
1358	0.02 0.08 0.02 0 5.72 0.02 0.12 0.02 0 0
1359	0 2 0 0 0 0 0 0 0 0
1360	0 0 0 0 0 0 3 0 0 0
1361	0 8 0 0 0 0 0 0 0 0
1362	0 4 0 0 0 0 0 0 0 0
1363	0.2 0.16 0 0 0 0.44 0.2 0 0 0
1364	0.14 0.22 0 0 0 0.4 0.24 0 0 0
1365	0.12 0.28 0 0 0 0.34 0.26 0 0 0
1366	0.1 0.2 0.02 0 0 0.34 0.34 0 0 0
1367	0 0 0 0 0 0 16 0 0 0
1368	0 0 0 0 0 0.06 21.94 0 0 0
1369	0 4 0 7 0 0 0 0 0 0
1370	0 0 0 0 0 0 8 0 0 0
1371	0.02 2.96 0 0 0 0 0 0 0 0.02
1372	0 0 0 0 0 0 9 0 0 0
1373	0.14 0.14 0 0 0 0.42 0.26 0.04 0 0
1374	0 0 0 0 0 2 0 0 0 0
1375	0 0 0 0 0 0 32 0 0 0.02
1376	0 0 0 0 0 12.06 0 0 2.92 0
1377	0 13 0 0 0 0 0 0 0 0
1378	0 11 0 0 0 0 0 0 0 0
1379	13 0 0 0 0 0 0 0 0 0
1380	0 0 0 0 0 0 6 0 0 0
1381	0 0 0 0.02 0 17.98 0 0 0 0
1383	6.22 0 4.78 0 0 0 0 0 0 0
1384	0 0 0 0 0 0 5 0 0 0
1385	0 4.14 0 0 0 0.02 0.1 0 0 2.74
1386	0.36 0 0 0 0 0 15.64 0 0 0
1387	5.96 0 0.04 0 0 0 0 0 0 0
1388	9.38 0 0 0 1.62 0 0 0 0 0
1389	0.78 3.18 5.04 0 0 0 0 0 0 0
1390	4 0 0 0 0 0 0 0 0 0
1391	0.52 0.84 0.42 0 0 0.08 0 0.12 0.02 0
1392	9 0 0 0 0 0 0 0 0 0
1393	16.64 0 0 0 2.36 0 0 0 0 0
1394	7.7 0.3 0 0 0 0 0 0 0 0
1395	13 0 0 0 0 0 0 0 0 0
1148	0 0 0 0.04 0 6.64 0 0 0 13.32
1396	0 0 0 0 0.02 0 0 16.98 0 0
1397	0 0 0 0 0 0 0 12 0 0
1398	0 0 0 0 0 0 0 5 0 0
1399	12 0 0 0 0 0 0 0 0 0
1400	0 0 22 0 0 0 0 0 0 0
1401	0 0 0 0 14.66 0 0 0 0 37.34
1402	0 0 0 0 4.36 0 0 0 0 6.64
1403	0 0.62 0.1 0 3.98 0 0 6.3 0 0
1405	0.02 0.18 0 0.02 0 17.72 0 0 0.04 0.02
1406	5.92 0 0.04 0 0 0 0 0 7.94 0.1
1408	0 0 2 0 0 0 0 0 0 0
1409	0 0 0 0 0 0 0 0 17 0
1410	0 0 0 0 0 0 0 0 0 11
1411	0 0 0 0 0 0 0 0 60 0
1412	0 0 8 0 0 0 0 0 0 0
1407	0 0 0 0 0 0 0 0 30 0
1413	0 11.76 4.24 0 0 0 0 0 0 0
1414	0 2 0 0 0 0 0 0 0 0
1415	0 0.04 0 0 0 0 0 3.64 14.32 0
1416	0 0 0 0 0 0 0 9 0 0
1417	2.92 0 0 0 0 0.06 0 0.02 0 0
1418	0 11 0 0 0 0 0 0 0 0
1419	0 0 0 0 0 0 0 0 32 0
1420	4 0 0 0 0 0 0 0 0 0
777	0 4 0 0 0 0 0 0 0 0
1227	0 0 0 0 0 0 0 13 0 0
1421	0 0 0 0 0 0 0 27.96 0 2.04
1422	0 0 0 0 5.96 0 0 0 0.04 0
1423	0 0 0 0 0 0 0 4 0 0
1424	0 0 0 0 0 0 0 0 0 7
1425	0 0 0 0 0 0 0 0 0 21
1427	0 0.28 0 11.66 0 0 0 0 0 0.06
1428	0 0 0 11.04 0.02 0 0 0 0 25.94
1430	7 0 0 0 0 0 0 0 0 0
1431	12 0 0 0 0 0 0 0 0 0
1432	3 0 0 0 0 0 0 0 0 0
1433	1 0 0 0 0 0 0 0 0 0
1434	17.98 0 0 0 0 0 0 0 0 0.02
1435	0.04 0 0 0 0 0 0 0.38 14.58 0
1436	0 0 0 0 0 0 5 0 0 0
1437	0 0 0 0 0 0 0 0 15 0
1145	0 0 0 0 0 3.7 0 0 0 6.3
1438	0 0 0 0 0 0 0 0 9 0
1440	0 0 0 0 0 0 0 0 0 15
1441	0 0 0 0 0 0 0 0 18 0
1442	6.36 0 0 0 0 0 0 0 5.64 0
1443	0 0 0 0 0 0 0 0 0 15
1444	0 0 0 40 0 0 0 0 0 0
1445	0 0 0 0 0 0 0 0 0 8
1446	0 0 38.3 0 0 0 0 0.7 0 0
1447	0 0 0 3 0 0 0 0 0 0
1448	0 0 0 11 0 0 0 0 0 0
1449	0 0 0 0 0 0 0 28 0 0
1450	0 0 0 8 0 0 0 0 0 0
1451	0 0 0 49 0 0 0 0 0 0
1452	0 0 0 0 0 0 4 0 0 0
1453	0 0 0 2 0 0 0 0 0 0
1454	0 0 0 15 0 0 0 0 0 0
1455	0 0 0 5 0 0 0 0 0 0
1456	0 0 0 0 0 0 19 0 0 0
1457	0 0 0 0 0 0 0 3 0 0
1458	0 0 0 0 0 0 0 0 0 4
1459	0 0 0 0 0 0 0 0 0 25
1460	0 0 0 3 0 0 0 0 0 0
1461	0 0 0 2 0 0 0 0 0 0.02
1462	0 0 0 0 0 0 0 22.98 0 0
1463	0 0 0 0 0 0 9 0 0 0
1464	0.08 0 0 6.92 0 0 0 0 0 0
1465	0 0 0 0 0 5 0 0 0 0
1466	0 0 0 0 0 0 0 0 0 15
1426	0 0 0 0 1.44 0 0 20.54 0.02 0
1404	0 0 0 0 0 0 0 37 0 0
1468	0 0 0 0 0 0 0 20 0 0
1469	0 0 34 0 0 0 0 0 0 0
1470	0 0 0 0 0 0 0 0 11.98 0.02
1472	0 0 0 0 0 0 6.98 0 0.02 0
1473	0 0 0 0 0 0 0 0 0 23
1474	0 0 0 10 0 0 0 0 0 0
1475	0 0 0 0 14.96 0 0.04 0 0 0
1471	0 0 0 0 0 0 0 0 19 0
1476	0 0 0 0 0 0 0 0 2 0
1477	0 4.22 0 0 0 0 0.78 0 0 0
1478	0 0 0 0 0 0 0 0 31 0
1479	0 0 0 0 0 0 0 0 15 0
1480	0 0 22.66 0 0 0 0 0.34 0 0
1481	0 0 0 0 0 0 0 0 6 0
1482	0 4 0 0 0 0 0 0 0 0
1271	0 0 12.98 0 0 0 0 0 0 0.02
1484	0 0 0 0 0 0 0 0 8 0
1485	0 0 0 0 0 0 0 14 0 0
1486	0 0.08 0.1 0.06 0.08 0.06 0.1 0.1 0.38 0.04
1487	0 0 0 0 0 0 0 9 0 0
1488	0 4.7 0 0 0 0 0 7.28 0 0.02
1489	0 0 0 0 0 0 0 6 0 0
1490	0 0 0 0 0 0 0 9 0 0
1491	0 0 1.92 3.08 0 0 0 0 0 0
1492	0 0 0 0 0 0 0 0 4 0
1493	0 0.16 0.1 0.02 0.04 0.06 0.1 0.28 0.18 0.06
1495	0 0 0 0 0 0 0 15 0 0
1496	0 0 13.98 0 0 0 0 0 0 0.02
1497	0 0 0 0.96 0.34 0 0 0.34 0 0.36
1498	0 0 0 0 0 0 0 0 4 0
1499	0 10 0 0 0 0 0 0 0 0
1500	0 0 0 0 0 3.4 0 0 6.6 0
1501	0 0.38 0 0 0 0 0 10.62 0 0
1112	0 0 0 30 0 0 0 0 0 0
1502	0 0 3 0 0 0 0 0 0 0
1503	0 0 0 0 0 0.02 0 16.86 0 1.12
1504	0 0 0 0 0 0 0 10.98 0 0.02
1505	0 0.04 0 0 0 0 0 0 3.96 0
1311	0 0 0 7.38 0 0 0 0 19.62 0
1506	0 0 0 0 0 0 11 0 0 0
1507	0 0 1.14 1.86 0 0 0 0 0 0
1508	0 0 0 7 0 0 0 0 0 0
1509	0 0 0 0 0 0 0 0 8 0
1510	0 0 0 0 0 0.4 0 0 0 2.6
1511	0 0 0 0 0 0 13.86 0 0 2.14
1512	0 0 0 0 14 0 0 0 0 0
1513	0 5.9 0 0 0 0 0 0.1 0 0
1514	0 0.02 0 0 0 0.02 14.96 0 0 0
1515	0 0 0 0 4 0 0 0 0 0
1516	0 0 0 0 0 0 0 9 0 0
1517	0 0 0.04 0 0 0 0 0 10.96 0
1518	0 0 0 0 0 0 0 0 0 31
1519	0 0 6 0 0 0 0 0 0 0
1520	0 0 0 0 0 3 0 0 0 0
1521	0 0 0 0 0 0 0 12 0 0
1522	0 0 0 0 0 0 0 0 12 0
1523	0 0 0 0 1.44 0 0 0 4.56 0
1439	0 0 8.32 0 0 0 0 0 0 7.68
1483	16.08 0 0 0 0 0 0 0 14.92 0
1524	0 0 0 0 34 0 0 0 0 0
1525	0 0 0 0 0 0 4 0 0 0
1526	0 0 0 0 4 0 0 0 0 0
1527	10 0 0 0 0 0 0 0 0 0
1528	0 0 0 0 5 0 0 0 0 0
1429	10 0 0 0 0 0 0 0 0 0
1529	0 0 0 0 6.82 0 5.16 0 0 0.02
1531	0 0 0 0 0 0 0 0 16 0
1532	0 0 0 0 0 0 0.02 3.98 0 0
1533	0.36 0 0 0 0 0 0 1.38 2.26 0
1534	0 0 0 0 0 0 11 0 0 0
1535	0 0 0 12 0 0 0 0 0 0
1536	0 0 0 0 0 0 5 0 0 0
1537	0 0 0 0 13 0 0 0 0 0
1538	1.74 5.54 0 0 0 0 0 0 0 1.72
1530	0 0 0 0 0 0 0 8 0 0
1539	0 5 0 0 0 0 0 0 0 0
1540	0 12.92 0.08 0 0 0 0 0 0 0
1541	0 0 3 0 0 0 0 0 0 0
1542	0 0 0 0 0 0 0 0 2 0
1543	0 0 0 0 0 0 0 3 0 0
1382	0.02 0.1 0.14 0.08 0.06 0 0.02 0.16 0.16 0.26
1544	0.02 0.08 0.12 0.12 0.08 0 0.02 0.16 0.24 0.16
1545	5.16 0 0 0 0 0 0.08 0 2.76 0
1547	0 0.06 0 0 0.04 0 0 0 0 5.9
1548	0 0.04 0.14 0.1 0.08 0 0.02 0.24 0.22 0.16
1549	3 0 0 0 0 0 0 0 0 0
1550	0 0 5.98 0 0.02 0 0 0 0 0
1552	0 0 3 0 0 0 0 0 0 0
1553	0 0 0 11 0 0 0 0 0 0
1554	0 0 0 0 0 0 0 0 6 0
1555	0 0 0 0 0 0 0 0 10 0
1557	0.06 0.06 0.14 0.08 0.04 0 0 0.18 0.22 0.22
1558	0 0 0 0 24.92 0.04 0.04 0 0 0
1559	0 0.04 0.12 0.12 0 0 0.02 0.1 0.38 0.22
1560	0 0 0 7 0 0 0 0 0 0
1561	0.04 0.04 0.2 0.08 0.02 0.02 0 0.18 0.2 0.22
1562	0.02 0.14 0.16 0.04 0.02 0.02 0.02 0.2 0.2 0.18
1563	0.02 0.08 0.12 0.06 0 0 0 0.28 0.28 0.16
1564	0.04 0.02 0.08 0.08 0.1 0 0 0.24 0.28 0.16
1565	0.04 0.04 0.14 0.12 0.1 0 0 0.18 0.24 0.14
1566	0.04 0.06 0.1 0.16 0.08 0 0 0.16 0.24 0.16
1568	0.02 0.14 0.08 0.1 0 0 0 0.2 0.22 0.24
1569	0.02 0.1 0.22 0.12 0.06 0.02 0.02 0.12 0.16 0.16
1570	0.02 0.14 0.1 0.14 0.06 0 0.02 0.12 0.26 0.14
1571	0.04 0.06 0.22 0.1 0.04 0 0.02 0.14 0.24 0.14
1572	0.04 0.1 0.18 0.14 0.02 0 0 0.14 0.26 0.12
1573	0.06 0.04 0.12 0.18 0.04 0 0 0.22 0.22 0.12
1574	0 0.08 0.08 0.06 0.08 0 0 0.2 0.24 0.26
1575	0.04 0.02 0.12 0.1 0.06 0 0.02 0.16 0.3 0.18
1576	0.02 0.06 0.12 0.1 0.02 0 0.02 0.1 0.28 0.28
1578	0 0 0 3.98 0 0 0 0.02 0 0
1579	0.04 0.12 0.12 0.08 0 0 0 0.26 0.2 0.18
1580	0.06 0.04 0.1 0.16 0.04 0 0 0.22 0.2 0.18
1581	0.02 0.1 0.22 0.04 0.04 0 0 0.2 0.22 0.16
1582	0.02 0.04 0.1 0.04 0 0 0 0.32 0.34 0.14
1583	0.04 0.04 0.1 0.08 0.04 0 0.04 0.26 0.26 0.14
1584	0.08 0.06 0.04 0.1 0.08 0.02 0.02 0.18 0.22 0.2
1585	0 5 0 0 0 0 0 0 0 0
1586	0.04 0.02 0.24 0.06 0.06 0 0.02 0.2 0.2 0.16
1587	0.04 0.08 0.14 0.08 0.06 0.02 0 0.18 0.28 0.12
1588	0.04 0.04 0.1 0.16 0.08 0 0 0.34 0.18 0.06
1589	0 7 0 0 0 0 0 0 0 0
1590	3.98 0 0 0 0 0 0 0 0.02 0
1592	14.96 0 0 0 0 0 0 0 0 0.04
1593	0 0 0 4 0 0 0 0 0 0
1594	0 0 0 0 0 0 0 3.58 0 5.42
1595	2 0 0 0 0 0 0 0 0 0
1596	0 0 0 0 0 0 0 0 2 0
1597	0 0 0 0 0 0.02 0 0 0 5.98
1598	10 0 0 0 0 0 0 0 0 0
1599	0 0 0 0 0 0 0 5 0 0
1600	11 0 0 0 0 0 0 0 0 0
1591	0 15 0 0 0 0 0 0 0 0
1601	0.1 0.32 0 0 0.26 0.12 0.16 0.04 0 0
1602	7 0 0 0 0 0 0 0 0 0
1603	0 0 0 3 0 0 0 0 0 0
1551	0 0 0 0 0 0 0 0 3 0
1604	0 4 0 0 0 0 0 0 0 0
1605	0 0 5.06 0 0 0 4.94 0 0 0
1608	0 2.98 0 0 0.72 0 1.62 0 0 1.68
1610	0 6 0 0 0 0 0 0 0 0
1611	0 0 0 0 0 0 6 0 0 0
1612	2.92 3.08 0 0 0 0 0 0 0 0
1613	4 0 0 0 0 0 0 0 0 0
1614	0 0 0 0 0 0 0 0 0 3
1615	0 0 18.92 0 0 0 0.08 0 0 0
1616	0 0 0 0 0 0 4 0 0 0
1617	6 0 0 0 0 0 0 0 0 0
1618	0.04 0.2 0.28 0.16 0.2 0 0 0 0 0.12
1619	0 0 0 3 0 0 0 0 0 0
1620	0 20 0 0 0 0 0 0 0 0
1621	0.1 0.34 0 0.02 0 0.04 0 0.06 0.3 0.14
1556	0 0 0 0 3 0 0 0 0 0
1623	0 0 0 0 0 0 0 8 0 0
1624	2 0 0 0 0 0 0 0 0 0
1625	4 0 0 0 0 0 0 0 0 0
1609	0.5 0 0 0 0 0 1.5 0 0 0
1626	0 0.1 0.18 0.2 0.06 0.18 0 0.04 0.24 0
911	0.14 0 0 4.86 0 0 0 0 0 0
1607	0 0 0 2.94 0 0.06 0 0 0 0
1628	0 0 0 0 0.02 0 0 9.64 0.34 0
1629	0.02 7.98 0 0 0 0 0 0 0 0
1630	0 0 0 0 0 0 1.1 1.9 0 0
1631	0 0 0 0 0 0 3.98 0.02 0 0
1632	0 0 0 0 0 0 2.96 0.04 0 0
1636	0 0 0 0 0 0 2.04 0 1.96 0
1637	0 0 0 0 0 0 3 0 0 0
1638	0 0 0 1.9 0 0 0 1.1 0 0
1639	0 0 0 12.96 0.04 0 0 0 0 0
1640	0 0 0 0 0 0 0 3 0 0
1641	0 1.98 0 1.02 0 0 0 0 0 0
1642	0 0 0 0 0 0 0 4 0 0
1643	0 9.76 5.24 0 0 0 0 0 0 0
1644	0.04 0 0 0 0 0 2.96 0 0 0
1645	0 0 0 0 0 0 0.04 3.96 0 0
1647	0 0 0 0 0 0 3 0 0 0
1649	0 0 0 0 0 0 0.76 2.24 0 0
1650	0 0 0 0 0 0 4 0 0 0
1651	0 4 0 0 0 0 0 0 0 0
1653	0 0 0 0 0 0 0 0 0 5
1654	0.42 0 0.2 0.06 0.12 0.16 0.04 0 0 0
1655	0 1.18 0 0 0 0 0 0 0 0.82
1656	0 0 0 7 0 0 0 0 0 0
1657	0 3 0 0 0 0 0 0 0 0
1658	0 1.22 0 0 0 0 3.78 0 0 0
1659	0.02 0.04 0.14 0.42 0.2 0 0.04 0.1 0.02 0.02
1660	0 0 0 2 0 0 0 0 0 0
1661	0.04 0.02 0.2 0.24 0 0.12 0.08 0.14 0.16 0
1652	0 0.04 0.44 0 0.06 0 0.06 0.12 0.26 0.02
1662	0.18 0.26 0 0 0 0.02 0.3 0.24 0 0
1664	0 0 0 0 0 0 9 0 0 0
1665	2 0 0 0 0 0 0 0 0 0
1667	1.94 1.06 0 0 0 0 0 0 0 0
1668	0 0 0 0 0 0 3 0 0 0
1669	0 0 0 0 0 0 2 0 0 0
1670	3 0 0 0 0 0 0 0 0 0
1671	0.92 0.08 0 0 0 0 0 0 0 0
1646	0 0 0 0 0 0 0 4 0 0
1674	0 0 0 3.54 0 0 0 0.46 0 0
1675	2.56 0 0 0 0.44 0 0 0 0 0
1676	2 0 0 0 0 0 0 0 0 0
1680	2 0 0 0 0 0 0 0 0 0
1467	0 0 0 0 0 0 0 5 0 0
1622	0 0 0 0 1.06 0 0 0 0 0.94
1681	0 0 0 3 0 0 0 0 0 0
1682	0 0 0 0 0 0 0 0 0 7.16
