1 14.2 16.8 0 38 0 8 1 0 0
13.6 0 0 0 0 4.2 0.2 0 0 0
6 0 0 0 0 0 0 0 0 0
16.8 0.2 0 0 0 0 0 0 0 0
0 1.8 13.2 7.6 0 0.2 0.6 1.4 14.2 0
4 0 2.4 0 18.6 0 7.4 1.8 0.8 0
3 5.4 0 47.2 0 2.6 0 16.2 28.4 53.2
3 0 0 0 0 5 0 0 14 0
0 5.2 0 0 0.4 0.8 3.4 0 0.2 0
0 0 0 26.8 6.4 0 0 11.6 0 22.2
5 0 0 0 0 0 0 27.4 0.8 41.8
3.8 0 0.8 0 0.6 0.2 0 8.4 0.2 0
46.6 11.4 25.8 38.8 43 19.8 0.2 0 44.8 10.6
0 7.6 11 16.6 4.6 0.2 0 0 0 0
0 0 0 0 0 19.2 11.8 0 0 0
0 3.2 4.4 5.8 0 0 4 1.2 0 11.4
1 0.2 0 0 0 0.2 6.6 0 0 0
0 0 22.6 26.4 7.8 0 16.4 40.4 0 7.4
0 0 0 0 0.6 0 0 4.4 0 0
0 0 0 0 0 0 0 0 0 4
2 11.4 0 0 0 2.4 2.2 0 0 0
0 5.2 0 0 1.2 1.4 4 0 18.2 0
0 0 0 0 18.4 0 0 11 12.6 0
0 0 0 0 0 0 0 0 0 5
0 0 29 4.4 4.6 0 0 0 0 0
6.6 4 0 0 0 14.2 1.2 0 0 0
2.2 0 0 0 0 2.8 0 0 0 0
0 12.4 0.2 0 0 0 0 0 8.8 12.6
12 0.2 0 0.2 11.4 0 0 0 0 0.2
2.8 1.6 2.2 0 0 0 0 0 2 0.4
7.2 4.8 0 4.4 0.2 0 0.4 0 0 0
0 6 0 0 0 0 0 0 0 0
7 0 0 0 0 0 0 0 0 0
10 0 0 0 0 0 0 0 0 0
5 0 0 0 0 0 0 0 0 0
0 3.4 0.6 0 0 0 0 0 13 0
15.6 5.6 0.2 0 0 11.6 0 0 5 0
6 0 0 0 0 0 0 0 0 0
2 0 0 0 0 0 0 0 0 0
0 0 0 3.8 16.2 0 0 0 0 0
0 0 34.8 6 0 2 0 6.2 6 0
0 0 22 0 0 13.2 14.8 1.8 15.6 0.6
1 2.8 26.8 8 0 0.4 0.2 0 0 16.8
0 0 0 0 0 26 0 0 0 0
11.6 0 0 0 0 0.4 4 0 0 0
18 0 0 0 0 0 0 0 0 0
1.4 0 11.6 0 0 0 0 0 0 0
0.2 1.2 7 0 0 3 4.2 0.4 15 0
0.2 1.2 0 0 0 0.8 0 3.8 0 0
0 0.2 12.6 1 0 0 0.2 0 0 0
4 0 0 0 0 4 4 0 0 0
0.2 8.8 0 0 0 9 0 1 0 0
0 15.2 5.4 0 2.2 13 0 2.2 12 0
0 0 0 0 7.2 33.8 0 0 0 0
0 0 0.4 0 15.2 5.6 13.6 0 0 0.2
0 13 0 36 32.2 17 4.2 30 5.6 0
0 0 1.8 22.2 9 3.4 0.6 0 0 0
8.8 0 0.2 0 0 0 0 0 0 0
0 3.4 1.2 0 17 0.2 0.6 16.6 20.6 8.4
13.2 0.8 0 2 0 0 10 0 2.8 0.2
4.8 0 7 0 24.6 10.8 0 8.2 0 11.6
0 0 0.2 0 0 7.8 0.2 0.2 0 7.6
0 0 0 0 0 10 0 0 0 0
0 0 0 0 0 3 0 0 0 0
0 0 0 0 0 1 19 0 0 0
0 7.8 0 0 9.2 0 0 0 0 0
5 1 19.8 0 0 0 0 0 4.8 14.4
4.2 0 0 0.8 13 0.2 1.4 4.4 0 0
0 0 0 17.4 14.2 6.6 0 5 0 10.8
1 0 0 0 5 0 0 0 0 0
6.6 0 0 0 0 0 5.4 0 0 0
0.2 0 0 0 0 22.6 0.2 0 0.2 4.8
0 3.8 0 0 14.8 0 0 4 0.4 0
0 0 1 10.4 19.6 1.8 0 0 0.2 0
0 0 0 0 0 3 0 0 0 0
4 0 0 0 0 0.2 24.8 0 0 0
0 0 0 0.2 8.2 0 0 0 0 0.6
0 2.2 0 0 0 3 7.8 0 0 0
2 0 0 0 0.2 9.4 2.8 7 0 11.6
2.8 0.2 5.6 0 0 11 2.8 0 8.2 1.4
0 0 0 0 0 3.2 5.2 1.6 0 19
7.4 0 0 16.6 2.2 4.6 13.8 17.4 0 8
0 0 12.8 0 0.2 7.4 0 4.2 28.4 0
4.2 0 0 0 0 5.8 0 5 0 0
13.2 0 0 44 25.6 7.2 13.2 4.8 0 0
4 0 7 13.4 0.6 0 0 0 0 0
0 9.8 0 3 0 24.4 10.6 21 21.6 8.6
0 0 0 0 0 0 2 0 0 0
0 3 28.8 0.2 0.4 2 4 0.6 30.4 47.6
0 0 24.4 15.8 0.2 0 0.2 5.6 29 8.8
0 1.4 0 0 7.8 0 0 0 0.8 0
0 0 0.4 4.4 0.4 0 0 0 2.4 11.4
0.2 0 5.4 0.6 2 0.8 0 0 0 0
8 0 0 0 6.2 0.4 0 6 0.4 0
6 0 0 0 0 0 0 0 0 0
0 0 0 0 0 12 0 0 0 0
4 10.8 0 0 0 0 0 2.4 34.8 0
0 0.2 1 0 0 2.8 0 0 0 0
0.2 0 0 0 0 0 12.8 0 0 0
6 0 0 0 0 0 0 0 0 0
0 1 0 0 0 0 0 0 0 7
6.6 0.2 0 0 0 0 0.2 0 0 0
0 0 0 0 0.4 12.6 0 0 0 0
0 3.8 0 0 0 24.4 0 0 25.8 6
0.2 0 2.8 0 0 0 0 0 15.8 7.2
12.4 0 0 0 0 0 0.6 0 0 0
25 0 0 0 0 0 0 0 0 0
16.8 0 0 0 0.4 8.6 3.2 0 0 0
0 0 0 0 2.8 0 0 0 0.2 0
0 0 0.2 0 0 0 0 3.8 6.2 0.8
9.6 21.2 0 0.2 0.4 1.6 0 5.2 0 2.8
0 11 0 0 0.4 0 0 0 0 8.6
0 0 0 0 18.8 0 0 0 0.2 0
17 0 0 0 0 24.4 16.8 0 0 30.8
0 0 0 0 0 0.2 9.8 0 0 0
0 0 0 0 12.2 0 11.2 6.2 0.4 0
0 0 0 6 1.4 0 3.4 5.8 0.2 6.2
0.6 0 0 0.6 8.2 0.2 6.4 0 0 0
0 0 15 11.2 0.2 0 0 9.6 0 0
21 0 0 0 0 0 0 0 0 0
3 0 11 0 0.8 0 0.2 0 0 0
0 0 17.8 11.2 1.2 0 13.4 8 0.2 19.2
10 0 0 0 0 0 0 0 0 0
19 0.4 28.2 0 0 24.6 4.2 5.8 27.8 11
0 0 0 0 0 0 11 4 0 0
7 0 0 0 0 0 0 0 0 0
10.4 0.4 0 0 0 0 3.2 0 0 0
0 0 0 0 0 0 0 0 3 4
0.2 0 0 0 0 10.6 0 0 7.2 0
0 0 0.2 0.2 11.6 0 4 0 0 0
0 0 0 0 0 0.2 2.8 0 0 0
5 5.2 9.6 0 0 5.2 0 0 0 0
0 4.8 0 0 0 0 0 0 0.2 0
17.6 0.4 0 0 0 0 0 0 0 0
0 0 0 0 23.6 6 23.2 0 0 0.2
9 28.8 0.4 0 0 15.2 3 7.4 21.8 2.4
7 0 0 0 0 0 0 0 0 0
0 0 12.4 0.4 10 0 0 0 0.2 0
25.8 0 0 0 0 0 0.2 0 0 0
0 4 0 0 0 0 5 0 0 0
0 0.4 5.6 3 30.6 3.8 5.8 0 0.2 29.6
0.2 13.6 7.2 0 0 0.2 0 16.6 0 0.2
0 0 0 0 0 0 0 0 4 0
0 0 0 0 17.8 0.6 1.4 0 0 0.2
7 0 0 0 0 0 0 0 0 0
0 0 0 4.4 0 0 0 0 0 7.6
0.2 6.4 0 7.8 19.6 6.8 0.2 0.8 23.2 0
11 1.6 0 0 0 23.2 0 0 0 5.2
0 0 0 0 4.8 0 8.8 8 0.2 8.2
0 0 0.2 3.4 0.2 0 0 4.2 0 0
0 1.4 0 0 10.8 4.8 0 0 0 0
5 0 0 0 0 0 0 0 0 0
0 11 7 0 0 0 4 0 0 0
7.8 0 0 0.2 13.8 0 0 0 0 0.2
7 0 0 0 0 0 0 0 0 0
0 0 0 12 0 0 0 0 1 0
0 0.2 0 0 0 24.8 0 0 0 0
4 0 0 16 0 0 0 0 0 0
6 1 0 0 0 0 0 0 0 0
6 0 0 0 0 0 0 0 0 0
0 0 0 0 7 0 0 4 0 0
21 0 0 0 0 0 0 0 0 0
0.2 0.2 6.6 14 0 5.8 0 16.2 4.4 6.6
0 0 1.4 0 0 0 0 2.6 0 0
5.4 0.6 0 0 0 0 23 0 0 0
16.6 0 0.4 0 0 0.6 0 0 22.4 0
4 3.2 10.4 0 1.2 20.2 9.6 0.2 13.2 28
16 0 0 0 0 0 0 0 0 0
0 5 0 0 3 0 0 1 0 0
8.8 19.6 0.4 0 0 15.6 10.8 0 1.8 0
0 0 0.6 0 0 3.4 0 0 0 0
0 0 0 0.2 0 8 0 0 0.2 8.6
11.2 2.4 0 8 1 0 10.8 19 5.6 32
3.4 0 2 0 3.8 0 0 14.8 0 0
10.6 0 0 0 0 0 0 0 2.8 15.6
0.8 0 12.6 0 0 0 2.8 17.2 5.6 0
0 0 0 8.2 0 0 0 0 16.6 11.2
0 0 8.8 44 0 3.8 8.6 15.2 0 12.6
5.8 8.2 0 0 0 1.4 0.4 0 0 0.2
5 0 0 0 0 0 0 0 0 0
7.4 0 0 0 0 5.2 6.4 0 0 0
0 0 2.4 0 0 0 5 0 12.6 5
0 0 25 24 9.4 0 0 12.4 15.2 0
0.2 0 0 0 0 5.8 0 0 3 0
0 0 0 0 0 2.8 8.2 0 0 0
14 0 0 0 0 0 0 0 6 0
2.6 15.2 3.8 11 0.6 7.2 0 6.6 0 14
8.2 0 0 0 0 0 3.8 0 0 0
3.8 8.8 6.6 0 0 0.2 0 4.4 36.4 29.8
0.4 13.4 0.2 19.2 23.2 2.8 9 17.6 21.2 16
6 0 0 0 0 6.4 0.6 0 0 0
2 0 0 0 0 0 0 0 0 0
4 0 0 0 0 0 0 0 0 0
11 0 0 0 0 0 0 0 0 0
5.4 10.4 3.4 17.2 3.6 0.2 4.4 0 12.4 17
0 2 0 0.2 0 6.2 0.2 0 0 0.4
1 0 16 0 37 12.2 0 1.8 3.4 1.6
0 1.6 1.4 4.4 0 0 0 0 0 3.6
0 0 0 0.2 2.8 0 0 0 0 9
0 0 0 0 17 0 0 0 18.8 0.2
0 0 0 4 20 0 7.6 0.4 0 0
0 0 10.4 0 3 0 0 0 12.8 15.8
3.6 0 23 0 0 2.8 6.4 4.4 5.8 0
0 0.8 0 0 0 0 0 0 6.2 0
0 0 0 0.2 21.8 0 0 0 0 0
4 0 0 0 0 0 0 0 0 0
0 0.2 0 0 8.2 0 17.8 0 5.8 0
0 15.6 29.8 0 13.6 5.8 8.4 16 45.2 19.6
16.2 0.6 7 0 0 1.2 0 5 0 0
0 0 0 0 0 8.2 3.8 4 7 0
0 0 0 5 0 0 0 0 0 0
1 0 0 3.8 0 3.8 1.4 0 0 0
0 0.4 0 0 0 12.2 1.4 0 0 0
0 0 0 0 0 0 5 5 0 0
8 0 0 0 0 0 0 0 0 0
0 0 0.2 0 0 0 0 0 25.4 5.4
3.8 0 0 0 0 6.2 0 0 0 0
11.2 0 0 0 16.6 0 0 0 0 0.2
0 0 0 15.4 20.6 0 0 5 0 0
5.4 4 8.6 31 19 10.2 0 36 0 13.8
5 2 0.6 6.2 6.4 0 0 7 0 0.8
0 0 7.6 10.6 1.2 5.2 0.2 0 0.2 0
0 0 0 0 9 0 0 0 0 0
0 0 0 0 0 4.8 0.2 0 0 0
1 0 0 16.6 26 0 11.4 0 0 9
24 0 0 0 0 0 0 0 0 0
4 0 0 0 0 0 0 0 0 0
0 0 0 0 0 0.2 18.4 10.2 0 11.2
0 0 4.6 0.2 18.4 0 9.6 18 0 0.2
0.4 0.2 0 0 0.2 0 6.2 0 0 0
0 0.4 23.4 0 0 0 0 3.2 11 0
2.8 0.4 0 0 1.6 3.6 0.6 3.6 1.2 6.2
0 0.2 4.8 0 0.4 0 0 0 0 11.6
0 0 4 0 60.6 0.4 0 0 0 0
0 0 5.8 0 24.6 0 0.4 0 0 0.2
0 0 0 0 0 20.8 0 0 5.8 1.4
0 0 0 0 0 0 8 0 0 0
0 0 14.2 6 0.2 1.2 0 0 0.8 10.6
1.4 4.2 7.6 0.2 0 0 0.6 0 1 0
6.2 4 0 0 0 6.8 0 0 0 0
0 13 0.2 0 0 33.4 1 0 21.2 27.2
0 0 0 0 0 0 5 14 0 0
9.8 0.2 0 0 0 0 0 0 0 0
4.4 0 0.2 0 0 1.4 3.2 3 8.8 0
14 0 0 0 0 0 0 0 0 0
4 0 0 0 0 0 0 0 0 0
2.8 2 10 8.6 0 6.2 0.4 0.2 0.2 23.6
5.8 0 1.8 22.8 3.8 0 0 0 0 18.8
0 9.2 0 0 4 2 5.8 0 0 0
0 0 0 0 0 15 0 0 0 0
0 0 0 0 0.4 7.2 0 0 10.2 24.2
0 12.8 0.2 0 0 0 16.2 15.8 48.4 5.6
0 0.4 0.2 32.6 11.6 1.2 0 13.8 11.6 5.6
0 13.2 0 6.8 0.6 0 0 1.4 0 12
8.4 0 0 0.8 20.2 10.2 10.6 9.2 0 49.6
0 0 0 1.6 22.4 0 0 0 0 0
6 0 0 0 0 0 0 0 0 0
3 0 0.4 0 0 18 0.8 0.2 0 10.6
0 2.4 11.6 3.8 0.2 0 0 0 0 8
18.8 13.6 14.8 0 11.6 9.2 14.2 11.4 34 15.4
0 0 0 0 0 2 14 0 0 0
9 12.6 15.6 12.2 12.2 0.4 9.6 16.2 37.8 11.4
5 2.6 7 0 0.2 12.2 0 0 8.2 15.8
8 0 0 0 0 0 0 0 0 0
0 0 8.8 0.2 0 4 5 0 0 0
2.2 0 0 0 0 0 3.8 0 0 0
12.8 0 0.2 0 10 0 0 0 0 0
10.2 20.6 19.2 0 0 12 8.4 14.8 9.8 0
0 0 1 0 7.8 4.8 7.8 0 4.6 0
4.6 0.8 0 14.4 19.6 0 0.2 0 0 0.4
0 0.2 0 0 0 0 11.2 0 0.2 0.4
0 0 32 0 0 0 0 0.2 21.8 5
0 23.4 28.2 0 3.6 24.8 0 12.2 7.6 34.2
0 0 8.2 8 1.6 8.8 2.8 0 0 8.6
0 10.8 15.2 15.8 14.8 2.2 0 0 9.2 24
15.4 10.2 0 0 0 11.4 11 0 0 0
0 0 0 0 12.8 12.6 0.4 14.4 18.6 13.2
0 0 0 7 26 2.2 21.8 0 0 0
0 0 17.2 1 17.4 10.2 1.2 0 0.4 9.6
0.8 0 0.2 0 39.2 18.4 0 0 0 16.4
0.2 0 0 12.4 2.8 13 6 19.8 8 14.8
5 0 0 0 0 0 0 0 0 0
0 6.2 0.2 5.8 0 22.4 0 4.4 12.8 16.2
5 14.8 25.6 23 6.6 20 8.8 20.4 44 16.8
3 0 0 0 0 0 0 0 0 0
1.8 0 0 5.2 13.6 0 8.8 22.6 0.2 13.8
0 0.4 0 0 0 2 14.6 0 0 0
0 0 0 4.8 4 5 0.4 0.4 5.2 6.2
0 14 1.2 24.2 24 14.4 0.4 14.8 8 14
7.8 0 0 0 0 0 0.2 0 0 0
0.6 0 0 0 0 0.4 0 0 0 0
0 0 33.6 16.4 0 0 0 17.6 5.2 20.2
0 0 0.6 67.6 0.4 0 21.2 0 0 14.2
4 0 4 19.2 27.4 11 0 0 11.4 0
0 0 19.8 2 0 25.6 3 19.2 19.2 12.2
0 3.6 0 0 1.2 0 16 0 6.6 0.6
0.2 0 1 11.4 0 1.4 8.6 9.4 0 9
4.2 1.8 0 0 0 0 0 0 0 0
4 0 0 15.4 0 3.8 0.6 0 4.2 12
7 0 0 0 0 0 0 0 0 0
0 10.6 4 0 5.4 0.6 0 0 0 0.4
0 0 0 26.8 8.6 0 7.6 6.8 0 0.2
2.6 5.4 0 11.6 3.8 0.2 3 0.4 1 0
0 0 0 0 4.2 0 6.8 0 0 0
23.6 0.2 0 0 0 10.4 9.8 0 0 0
0 0 0.2 11.2 1 0 4.2 11.4 6 0
0 0 6.4 21.2 14.4 0 0 3.4 17.4 0
7 4.4 0.4 0.2 22.6 0 12.6 12.4 0 15.2
23.2 3 0 18.8 0.6 0.2 0 3.2 4.2 29.8
3.6 0 0.4 0.4 6.2 7.2 0.6 0.2 1.4 0
5 0 0 5.6 7.2 17.4 0 0 9.4 20.4
0 0 0.2 0 16.4 0 0 0 0 0.4
9.6 9 16.2 0 0 28.6 0 0 22.6 0
0 0 0 11.8 0 0.2 0 0 0 0
7.2 0 22.4 19.8 12.6 14.4 23.8 17.8 8.4 0.6
0 3.8 0 0 0 11.2 0.2 3.4 12.4 0
0 0 0 0 0 0.2 2.6 0.2 10 0
0 0 0 17.8 0.4 0 0 8.8 0 0
0 25.8 0 33 0 8.4 0.6 7.2 10 0
0 0 5 0 9.8 0 0 0.2 0 0
12 0 0 0 0 0 0 0 0 0
0 8.8 0 13.6 22.2 8.4 8.4 2.4 0 0.2
0 0 11.2 0.8 1 0 18.6 9.8 19.2 21.4
0 0 13.6 8.4 25.6 12.4 6.8 0.2 0 0
0 8.4 0.4 0 2.6 10.8 17.2 22.2 7 18.4
0 0 0.2 0 0.6 0 0 0 45 14.2
0 9.2 15.4 0.4 16.4 19.6 2.4 0 0.2 0.4
0 0 0 0 0 14.6 0.4 0 0 0
0 0 0 0 0 8 5 0 0 0
0 0 0.4 0 17.4 0.2 0 0 0 0
6.8 0.2 0 0 0 0 0 0 0 0
0 0 0 0 0 0 0 0 2 0
6 0 0 0 0 0 0 0 0 0
5 0 0 12.8 15.8 0 21 31.6 0 14.8
17 0 0 0 0 0 0 0 0 0
12 0 0 0 0 0 0 0 0 0
0 0 0 0 0 18 4 0 0 0
0 0 0 0 8 0 0 0 0 0
0 0 0 0 0 3.8 0 0 0.2 0
0 0 0 9.8 11.6 0 16.2 8 0 16.4
0 0 0 0.8 11.8 0 12.8 0.6 0 18
8.8 0 0 0 0 0.2 0 0 0 0
15 13.8 0 0 0 0.2 1.2 4.2 0.2 55.4
4 0 0 0 0 0 0 0 0 0
6 0 0 0 0 15 0 0 0 0
0 17 0 0 4 0 0 0 0 0
0 7.6 0 0.4 0 0 0.4 0 0 4.6
0 13.6 0 0 7.2 0 0 0 0 2.2
2 0 0 0 1.8 0 0 2.2 0 0
5 0 0 16.6 0.4 0 11.6 0 0 0.4
0 0 1.2 0 4.8 0 0 0 0.6 13.4
14.6 17.2 0 0 0.6 0 0 0 0 8.6
0 0 6.8 12 14.8 0.2 0 17.4 9.8 0
0 9.2 0 3.2 0.2 41.6 0 1.6 25.4 36.8
0 3 0 0 0 0 0 0 0 0
0 0 0 0 4 0 0 0 0 0
10 0 0 0 0 0 0 0 0 0
2.8 0 0.6 6.6 28.8 15.4 9.2 21.8 19.2 32.6
4.8 0 25.2 24.2 48.8 0.2 1.6 14.4 0.4 10.4
3.2 2 0 5.8 33 6.8 0.4 0 0.8 10
3.2 0.2 0 0 0.2 0 12.6 0 5 3.8
0 7.4 0 8 0 0 1.6 5 0 0
0 0 0 38.4 0 0 0 0 0 1.6
4 0 0 0 0 0 0 0 0 0
3 0 0 33 25.2 0 10.8 41.8 4 0.2
0 0 0 0 0 11 0 0 0 0
0 28.2 9.4 14.6 43.4 0 7.8 5.6 15 0
12 17.2 0 0 1 1.6 5 0 0 0.2
0 0 19.6 48.8 21.2 0 11.8 6.4 17.6 6.6
13 0 0 0 0 0 6.8 0 0 0.2
0.2 1.8 0 9.4 18.4 6.6 0 0.2 3 11.4
16.4 0 0.2 29.4 0 0.6 10.4 4 0 0
34.4 3.6 17 0 0 23.2 0 22.2 37.6 22
0 12.6 25.6 0 0 5.4 0.4 0.6 25.4 11
0 0 0 0 24.2 6.2 2.6 0 0 0
0 0 0 0 0 11 0 0 0 0
14.4 11 0 0 33 0 1.6 0 1.2 8.8
0 0 20.2 33.6 17.4 0 0.2 0.2 0 10.4
4 18.6 30.4 0 0 6.4 0 6 40.6 10
0 0 0 0 0 2 0 0 0 0
2.8 0.6 1.2 18.8 0 8.4 0 0.4 0 2.8
0 0 20.8 8 0 1.2 17 0 0 0
0 0 0 0 0 11 0 0 0 0
7 0 0 0 0 0 0 0 0 0
1.2 5.6 27.2 0.4 20.4 0 1.8 31.2 39.2 18
0 8.8 0 63.6 0 14.8 5.4 35.6 0 29.8
0 0 11 15.6 21.4 0 0 13.6 20.2 1.2
11 0 0 0 0 0 0 0 0 0
5.2 0 4.6 24.8 23.8 0 30.2 17.2 0 0.2
8 0 0 0 0 0 0 0 0 0
0 0 0.4 1 0 0.6 8.4 0 0.2 10.4
0 0.2 5 0 0.2 0 0.2 0 6.8 13.6
12.6 0 0 0 0 8.4 8 0 0 0
23.8 0 0 0 0 0 0.2 0 0 0
0.8 0 0 5.2 11.8 0 0.2 0 0 0
26.6 0 23.8 14.4 0 52 0.6 19 33.8 23.8
0 17.2 11.2 8.8 9 18.2 0.2 8 48.6 30.8
5 0 0 0 0 0 0 0 0 0
0 0 0.4 0 11.4 0 2.6 3.6 0 0
0 0 0 0.2 1.4 0 12.2 12.2 0 0
5.8 0.8 6.4 0 1.8 0 0 4.6 0.2 9.4
4.6 21.8 0.2 0 0 7.8 0 0 0 6.6
18.8 0 0 0 0.4 15.8 0 0 0 0
9.8 0 6.2 0 0 0 16 0 0 0
17.6 7 0 0.2 16.6 0.2 0 3.8 25.8 3.8
0 0.2 4.4 31.6 0 0 3.8 0 0 0
13.4 0 0 0 0 0 0.6 0 0 0
33 0 0 0 0 0 0 0 0 0
0.2 27.4 20.8 31.8 0 9.6 0.2 41.2 22.4 39.4
0.4 0 0.2 2.2 1.8 11 4.4 0 0 0
5.8 0 0 0 0 1.2 1 0 0 0
0 3.8 0.2 0 0 15 0 0 0 0
2 1.6 0 3.4 0 0 19 0 0 0
0 0 0 0 0 26 0 0 0 0
11.6 23.2 23.2 0 49 19.6 0 0 47.8 27.6
4.8 5.8 14.2 5.6 0.2 3.6 0 12.8 11.2 9.8
0 0 24.4 12.2 2.2 0 15.6 18.2 28.8 13.6
0 0 0 0 0 19 0 0 0 0
0 0.2 0 0 0 0.2 8.6 0 0 0
20.4 0 0 0 0 0 0 9.6 0 0
11 0 0 0 0 0 0 0 0 0
1 23.6 2.6 0 0 0 6.2 5.4 32.2 4
12.2 0 0 0 2 0 0.8 0 0 0
24 0 0 0 0 0 0 0 0 0
11.6 4.2 0.4 0 10 13.2 10.4 0.2 0 0
12 0 0 0 0 0 0 0 0 0
0 2.2 0 0 23.8 45 16 12.8 13.2 0
13.6 0 0 0 0.2 0 0 0.2 0 0
0 6.4 0 0 0 0.4 14.2 15 0 0
30 2.6 45.2 74 0.2 51.6 11.8 32.8 50.2 54.6
49 0 0 0 0 0 0 0 0 0
0 0 21.8 35.2 18.6 16.4 6.4 3.8 9 1.8
8 1.6 15.6 1 1.2 12.8 0 0 43 0.8
6 0 20.4 24.2 0.2 16.6 0.2 15.4 0 23
0 0.2 15.6 0 4.2 27 11.8 15.2 22.6 27.4
0 10.6 0 19.6 9 7.4 21.4 21 24.4 3.6
0 0.4 36.4 0.2 13.6 45.4 0 0 21 49
0 0 0 26.2 37.8 10 9 10 0 8
11.6 14.8 0 0 2 16.4 0 0 0 2.2
12 11 0 0 0.2 1 16.8 0 0 0
12 0 0 0 0 0 0 0 2 0
9 0 0 0 0 0 0 0 0 5
21.4 0 0.4 0 0 28 29.2 0 0 0
34.2 0 0 5.8 0 12.2 5.8 0 0 0
0 0 0.2 4.6 21.2 2.2 0 0 0 0.8
0.2 20.6 5.6 5 0 0 0 0 9.6 0
0.2 0 0 0 0 4 8.8 0 0 0
0 0 20.2 0 52.4 5.8 15.6 0 0 1
0 0 0 9.8 7.8 0 0 0.2 0 7.2
9.8 5.4 3.2 0 0 0 2.6 0 0 0
0 0 11 0 0 0 0 0 0 0
0 26.2 30 0 0 16 0 0.2 67.6 36
0 0 0 0 0 0.2 16 2.8 0 0
7.2 0 14.4 95.2 68 37.2 4.4 12.8 0 24.8
3 0 0 0 0 0 0 0 0 0
8.8 0 6.8 0 0 1.2 0 7.2 24.6 3.4
0 0 5.8 0 0 1.8 0 4.2 4.2 0
2.8 0.4 9.6 0 7.4 0 0 5.4 0 11.4
0 6.8 10 16 38.2 10.8 5.6 9 0 22.6
0 1 0 0.2 28.4 0 0.4 0 0 13
2.2 0 18.6 24.8 0 5.6 0 17.8 0 0
16 0 0 0 0 0 0 0 0 0
0 0 1.2 3 0 2.6 14.2 0 0 0
0 0 25.6 0.2 0.4 16 0 0 34.8 0
20.8 0 0 0 0 0 0.2 0 0 0
44 0 0 0 0 31.4 41.6 0 0 0
7 14.6 0.4 0 0 9.8 14.8 15.6 59.4 24.4
15.8 0 40.4 22 18.8 0 0 0 0 0
77.8 0 0 0 0 0 0 0.2 0 0
0 0 1 0 2 7.4 0.6 0 0 0
0.2 0 0 0 13.4 2.4 16.8 0 0 0.2
0 0.2 0 6.2 14.6 0 3 0 0 0
0 22.4 16 0 33.8 12.8 0 3.6 0 0.4
7.6 1.6 7.4 2.2 0 9.8 0.2 0 0 0.2
0 7.4 26.8 26 14.4 5 0 7 43.6 6.8
1 0 1.4 15.4 0 0 7.8 14.2 30 4.2
0 12 37.8 0 1.6 0 0.4 14.6 59.8 21.8
0 5 0.4 29 31 0 18.2 0 0.4 9
8 0 18.4 19.8 22.8 0.2 0.2 10.6 0 0
0.2 0 18.8 9.8 3.2 30.2 22 7.8 2.4 30.6
0 13 0 0 0 21.2 4.8 0 0 0
25 0 0 0 0 0 0 0 0 0
0 0 0 30.2 42.6 4 31.4 19.4 8.6 14.8
6.2 14.4 19.4 18.4 0 36.4 0.2 1.4 17.2 37.4
12.4 0.2 33.8 3.6 0 12 0 13.8 11.8 1.4
8.4 0.2 36.8 58 36.2 7.4 0 0 28.2 19.8
16.6 6.4 0 0 0 16 0 0 0 0
0 4 11.8 7.8 25.6 0 0 12.6 3.2 0
12 0 0 0 0 0 0 0 0 0
15 0 0 0 0 0 0 0 0 0
13 0 0 0 0 0 0 0 0 0
12.8 0 0 0 10.2 1 0 0 0 0
0 0.4 0 0 0 12.4 0 0 0.2 0
11.2 0 13.4 14.8 48.8 0 0 35.2 9.6 19
16.8 0 0 0 0 0.2 0 0 0 0
0 0 0.2 0 0 0 0 0 3.2 6.6
3 0 0 0 0 3 0 0 0 0
0 0 0 0 0 14.2 11.8 0 0 0
44.8 0.2 0 0 0 0 0 0 0 0
11.6 1.2 0 0 0 0 0 0 0.2 0
2.4 17.8 9.2 0 3 0 0.4 0 24.2 22
0 0.2 0 19.2 24.6 0 0 0 0 0
6.8 0 20.2 3.6 0.2 10.8 6.6 18.8 5 0
0.4 15.8 0 26 29 11.6 12.8 47.2 32.2 44
0 0 0 0 0 5.4 16.6 0 0 0
13 3.6 0 0 0 0.6 16.8 0 0 0
0 0 0 13.6 85.6 0 0 20.8 0 0
3.6 0 0 0 0.2 2.4 0.2 0 3 9.6
24 0 0 0 0 0 0 0 0 0
2 0 2.4 0 5.8 0.8 10.2 0 0 9.8
16 0 0 0 0 0 0 0 0 0
21.4 9.6 19.6 26 0 25.6 19.8 0.8 55 52.2
0.4 1 2 12.2 11.6 17.8 13.6 0 12.6 52.8
10 23 0 0 0 35.4 0.4 0 0 0.2
0 0 0.2 47.4 36.4 0 20.4 53.2 0 13.4
3 0 38 13 0.2 0.2 0 11.6 7.2 32.8
29.2 0.4 17.2 63 56.2 6.6 34.8 57.8 13.4 33.4
0 0 0 0 35.6 0 3 0 0 9.4
0.4 0 7.6 0 8.8 0 21.2 0 0 0
12.6 0 0 0 0 30.2 21.2 0 0 0
0 0 50.6 19.8 0.2 6.2 0 0 15.6 10.6
7 11.4 20.8 0 15.4 4 0 0 11.4 0
0 1.4 0 0 53.4 0 17.8 35.8 21.8 6.8
14.8 0 0.2 0 0 0 0 0 0 0
5.6 0.2 10 10.8 0 1.6 0 0 60.6 32.2
7 18.4 3 0 0 0 2.6 0 0 0
12 0 0 0 0 0 0 0 0 0
14 10 0 6.6 15.2 36.8 0.2 0.2 21.8 0.2
0 0 0 0 0.2 12.8 0 0 0 0
7.8 0.2 3.6 0 0 18.8 0.6 0 0 0
0.8 12.4 5.6 0.6 0 48 0 31.8 73.2 73.6
3.8 4.8 0 0 0 39.4 6 0 0 0
0 2.8 0 27.8 25 0.4 0.4 9.2 0.4 0
0 3.6 18.6 4.6 0 19.8 0.6 0.4 0.4 38
8.8 0 0.2 4 6 0 21.8 0 0 0.2
17.4 0 0 4.8 21.6 0.2 0 3 0 0
23.6 0 0 0.6 12.6 3.4 8 0.6 1.2 0
0 0 0 0 0 0 11 0 0 0
0 0 0 8.2 25.2 0 0 0 0 24.6
0 21.4 0 9 0 14 11 0 0 3.6
0 29 1.8 42.4 41.2 0 26 55.6 39 5
0 0 0.2 0 43.8 5 0.6 0.6 0.2 15.6
0 0 0 0 0 13 0 0 0 0
9.8 0 0.2 0 0 26 0 0 0 0
0 0 0 10.4 7.4 0 0.2 21 0 0
2 0 12.8 4.6 24.4 13.8 0 32.2 12.2 10
3.6 2 0 42 47 0 17.4 6.8 0.2 0
0 0 0 25 37.6 0 6.8 7.6 0 0
0 0 0 0 0 15.6 25.4 0 0 0
11 0 0 0 0 0 0 0 0 0
0 0 0 0 23 0 0 0 0 0
0.2 0 0 0 0 0 14.8 0 0 0
0.2 0 0 0.2 13.4 0 2.8 0.6 0 4.8
25.8 0 0 0 0 0 8 4.2 0 0
0 0 0 0 13.2 1 0 0 4.8 0
2.2 0 8.6 0 0 14.2 0 0 0 0
0 0 48.8 9 0.6 20.6 0 0 58.8 44.2
6.6 0.4 0 0 0 7.6 3.4 0 0 0
0 2.4 28.8 0 1.8 0 0.2 8.8 1.2 0.8
12.6 6.6 0 0 0 39.6 0 0 0.2 0
0 5.8 0 0.2 0 0.2 20.8 0 0 0
9.6 0.2 0 0 0 26.6 7.4 0.2 0 0
0 0 0 17.6 0 0 0 6.4 0 0
0 4.4 0 0 0 0 6.6 0 12 5
0 0.2 0 0 20 0 0 35.8 0 0
0 19 7.8 0 0.2 0 0 1.2 69.8 28
71 7 0 0 0 0 0 3 0 0
4.4 14.8 36.8 0 0.8 8 4 8.6 48.6 33
33 0 0 0 0 0 0 0 0 0
0 3.6 0 0 0 4.6 25.8 0 0 0
0.2 0 0.2 6.4 21.6 3.8 16.6 20.8 0 1.4
34 45.8 0.2 6.2 74 7.6 56.4 36.4 0 58.4
0.2 0 12.8 0 0 42.4 0 8.8 4.6 52.2
3 0 0 0 6.8 1.4 13.6 0 0 0.2
4.8 16.8 0 0 0 37.8 26.6 0 0 0
3.8 0.4 0 0 0 12.8 0 0 0 0
8.8 0 0 0 0 28.2 0 0 0 0
13 0 0 0 0 0 0 0 0 0
4 7.8 0 0 0 7.6 0.6 0 0 0
0 0 2.2 0 0.4 0 0 0 59.2 0.2
0 18.4 36.6 0 41.8 7 0.6 1.6 0 0
22.6 0 0 0 0 14.4 0 0 0 0
11.4 0 9.8 0 0 0.8 0 2.8 0.2 12
0 11.8 0 0.4 0 0.6 0.2 0 0 4
7.8 0 7 0 0 10.6 12.2 6.8 0.2 22.4
0 42.2 49.4 5.8 26.2 45.8 0 16.8 23 16.8
3 0 0 17.8 0 0 6.8 4.4 0 0
15 0 0 42.6 26.6 3.4 0.6 25.6 0 21.2
7 0 0.2 0 0.2 0.6 0 0 0 0
5 0 10.6 11 20.8 0.2 6.8 0.6 0.2 32.8
43 0 0 0 0 0 0 0 0 0
3 0 0 0 0 12 0 0 0 0
4 0 0 9.2 13.2 5 6 0 5 2.6
0 0 0 0 0 0 7 0 0 0
8.4 0 0.4 0 58.2 0 0 27 0 0
43.6 0.2 0 0 0 0 0.2 0 0 0
2.2 23.6 0 18 16.2 0 0 0 0 7
0 11 16.8 5.6 0 29.6 0 6.4 26.4 74.2
7.2 0.4 0 0 0 9.8 0 0 39.4 0.2
0 21.2 40.2 0 0 22.4 0 6 11.2 0
3.6 11.8 54.2 0 0 0.4 3.8 1 47.8 15.4
0.2 0 50.8 31.8 4 23.8 9.6 11 55.6 24.2
0.2 0 21.4 6.8 0.2 0 0 0 0.4 0
23 23.8 0 0 0 52 40.2 0 0 0
1.4 1.4 24.6 12.4 42.2 11.2 0.8 0 0 0
13 0 0 0 0 0 0 0 0 0
11 2.8 0 5.8 42 14.8 0 15 45.2 25.4
44 0 0 0 0 0 0 2 0 0
22 0 8.4 0.2 41.2 0.4 21.6 0.6 5.2 45.4
0.2 9.4 3.4 0 3 69.2 0 4 4.4 29.4
9.8 0.2 0 0 0 0 0 0 0 0
0 0 54 0 0 7.8 0 0 17.2 34
2.2 0 0 5.6 0 5.2 0 2.4 0.2 13.4
17.6 12.6 2.4 0 0 58.8 33.6 0 0 0
17.2 0.2 0 0 0 8.4 0.2 0 0 0
0 0 0 0.2 0 5.8 20 0 0 0
0 0 0 0 0 58.8 22.2 0 0 0
0 0 25.4 0.6 1 2.6 0 0 17.4 1
0.4 0 9.6 47 15 2 0 49.6 3.4 0
34.4 11.8 0 0 34.4 0 0 26.8 27 0.6
8 0 0 13.8 28.8 0 0 7.2 0 0.2
0 0 97.6 0 0 33.4 0 23.2 92.8 30
0 38 0.2 42 54.2 9.4 0.2 0 43.8 35.2
5.4 23.8 0 0 0 9.8 0.8 0 0.2 0
8.8 0 0.2 23.8 78 0 0 52.4 0.2 0.6
20 0 0 0 0 0 0 0 0 0
0 0 23.4 0 0.6 18.4 0 0 15.6 19
0 47 29.6 1.4 34.4 32.8 9.4 0 94.4 0
0 10.6 0 0 0 28.4 0 0 0 0
3.8 16.2 57.2 59.8 0 9.4 5.6 0 57.2 40.8
4 0 0 0 0 0 6 0 0 0
20 0 1.4 0 0 3.6 0.2 0 3.8 0
16.4 2.8 5.4 18.2 38.6 18.8 8.2 12.8 75 24.8
11 9.8 26.8 0 9.8 30.2 10.6 16.6 0 23.2
67.4 43 18 21.2 76.4 14.4 85 90.4 40.2 92
14 0 0 0 0 0 0 0 0 0
8.8 0.2 0 0 0 18.8 0 0 0 0.2
0 0 0 0 4.2 7 14.6 17.2 0 4
5.2 0 22.6 64 15 0 0 7 36.2 52
9.4 3.4 36.4 18 10.6 0.4 0 1 44.2 5.6
10.2 8.2 44.4 2.4 58.6 6 0.2 11.8 0.2 0
0 0 0 0.4 0 7.2 26.4 0 0 0
12.6 16 0 0 45.4 56.6 33.4 0 0 13
2.2 0.4 0 16 70.6 0.2 32 39.6 3.4 19.6
0 0.8 49.6 0 49.2 41.4 0.6 0 7 22.4
1.2 5.2 1 94.2 109 43.8 16.4 29.6 3.6 0
6.8 0 0 3 22.8 0 0 2.4 0 20
28.2 0 0 0 0 4 7.8 5 0 0
7.2 0 0 27.4 34.6 0 33.6 4.8 0.4 0
0 0 6.2 29 17.6 0 0 7.2 0 0
0 11.2 23.4 0 0 0 0 0 66.2 15.2
5.4 0.2 0 0 0 6.6 22.8 0 0 0
31 0 0 0 9 0 0 0 0 0
9.2 5.4 0.2 0 0 50.2 0 0 0 0
16.2 0 0 0 0 0 7 10.8 0 5
35.6 0 0 0.4 19.4 11.6 1.4 0 0.2 0.4
26.6 0 6.8 0 0 16.2 13.4 0 0 0
0 0 0 0 0 23.4 12.4 0 0 0.2
9 5.4 17.4 0 8.2 0 0 0.4 10 16.6
0 0.2 0 0 0 0 15.4 0 0 8.4
29 3 0 0 0 0 0 0 0 0
20.2 86 51.6 0 37.2 31.8 0 24 123.8 23.4
52.2 0 0 1.6 0.6 3.4 0 0 0 13.2
0 0 29.6 0.2 9 27.6 0 8.6 22.4 11.6
7 0 0 0 0 0 0 0 0 0
0 0 6.4 10.2 51.2 0 0 14.6 0 3.6
20 0 0 0 0 0 0 0 0 0
34 0 0 0 0 0 0 0 0 0
5.8 6 0 0 0 25 13.2 0 0 0
0 7.8 37 0 0 0 0 4.8 40.4 41
0 1 0 20.8 0.8 0 0 3 0 7.4
7.8 4.2 0 15 1 23 0 0 1 0
8.2 3.6 0 26.4 33.2 22.8 0 2.4 16.2 70.2
0 0 0 99.4 36.4 7 0 2.2 9.6 40.4
29 0 0 0 0 0 0 0 0 0
28 0 0 12.8 0.2 0 10 0 0 0
22.6 32 0 0 0 64.6 0.8 0 0 0
0 0 44 40.6 26.6 7.2 0 8.6 0 0
17 36.4 11.4 7.4 0 38.4 41.4 0 0 0
0 0 9 0 12.2 0 0 0 0 11.8
29.8 0 0 0 0 0 6.2 0 0 0
18.6 0 0 0 0 0 5.4 0 15 0
0 3 1.4 0 0 59.4 0.2 0 0 0
14.4 0 0.2 41.6 39 0 3.6 0 1.2 0
0 0 59.6 0.2 0 4.2 0 2.2 66.8 23
8.4 0 0 0 0 33.4 0.2 0 0 0
24 0 0 53.4 12.4 0 69.4 68.4 15 23.4
9.8 0 0 0 0 70.8 24.4 0 0 0
0 28 5.4 0 19 5 0.4 0 72.6 36.6
31.2 0 18.8 15.4 38.4 2 0 0.2 0 0
20.6 8 28.4 1.4 41.8 0 33.4 98.4 18.4 47.6
0 0 73.6 7.4 0 0 0 43.8 56.2 38
43 0 0 0 0 0 0 0 0 0
0 12 0 0 0 39 0 0 0 0
0 11.6 25.8 0.2 2.6 18.6 0 10.8 55.6 37.8
0 0 92.6 133.6 25.4 12.2 0 21.2 11.8 46.2
56.4 12.2 4.4 0 0 51.8 0 0.2 0 0
9.2 0 0 0 0 44.8 0 0 0 0
1 0 0 0 0 14 6.4 0 0 48.6
35.8 0.2 0 0 0 0 0 0 0 0
64.2 19.4 31.8 5 0 12.8 0 14.6 0.6 59.6
6 0 0 0 0 27.8 0.2 0 0 0
7.2 0 10.2 0 7.6 0 0 0 0 0
73 0 0 0 0 0 0 0 0 0
13.4 0 0 0 0 0 23.6 0 0 0
6.8 6.8 0 0 0 14.2 0 0 0.2 0
0.6 56 39.4 25 25.6 42.6 0 0.6 139.2 59
0.6 0 0 0 0 27.2 17 0 0.2 0
31 0 0 0 0 0 0 0 0 0
12.8 0 0 0 0 17.6 27.6 0 0 0
0 1 23.8 60.8 10 0 7.6 13.8 0 0
21.8 0 0 0 0 0 0.2 0 0 0
4.2 4.2 0 0 0 33 81.8 0.8 0 0
0 0 16.4 38 5 11.2 0 0 0 5.4
0 0 0 0 0 19.8 49.2 0 0 0
7.2 5 0 2 0.2 4.6 15 0 0 0
0 0.2 0 0 50 0 1.8 0 0 0
0 12.2 30.2 11.2 53.4 0.6 0 0 45.6 45.8
21 0 3.8 5.8 27.2 0 0 0 0 0.2
28 0 0 0 0 0 0 0 0 0
0 8.6 30 11.8 28.4 20.4 0 0 27.6 33.2
0 0 0.2 0 0.6 6.2 26 0 0 0
30.4 0 0 0 0 0 11.6 0 0 0
12.4 0 0.2 0 28 0 6.4 0 0 0
0.2 0 9.6 3.8 42.2 2 2.2 0.4 0 0.6
0 0 17.2 0 15 0.4 0.4 0.2 44.6 0.2
37.2 10.2 52.4 105.8 110.6 0.4 46.8 63.2 0.6 60.8
10 0 0.8 16.4 87.6 0.2 8 9.2 0 11.8
0 14.2 79 71.6 0 58.8 0 1.6 90 70.8
41 0 0 0 0 0 0 0 0 0
24 3.6 80.8 19.8 3.2 0 0 59.8 44.8 23
81 0 0 1 0 0 0 0 0 0
15.2 0 0.2 38.8 37.4 0 0.4 0 0 0
7.6 0 0 0 0 39.4 4 0 0 0
42 0 0 0 0 0 0 0 0 0
0 3.2 40.6 0 4.6 32 0 8.2 26.6 10.8
29.8 6.2 17.2 0 39.4 24.8 0.8 0 89.8 18
58.2 62.6 18.4 97 84.8 35.2 39 45 76.2 27.6
8.6 0 0 0 0 51.4 0 0 0 0
9.8 2.4 15.8 0 0 0 0 1.2 13.6 4.2
6 11.2 5.4 4 0 43.6 0.2 0 1.6 0
7.8 0 0 0 0 4 9.4 9.6 0 0.2
0 0.2 20 19.2 47.4 0 20.8 45.2 10 19.2
0 1 49.4 0 11 72.2 15 0 4.8 30.6
0 0.4 0 0 6.2 0.2 17.8 9.4 0 0
0 4.4 41.6 77.6 32.6 0 0 3 19.2 36.6
5 0 0 24 9 0 8 6 0 0
15.8 0 0 0 0 40.8 11.4 4 0 0
0 0 0 0 0 28.8 2.2 0 0 0
27.6 3.8 0 0 0 18.4 42.2 0 0 0
14.6 0 0.2 0 12 15.2 18.2 10 0 21.8
29 0 0 0 0 0 0 0 0 0
1.2 19.8 0 12.6 71.2 1.2 22.2 54 34.8 0
0 22 20.8 27 20 3.2 0 0 74.2 30.8
35 0 0 0 0 0 0 0 0 0
3 35.4 0 24.6 51.4 9.2 0 0 0 1.4
0 10.6 15.4 8.8 0.6 0 0 4.6 0 0
0 6 0 0 11.2 0 4 0 23.6 40.2
3.6 8.2 24 0 0 17.2 0 2 0 0
9 0 0 35 15.4 0.2 0 0 0 18.4
12 0 0.8 0.4 41.8 0 0 0 0 13
104 27.6 5.4 2.4 5.4 39.6 37 5.6 0 0
58 0 0 0 0 0 0 0 0 0
54.8 0 0.2 0 0 0 0 0 0 0
5.2 0 0.6 0 21 0.2 0 0 0 0
0 0 66.6 0 0.6 32.6 10.6 11 17.8 36.8
81.8 0.2 0 0 0 0 0 0 0 0
13.6 26.2 0.4 87.2 23 33.4 0 0 78.8 72.4
0 0 0 0 0.2 19.4 32.4 0 0 0
0.8 69.4 64.2 0 8 50.8 0.2 25.4 72.4 24.8
27 0 0 0 0 6.8 8 0 0 0.2
0 10.2 0.4 0.2 0 45.4 16.8 0 0 0
0 27.6 0 0 0 38.4 1 0 0 0
2.2 0 6.6 0 0 0 31.2 0 0 0
0 9.4 45 0.2 48.6 0 11 0 47.6 38.2
36.4 23 93 53.4 39 49.2 0 76 124.6 46.4
13.4 2.6 0 0 0 11 0 0 0 0
0 14.4 112.6 37.6 0 18 14 35.4 59.2 21.8
25.4 0 0 6.4 16.2 0 0 0 0 0
18.4 0 0 0 0.2 29.2 0 0 0 5.2
38 0 0 0 0 0 0 0 0 0
38.4 55.8 0 10.2 0 0 0 0 0 9.6
41 0 0 0 0 0 0 0 0 0
0 42.4 67.2 68 32.6 59 6.2 36.4 120 57.2
16.8 56.4 59.6 26.4 31.2 38 9.2 65.4 46.8 0.2
0 21 37.8 0 56.8 0 11.8 22.4 8.8 26.4
0 4 143.4 56 0 0.2 0 0 96.2 10.2
46 0 0 0 0 0 0 0 0 0
24 0 0 0 0 0 0 0 0 0
58 0 0 0 0 0 0 0 0 0
43 0 0 0 0 0 0 0 0 0
37.8 0 0 0 0 0.2 0 0 0 0
22.8 0.2 0 0 0 0 0 0 0 0
0 27.2 0 0 4.2 0 0 0 0 6.6
0 0 113.2 61 33.8 0 0 25.4 8 42.6
37 0 0 0 0 0 0 0 0 0
12.6 14.2 0 0 0 14.8 0 0 5.4 0
24.8 0 0 0 0 0 0.2 0 0 0
38.6 1 0.2 0 3.8 4.8 13.2 3.2 0 1.2
28 0 0 0 0 0 0 0 0 0
0 0 23 0 50 42.2 0 2.2 0.4 13.2
11.4 0 13.2 0 0 9.2 4.2 0 8 0
0.4 0 28.8 15.8 53.6 8.8 15 30.6 40.2 135.8
37 0 0 0 0 0 0 0 0 0
12 37.4 0 4.6 9.8 86 27.8 0 19.4 1
23.4 0 45.8 0 0 0 0.2 0 130 6.6
24 0 0 0 0 0 0 0 0 0
43 0 0 9.8 0 0 14.6 68.8 0 7.8
0 0 0 4.2 0 3.4 30.8 39.4 0 0.2
0 4.4 52.6 39.6 36 14.8 0 0 43.4 0
46.2 7.2 0 0 39.4 0.2 30.8 0.4 0 0.8
29 0 0.2 0 0 1.8 0 0 0 0
0.8 83 11.4 52 80.2 1 0.2 43.6 58.6 35.2
28.2 0 0 0 0 23.2 25.6 0 0 0
11.8 0 0 29.2 48.2 18.2 0 0 0 57.6
2.4 0 1.6 11 68.8 0 0.2 2 0 0
2.4 0 0 0 0 26 25.6 0 0 0
7 2.4 16.6 0 64 7.2 34.4 0 12.4 0
7.6 0.2 0 0 0 19.8 47.4 0 0 0
18.2 0 0 114.2 100.4 11.8 16.2 62 0.2 16.8
45.8 0.2 0 0 0 0 0 0 0 0
29 2 0 0 0 0 0 0 0 0
0.4 48.2 46.6 25.6 31 0 0 0.4 38.2 54.6
11 12.4 16.4 6.2 41.6 10.4 8 9.4 0.4 12.2
54 0 0 0 0 0 1 0 0 0
5.2 6 98.2 179.6 47 0 0 73.8 205.6 93.6
10.4 18.4 38 21 49.4 23.8 8.6 18.6 0 24.8
0 3.6 65 60.4 67 7 0.2 43 0.8 5
0 2.8 13.2 0.2 0 15.2 0 0 7.4 9.2
0 0 102 20.2 0.4 0 0 0.2 0.2 0
68.2 46.6 17.6 0.2 0.6 79.8 0 14.2 14.2 37.6
3 20.6 6.4 0.2 0 35.8 10 0 0 0
70.6 0 0 0 0 0.2 0.2 0 0 0
0 29.6 0.8 43.6 109.4 68.2 62.4 12 0 0
0 0 0 0 18.8 0 0 10.2 0 0
35 0 0 0 0 0 0 0 0 0
22.4 0 0 0 0 0 31.6 0 0 0
18.6 0.8 0 0 0 0 5.6 0 0 0
0 20.2 0 0 0 28.4 15.8 11.6 0 0
54.8 4 0 7 5.6 1.6 8.8 15.2 0 10
0 0 0 0 0 0.2 24.6 43.4 0 2.8
0 45 0.8 41.4 126.2 56.2 1.4 4.8 19.4 13.8
177.2 0 0 0.8 0 0 0 0 0 0
6.6 12.8 91.2 0 97.4 33.8 15.6 27.6 138.6 54.4
10 11.6 0 0 19.4 24.6 0.2 0 1.2 0
17.8 0 0 0 0 0 0.2 0 0 0
3.4 1 3.4 24.8 103.2 13.6 30 0 10.6 0
0 45.2 52.6 17.8 92 0 13.8 0 51.6 33
8.4 5.8 0.2 0 0 20.6 18 0 0 0
14.6 2.6 0.8 61 89.2 12.2 13.8 58.2 75.2 59.4
82 5.8 0 0.2 20.8 10 7.6 17 54.6 0
25.6 10.6 0 0 0 61.8 0 0 0 0
18.8 0 0 0 0 0.2 0 0 0 0
7.8 0 0 1.2 7.2 0 30.6 0.2 0 0
24.6 0.2 6.4 28.2 90.6 0 0 27.8 0 0.2
0 0 0 0 22.2 0 7.8 0 0 0
32.4 0 0.2 0 0.4 1.8 18 53.6 9.8 31.8
0 0 46 48 24.8 0.2 17.4 36.2 0 12.4
0 0 0 0 0 46 0 0 0 0
57 51.2 54.8 0.4 1.4 97.6 16.6 31 177.2 64.8
0 11.4 68.4 70 48.4 66.4 0.4 0 81.2 69.8
0 0.2 104 33 16.2 46.2 0.2 0.2 11.6 20.4
58.8 15.6 0 32.8 74.8 5.2 55.6 83.2 80.8 34.2
7.6 0 0 0 5.4 0 34 29.8 0 0
0 0.2 97.4 0 0 9.4 0 14.2 17.6 21.2
0 34.6 15.4 0 44.4 15.6 18.4 40.2 106 64.4
0 55 106 6.8 0 48.4 0 0.6 27.4 40.8
3 0 0 7.4 0.8 6 11.4 5.2 0 11.2
8.8 79.8 22.2 31 107.2 16.4 35.4 75.4 105.8 64
6.2 0 24.2 48.2 71.6 0 1.4 0.2 15.8 20.4
0.2 0 0 0 0 78.8 13 0 0 0
0.6 0 63.8 67.2 37.6 27.2 3 6.2 67.6 48.8
0 24.4 0 0 1.8 35.8 0 0.6 14.6 14.8
116.6 19.6 4.4 10.2 27.4 48.2 98 60.6 0 0
0.4 0 0 0 0 8 15.6 0 0 0
17.2 23.8 30.2 34.4 82 42.4 0 45.4 106.6 91
0 23.6 113.8 41.6 49 0.8 0.2 0 72.6 10.4
35 0 0 0 0 0 0 0 0 0
0 0 57.6 12.2 40 28.8 0 21.8 14 41.6
0.2 2 0 10.8 23 16.2 10.8 0 0 0
0 7 56.4 16 0 31.4 0.4 0.6 45.6 32.6
20.4 5.8 0 0.8 30.8 7.2 3 0 0 0
5.8 19.2 0 0.8 102.8 24 17.4 7.4 0.2 5.4
3.8 0 0.2 3 0 15.6 0 27.4 0 8
22 0 0 0 0 19 15 0 0 0
3.2 0.6 0 0 0 28.8 34 0.4 0 0
3.2 23.8 12.6 0.2 0 85.4 17.4 38 0 23.4
0 4.6 0.8 33.8 58.6 10.8 0 0.4 0 0
16 0 0 7 0.2 0 27.6 17.2 0 0
7.2 3.2 0 4 8.8 29.6 18.2 0 0 0
4.6 0.2 47.8 32.2 40.6 0 0.4 1.8 11.2 1.2
0 0 15.4 29.6 47 0 5 0 0 0
11.2 5.8 28.8 10 108.6 0 16.6 0 4 1
0 0 0 7.4 0 0 0 27.6 0 0
36 0 0 0 0 0 0 0 0 0
0 3 0 1.6 71.4 26.4 29.8 69 62.8 72
0 0 0 0 0.4 11.2 16 0 0 0.4
0.4 0 0 47 25.2 0 10.4 63 0 0
46.4 42.4 19.6 0 0 63.2 50 30.6 11.2 24.6
36.6 0.2 0 0 0 0 0.2 0 0 0
1.2 0 54 0 0.2 47.4 0.2 0.4 18 18.6
0 8.6 72 0 0 9.2 0 10.2 54.6 22.4
17.2 18.6 6.2 0 0.4 68.4 0 0 0.2 0
0.2 0 28 16.2 22 10 26.8 12.8 14 0
20 17.4 0 0 0 0 0 0 0 0.6
23 0 0 0 0 0 0 0 0 0
2.2 13.4 38.6 0 0.2 30.8 0 11.4 18.8 11.6
18 0 0 0 20 0 5 0 0 0
1.4 0.6 0 14.2 50.6 0.2 0 0 0 0
4.4 0 0 0 1.4 21.4 0.6 0.2 3.4 3.6
31.2 0 0 0 0 17.6 29.2 0 0 0
0 2.2 0 99 99.8 14.4 0.6 26.2 22.4 30.4
0 0 11.8 0.2 34.2 4.4 11.4 9.2 43 27.8
1.8 0.2 38.4 27.4 58.4 0.6 9.6 16.8 48.6 21.2
0 0 0 0 0.2 54.4 5.4 0 0 0
17.8 19.4 0 0 0 29.8 87 0 0 0
4.2 0 0 0 0 0 38.8 0 0 0
9.4 12.6 0 0 0 67.6 0.4 0 0 0
20.2 13 0 0 0 29.8 0 0 0 0
31 0 5.2 16.2 47 8.6 4.2 0 0.4 27.4
0 0 0 0 0 20 11 0 0 0
31.8 0 35 44.6 0.2 0.4 0 7.4 0 14.6
0 11.2 0.2 0.2 2.2 23.6 3.8 0 83.4 45.4
