12.8 69 1.6 9.4 12.2 11 2 25.4 0.4 5.2
32.8 0 0 0 0 0 10 0.2 0 0
0 0 0 0 0 0 16 0 0 0
0 4 0 0 0 0 5 0 0 0
0.2 23 21.4 9 0 7 0 3.2 1.2 0
10.2 14.8 0.8 0 47 15.8 1 0 1.4 20
0 20.2 41.6 36.6 74.2 24.8 0 22.4 0.8 7.4
0 4.2 18.8 0 0 0 1 0 0 0
0 0 0 0 0 0 0 5 0 4
0 9.4 0 0 42 0 0.2 6 0 16.4
1.6 8.6 7.8 4.8 22.6 4.2 9 7.2 12.2 0
0 0 0 0 0 31 0 0 0 0
5.8 42.2 57 27.6 52.4 4.2 29.4 37 18.4 9
0 20 0 0 0.6 0 0.2 0 0 8.2
0 0 0 0 0 0 0.2 0 20.8 0
0.2 24.6 7.2 8.4 7.6 24.8 4.8 5.4 5 0
21 0 0 0 0 0 0 0 0 0
1.6 7 0 2.4 62.2 7.4 0 35.8 1.8 15.8
0 0.8 0 0 0 3.2 0 0 0 0
0 0 0 0 0 12.6 0 0 7.4 0
0 10.4 3.6 10.8 11.2 0 0.6 2.6 11.6 2.2
0 18.6 19.4 13 10.8 0.2 0.8 0.2 0 0
0 10.8 6.4 7 22.2 22.8 0 5.6 0 5.2
0 18 0 0 0.2 15.6 0 0 0.2 0
4.4 0 0 0 28 0 0 3.4 0 0.2
7 0 0 0 0 0 1.8 0 28 0.2
0 9.4 0 0 7.4 1 7 0.2 0 0
0 11.8 0 0 0 0 7.2 0 0 0
0 0 4 0 0 0.2 11.4 0 10.4 0
0 0 0 0 8.8 0.2 11 8 0 0
8.8 0 0 0 0 0 1.4 0 2.8 0
0 0 0 0 0 0 11 0 0 0
0 0 0 0 0 0 0 0 0 5
0 0 0 0 0 0 14 0 0 0
0 2.2 12.6 0 0 0 0 0 17.2 0
0 0.2 7.8 19.2 0 17.8 0 0 3 0
0 0 0 0 0 0 11.6 0 1.4 0
0 0 0 0 0 0 24 0 3 0
2 0 0 0 0 23 0 0 0 0
0 0 15.6 0 15 28 0 0 16.4 0
0 0 18.4 2.8 12.6 57.6 17.6 2 11 0
0 11 10 3 12.6 14.6 0 0.8 0 0
0.2 0 0 0 0 0 0 0 24.8 0
3 0 0 0 0 0 0.6 0 0 5.4
0 0 0 0 0 0 9 0 0 0
0 0 0.2 0 18.8 0 1 0 0 0
10.2 23.6 3.8 15.4 0 11.8 0 10.4 6.4 5.4
0.6 0 0 0 0 0 2.4 0 5.8 1.2
0 15 0 0 0.4 10.4 0 0.2 0 0
27.6 6.4 0 0 0 0 0 0 0 1
17.2 4.4 0 0 0.2 0 0 0 0.2 0
6.2 0 0 0 0 0 8 0 6.8 0
0 0 0 0 0 16.8 0 0 0.2 0
0.2 13.8 42 13 0 35.8 1 0 3.2 0
8 0 0 0 3.4 1.2 0 0 15.4 0
0 8 0 6 0.4 48.2 0 16 10.4 0
17.8 22 0 13 80.2 19 0.6 38.2 7.8 14.4
7.8 0 13.8 14.8 72.8 21.4 0 0.2 0 11.2
0.2 0 0 0 0 0 6.8 0 0 0
0.6 14.4 0 0 11.4 34.6 0 13.2 4.8 14
28.6 0 0 0 3 0 3.2 0 0.8 0.4
0.2 29.6 15.4 5.8 8.8 4.6 4.4 0 0.2 0
0.2 0 0 0 0 39 0 16.4 3.4 0
0 0 0 0 0 0 0.8 0 7 0.2
0.8 0 0.2 0.4 0 0 0 0 9.6 0
0.4 0 0 0.2 0 0 0 0 3.4 0
13.2 0.2 0.2 0.2 13.8 0 12.2 0 8.2 0
0 0 7.2 6.4 6.6 45.8 8.8 0 4 0.2
4 0.2 0 0 7.8 0 0 0 0 0
0 16.4 16 0.2 3 15.6 0 13.6 0.2 0
0 15.4 0 0 1 6.6 5.6 0.4 0 0
8 0 0 0 0 0 23 0 0 0
0.2 4.8 3.2 0 0 0 0.8 0 0 0
0.2 14 0 0 0 0 0 11.6 0 10.2
0 0 0.2 0 0 20.8 0 0 1 0
18.8 0 0 0 0 0 8.2 0 0 0
5.4 0 0 0 0 0 0 0 0 16.6
3.8 0 0 0 6.8 0 0 10.2 0 0.2
16 0.2 0 0 0 7 0 0 5.8 0
9.8 14.2 5.8 0 0 35.4 6.4 0 0 2.4
11.2 0 28.6 0 0 6 0 0 14.2 0
14.8 7.6 0 0 0 0 0 9 7.6 0
0 10.8 3 0.4 63.4 50 0.2 19 0.2 11
0 0 0 0 0 0 9 0 0 3
9.6 0.2 16.8 31 0 15.4 0 17.4 14.6 0
0 0 0 0 0 0 17 0 0 0
28.6 0 0 9.8 0 2.2 0 6.4 0.4 6.6
3 8.2 0 0 82.6 50.6 4.6 26.8 0 19.2
0 0 0 0 14.4 19.8 8.8 4 0 0
13.2 52.8 32 13.4 0.2 31.4 1.6 0.2 34.2 0
0 0 0 0 0 0 0 0 3 0
12.8 67.4 10.4 19 13.8 42.6 0 11.8 12.4 8.8
0 0 10.8 15.6 20 51.2 0 4.2 0 2.2
0.2 17.8 0 0 0 0 0 3 0 0
0 8.4 0 0 19.4 4 0 0 0 0.2
0 0 0 0 9.8 0.2 0 0 0 0
0 0 9.8 6.6 0 8.4 0 0 31.2 0
0 0 0 0 0 0 33 0 0 0
12.6 0 0 0 0 0 0 0 25.4 0
0.6 1 11.8 12.6 6.6 9.8 6.6 0 16.8 8.2
0 0 0 0 7.8 0 0 0 6.2 0
17.8 0 0.2 0 0 0 17.4 0 9.8 3.8
0.6 0 2.2 0 11.2 8.6 0 0 0 8.4
0 0 0 0 0 0 9 0 0 0
8 0 0 0 0 0 0 0.2 3.8 0
6.6 31 49.4 20.2 0 25.8 3 0 0 0
0 7.2 18.2 0 0 22.2 12 0 0.4 0
0 0 0 0 0 0 15.8 0 0 0.2
0 0 0 0 0 0 14.8 0 0.2 4
14 0 0 0 0 0 11.4 0 0.6 0
0 4 0 0 9.4 0.6 0 0 0 0
13.2 14.2 3.8 0 11.8 0 0 7 8.6 0.4
11.6 5 0 0 9.2 7.6 23 0 0 19.6
0 15 0 0 0 0 0 0 10 0
0 20.8 0 4 0 0 0.2 0 0 4
16 0 0 0 10 0.2 13.6 3.6 25.4 1.2
9 4.6 0 0 11.2 0 4.4 5.8 17 0
0 0.4 0.4 12.2 12.6 9.8 0 6.4 0 0.2
0 11.8 0 0 0.2 0 0 0 0 0
0 9.6 0 0 0.2 0 0 0 3.2 0
0 4 6.6 24.2 6.8 26.6 0.4 0.2 7.6 0.6
0 0 0 0 0 0 12 0 0 0
0 0 5 0 0 0 0.6 0 0 4.4
0 0.8 15.6 15.8 13.6 33 0 0 4.8 5.4
0 0 0 0 0 0 5.6 0 0 10.4
0 27.2 36.4 22.8 0 0 18.2 0 35.6 6.8
9.8 0 0 0 0 0 4 0 0 0.2
0.2 4.6 0 0 5 0 0.2 0 0.2 10.8
0 0 0 0 0 0 19 0 0 4
3.4 0 0 0 0 0 6 0 2 0.6
0 0.4 11.6 4 0 0 11 0 0 0
23.4 0 0 0 0 0 0 0.4 0.2 0
0 0 0 0 0 0 0 0 13 0
0 0 0 0 4 0 0 14 0 0
8 0 0 0 0 0 12.2 0 0.6 3.2
0 0 0 0 0 0 8.8 0 0.2 0
22.8 0 0 0 0 0 1 0 43.2 0
0.2 11.8 0 0 0 0 9 0 0 0
0 0 0 0 0 0 15 0 0 0
30.4 10.8 4.2 0 29.8 0 5 0 2.6 0.2
7.4 2 21.8 23.6 0 27.6 34 0.4 18.2 0
0 0 0 0 0 0 27 0 0 6
0 0 0 0 0 0 20 0 0 0
0 0 6.8 0 29.6 16.2 0 0.4 0 0
0 0 0 0 0 0 24 0 0 0
4.8 0 0 0 0 0 0 0 0.2 0
24.6 30.2 3.4 0.2 57.8 12.2 0 14.8 0.8 7
22.8 0 0 19.2 0 51 0 0 0 0
0 17.8 1.2 0 0 0 0 0 0 0
0 0 0 0 17.4 0.2 4.8 0 0.2 0.4
0 0 0 0 0 0 5 0 0 0
0 3 0 0 0.4 0 0 7.6 0 3
1.8 0 0 0 0 0 0 0 11.2 0
17.4 30.4 34.4 0 4.6 0 0 0 16.2 0
13.4 0 0 4 0 0 0 0 46.6 0
14.4 1.4 0.2 0 14.8 0 0 14.6 2.2 13.4
7.4 0 0 0 8.2 7.2 14.4 0.4 0 2.4
2 0 7 0 0 0.2 0 0 5.8 0
0 0 0 0 0 7 0 0 0 2
0.2 0 0 0 0 0 5.6 0 31.2 0
0 12.8 0 0 0 0 0 0 0.2 0
0 0 0 0 0 0 10 0 0 0
0 0 0.8 0 23.2 9.6 0 12 8.4 5
14.8 0 0 0 0 0 9.2 0 10 0
0.6 0.2 0 0 14.2 1 6 0 0 0
0 0 0 0 0 0 6.2 0 3.8 0
0 0 0 0 0 0 30 0 0 0
0 0.6 0 0 0.2 0 0 6.2 0 2
0 0 0 0 0 0 37 0 0 0
37.4 0 0 18.2 0 0.2 3.6 18.6 0 0
0 9.8 0.8 0 0.4 12 0 0 0 0
41.6 0 0 0 0 0 10 0 0.4 0
0 16.8 0 0 0.2 2.8 10 1.8 0 4.4
20.8 15.6 26.8 0 17.8 21.6 9.4 15 11 0
0 0 0 0 0 0 10 0 0 9
0 13.6 5 9 0 0.8 0 16.4 0 0.2
34.8 0 0 0 0 0 15.4 1 22.4 10.4
12 1.6 0 0.4 5.8 0 0 1.2 0 0
0 0 20.6 2.4 0 6 0 0 0 0
23.8 1.4 9.8 0 43.8 13.8 3.2 26.6 0 3.6
0 0 0 0 3 0 4.2 1.4 0 8.4
0 1 24 0 0 0 4.4 0.2 6.4 0
0 0 0 0 19.2 0.6 0 10.2 0 0
0 1.6 0 3.2 23 18.2 0 0 24 0
20.4 8.6 5.4 0 17.8 4.4 0 21 5.2 9.2
4.8 0 0.8 0 0 0 2.6 0 13.8 0
0 0 0 0 0 0 17 0 0 0
21.6 0.2 0 0 0.2 0 0 0 0 0
0 0 14 0 0 13.6 0 0.4 1 0
0 0 21 14 31.4 34.6 0 0 0 0
0 0.6 0 10.8 6 0 2 1.6 0 9
8.6 0 0 0.4 0 7.6 0 0.6 5.8 0
0 0 35 0 0 0 10 0 0 0
1.2 37.4 13.8 0 11.4 11.6 0 14.6 0 0
13.6 0 0 0 0 0 8 0 0 0.4
0 0 15.6 0.2 14.2 34 0 11.2 29.8 0
2.8 83 17.6 10.8 18.8 4.8 7.6 24.6 0.2 30.8
0 0.2 0 0 9 0 0 1.2 0 3.6
4.2 0.2 0 0 0 0 0.2 0 6.4 0
0 0 0 0 0 0 15.6 0 0 4.4
0 0 0 0 0 0 0.6 0 2.6 3.8
0 0 0 0 0 0 20 0 0 0
4.4 36.4 19 4.4 12.8 30.6 0.2 2.4 18.2 11.6
0 0 0 2 0 0 0 4 0 0
14 0 0 0 0 0 1.8 0 0.2 0
0 0 3.2 19.6 0.2 10 5 0 0 0
1.6 0 0 0 17 0 3 0.2 0 0.2
7.2 0 0 0 5.2 0 0 18.4 0 0.2
7 12.4 0 0 0 0 0 15.6 14 0
15 0 0 0 0 17 0 0 0 0
0 13.6 0 0 11 22.2 0 0.2 0 0
0 58.8 7.8 9 0 0 0 6.4 0 0
0 0 25.4 0 0 0 0 0 3.6 0
3 15.4 0 0 10.6 0 0 0 0 0
0.6 0.2 1 0 5.2 0 0 13.6 0 3.4
0 0 0 0 0 0 15 0 0 0
4.8 15.2 20.8 25.2 0 4.2 6.4 0 5.2 0.2
0 16.4 28.6 49 0.2 10.8 0.4 4.8 31.8 0
0 0 4 2 0 0 11 0 29 0
0.4 2.6 12 0 0 8.4 0.2 14.6 10.8 0
0 0 0 0.2 29.8 0 4 0 0 0
0 0 10 0 0 0 0 6.2 0 3.8
17.6 2.2 0 0 0 0 0 0 7.2 8
0 0 0 0 0 0 9 0 0 0
0.2 0 0 0 32 39 6.4 5.8 2.6 0
0 0.2 0.2 0 0 0 0 0 6.6 0
2 15.4 0 0 0.4 2.4 0 17 0 6.8
5.4 0 0 0 50.4 28.2 0 2 0 0
25 5.4 16.4 20.8 93.4 48.2 7.2 37.6 7.8 1.2
0 0.8 0 0 25.2 0.4 0 0.4 9.6 14.6
0.2 0 0.2 0 19.8 30.8 8 0 14 0
0 0 0 0 27.8 0 0 0.2 0 0
0 0 0 0 0 0.2 5.4 0 5.4 0
0 16.6 0 0 28.6 1 0 12.2 0 37.6
0 0 0 0 0 0 9 0 0 0
0 0 0 0 0 0 20 0 0 0
17 0 0 0 0 0 0 0 0 0
16 0 1.8 0 0.2 4.2 0 9.4 0 0.4
11.8 14.8 29.8 12 0 24 0 11 7.6 0
0 0.2 0.2 0 0 4.2 2.6 0 8.8 0
0.2 0 11.6 19.6 0.2 22.4 0 8.6 5.4 0
0 5 0 0 0 0 4 0 0 4
0 20.4 0 0 0 0 0 1 0.6 0
13.6 42.4 9 0 0 0.4 11.4 0 1.2 0
29.8 29 0 0 0 11.2 0 0 0 7
0.2 4.4 0 0 0 2 2 0.2 5.4 3.8
13 0 0 0 0 0 0 0 0 0
0 4.2 0 0 0 17.6 3 7.2 0 0
3.4 0 26 10.6 1.2 23.8 5 0 0 0
0 6.8 0 1 0 0 10.6 0 17.4 0.2
11 0 35.6 9.4 0 0 9.6 4.4 30 0
0 0 0 0 0 0.2 1.4 8.8 3.4 15.2
0 0 0 0 0 0 5 0 0 0
0 0 0 0 7.4 0 0 0 7.6 0
0 0 0 0 0 0 10.6 0 0.2 5.2
0 0 0 0 0 0 4 0 0 0
5.4 12.4 1.8 17 0 13.8 0 0 1.2 0.4
0.8 0.2 0.2 0 31.4 18.4 0 0 0 0
12.6 38.6 0 1.2 9.6 0 0 0 0 0
13 0 0 0 0 0 0.2 0 17.6 0.2
3.6 0 0 0 0 0 5 0 0.4 0
0.4 43.2 10 11.8 19.6 32 0 0 0 0
0 45.4 27.4 20.8 12.6 22.8 0.4 1.8 14.6 7.2
0.8 17 4.2 6.6 27.2 8 0 15.2 1.6 4.4
17.2 13.2 0 24.6 0 0 0 0 0 27
0 0 8 0 51 25.6 0 13.2 11 23.2
0 25.6 0 0 1.4 0 0 0 0 0
0 0 0 0 0 0 3.8 0 0 0.2
0 4 0 0.4 0.2 0 0 0 15.4 0
0 0 18.2 5 0 14.2 0 0 0.6 0
0.4 60.2 56.2 56.2 0.4 21.8 19.4 19 31.8 2.6
5.8 0.2 0 0 0 0 0.4 0 4.6 0
0.8 0 0 0 0 0 0 0 0 9.2
4.8 17.4 48.8 28.6 17 5.2 6.2 0 45 21
11.8 0.8 26.4 30 2.4 39 0 22.4 10.2 0
0 0 0 0 0 0 12 0 0 0
0 0 0 0 0 0 10.6 0 0 0.4
0 0 0 8.8 0 0.2 0 0 3 0
0 0 0 0 0 0 31 0 0 0
0 0 0 0 3.8 9.2 0 0 0 0
13.6 0 22.4 27 0 24 19.8 25.6 8 12.6
0 20 0 0 0 0 0 0 7 0
0 0.2 0 0 25.2 6.4 0 0 0.2 0
0 0 0 0 0 0 0 0 4 0
0 0.4 5 0.2 17 41 0.2 0 18 0
38.2 50.8 15.2 45.4 0 0 0 5.4 29.6 3.2
3.6 19.4 5.8 0 25 0.6 0 2.8 0.8 0
1.6 64.2 0 23.8 27.8 14.4 4.4 20.2 0 18.6
22.8 0 2.2 0 0 0.2 15.2 0 38.4 0.2
6.4 26.6 18 28.6 0.2 18.4 0 18.6 0 0.2
19.4 0 0 0.2 10.2 0 13.4 0 0 27.8
0 24 0 9.4 0.8 9 9.6 5.6 8.4 0.2
0 0 4.8 0 46.6 38.2 0 0 0.2 0.2
7.4 26.6 4.8 0 30 22.8 1 40.6 0 13.8
0 0 4 0 0 0 5.2 0 9.8 0
0 0 39.4 37.2 5.2 27.2 7.8 2.6 30.6 0
0 0 0 0 0 0 8 0 0 0
30.8 29.8 35.6 44.6 27.8 16.4 7 0 21 21
0.4 0 0 0 0 0 0 0 3.6 0
27.6 8.6 9.8 3.6 13.6 3.2 3.6 57.4 1.6 0
2.8 0 0 0 0 0 0 0 1.4 2.8
0 0 7.6 4 6.6 38.8 0 8 0 0
0.2 0 0 13.6 100.4 56.6 0 14.6 6.4 11.2
0 0 0 0 0 0 11 0 0 0
5 0 0 0 0 0 0 0 0 0
0 1.8 13.4 19.6 41.8 37.4 0 0 0 0
7 0 0 0 74.2 0 0 14.8 0 0
5 4.2 15.6 9.6 56 45.6 14.6 0 9.4 0
12.8 0 14.8 29.6 0 25.4 5 0 11.4 0
0 3 0 0 15.8 4.8 7.6 0 0.8 0
0 0 0 0 10.2 0.4 0.2 14.2 0 0
0 0 0 0 0 0 4 0 0 0
7.2 0.2 18.2 5.4 26.2 10.4 4.6 15.6 4.4 1.8
0 0 0 0 0 0 13 0 0 0
0 0 29.8 14.2 0 11.2 0 0 19.8 0
0 0 0 0 22.4 0 0 13.8 0 10.8
0 0.4 0 0 8.2 0 6.6 0 0.2 0.6
21.6 17.6 0 0 0 0 0 0 8.8 0
17.6 0 0 0 0 0 29.8 0 9.6 0
0 2.4 0 7.4 57.4 0 0 0.2 0 0.6
0.2 0.2 25.8 4 29.2 18.4 0 0 0 0.2
8.4 23.8 0 0 15.8 16.8 19.2 30.8 0 0.2
7 0.4 32.4 20.2 40.4 27 9 0.2 8.4 0
6 0.4 7.4 0 5.2 0 8 0 0 0
12.2 0.2 11.2 6.2 5.8 24.2 0 0.2 0 0
0.8 7.2 0 0 5.8 0 24.2 1.2 0 1.8
0.2 0.6 52.4 7.6 0.2 3.4 9.2 0 62.4 0
2.6 0 0.2 0 6 0.4 0.4 0 0 1.4
33.6 68.6 0 1.6 25.6 7.4 11 15.2 4.8 39.2
0 0 0 0 0 0 4 0 0 0
15.8 21.6 0.6 5 0 2 0 0 0 0
0 0 0 0 0 11.8 3 0 0.2 0
0 0 0 0 20.6 7.4 1.4 0.2 0 6.4
0 22 23.2 6.8 41 4.8 1 8.2 0 9
8 0 0 3.4 6.8 0 0 4.8 1 0
0 0 0 0 0 0 11 0 0 4
8 16.6 0 15.8 14.6 9.4 6.4 20.4 1 20.8
20.8 55.2 10.6 14.2 37 0.2 0 26.2 0 16.8
20.8 23.6 11.4 0 14 0 6.6 25.6 16.2 15.8
46.8 30.4 0 8.2 18.4 13.6 7.2 0 10.8 13.6
0 2.8 25.6 22.6 39.4 0 0 0 6.6 0
0 46.4 10 3.2 0 2.8 4 0.2 34.4 0
4.2 0 0 0 0 0.2 0 0 9.6 0
11.6 0 0 0 0 0 0 0 7.4 0
0 18 0 0 36 0 0 0 0 0
0 0 0 0 0 0 24 0 0 0
0 34.8 0 0 3.6 0 0 4.6 0 0
0 0 0 0 0 0 29 0 0 0
13.8 8.2 0 0 51.2 0 0.2 22.8 0 52.8
0 0 0 0 0 0 24 0 0 0
0 0 0 0 0 0 4 0 0 0
7.6 0 0 0 0 0 0.2 0 33.2 0
0 0 0 0 0 5.8 0 12 0 24.2
0 0.4 0 0 0 0.2 5.4 0 9 0
14.4 3.4 0.2 0 29.8 9.6 0 0 0 10.6
1.4 9.6 0 14.2 15.6 2 0 0 1 7.2
0 0 0 0 0 0 11 0 0 0
19 46 46 10 0 28.8 0 0 2 5.2
0 0 0 0 0 0 7.6 0 0 9.4
28.4 0 0 0 0 0 2.6 0 0 0
0 8.8 0 6.2 0 0 0 0 0 0
0 38.2 0 11.8 0 0 0 0 0 0
0.2 16.8 0 2.2 0.6 0.2 0 0 0 0
0 0 0 0 0 0 19.8 0 0 0.2
0 0 0 0 43.8 5.4 0.6 11.2 0 0
0 0 11.8 0 15 14.2 0 0 0 0
1.4 20.6 8.2 11.6 0 1 9.4 0 7.4 0.4
0 32.6 29 19.8 1.4 48 1 27.2 2 0
12.8 33.6 39.2 17.4 0.4 0 0 0 44.6 0
0 0 5.6 4 10.2 0.2 0 0 0 0
0 7.8 0 0 0.4 0 11.8 0 0 0
0 24.4 0 0 0.6 0 8 0 0 0
0.6 12.8 9.8 46 11.4 62.6 0 42.8 30.8 14.2
0 18.2 13.8 11 65.4 14.4 5.6 8.8 0 11.8
6.4 7.6 13.2 0 26.6 20.4 4.6 12.8 0.2 1.2
1.8 0 0.2 0 27.8 22.2 7.4 10.2 0 12.4
0 0 0 0 15 0 0 0 3 0
0 0 0 0 42 0 0 0 0 5
0 0 0 0 0 0 12 0 0 0
7.6 35.8 8 12.4 31.2 6 0 8.8 8 17.2
0 0 0 0 0 0 0 0 23 0
12.2 49 45.6 5.8 35.4 0.4 3.8 0 6.2 13.6
28 0 0 8.4 0 0 22.6 0 0 0
9.4 14.2 0 14.4 82.8 32.4 5.4 16.4 12.2 13.8
4.4 0 0 0 0 0 8.6 0 0 0
20.4 11.4 0 0 57 0 0 0 4.2 0
14 8 0 0 26 0.2 21.4 6.4 0 9
5.2 42.8 49.6 54.2 5 34.4 0 6 87.8 0
0 27 7.8 9.6 0 20.2 0 0 6.4 0
0.4 7.6 0.4 0 0 28.2 0 0 10.4 0
1.4 0 0 0 0 0 0 0 32.6 0
0 17.2 2.2 1.4 44.8 0 13 0 0 1.4
0.4 5 19.4 0.2 79.2 40.8 0 0 0 0
0 0.8 96.8 26.8 11.2 16.8 13.8 10.6 14.2 0
0 0 0 0 0 0 17.6 0 0 0.4
20 0.2 13.2 0 16.2 8.2 12.6 12.6 1 0
26 9 0 0 0.6 4.8 0 0.2 0 0.4
28.8 0.2 0 0 0 0 0 0 27 0
0 0 0 4.4 0 0 24.6 0 0 0
0 61.6 48.4 66.6 14 40.2 3.4 25.4 1 12.4
28.2 45.2 0 22.6 60 23.6 0 28.2 3.2 0
18.8 51 11.2 12.8 39.8 43 6.8 0 1.6 0
0 0 0 0 0 0.2 27.8 0 0 0
0 0.2 0 0 79.4 9.6 9.8 30.4 0 24.6
0 0 0 0 0 0 19 0 0 0
4.8 0.8 5.4 0.2 0 37.6 0 0.2 0 3
0 22.6 0 3.8 0.6 0 0 0 0 0
7.8 0 0 0 0 0 14.2 0 5.2 9.8
0 0 0 0 0 0 10 0 0 0
0 1.2 0 0 7.2 1 9 3.6 0 0
19.2 22.2 34.6 52.6 23.4 86.4 15.2 50.4 51.6 13.4
0 22.4 50 61.8 2.6 31.8 0.2 20.6 34.6 0
0 0 0 0 0 0 15 0 0 0
7.8 0 0 0 18.4 0.6 0 0 0 0.2
0 0 0 0 16.8 0 9.6 9.4 0 1.2
8.2 10.8 7.4 3 12 0.6 0 0 0 0
29 9.6 0.4 15.6 0 0 9 0.2 0.2 0
0 0 0 0 0 0 26.8 0 18.2 0
9.6 1.2 0.2 0 3.4 0 11.6 0 0 0
0 42.6 23.8 0.2 0.4 6.6 21.4 0 7.8 4.2
0 0 0 0 72 8 0 2 0 0
0 0 0 0 0 0 16.2 0 0 5.8
0 0 0 0 0 0 31 0 0 0
15.6 41.6 35.6 21.4 61 76.6 7.6 31.2 15.8 4.6
8.8 16.2 0 4 0 0 6 0 0 10
0 0 0 0 0 0 5.6 0 0 0.4
21.6 0 0 0 0 0 0.2 0 38.2 0
14.4 0 0 0 0 0 3 0.4 0.2 0
31 0.4 1 0.2 0 0.2 0 0 13.2 0
12.6 49.8 81 40.6 0.4 12 9.6 12.8 51 8.2
4.8 30 0.8 24.6 0 20 14.6 11.6 16.6 0
0.4 0 14.4 26 81.6 59.8 6.2 32.6 0 5
4.8 0 0.6 0 0 0 0.2 0 9.4 0
9.4 0.4 0 0 0 0 4.6 4 10.6 0
0 0 0 0 0 0 33.2 17.4 0.2 23.2
0 0 0 0 0 0.2 5.4 0 10.4 0
0.4 58 12.2 11.6 0 0 0 0 2.8 0
0 5.2 0 0 0 0 27.8 0 0 0
5.6 0 0 0 0 0 7 0 0.4 0
19.8 5 0 0 8.8 0.8 12.2 0 6.8 1.6
0 0 0 0 0 0 0 0 0 3
9.4 40.6 0 4.2 0 16 0 0 17.2 3.6
0 0 0 0 0 0 20 0 0 0
17.6 2.6 0 0 0 0 3 0 0.4 12.4
34.8 0 86.4 64.2 94.2 108.2 24.2 55.6 25 1.4
0 0 0 0 0 0 50.8 0 0 8.2
0 24.8 5.6 3.4 66.8 35.6 0 55.8 1 0
4 33 17.2 22.6 1.2 19 0 0 17 0
15.2 0.2 11.6 0 52.4 25.6 18 24.2 0 3.8
9.6 14.2 0 8.2 0 26.4 8.6 28.4 30.2 13.4
19.4 34 5.4 20 33.6 28.6 0.2 1 12.6 0.2
12.6 32 45.6 41 1 94.4 0 55 25.2 4.2
33.6 39.4 0 0 48.4 14 9.8 18.4 21 5.4
2 0.2 0.2 0 1.6 18.8 27.4 11.6 38.2 0
27 0 0 0 0 0 4.2 2 0 21.8
6.4 0 0 2 0 0 0 0 0 12.6
0 10.6 0 0 6.6 0 22.2 0 11.6 0
67 1.2 0 0 0 0 15.6 0 10.2 4
15.8 3.6 0.6 0 5 0 9 0 0 0
1 21.6 0 0 22.2 22.2 0 0 0 0
0 55.2 1.4 0 0.2 8.4 44.8 0 0 0
43.6 0 0 0 0 0 5.4 0 0 0
20 56.6 0 3 0.2 28.4 0 20.4 8.4 0
0 0 0 0 33.4 0 8 5.6 0 0
50.8 0 0 0 0 0 2 0 7.2 0
0 0 13.4 7.6 0 0 1.6 0 9.4 0
0 15.8 99.4 63 0.6 75 2.6 0 64.6 0
12.2 0 0 0 0 0 0 0 0 21.8
31.6 13 31 0 129 31.4 4.8 97.8 13.4 19
7.8 0 0 0 0.8 0.2 0 4 0 5.2
0 6.4 6.2 19.4 0 34.4 5.4 8.2 0 0
0.2 0 9 30.8 0 0 0 0 30 0
5.8 35.4 0.6 20.4 0.4 13.2 5 7 8 1.2
2.2 23.8 18 0 47.8 14.6 20 16.4 17.2 13
11 0 0 0 34.2 0 11.2 15.4 0 0.2
8.2 0 0 0 10.6 0 0 7.2 0 0
3.8 0.4 0 0 0.2 0 13.6 0 0 0
16 0.2 8.6 0 7.2 0 0 4 0 0
15 0 37.8 0 0 85.8 5.6 0 4.8 0
0 0 0 0 0 0 13.4 0 0 0.6
79.4 0 0 0 0 0 20 0 17.2 28.4
0.6 39.6 37.2 26.8 0 110.4 11.2 0.2 34.4 17.6
0 2.6 0 0 46 45.8 14.6 21 0 0
0 0 0 0 0 0 95.6 0 0.2 7.2
51.4 0 0 0 0 0 4.8 0 8.4 7.4
20 0 0 0 0 0 0 0 0 0
0.2 2.6 0 0 40.2 0 0 5 4.4 19.6
0 53.8 16.4 0 16.4 15 1.8 0 30.2 13.4
0 8.2 0 0 11.8 0 0 3.6 8.4 0
0.4 2.6 91 47 12.8 89.2 0 0 0 0
0.4 35.4 9.6 10.2 14.4 22.6 0.2 0 0.4 4.8
0.6 50 33.6 28.4 0 38.2 0 0 22.2 0
11.2 62.2 10.6 7.8 33.4 0 6 15.8 0 0
9.6 0 0 0 69.2 0.6 32.8 13.6 0.8 12.4
31 37.6 0.2 25.4 23 8.8 0 31.6 34.4 0
35.4 0.2 0 0 0 0 4 0 51.4 0
0 0 0 0 0 0 34 0 0 0
17.4 0 0 1.4 33.4 43.4 0 47.8 7 26.6
0.2 0 41.8 42.4 30.2 53.6 0.2 22.2 29.4 0
0 0 13.6 0 15.2 68.6 8.6 0 0 0
3.8 33.4 55.2 20.8 25.8 61.6 17.8 17.8 3.4 2.4
0 0 0.2 0 0 0 48.8 0 21.6 7.4
0 43 0 0 18 13 0.2 18.8 0 0
0 0 0 0 0 0 15 0 0 0
0 0 0 0 0 0 27 0 0 0
0 0 0 0 0 0 7.8 0 0.2 0
0.4 9.6 0 0 0 0 0 0 0 0
0.4 0 0.4 0 0.6 0 0 0 27.6 0
26 26.8 12.2 0 47.4 81 14.6 34.4 5.2 7.4
0 0 0 0 0 0 33.6 0 4.2 0.2
1.2 10.4 0 0 0 0 0 15.2 0.2 0
0 0 7.8 0 0 0 13.2 0 19 0
37.4 0 0 0 0 0 0 0 33 5.6
0 0 0 0 0 0 29.2 0 0.2 10.6
5.2 0 0 0 0 0 15 0 0.2 0.6
12.4 36.8 29.4 0 0 57.6 0 0 22.8 0
0 0.6 0 0 35.6 0 0 6.8 0 0
20 0 0 19.8 17.4 6.2 0 12 12.6 27
22.2 25 35.8 4.6 137.4 38.2 20.4 49.4 16.8 5.2
26.8 0 0 0 0 0 0 0 33.2 0
30 0 0 0 0 0 33.6 0 4.4 0
0.8 60.2 0.2 0 67.6 0 0 15.4 0 13.8
0.2 1.6 1.6 0 31.8 28.8 0 0 8 0
0 0 0 0 0 0 50.6 0 3.4 0
4 11.6 0 0 1 11.2 0 20.8 0 0.4
0 0 0 0 0 0 37 0 0 0
18 0 60.4 57.2 45.4 25.4 47.4 12.4 53 4.8
38.8 0.2 17.6 11.8 48.2 51 0.2 23.2 53.2 1.8
25.8 0 0 0 0 0.2 0 0 58 0
1.6 21.8 0 0 67.4 50.4 0 61.4 0 35.4
0 23.6 26.6 0 41.2 73.6 0 45 0 0
26.6 68.8 1.6 15.2 130 19.6 32.2 60.2 9.8 72
0.2 47.6 5.8 0 1.6 33.4 0 4.6 0.2 3.6
0 3.4 0 0 20.4 9.4 0 14 0 32.8
49.8 0 0 0 0 0 10 0 8.2 0
4.6 0 26.8 27.8 0 72 0 6.6 8.2 0
22.2 45.8 4.4 17.2 10.2 44.4 4 0 0.8 0
0.2 54.8 48.4 0.4 48.2 17.8 0.2 42.2 21.2 25.6
0 0 0 0 0 0 19 0 0 0
0 0 68.6 43.2 7 81.2 0 0 0 0
1.2 8 0.4 28.4 0.2 0 18.2 0 21.6 0
0 0 0 0 0 0 30 0 0 0
21.6 31 7.4 0.2 16.2 0 48.6 0 59 0
14.2 0 0 0 0.2 0 0 0 23.6 0
10.6 0 0 0 0 0 20 0 14.4 0
0.2 88.4 77 75.6 18.2 37 39.8 0 67.8 0
17.8 0 0 0 0 0 0 0 65.2 0
0 0 0.6 0 104.8 1.6 0 11.8 0 3.2
30.4 0 21.2 0.2 0 79.4 0 0 15.8 0
29 13.8 0.6 0 0 1.6 0 0 10 0
0.8 0 0 0 31.4 0 1.2 7.6 0 0
8.2 20.8 0.4 0 0.2 0 33.2 17.4 3.6 0.2
14.2 0 0 0 0 0 0 0 0 4.8
1.4 13 20.8 0 28 22.4 3.8 3.6 0 0
25 19.4 0 0 39.2 0 0 0 16.6 18.8
13.4 66.6 43.4 15 111.4 56.2 3.4 39.4 0 29.2
0 2.8 0 9.4 7.2 63.4 4 0 0.2 0
0 0.2 2.8 6.2 0 23.8 0 0 5 0
0 0 0.4 0 0 0 23 0 28.2 0.4
5 0 0 0 4.4 0.2 0 44 0 14.4
0 25.6 29.2 19.2 29.8 4.2 1.8 26.4 0.6 8.2
5.8 29 0 0 137.6 0 5.2 30.2 3.8 29.4
0 1.2 0 0 39.8 0 0 20 0 13
49.6 0 0 0 0 0 3 0 30.8 9.6
0 0 0 0 0 0 22 0 0 0
0.6 1.4 0 0 14 0 0 16.2 0 0.8
19 0 0 0 0 0 0 0 0 0
17 2.8 7 0 41 0 6.4 0 0.4 0.4
0 0 0 0 0 0 49.6 0 0 11.4
0.2 11.4 0 0 0 0 6 0 0 0.4
24.8 0 0 0 5.4 0 3.2 0 0.4 0.2
0.2 27 74 24.8 0.2 85.6 0.4 5 22.8 0
4.8 0 0 0 2 0 10.4 0 0.8 0
0 24.2 0 4.6 13.2 12.6 24 21 0 4.4
1.4 0 0 0 0 0 0 0 52.6 0
30.4 0 0 0 0 0 0 0.2 0.2 16.2
48.6 0.6 0 0 0 0 0 0 26.2 0.6
7.6 19.2 0 0 0 0 0.2 0 0 0
0 3.4 12.6 0 0 7.8 4.6 1 0.6 0
6.6 4 0 2.8 4.8 5.4 0 40.2 2.8 44.4
0 70.4 52.6 34.6 0 36.6 0 0 34.8 0
0 0 0 4 0 0 110 0.2 0 10.8
0 14.8 47 93 10 114 23.2 15.4 28.6 0
0 0 0 0 0 0 42.6 0 0.4 0
45.4 0 0 0 0 0 0 0 0 3.6
4.8 0 0 12.6 38.6 16.8 0 37.8 0 10.4
65.4 113.2 0 7.8 53.8 19.6 65.4 16.4 41.8 45.6
18.8 1.2 23 19.8 9.4 95.4 0 31 26.4 0
10.2 0 0 0 0 0 0 0 3.2 0.6
65.8 2.8 0 0 0 0.2 18 0 36.4 4.8
4.2 0 0 0 0 1.8 13 0 0 0
29 0 0 0 0 0 0 0 31 0
0 0 0 0 0 0 32.8 0 0.2 5
17 0 0 0 0 0 7.6 0 60.4 0
0.6 0.2 115.4 4.4 14.6 0 3 0.6 0 0.2
12 42 8.4 14 34.6 49.4 1.2 0.6 7.8 0
20.6 0 0 0 0 0 13.4 0 15 0
0 0.4 28.4 5 0 2.4 4.8 0 0 4
0 27.2 0 14.2 0 0 0 0.6 0 0
35.2 5 0 0 43.8 15 17.6 16.2 35.2 0
46.8 84.6 31.4 0 33 124.4 13.8 12.6 57.4 0
7 0 0 0 22.6 0 1 18 0 6.4
14.8 48 2.8 0 59 37.4 13 71.4 0 24.6
3.4 0.6 0 0 0 0.8 12.2 0 2.8 9.2
13 13.4 0 0 14.6 43.4 12.4 1.2 0 0
0 0 0 0 0 0 59 0 0 0
12 0 0 0 4 0 0.6 0 10.4 0
13 0 0 0 19.8 0 0 7.4 0.8 0
12.2 0 0 0 0 0 0 0 47.8 0
0.6 0 0 0 87.4 0 1.2 40 3.2 17.6
0 0 0 0 0 0 60 0 0 0
0 23 3.2 11.8 45.2 0 0.4 4.8 0 3.6
30 30.6 57 17.2 17.8 114.8 0 17.6 0 0
0.4 21 63 4.4 0 0 34.4 0 41.8 0
27.6 0 16.2 15.4 0 36.6 13 0 17.2 0
0.2 23 56 35.6 0 41.6 12.2 0.8 57.6 0
9.2 56.8 63.6 40.2 3.6 48.8 0 33 6 1.8
9.2 0.4 9 0 34 28.6 0 0 5.8 0
78 0.2 0 0 0 0 48.6 0 63.2 1
2.8 34.8 0.2 0 48.2 36 0 17.4 13.6 0
0 0 0 0 0 0 33.8 0 0 6.2
6 46.6 102.8 10.4 0 28.4 0 32.6 3.2 0
0 0 0 0 0 8 45 0 0 0
0 39.4 5 0 31 63.8 52.6 27.8 0 2.4
12.6 0 15.6 0 0.2 15.8 13.6 0.4 77.8 0
0 0 0 0 0 0 18 0 0 0
11.4 37.4 21 0 42.8 43.8 0 0.2 0.2 0.2
0 0.2 43 13.2 0 0 6.2 3 15.2 2.2
94.8 0.2 0 0 0 0 15.4 0 68.6 0
13.8 0 0 0 0 0 27.2 0 0 0
16.4 0 0 0 0.2 0.6 7 0 0.8 0
63.4 0 0 0 0 0 18.4 0 39.2 0
0.2 6 59 0 24.4 19.2 0 0.2 0 0
1.8 0 0 1.6 40.8 28.2 3.4 79.2 0.8 11.2
8 91 54.2 16 9.4 0 23.4 1 6.8 0.2
0 0.6 0 0 24.6 0 0 10.2 0 25.6
0.2 14.6 138.2 139.6 0.6 120.8 0 22 62 0
14.6 81.8 31.2 57.4 69 44 0 0 10 0
17.8 0 0 0 0 0 33 0 23.2 0
0 65.2 0 0 66.2 16.6 0 11.4 0 14.6
0 0 0 0 0 0 42 0 0 0
0 0.2 0 1.4 27 21.6 0 0.4 23.4 0
3.4 18.4 115.6 55.4 111 63.2 0.2 14.8 90 0
1.4 0 0 0 0 0.2 0 0.8 24.6 0
2.6 37.4 73.8 42.8 179.4 106 8.6 10.2 0.2 0
0 0 0 0 0 0 6.4 0 0 8.6
0 0 0 3 0 5 11.4 0 6.6 0
14 18.8 72.4 31.8 55.8 63 0.6 12.2 47.4 0
39.8 27.2 33 5.4 6.2 104 0 16.6 40.8 0
88.8 90.8 69.8 54.8 124.4 20 53.6 125.4 63.2 200.2
0 0 0 0 0 0 41 0 0 0
18.8 7 0 0 0 0 11.2 0 0 0
34 74.8 0 0.2 32.6 0 0 18.4 0 0
0 0.6 26 9.8 144 89.8 15.6 13.2 0 0
0.2 23.2 73.8 26 46.8 62.6 29.4 0 28 0
0 30.4 0 0 81.8 68 11 24 0 7.8
21.6 0.2 0 0 0.2 0 0 0 0 10
44 48.2 0 0 14 7.8 39.4 0 71.8 0.8
6.2 57 13.2 0.4 126.2 33.4 0.4 43.2 6 0
45.8 21 0 6 17.4 54.6 14 0 76.2 0
0.2 85.2 0 0 192.4 0.4 28.6 55.8 49.4 0
0 27.6 0 0 28.2 0 8.2 0.2 0 14.8
12 0 22.6 0 0 0.6 43.2 0.6 0 0
0.8 23.2 0 0 37 6 27.8 0 4.4 10.8
0 0 5.8 0 36 12 0 4.2 0 0
0 32.6 96 15.2 0 0.6 1.6 0 43 0
25.8 0.2 0 0 0 0 0 0 20 0
0 0 0 0 0 0 48.8 0 0 0.2
6.4 0 0 0 0 0.2 5.6 0 56.8 0
0.2 0 0 0 5.4 0 28 13.8 0 2.6
0.2 12.4 0 0 8.6 47 51.8 7.6 14.6 5.8
8.8 6 0 0 0 0 7 0 29.2 0
21.4 0 0 0 0 0 0 0 0.6 0
0 15.6 0.4 0 8.4 48 6 3.4 6.2 0
59.6 14 0.2 0 0 0 0 0 6 0.2
0 0 0 0 0 0 20 0 0 0
0 128.4 104.8 80.2 0.6 95.4 21.6 15.4 90 7.6
0 0 5.4 4.4 21.4 1.4 57.4 0 8 6
0.6 0.2 4 27.4 0 81.8 0 0.4 22.6 0
0 0 0 0 0 0 18.2 0 0 1.8
0 25.4 0 0 126.2 4 4.8 0 0 0.6
0 0 0 0 0 0 31 0 0 0
0 0 0 0 0 0 52 0 0 5
0 0 0 0 0 0 1 0 60 0
2.6 13.6 36.8 33.8 21.8 26 0 9.4 4 0
1 2.2 0 0 18 13.4 1 0 0.6 0.8
14.2 4.4 0 0 0 12.8 0 0 12.4 3.2
1 36 0 11.2 70.6 46.8 4.2 0 16.2 0
0 7.2 40.8 0.4 142 87.6 0.2 19.2 0.6 0
0 0 0 0 0 0 54 0 0 0
0 0 0 2 7 0 33.8 0 0 0.2
85.4 0 0 0 0 0 46.4 0 27.2 0
7 0 0 0 54.4 26.6 10.6 25.6 2.2 6.6
65.6 0 0 1.6 12 0 14.8 0 80.2 34.8
0 26.6 0 0 0.2 0.2 0 0 0 0
26.2 0 0 0 0 0 26.4 0 0.2 0.2
0 0.2 0 0 0 5.2 15.6 0 0 0
22.4 0 0 0 0 0 0 0 38.6 0
0 0 0 0 97.6 0 22.8 15.2 0.2 0.2
20.4 0.2 60.4 6.8 0 45.2 0 0 33 0
14.8 0 0 0 0 0 8 0 10.2 0
24.6 12.8 0 5 75.6 25.6 7.6 91.6 4.8 78.4
24.6 0 0 0 0 0 35.2 0 72.8 3.4
9.4 32.8 74 34.2 0.2 27 0 0 0.4 0
0 33 0 3.2 33.2 17.2 15.8 1.4 0 5.2
54 1.2 35.8 28.8 13.2 104 9.8 61 0 23.2
0 0 58.8 98.2 0 77.2 0.2 15.2 5.8 4.6
0 0 0 0 0 0 31.8 2 0 3.2
16.2 0 0 0 0 0 0 0 42.8 0
0 84.4 3.8 29.4 0 72.4 0 0.4 34.6 0
12.2 0.2 20.4 7 207.4 64.4 1.4 41 30.4 1.6
70 0 0 0 0 0 34.4 0 25.6 0
9 0 0 0 0 0.2 6.4 0 56.4 0
0.4 0 0 2.6 12.8 1.4 0 21.8 29 0
0 0 0 0 0 0 32.2 0 0.2 16.6
0 8.6 0 0 3.8 75.2 83.4 15.6 0 5.4
19.2 0 0 0 0 0 0 0 32.8 0
0 6.2 0 0 0 0.8 0 0 0 3
0 0 0 0 0 0 52 0 0 2
10.6 0 0 0 0 0 12.4 0 1 0
13.6 0 0 0 0 0.4 3 0 0 0
11.8 58.6 79 69.4 5.6 45.6 12.8 0.2 32 0
17.6 0 0 0 0 0 6 0 2.4 0
0 0 0 0 0 0 23 0 0 0
0 0 0 0 0 0.2 5.8 0 27 0
0.4 0.6 0 0.6 31.6 26 0 20.8 0 0
0 0 0 0 0 0 27 0 0 0
35.4 0 0 0 0.4 0 1.6 0 29.4 40.2
0 1 0 0 13.6 47.6 4 10.8 0 0
39.8 0 0 0 0 0 18.2 0 0 0
24 0 0 0 0 0 0 0 6 0
0 31.6 0.2 0 8 0 0 0 0 0.2
0.4 45.4 38.8 4.2 40 66.4 3 0 0.8 0
4 1.4 7.2 0 7.6 16.4 11.8 0.6 0 0
0 0 0 0 0 0 21.8 0 0 0.2
0 0 14.8 25.8 0 33.6 0 13.2 4.4 0.2
20 0.2 0.2 0 0 0 4.8 0.2 1.4 0.2
24 0 0 0 0 0 16.6 0 0 9.4
18.2 1.2 0 0 26.6 0 0 0 0 0
1.4 24.2 0 0 54.8 0 0.4 0.2 0 2
0.4 25.4 55.2 0.2 0 0 0 0 0.8 0
0.2 40.4 17.6 5.8 142 28.8 13 47.8 7.8 31.6
0 53.6 0 0 23.2 22.2 12.2 5.8 0 0
4.6 0 63.8 28.6 64.2 117.2 0 14.2 57.4 0
0 0 0 0 0 0 43 0 0 0
1 19.4 6.2 6.6 31.6 41.4 16.8 14.8 23.2 9
0 0 0 0 0 0 51.2 0 0 4.8
0 0 0 0 33.6 0 7.4 0.2 0 5.8
30 0 0 0 0 0 4 0 0 0
0 0.2 0 0 0 0 33.8 0 0 0
10.6 29.8 17.2 18.4 2.6 15 0 0 3.2 2.2
5.2 39.6 65 6 0.2 38.6 3 0.2 8.2 0
39.8 59.4 49 24.6 81 2.8 32.4 24.6 38.2 53.2
0 0 0 0 0 0 10.4 0 13.6 0
9 0 0 0.2 10.8 15 0 0 0 0
18.2 1.2 0 0 0 0 3.4 0 36.2 0
7.8 0 0 0 0 0 4.6 0 0 2.6
17 29.2 0.8 0 0.2 75.6 4.4 3.8 0 18
7 3.4 1 0 0 46.6 0 5.6 24.2 0.2
18 0 0 0 0 0 0 0 0.2 10.8
0 0 16.6 10.4 99 36.2 4 16.8 0 0
0 0 0 0 45.8 7.4 0 0 0 6.8
12.4 0.2 0 0 0 18 7 0.4 27.6 0.4
2 0 0.2 0 0 0 6.2 0 12.4 0.2
51.8 0 0 0 0 0 14.2 0 17 0
15.2 0 11.2 0 0 15 17.4 20.2 0 0
0 0 0 0 0 0 41 0 0 0
0.4 56.6 8.2 18.6 0 0 0 7.4 0 35.8
5.6 8.6 16.8 4.8 48.8 11.2 0.6 5 1.4 3.2
0 0 0 0 0 0 44 0 0 0
0.4 1.6 10.8 14.6 45.2 0.4 0 0 0 0
0.2 24 0 0 7.4 0 6 0 5.4 0
0 30.2 0 11.2 3.2 11.2 1 0 0.2 0
0 0 0.2 0 0 0 0 0 17.8 0
2.8 0 0.4 0.2 28.8 24 6.6 8.2 0 0
1.2 0 0 0 23 0 7.8 0 0 0
13.8 5.6 0 0 0.4 0 65 0 44.4 25.8
0 0 0 0 0 0 31.6 0 2.4 0
0 0 0 0 0 0 32.8 0 0.2 0
0 0 1.2 0 13 1.8 4 0 0 0
0 3 16.2 0 33.2 51.4 0 18.2 0 0
0 0 0 0 0 0 44 0 0 0
10.6 0.6 42 13.6 51.2 44.8 12.4 2.2 10.6 0
21.2 0.8 0 0 0 0 0 0 0 0
0 9.8 46.4 37.6 0.6 35.4 0 6 11.2 0
4 0 0 0 0.4 0 17.6 0 0.8 0.2
20.4 0 0 0 0 0 0 0 15.6 0
17.2 0 0 0 0 0 0 0 23.6 1.2
1 12.8 0 0 0.4 0 4 9.6 4.6 16.6
0.4 29.6 22 18.4 11.8 0 0 0 10.8 0
0.2 0.2 57 49 50.8 66.6 12 3.2 42 0
1.6 0 0 5 0 2.6 3.2 0 1.6 0
10.2 5.8 32.4 29.6 3.6 18 14.8 5.2 36.2 0.2
0.2 0.2 0 0 7.8 0 0 3.6 0.8 0.4
1.2 0 0 0 0 0 2 0 13.8 0
0 0 0 0 0 0 13.8 0.2 0 0
0.2 4.4 6 12 0 2.8 19.2 0 0.4 0
0 0 0 0 0 0 18 0 0 0
0 30.6 59.6 20.8 51.4 81.8 0.4 0 13.6 3.8
11.8 96.6 26.6 20.4 11.6 0 0.2 18.6 15.6 4.6
0 35 3.6 0 30.4 9 0.2 0 10.6 0.2
0 0 62 6.2 49 21.6 0.2 0 21.8 5.2
0 0 0 0 0 0 8.8 0 0.2 0
0 0 0 0 0 0 13 0 0 0
0 0 0 0 0 0 14.8 0 0.2 0
0 0 0 0 0 0 20 0 0 0
0 0 0 0 0 0 0 0 7 0
0 0 0 0 0 0 10 0 0 0
0 0.8 0 11 8.2 0 0 0 0 0
0 1.6 7.4 9.2 36.2 30.6 0 0 0 0
0 0 0 0 0 0 12 0 0 0
9.4 0 0 0 0 0 0 0 15.6 0
0 0 0 0 0 0 16.2 0 3.4 1.4
0 0 2 0 5 0 0 0 0 0
0 0 0 0 0 0 5 0 0 0
7.8 0 0 0 10.4 6.8 0 0 6 0
0 0 0.8 0.2 0 0 0 0 0 0
0 31.4 26.8 6.4 31 11.4 3 0 0 0
0.4 0 0 0 0 0 3.6 0 1 0
17.2 0 2.2 0 0 6.8 0 0 54.6 0.2
0 26.6 17.4 4 0 0 9 0 0 0
0 0 0 0 0 0 16 0 0 0
0 0 0 0 0 0 6.4 7.8 0 33.8
1 22.6 0 0 0.2 0 2.6 2.6 0.4 4.6
7 0 27.6 0.4 11 24.4 0 0 0.6 0
11.4 1 1 0 0 12.4 16 0 0.2 0
0 0.2 0 0 0 0 5.2 0 7.6 0
0 27.6 4.8 9.2 31.2 0 0.2 6.2 4.8 9
30.8 0 0 0 0 0 0 0 0.2 0
9.4 0 0.2 0 31 21.2 0.8 6.4 0 0
0 2.8 0 0 9 0 7.2 6.4 0 2.6
28 0 0 0 0 0 0 0 1 0
0.2 0.2 0 4.8 6.4 18.6 3 14.4 8 2.4
16.2 0 0 0 0 0 0.2 0 13.6 0
0 0 0 0 56.4 4.8 0 19.4 7.4 0
0 0 0 0 0 0 19 0 0 0
0 0 0 0 0 0 3 0 0 0
0 0.2 24.8 15.2 17.2 7.4 0 0 2.2 0
0 0 5.8 3 0 15.8 0 0.2 0 0.2
0 0 0 0 0 0 12.8 0 0 0.2
0 3.8 25.2 22 43.8 0.2 2.2 20.6 0 0.2
0 0 0 0 8 0 1.6 0 13.4 0
0 9 0.2 0.2 30.2 6.6 0.6 5.4 0.6 0.2
0 0 0 0.2 0 10 0 0 4.8 0
0 0 3 0 8.4 13.6 0 0 0 0
2.8 30.2 0 0.8 0.2 0 7.8 0 19 1.2
9.2 0 0 0 0 0 0 0 12.8 0
0 0 0 0 0 0 17 0 0 0
13.8 1 0.4 0 6.6 12.2 0 0 20 0
3 0 0 0 0 0 0 0 0 0
0 0 0 0 0 0 9.6 0 0 0.4
0 0 0 0 0 0 7 0 0 0
0.2 0 0 0 0 0 6.8 0 0 0
7.2 0 0 0 0 0 0 0 0.8 0
1.4 0 1 0 0 0 0.4 6.6 0 1.6
2 0 0 0 0 0.6 0.2 0.2 0.2 4.8
0 0 0 0 10.6 7.6 0 0 14.8 0
0 0 0 0 0 0 14 0 0 0
1.6 20.8 4.4 7 0.2 9 0 0 0 0
0 0 0 0 0 0 0 0 2 0
0 0 0 0 0 0 3.6 0 0 0.4
0 0 0 0 13 3 0 4 0 0
0 0 9 2 0 3 0 0 0 0
2.4 0.6 0 0 6 0 0 0 0 0
0 0 0 0 0 0 2.8 0 0.2 4
0 0 0 0 0 0 3 0 0 0
0 10 0 0 0 0 0 0 0 0
0 0 0 0 0 0 4 0 0 0
0 0 0 0 0 0 0 3 0 0
