19 92.4 39.4 47.4 166.4 0 5 40 70.4 5
0 0.2 29.2 0 0 0 1.8 9 0 37.8
0 4.2 0 0 0 0 24 0 0 38.8
0.2 6.4 0 0.2 3 0 14.6 1.2 0 17.4
21.4 14.2 0 62.6 104.2 16.6 3.4 0 11.6 0
53 56.2 43.2 0 4 155 0.8 12.6 47.6 0.6
131 0 7.2 121.6 162.8 243.8 24.4 13.4 54 9.8
0 51 0 0.4 29.2 16.6 7 0 0 11.8
0 0 0 0 0 20.4 0 10.4 0 13.2
57 93 31.8 7.2 1 127 0 0 48.4 8.6
53.2 0 22.4 61 45.8 7.8 0.2 4.8 42 18.8
0.2 47 12.4 43.2 0 0 0 0 9 5.2
110 54.6 41.2 136.6 128.6 95.4 47.2 10.4 75.6 90.4
35.8 66 58.8 0 0.2 14.6 0 8.8 43.6 0.2
0.2 0 93 0 0 0 2.2 1.6 0 20
48.6 85 0 51.2 60.6 53.8 6.8 0 0 0
0 0 24.8 0 0 0 0.2 0 0 0
68.2 23.2 25 40.2 0.2 177.4 0 0 114.8 0
0 13 0 0.2 0 3.6 1.6 3.2 6.2 7.2
0 30.8 0 6.6 0 0 0 25.6 0 0
31.4 0 38.2 0 67.2 0 27.4 42 0 18.8
8.6 21.6 0 46.4 82.2 22.6 9.4 6.8 0 0.4
1 64 0.6 13 26 57.4 0.4 11.4 50.2 5
0 35.6 43.4 0 0 10.8 5.8 9.8 8.6 0
0.6 44 27.6 5.4 0.2 49.6 0.2 12 10.4 0
0 0 65.4 0 0 0 9.8 38.8 0 9
0 0 15.8 0.2 0 0 0 32 0 0
10.8 64.4 1.2 1.4 49 2.6 14.4 8 0 0.2
0 3.8 0 0 0 0.2 25.8 0 8 19.2
0 12.8 0.6 7.8 0.4 3 17.2 16.4 0 8.8
11.8 0 0 0 0 23.6 0.2 0 4 11.4
0 0 17.2 0 0 0 3.4 37.4 0 0
0 0 0 0 0 0 38 0 0 0
0 0 0 0 0 0 14 0 0 29
0 0 0 0 0 0 16.6 0 0 7.4
0 0 0 0 0 0 12.2 0 0 27.8
0 0 0 0 71 0 9 0 0 0
3.6 3.6 0 120.6 43.4 22.4 9.6 0.8 0 0
0 0 0 0 0 0 0 0 0 33
0 0 0 0 0 0 9 0 0 32
0 54.6 0 0 0.2 2 11.4 0 4.6 1.2
34.4 36.8 25.6 185 63.4 10.8 0 0.2 6.8 0
0 59.8 50.2 145.2 30.4 24.4 14.2 9.8 41.8 32.2
37.4 62.8 7 76.4 49.6 0.6 4.2 22 0 0
0.2 0.2 27.8 0.2 0 0.2 3 40.4 0 0
0 0 0 0 0 0.2 17.6 16.4 0 30.8
0 0 0 0 0 0 3.6 0 0 30.4
15.6 7 0 0 0 73.2 16.4 0 0 14.8
41.4 28.8 29.2 47.4 58.6 0.2 3.6 16.2 23.6 36
0 0 10.2 0 0 0 0 28.8 0 0
0 7.4 0 0.2 0 11.6 0 2.8 0 0
4.8 1.4 40.4 4.4 0 10.6 0 19.2 6.2 0
0 4 12.8 0 0 11.2 0 14.8 0.2 0
0 0 32.8 0.2 0 0 12.6 79.6 0 14.8
0 0 0 0 15.6 0 1.4 14 0 0
8.8 47.6 0.8 123.6 146.4 0 0 9.2 8.6 0
0 7.6 61.4 28.4 1.6 8.8 19.2 47.8 0 0.2
30.6 85.2 21.8 0 0 22.6 0.6 43.8 55.8 20.6
123 50.8 66.4 113 131.2 53.4 0.2 9.6 90.4 0
99.2 11.4 0.6 40.6 16 156.6 1 0 32.6 0
0 0 0 0 0 0 21.6 0 0 6.4
17.8 121.6 24 34.4 36.8 1.2 2.2 50.8 64.8 4.4
0 0 80.6 0.2 0 0 11 39.4 0 15.8
0 93.8 3.8 46.8 77.8 46.4 6 0 40.4 10
0 64.8 2 0 0 32 3.6 13.2 8.2 0.2
0 0 26.8 0 0 0 2.4 28.8 0 0
0 4.8 17.2 0 5 0 0 45 0 0
0 5.2 33.6 0 0 1.8 0 5.4 0 0
2.4 37.2 18.8 0 0 0 0 25.2 0 24.4
21.2 18.2 0 50.8 40 48.8 6.4 6.6 0 0
1 34.2 2.6 0 0 0.2 0.2 2 14.6 5.2
20.8 71.4 9.6 0 58.8 69.2 0 0 18.2 0
24.8 89.2 0 1 0.4 0 1 0 5.6 0
0.2 0 36.6 0.2 0 0 0.2 8 0.2 17.6
0 0 44 0.2 2.2 9.6 0 62.8 0.2 0
14.4 81 4 0 2.4 0.2 3.4 9.6 13.8 7.2
0 83 8.2 0 0 31.8 0 0 2 0
0 0 15 0 0 0 0.2 4.6 0 4.2
0 0 33.8 0 0 0 0 41.2 0 31.8
0.4 31.8 0 0.2 0 1.4 0 0 14 6.2
0 15.4 33.6 4 0 0 0 31 0 0
37.8 24.6 46 22 0 83 7 17.2 8 1.4
5 0.4 13.6 168.6 37.4 5.6 11.6 15.6 7 0.2
0.2 19.4 42.8 0 8.8 8.8 13.8 0 6.8 0.4
112.6 1.2 21.4 47.6 25.6 104.8 6.2 7.8 112.2 15.6
0 0 0 0 0 0 12.2 0 0 28.8
34.2 15.8 6.2 102.2 159.8 37 0 8.6 6 3.2
0 0 0 0 0 0 6 0 0 32
11.8 0 40.8 1 0 0 0 25 62.4 0
76.8 79.8 43.8 20.4 14 157.8 15.6 5 97.4 59.2
0 2 0 0 12 117.4 36.4 0 4.4 13.8
29.8 112.4 35.2 119.8 154.6 0 12 81.6 53.2 1.4
0 0 35.2 0 0 0 0 4.8 0 0
104.2 94.8 31.2 111.8 189 3.2 5.2 40.6 62.8 11.2
24.6 42 20.6 126.6 102.4 51.6 12.2 0.2 22.8 0
36.8 64.8 0.2 0.4 6.8 4.2 0 0.2 6.6 0
28.6 64.2 0 0 0 30 0 0.2 0 0
13 0 0 0 0 8 0 0 8 6
0 63.8 24 21.2 15 0 33.4 84.6 1.4 9.6
0 0 0 0 0 0 11.2 0 0 63.8
0 0 39.2 0.2 0 0 5 35.6 0 0
32 0 0.8 62.4 124.6 0 27 22 0.2 9
0 23.8 20.2 0 0 0 0.2 9.8 0 0
0 0 50.8 0 0 0 3.4 30.6 0.2 35
0 0 0 0 0 0 0.2 0 0 24.8
0 34.6 8.8 29.4 0 11.8 1 0 51.2 0.2
0 0 0 0 0 0 0.4 0.2 0 29.4
0 0 48.2 0.2 0 0 0 11.6 0 0
0 48 48.8 80.2 110 11 0 38 0 0
0 0 0 40.8 74.8 3.6 24 0 1.4 7.4
0 0 0 0 0 0 0.2 0 0 42.8
0 0 0 0 0 0 19.8 0 0 56.2
0.2 0 22.4 0 6 0 20 6.4 0 17
14 36.6 0 0 0 20 0 0 0 4.4
19 80.6 11.6 0 11.4 9.4 0 18.2 8.4 5.4
0 16.2 0.2 9 0 24.4 19 21.4 10.6 60.2
0 52 10.6 21 0 0 24.6 85.4 0 9.4
25.2 26 0 0 51.2 18.6 5 10 0 0
15.8 11.4 70.6 23.4 47.2 23 1 63.8 49.8 29
0 0 36.4 0 0 0 0 6.6 0 0
0 19.2 35.8 0 0.2 1.8 0 7.4 33.6 0
19.4 13.2 0 0.4 10.8 23.6 0 0 40.6 0
18 0 4.8 0 0 46.6 0 0 24.6 0
1.4 12.2 0 0 16.2 0 0 0.2 5 0
13.8 21.6 8 94.8 42 105.8 0 5.6 19.6 4.8
0 0 0 0 0 0 33.4 0 0 40.6
0 0 0 0 23.4 0 23.6 0 0 2
8.4 42.4 24.4 110.6 9.4 61.4 5.8 0 42.4 4
0 0 0 0 0 0 2 0 0 33
14.2 61.8 46.8 199.2 213.6 0.4 43.2 70.4 0.2 31.2
0 0 41.4 0 0 0 0 0 6 15.6
1.2 2.8 0.2 0 0 0.2 0 0 15.6 0
0 0 0 0 0 0 17.8 0 0 6.2
0 0 5.4 0.4 0 0 36 0 0 6.2
36 0 7.8 0 60.6 0.4 7.8 2.6 0 1.8
0 13.4 27.4 0 2.8 0 0 12.2 4.8 0.4
0 33.6 0 1.2 0.6 0 15.4 52.6 0 1.6
42.8 7.8 15.2 0.2 0 24.4 0 3.8 7.8 0
0 0 12.4 0 0 0 0.4 9.8 0 14.4
0 0 0 0 0 0 9.6 0 0 26.4
0 0 67.2 0 0 0 24.4 49.8 0 1.6
5.8 20.6 0 0 0.8 0 9.4 0 0 7.4
0 0 0 0 0 0 8.8 0 0 13.2
13.8 95.4 47 35 17.6 2 4.2 27 92 27
18 24.8 52.8 56.8 154.2 0 18 33.4 13.2 68.8
0 0 0 0 0 0 0 0 0 35
0 0 0 0 0 0 0 0 0 41
21.8 51.4 3.8 25.8 0.6 0.2 0 6 18.4 0
0 0 0 0 0 0 0 0 0 29
0 0.4 28.8 0 0 0 0 55.8 0 0
90.4 47.8 29.6 87.6 19.6 157.6 6.4 0.2 102.8 7
0 0 42.4 47.8 38.8 18.6 0 0.2 0 10.2
0 14 0.8 0.2 6.2 0 6.6 0 0.2 0
15.2 28.6 0.6 0 0 29 0 0 8.2 13.4
0 0 0 0 0 0 13 0 0 16
10.6 44.6 1 0 0 8.4 0 0 5.2 0.2
0 0 40.2 0 0 0 6 46.8 0 0
32.8 32.6 26.4 5.2 121 8.8 0 21.4 29.8 0
0 0 53 11.6 0 0 35.6 30.8 0 1
47.4 21.2 11 4.2 27.8 13.4 2 53.8 19.2 0
3 29.6 9.8 0 0 10.4 0 0 5.6 3.6
4.2 4 0.2 0 16.4 0.2 0 59 0 0
0 27.8 0 0 0 0.2 0.2 0 0 7.8
0 0 43.8 0 0.2 0 38 31.8 0 12
0 14 0 11 0 0 17.6 0.2 5.2 0
0 0 0 0 0 0 36.8 0 0 1.2
6.8 0 3.8 8.8 5.2 34.2 0 6.2 19 0
0 0 73.2 0 0 0 6.2 36.6 0 0
0 0 0 0 0 42 8.2 0 0 5.8
0 0 0 0 0 0 12.6 0 0 15.4
0 0 0 0 0 0 0 0 0 32
11.4 0 4 0 0 34 0 0 9.6 0
0 0 0 0 0 0 41.4 0 0 26.6
1.2 0.4 78.2 91 34.8 11.4 0 11.6 0 40.4
2 19.4 0 11.2 0 21.4 0 0 0 0
0 0 14.4 0 0 0 13.4 20.4 0 31.8
0 109 0 0 14 0.4 20.6 0.2 16.8 20
16.4 74 75.6 58.8 66.8 56.2 39.6 37.8 1 9.8
0 0 0 0 0 0 0.2 0 0 60.8
0 41.4 0 11 21.6 1.2 0 0 41.8 0
4 1 125.4 0.2 7.8 0 38.2 80.4 3 53
0 17.2 20.2 0 0 0 0 12.6 0 0
0 0.2 0 11.6 33.8 9.4 7.2 11.6 0 0.2
53.4 45.2 66.6 37.8 39.2 62.4 3.8 14 97.4 5.2
0.2 26.4 19.6 0 4.2 10 0 0 40.6 0
0 0 47.8 34.2 41 0 2.2 9.2 0 19.6
7.2 15.4 0 3.4 0 27.6 0 0 31.4 0
10.8 54.8 14.2 40.8 29.4 38 2.8 3 0 2.2
33.8 45.2 66.4 0 0.8 107.4 0 4.6 44.2 9.6
0 0 19.4 0 0 0 17.2 22.6 0 14.8
0 0 0 0 0 0 3.8 0 5 49.2
0 0 23.6 0 0 0 4 14.6 0 11.8
0.6 0 24.6 53.2 40.8 16.2 12.6 8.2 0.2 26.6
76.8 47.6 14.8 72 90.8 71.6 2.6 0.2 50 0.6
12.4 23.2 7.2 10.6 19.6 0.4 16.8 37 16.8 14
14.4 8 0 26.4 0 1 0 0 9.8 13.4
4.2 0 0 0 121.8 25 29.8 0 0.2 47
19.6 81.8 2.4 21.4 57.4 30.8 0.6 15.2 18.8 0
0 0 35.2 0 0 0 6.4 0 0 16.4
0.2 0.4 45.8 151 151.6 42.2 22.6 3.8 5.4 0
99.8 57.6 25 22.4 109.8 11.4 21 31.6 70 45.4
0 0 3.6 0 0 15.4 0 0 0 0
0 0 9.4 0 0 0 16 43.6 0 6
0 0 0 0 0 14.6 4.8 0 19.2 37.4
0 0 0 0 0 0 23.2 0 0 11.8
0 0 0 0 0 0 29.8 0 0 47.2
3.2 98.2 54.2 7.4 52 14.4 26 19.4 38.8 1.4
26.4 9.4 0 16.4 0 22.6 0 0 9.2 0
0 4.8 8.4 0 0.2 0 5.4 0.6 0 31.6
40.2 39.6 10 86.8 24.4 48.4 7.6 0 0 0
0 0 0.2 0 0 14.2 2 13.8 0 16.8
1.2 0 0 0 0 21 0 0 0 3.8
13.4 107 39.6 0 19.6 34.2 7.8 15 12.4 0
29.2 84.8 31.2 0.2 0 3.8 0 20.8 54.2 30.8
0.4 66.2 0 24.2 26.8 34.2 0 0 2.2 4
0 96 14 16.2 38.6 0 0 36.2 10 0
0.2 7.8 0 0 87.4 0 2.4 14.2 0 0
29.8 17.2 6.8 0 16.8 0 0 1.4 0 0
0.8 19 3.6 0 2.2 1.4 0 0 0 11
0 0 0 0 0 0 6 4.6 0 34.4
5.4 56.4 4.6 20.6 77.2 0 0.2 51 3 9.6
13.8 31.4 50 167.4 210 0 6.4 36.2 0 18.8
0 13.2 59.6 37.2 3.6 1.2 14.6 19.2 0 3.4
8.2 18.4 19.8 40 54.6 12 33 3 28.8 6.2
0 0.2 10.8 1 0 38 0 0 0 0
0 36.8 7.4 0 0 0 2 15.2 5.6 10
0 0 42.2 0 0 0 0 39.8 0 0
0 19.6 0 0 0 6.8 0 0 0 19.6
0 0 0 0 0 0 7.2 0 0 27.8
6.2 65.4 0 73.6 0.6 57.2 0 7.4 0.4 7.2
0 0.2 24 0 0.2 0 0.4 16.2 0 0
9.6 96.2 0 0 0.2 20.4 0 0 39.2 14.4
15 49 0.8 8.4 8.6 48 0 12.4 33.6 6.2
113.4 29.6 40.6 85.2 40.2 209.6 15.4 5 69.4 20.6
0 41.4 5 0.6 10.8 77.2 4.8 0 36.4 14.8
14.2 0 20 51 2.2 50 12 18.6 28 0
32 20.2 0 0 0 35 0 0 0.8 0
0 0 26.6 0 0 0 0.6 22.8 0 0
90.8 59 0 0 0 88.6 0 0 54.4 23.2
0 0 0 0 0 0 16.6 0 0 19.4
0 0 0 0 0 0 8.6 0 0 30.4
0 0 27 0 0 0 0 0 0 15
5 17.4 22.2 0.4 0 28.2 0 3 54.6 4.2
22 72 96.6 81.6 108.4 0 0 0 42.8 11.6
0 0 0 16.6 0 0 0 12.4 0 0
16 0 6 54.6 105.6 0 15.8 33.8 11.2 0
0 10.2 7.6 0.8 0 0 0.6 9.8 5.4 10.6
19.2 65.6 0 0 0 0 5.8 42.4 0 0
0 106 24 0 50.2 0 10 50 47.8 0
0 82.6 38.2 32.4 6 11.8 26.2 14.4 1.4 0
0 29.2 24.8 7 0 22.6 0.2 44.2 0 0
0 0 28.6 0 0 0 0.2 13.8 0.2 0.2
5 85.4 0.6 18.8 9.8 29.4 9.4 6.6 0 0
12.6 11.6 0 69.8 45 68.6 9.4 0 0 0
13.4 0 0 0 37.8 0 20.2 25.6 0 0
6.4 0 76.4 106.2 117.2 8.2 4.4 23.8 11.6 3.8
0 0 34.8 0 0 0 6.4 1.2 39 16.6
0 0 0 0 0 0 35 0 0 22
0 45.2 0.2 0 0 0 0 17.6 0 12
0 0 0 0 0 0 22.4 0 0 24.6
0 0 0 0 0 0 40.6 13.6 0 15.8
6.4 46.6 33.4 66.4 37 0 4.4 0.6 34 15.2
8.8 43 0 32.6 0.2 139.4 15.2 0 6.4 9.4
56.6 38.6 0 19.4 37.6 20.6 1 1.4 60.6 6.2
0 0 43.4 0 0 0 7.8 14.6 0 0.2
0 0 16 0 0 0 0 0 0 8
32.2 67.6 0 38 105.6 0 0 47.8 13.8 0
31.4 69.8 11.2 72 136.2 21.8 8.6 51.6 37 0.4
134.2 45.8 3 32.4 36.6 97.2 0 28.4 97.4 21
9 0 34.6 53 80 0 6.4 25.2 71 9.8
46.8 42.4 52.8 73 9.4 96.4 0 0 62.2 35
6.8 65.8 0 0 0 0 2.8 0 9.6 0
0 0 0 0 0 0 0 0 0 38
0 17.6 84.8 7.8 0 11 9.6 0 0.2 0
0 8.8 0.6 67 40.4 23 9 0 0 0.2
53.6 120.2 10.2 145 285.6 15.6 21 71 50.2 45.6
0 0.2 63.6 0 0 0 3.2 24.6 0 5.4
8.4 15.6 0.2 0 0 0 0 0 0 23.8
69 34.4 27.6 127.8 215.2 17.6 4.8 86.8 57.6 0.2
17.4 0 29.2 117.8 128.4 23 13.8 10.8 31 14.6
0 0 0 0 0 0 24.8 0 0 2.2
0 0 0 0 0 0 19.8 0 0 23.2
3.2 32.8 11.4 21 0 12.6 0 13.8 10.2 0
0 0 0 0 0 0 12.8 0 0 53.2
4.6 15.2 7.6 0 0 0 13.2 12.6 0 11.8
3.8 49.4 26.4 128.6 81.6 0.4 23.4 29 72 48.4
19.8 39.6 2 0 0 0 1.4 61.6 0 22.6
0 69.8 22.4 5.2 0 7 0.2 0 0 26.4
0 0 15 0 4.2 0 0 25.8 0 0
0 0 10.4 118.8 54.2 42.8 0 6.6 0.2 0
33.8 18.2 2.6 135.6 190.2 0 5.4 50 9.2 3
36 69.4 43.2 0 8.4 102 7 26 0 0
115.6 52.2 29.8 63.8 125.8 61.6 10.4 20.4 24.2 6.2
0 0 42.2 0 0 14.6 36.4 92 0 40.8
31 24.2 0 124.4 94.4 77.8 4 0 46.2 0
12.6 61 74 0 0 60.6 0 26.4 39.6 24.8
9.6 99.2 46.2 41.8 22.4 24.4 5.4 39.6 33 21.4
27.2 41.6 0 61.6 0 32.6 4 12.2 0.2 5.6
47 60 39.8 48.4 18.4 62.6 3.4 9.4 106.2 34.8
0 0.4 0.8 0 0 0 23 5.8 0 0
17.6 59.4 11.8 104.8 136.6 65.6 7.2 19 1.8 4.2
0 0 0 0 0 0 19.4 0 0 6.6
93.8 73.2 50 117 197.6 17.8 18.8 71.6 44 16.2
0 0 11.4 0 0 0 15.6 6.6 0 9.4
42.2 118 1.2 0.2 14.8 25.8 0.6 22.6 83 20.6
0 0 48.8 0 0 0 0 6.4 0.2 15.6
11.8 80.6 0 23.2 53 21.2 0.2 0 28.4 8.6
139 9.6 38.6 66.6 104.4 152.4 2.4 22.8 120.2 0
0 0 0 0 0 0 9.8 0 0 18.2
0 0 29.6 0 0 0 0.2 18.4 0.8 20
56.4 25.4 0 129.6 127 145 22.2 0 41.4 13
75.2 52.4 0 0 5.4 188.2 0 0 72.8 0
40.6 25.8 0.6 69.6 82.2 157.4 3 4.6 0.2 0
0 26 60.4 166.6 69.2 0 16.2 28.4 6 11.2
39.2 92 0 0 6.8 0 0 0.6 16 15.4
5.8 34.4 0 0 0 20.6 1 4.2 43 6
0 0 0 0 0 0 24.8 0 0 10.2
40.8 27.4 20.8 80.2 8.6 62 0 5.8 25.8 19.6
0 0 0 0 4 0 18.4 0 0 5.6
0 0 22 67.8 131.2 0 12.2 44.8 0 0
15.8 0 14 0.4 0 116.4 0 0 45.4 0
29.4 50.4 0 0 0 8.4 0 0 0 10.8
0 58 41.8 0 0.2 13.4 14.2 27.8 0 6.6
0 0.2 20.6 0.6 0 0 20.2 17.6 0 3.8
93 0 8.8 10.4 5.8 90.8 0 0 7.8 12.4
46.6 29.2 0 29 78.8 74.4 0 0 0 0
67.2 98.2 2.2 18.2 32.8 49.4 11.4 20.4 54.8 12.4
19.4 15 40.2 37.6 111.2 97.8 16 7.4 21.6 28.6
0.2 27 28 0 0 0 6.6 7.2 9.8 20.2
2.2 16.8 12 159.6 40.2 52.2 0 0 0 0
35.4 30.6 2.8 0 0 18 0 3.4 11.4 7.4
0.2 21.6 32.2 61 88.6 0 31 44.6 0 0.8
0 10.2 0.6 16.2 0 0 10 0 0 10
64 56.2 43.4 0 29.6 30.4 5 44.4 101.4 27.6
0.2 0 0 0 0 0 17.4 0 0 13.4
0 20 23.2 39.2 25.8 0 0 20.8 0 0
0 0 0 0.6 11 7.4 0 21.2 8.8 0
22.4 0 0.2 0 0 82.8 1 0 20.4 4.2
81.2 86.4 10.8 29.8 36.8 65 0.2 17.6 38.2 9
0 0.2 0 29.4 0 42.4 0 0 0 0
0 0 0 0 0 0 17.4 0 0 18.6
39.2 78.4 59.8 13 0 6.4 0.2 33.6 14.4 1
22.6 66.8 33.2 4.4 26.6 77.2 0.2 14.8 73.2 0
19.4 67.6 65.2 12.4 17 28.2 3.4 20.6 28.6 31.6
0.6 41.8 100 75.2 14.8 16.8 4.2 12.6 46.6 42.4
0 3 10.6 28 98.2 17.2 18.2 0 13.8 0
0.2 91.6 0.2 68.6 35.8 0 14.6 60.8 3.2 0
0 0 73 0 5 0 12.2 18.8 0 0
0 0 26.2 0 0 0 0 7.4 3.4 0
17.2 9 0 0.6 0 22.8 0 0 0 12.4
0 0 0 0 0 0 22 0 0 37
8.6 32.8 0 0 5.4 0 0.2 0 0 0
0 0 0 0 0 0 1.6 0 0 13.4
40.8 10.8 12.6 0 0 84.2 0 19.8 113 25.8
0 0 0 0 0 0 4.4 0 0 19.6
0 0 0 0 0 0 15 0 0 19
0 0 54 0 0.2 0 17.4 31 0 0.4
3.6 0.2 0 0 0 10.2 0 0 11 4
0 0 5.4 0 0 0 13 29.6 0 0
3.4 54.8 0 0.2 0 16.4 0 0 37.6 17.6
41 55.8 14.4 10 0 3.2 0 0 35 4.6
0 0 0 0 0 0 12 0 0 13
37.2 52.6 0.8 27.4 104.2 5 3.2 31 20.4 23.2
0 0 6.4 0 0 0 3.4 0 0 12.2
0 0 55.2 0.2 0 0 3.6 3.4 0 5.6
34.4 0 0 0 31.6 0 5 0 0 0
13.2 0 0 0 40 0 13 30.6 0 0.2
3.4 4.2 0 0 24.4 0 0 6.4 0 3.6
0 9.4 0 0 0 0 9.8 0 0 0.8
20.8 19.6 0 0 0 21.2 0 5 4.4 0
5.8 30.8 0 0 12.2 0.2 0 0 0 0
14.6 6.8 0 0.2 45.8 0 0 9.2 0 21.4
13.4 32.6 7.2 101.6 62.8 34.8 0 1 36.6 0
1.4 29.6 66.4 46 89 0 17.2 13 0.4 0
7.8 0 0 0 23 0 4 0 5.2 0
0 5.2 26.8 0 0 0 0 0 0 0
11 3.8 0 0 7.8 0 15 0 0 11.4
31.8 34.6 46.6 137.8 68 6.6 2.4 6.2 22 29
52 7 0 51 49.6 70.2 5.8 0 0.4 0
11 52.6 0 10.2 19.6 14.8 7.2 0 35.6 0
27 14.2 6.8 11.2 0 33.2 0 0 47.6 2
0 5.2 18 5 0 13 4 11.2 10.6 0
25.4 0 21 0 0 23 0 0 11.6 0
0 0 0 0 0 0 7.4 0 0 16.6
36.8 48.6 4.6 5.6 19.6 63.4 0 36.2 20.8 17.4
0 0 0 0 0 0 0 15 0 0
73.6 38.8 7.8 17.8 76.8 25.8 3.2 31 40.4 6.8
0 0 0 0 23.2 0.2 8.2 0.6 0 11.8
52.4 0 0.8 41 15.8 93.2 0 7.4 44.4 0
0 0 11 0 0 0 18.4 9 0.2 5.4
24 36 1.8 5.4 0 16 6 0 9.8 0
19.8 9.2 16.4 0 0 11.6 15.4 16.6 18.8 11.2
22 1.2 32.4 164.2 112.4 17.6 31.8 21 22.6 17.6
0 2.6 11.4 29.8 54.8 0 0 0.4 0 0
0 19 12.4 0 6 0 3 0.2 0.4 5
0 0 7.6 0.6 0 0 24.6 22.2 0 0
16 5.6 0.2 0 0 17.2 4.8 13 8 6.2
17.8 39.6 0.4 38.2 0 62.8 0 0 6.2 2
4.8 43.4 29 51 56.4 0 7 3.2 9.2 0
0 0 0 0 0 0 13 0 0 4
0 0.2 19 15.6 0 66.8 2.6 0.6 20.2 0
0 17 25.4 0 0.2 5.6 0 9.8 0 0
0 0 9.8 0 0 0 0 3.2 0 0
0 0 0 0 0 0 14.6 0 0 11.4
44.6 28.8 8.8 63.2 78 14.2 0.6 1.8 19.4 9.6
68 52.8 0 1.2 0.8 76.6 0 22.8 33.8 0
20.6 28.6 0 30.4 33.2 11.2 0 6 0 0
0 0 0 0 0 0 10.6 0 0 3.4
29.8 37 0 0 0.4 51.4 2.6 0 14 19.8
0 0 0 0 0 0.2 4.6 0 0 9.2
0.4 23.2 0 8.4 0 0 0 0 0 0
0.6 32 0 0 9.2 8 0 0 5.2 0
0 0 24.2 0 0 0 0 1.2 0.2 10.4
0 0 5.8 0 0 0 4.2 0 0 0
0.6 7.8 0 0 0 0 1 0.6 0 0
9.4 27 45 58.4 68 22.4 10.6 19.2 7 23
11 31.2 8.4 31.2 82 16.2 0 18.6 6.4 0
0 0 0 0 0 0 0 0 0 15
0 0.2 0 0 0 13.8 0 0 0 0
0 0 7.6 0 0 0 0 0 0.4 7
11.4 13.4 2 0 0 0.2 0 0 2 0
15 0.2 14.2 0 11.6 0 0.6 21.4 0 0
0 0 13.6 0 0 0 6.4 0 0 29
5.4 0 7.6 0 0 0 3 0 0 0
0.4 0.4 0.2 0.2 38.2 11.8 12.4 15.4 0 0
33 0 0 0 0 22 0 0 0 0
0 0 0 0 0 0 11.8 0 0 19.2
0 0 0 0 0 0 12.8 0 0 14.2
0 38.2 8.2 18.2 23.6 36.2 0 13.8 35.4 4.4
8.8 0 0.2 0 0 4.2 0 0 3.8 0
0 0 0 0 0 0 8 0 0 4
0 0 34.4 0 0 0 0 8.6 0 0
0 9.6 0 0 0 0 0.2 0 0 6.2
0 0 7 0 0 0.4 2.6 0 0 0
11.2 20.8 0 14 37.8 0 0 14.8 6.4 4
16.4 0 0.2 36.6 18.8 0 0 0 0 0
7 0 3.8 17.6 10.4 13 0 0.2 40 0
0 0 16 0 0 0 0 0 0 0
0 0 11 0 0 0 0 0 0 0
0 0 0 0 0 0 0 0 0 14
5.6 0 3.4 3.6 44.2 0.2 0 0 0 0
0 0 0 0 0 0 0 5 0 8
0 9.6 0 0 0 0 0 8.4 0 5
0 0 0 0 0 0 3 0 0 0
0 2 11.8 7.2 13.2 0.2 3 8.4 0.2 0
0 0 0 0 0 0 4 0 0 5
0 0 14 0 0 0 0 0 15.4 0.6
0.4 20 14.2 47.2 42.6 43.8 0 0 7.2 5.6
0 0 0 0 0 0 15.8 0 0 3.2
17.6 0.2 0 0 0 6.2 0 0 5 0
0 6.8 3 2 4.2 0.2 0 8.6 0.2 0
5.4 0 0 12.8 0 15.6 0 0.2 0 0
0 0.6 0 4.2 0.4 7 0 5.8 0 0
0 5.4 0 0 2 0 1 0 2.6 0
17.8 0 0 3 6.2 0.2 0 0 4.8 0
0 3.6 0 0 0 4.4 0 0 4 0
0 0 2.8 0.2 0 0 0 0 0 0
0 0 1.2 0 0 0 0 0 1.8 0
0 0 0 0 0 0 5 0 0 0
