1	0 322.62 554.54 314.96 0 111.94 0 186.86 0 0.06
2	0 14.92 0 0 319.06 0 0 0 0 0
3	0 0 0 0 52.82 0 0 172.18 0 0.02
4	0.22 224.08 0 0 256.78 0 0 0 121.9 0
5	0 0 0 0 228 0 0 0 0 0.02
7	122.98 310.36 202.34 0 109.12 0 0 421.1 0 0.12
8	0.02 237.76 0 237.38 0 105.86 0 0 109.88 0.06
9	136.7 200.48 605.82 0 0 0 0 0 0 0
11	0.02 433.1 0 0 317.88 0 0 0 0 0
13	65.18 0 279.78 0 0 0 0 0 111.68 0.38
15	0 0 545.38 305.28 0 0 0 41.22 0 0.14
16	0 0 73.96 0 0.02 0 0 0 27.98 0
18	0 0 17.22 0.02 0 0 0 2.76 0 0
19	0.02 0 144.78 0 0 0 0 0 90.2 0
21	0 0 0 132.46 0 0.04 0 60.48 0 0.04
22	0.1 448.56 0 167.08 204.12 130.96 0.12 0 0 0.04
25	49.76 0 484 209.5 0 0 0 53.74 0 0
26	1.06 0 0 0 45.18 0 0 0 147.76 0.02
28	0.14 346.46 0 339.84 0 180.54 0 0 0 0
29	0 0 0 0 255 0 0 0 0 0
30	122 0 0 0 0 0 0 0 0 0
32	163.86 50.12 0 0 0 0 0 0 0 0.02
34	0 0 0 0 0 0 0 9 0 0
35	0 0 0 21 0 0 0 0 0 0
37	0 0 0 0 0 0 0 0 14 0
38	0 0 0 101.76 186.24 0 0 0 0 0
40	5.04 0 0 111.96 0 0 0 0 0 0
41	0 0 0 0 89 0 0 0 0 0
42	0.04 348.26 0 0 102.7 0 0 0 0 0
43	0 0 0 0 93 0 0 0 0 0
45	0 0 0 0 0 0 0 0 256 0.02
46	69.98 0 0 0 0 0 0 0 0 0
48	102.52 246.4 0 0 0 0 0 0 0 0.12
50	0.06 544.12 298.04 137.24 160.74 379.54 67.7 522.52 0 0
52	0 0 0 0 0 54.26 0 0 199.74 0
55	0 206.66 0 0 208.34 0 0 0 0 0
57	0.02 0 0 0 0 0 0 0 108.98 0
58	8.72 241.82 0 101.78 0 91.88 0 0 57.8 0
59	0 9.46 0 0 0.06 0 0 0 261.48 0
63	0.06 0 0 207.9 0 0 0 0 0 0.06
66	0 0 0 391.98 0 0 0 0 90 0
68	0 0 0 0 355 0 0 0 0 0
71	0 76.54 0 485.72 0 98.74 0 0 0 0
75	0 0 0 2.54 0 0 0 0 11.46 0
77	30.58 0 0 185.96 161.46 0 0 0 0 0.04
79	0.04 476.08 0 161.44 282.72 169.62 0 0.06 0 0
83	0 155.88 0 0 73.08 0 0 0 336.04 0
87	0 260.08 0 168.92 0 0 0 0 0 0
88	0.1 0 0 405.16 0 92.88 0 0 107.86 0.02
89	121.74 318.46 0 0 302.2 186.58 0 0 0 0
93	0 0 0 0 0 0 0 219.24 118.76 0
94	0.08 0 0 284.48 40.4 0 0 0 0 0.06
95	0.08 175.88 0 528 0 0 0 0 0 0.02
99	71.94 0 0 304.66 0 128.4 0 0 0 0
101	0 0 0 0 182 0 0 0 0 0
105	0 0 53.92 100.08 0 0 0 0 0 0
106	0 0 56.54 21.7 0 0 0 78.76 0 0
109	34.36 0 0 63.9 34.2 0 0 214.54 0 0
110	1.18 0 0.02 62.8 0 0 0 0 0 0
111	0.04 112.4 495.52 174.68 0 0 0 28 0.36 0
115	0 35.96 0 0 0 0 0 0 0 0.06
116	0.04 0 172.42 0 0 0 0 0 221.5 0.02
119	12.98 0 0.02 0 0 0 0 0 0 0
122	0 0 90.26 0 112.66 0 0 0 0 0.1
123	0 0 0 39.74 0 0 0 270.16 0 0.1
124	0.2 0 321.3 0 0 0 0 87.08 193.32 0.08
126	0.02 0 288.98 0 0 0 0 0 0 0.02
127	80.38 355.16 352.32 0 67.54 294 0 298.54 0 0.04
131	0.02 0 0 0 0 208.24 0 0 79.74 0
133	0 0 0 109.58 0 424.42 0 0 0 0
135	84.06 289.16 0 0 78.66 344.12 0 0 0 0
136	21.16 0 0 0 0 321.84 0 0 0 0.02
137	0.82 57.4 227.2 0.02 0 0 0 0 262.54 0
138	0 0 0 31 0 0 0 0 0 0
139	0 0 0 0 0 60.46 0 0 42.54 0
141	0 0 0 72.12 32.64 111.24 0 0 0 0
142	0.06 0 0 124.94 0 0 0 0 0 0
144	0.12 362.98 0 0 342 45.86 0 0 0 0.04
146	0 0 0 0 0 0 0 0 10.92 12.1
147	0.88 0 198.26 0 92.34 0 0 209.5 0 0
149	0 0.06 0 0 0 0 0 55.94 0 0
152	233 0 0 0 0 0 0 0 0 0
153	0.68 234.04 0 0 138.66 232.62 0 0 128.96 0.04
156	42.34 299.08 0 0 109.58 0 0 0 0 0
158	0 0 0 65.66 58.34 0 0 0 0 0
162	0 0 0 69.38 0 136.6 0 0 73.02 0
165	0 6.42 0 0 0 0 0 0 218.58 0
166	0.04 0 0 0 0 0 0 0 210.88 0.08
167	0 0 0 147.68 0.02 0 0 0 18.22 0.12
168	60.66 529.98 0 247.46 2.18 231.5 0 0 0 0.2
169	131.52 303.04 0 0 0 0 0 0 4.42 0.02
172	0.02 554.46 0 232.14 235.46 215.78 0 0 0 0.14
173	71.82 469.5 0 353.88 27.86 190.9 0 0 0 0.02
176	16.56 365.9 0 0 352.62 156.84 0 0 0 0.1
178	77.56 158.84 0 0 0 203.58 0 0 0 0.02
179	241.98 231.84 0 0 89.4 0 0 0 145.76 0
181	0.36 346.38 215.06 230.68 130.02 229.04 59.7 481.68 0 0.1
182	251.36 287.32 0 0 159.3 0 0 0 0 0
187	0.46 335.06 0 0 133.22 267.2 0 0 0 0.08
191	58.2 435.76 0 98.58 0 313.4 0 0 0 0.08
192	269.24 135.7 0 0 0 0 0 0 0 0.06
194	142.42 265.38 0 0 0 357.16 0 0 0 0.02
195	0.02 397.8 0 49.86 353.58 139.66 0 0 0 0.08
197	70.42 216.64 0 0 0 385.56 0 0 107.36 0
198	76 157.7 0 0 0 0 0 0 183.3 0
199	0 0 0 0 0 514.92 0 0 32.02 0.08
203	82.08 193.14 0 0 171.48 115.28 0 0 0 0
204	67.26 444.84 0 303.98 56.22 182.68 0 0 0 0.02
205	0.04 117.5 0.02 0 0 335.44 0 0 0 0
207	0 0 0 0 0 75.5 0 0 126.46 0.04
211	229.26 153.46 0 0 0 279.28 0 0 0 0.02
216	3.9 306.88 0 270.56 0 172.36 0 0 100.28 0
217	0.02 0 0 0 302.98 0 0 0 0 0
220	0.02 0 153.72 27.26 0 0 0 0 0 0.02
223	0.78 268.42 0 0 0 0 0 0 186.78 0
231	0 0 0 60.58 243.38 0 0 0 0 0.04
234	90.06 254.04 0 0 329.62 146.24 0 0 0 0.04
237	0.02 190.38 717.48 237.12 0 0 0 0 0 0
238	223.44 408.32 0 0 72.36 0 0 0 91.88 0
239	0 123.12 0 0 307.82 0 0 0 0 0.08
240	0 0 0 98.28 9.98 0 0 246.72 0 0
244	0 0 113.48 0 0 0 0 0 0 15.52
245	0 0 131.08 0 0 0 331.1 0 0 146.84
246	0.02 17.78 0 0 0 0 0 297.38 62.8 0
247	0 0 0 6.98 0 0 0.78 0.14 0 0.1
249	0.02 0 0 0 0 0 0 331.98 0 0
251	0 56.2 0.04 0 0 0 0 0 29.24 59.52
256	0 0 0 0 0 0 0 0 39.34 11.68
257	0.14 0 240.8 219.76 0 0 0 489.28 0 0
261	0 0.06 0 0 0 0 85.94 0 0 0
263	0 0.02 0.02 0 0 0 2.6 0 0 27.4
268	0 112.5 0 0 0 0 0 157.22 76.02 423.24
269	0 0 127.8 0 0 0 0 0 196.1 664.1
270	0.98 0 0 0 0 0 154.04 0 0 260.98
271	23.1 0.02 0 0 55.78 0 300.08 73.48 0 118.52
10	0 0 97.42 0 0 30.68 0 0 154.9 0
14	0.8 0 324.18 0 0 0 0 0 221.02 0.02
100	109.98 458.64 666.2 0.2 0 148.32 0 225.18 0 14.46
242	0 0 0 0 0 0 0 0 97.64 278.38
255	0.22 0 295.3 61.44 0 0 0 111 0 0.08
258	1.88 299.28 222.66 0 0 0 543.7 154.58 0 314.86
272	0 0 0 0 0 57.44 0 0 0 594.54
273	0 131.54 164.9 0 84.78 0 0 270.74 0 0.04
274	0 0 301.94 234.04 0 0 0 0 0 0.02
275	0.14 0 523.66 0 0 133.44 0 0 205.76 0
276	74.68 160.58 519.22 0 0 0 0 103.5 0 0.02
277	0 0 137.86 0 0 40.14 0 0 0 0
278	0 0 104.78 46.22 0 0 0 0 0 0
282	0.02 0 414.26 162.1 0 0 0 141.58 0 0.1
283	0.06 0 343.42 0 0 0 0 0 223.4 0.08
284	0.02 0 327.84 115.64 0 0 0 65.48 0 0
285	0.02 0 367.52 0 0 0 0 0 205.06 0.44
286	41.64 116.16 397.28 0 0 64.8 0 0 87.14 705.96
287	0 0 218.84 0 0 0 0 0 0 0.16
288	0.12 102.8 100.98 0 157.78 0 493.02 270.04 0 222.24
289	0.02 0 178.76 0 0 0 246.1 0 0 197.14
291	0 0 123.12 0 24.66 0 0 189.2 0 0
293	0.02 0 102.28 0 0 0.08 0 391.56 0 0.1
294	0 0 254.78 205.9 0 0 645.42 75.12 0 65.74
295	0.18 0 34.4 0 0 0 0 166.42 0 0
296	0 0 10.52 0 0 0 0 0 0 9.5
300	0.08 0 217.48 0 0 65.38 791.28 4.86 0 207.92
302	123.76 96.18 0 0 0 0 0 0 0 804.06
304	0.2 0.06 0 0 0 0 227.42 0 26.7 176.6
305	0.02 0 0 0 0 0 0 0 0 242.98
306	0 0 0 0 0 0 0 0 65.16 231.84
309	0 0 0 0 0 0 49.48 0 0 14.52
310	0 0 0 0 0 0 103.8 0 0 341.2
311	0 0 0 0 0 0 0 0 0 239
260	0 0 0 1.18 0 0.1 252.6 0 0 11.12
303	0.02 0 0 0 0 0 0 0 32.54 376.44
317	0 159.42 0 0 0 0 0 0 156.38 0.22
319	83.08 0 118.72 0 0 0 0 0 0 275.18
320	0.02 32.5 0 0 0 1.82 0 0 0 28.66
321	0 0 117.56 0 0 0 106.68 0 0.1 195.68
322	0.02 0 72.44 0 0 0 394.38 0 0 58.14
325	0 0 23.78 0 0 0 50.44 74.64 0 90.14
326	0.02 0 0 0 0 0 423.74 0 0 78.26
329	0 0 0 0 0 0 132.88 0 0 0.12
333	0.04 0 88.44 0 0 0 432.08 0 0 222.42
336	0 0 0 0 10 0 0 0 0 77
338	13.26 0 0 0 0 0 110.42 0 0 72.32
339	0 0 0 0 0 0 0 0 0 125
340	0 0 0 0 0 0 0 57.16 0 493.84
342	0 0 0 0 0 0 76.94 0 0 50.08
344	0 0 0 0 0 0 0 0 0 169.98
346	17.38 17.9 0 0 0 0 0 0 0 348.76
347	0 0 0 0 0 0 0 0 0 390.96
352	0 0 0 0 0 0 0 0.1 0 48.9
353	0 0 0 0 0 0 0 0 0 29
355	0 0 0 0 0 0 30.12 0 0 71.9
210	0.02 370.9 0 293.82 194.7 206.46 0 0 0 0.1
301	0.04 0 168.66 0 0 0 0 0 0 446.28
324	0 47.4 0 0 0 0 0 89.16 0 182.48
327	0 59.72 0 0 0 0 0 0 0 409.28
328	0.12 0 0 0 0 0 635.82 16.28 0 158.74
358	0.04 0 0 0 46.96 0 295 0 0 0
359	0 0 0 0 0 0 0 0 0 53
360	0 0 0 0 0 0 23.98 0 0 0.02
362	0 0 0 0 11.16 0 0 0 0 47.84
70	0 171.96 0 212.66 0 0 0 0 345.38 0
121	0.02 0 331.98 300 116.18 76.22 0 372.6 0 0
145	0 0 0 0 131 0 0 0 0 0.02
151	135.86 0 257.52 296.44 0 0.04 0 251.02 0 0.14
163	57.04 0 0 0 64.88 130.98 0 0 0 0.08
174	0.26 652.96 0 138.06 252.66 416.96 0 0 0 0.1
183	78.34 307.3 0 0 319.64 184.64 0 0 0 0.08
186	53.86 325.06 0 0 235.7 172.36 0 0 0 0
189	100.4 0 0 0 0 0 0 0 92.6 0
200	118.24 247.6 0 0 226.68 31.46 0 0 0 0.04
208	257.68 145.54 0 207.72 0 0 0 0 0 0.04
226	0 0 0 0 438.98 0 0 0 0.02 0
228	0 150.96 0 88.42 407.1 91.5 0 0 0 0.02
229	0 0 0 0 411 0 0 0 0 0
233	0 0 0 0 333.98 0 0 0 0 0.04
235	47.42 0 0 61.44 98.88 0 0 294.22 0 0.04
250	0.24 0 0 0 107.98 0 0 439.76 0 0
365	0.02 0 0 0 125.98 0 0 0 0 0
366	0 0 0 0 106 0 0 0 0 0.04
367	36.6 0 0 174.08 169.76 0 0 0 126.52 0
368	0 0 8 33 0 0 0 0 0 0
371	0 0 0 103.14 0 0.02 0 0 80.84 0
373	0 0 0 0 102 0 0 0 0 0
374	0 0 0 16 0 0 0 0 0 0
375	0 0 0 0 35 0 0 0 0 0
378	0.22 0 0 187.48 0 118.28 0 0 0 0.02
380	0 0 0 0 314.08 6.92 0 0 0 0
381	0 0 0 33.72 0 0 0 0 249.28 0
383	0 0 0 0 39.98 6.02 0 0 0 0
386	0 0 0.06 80.84 108.1 0 0 0 0 0
387	69.66 0 0 0 52.2 25.14 0 0 0 0
390	24 0 0 0 0 0 0 0 0 0
392	14.58 66.58 0 0 0 98.18 21.18 0 6.48 0
395	0 0 0 122 0 0 0 0 0 0
396	114 0 0 0 0 0 0 0 0 0.02
398	0 0.12 0 46.84 2.98 0 0.02 0 0 0.04
399	0 0 0 108.22 143.74 0 0 0 0 0.02
401	0 0 0 167 0 0 0 0 0 0
404	0.02 0 0 226.14 0 63.84 0 0 0 0
405	0 0 252.2 214.74 135.32 0 0 324.74 0 0
406	0 0 18.32 17.96 44.72 0 0 0 0 0
408	61.14 228.36 64.14 0 0 0 0 70.36 0 0
409	0.02 0 70.06 95.92 0 0 0 0 0 0
412	0 0 63.8 121.2 0 0 0 0 0 0
414	92.4 0 0 0 0 59.6 0 0 0 0
415	0 0 0 0 61 0 0 0 0 0
416	0 0 0 119.02 0 78.98 0 0 0 0
419	0.02 0 0 258.98 0 284.98 0 0 0 0.02
420	0 0 0 231.7 0 0 0 0 0.3 0
425	146.48 0 0 0 25.5 0 0 0 72.02 0.04
427	0.78 252.96 0 77.62 0 441.52 0 0 0 0.08
430	320 0 0 0 0 0 0 0 0 0
431	2.44 102.6 0 0 330.96 0 0 0 0 0
432	59.28 0 0 272.36 0 192.36 0 0 0 0
434	85.58 0 0 0 0 151.42 0 0 0 0
437	3 0 0 0 0 0 0 0 0 0
438	7 0 0 0 0 0 0 0 0 0
440	0 0 0 0.46 19.24 0 0 0 0 0.3
442	0 0 0 3.98 0 0 0 0 0 0.06
443	266.36 0 0 118.54 0 74.04 0 0 0 0.02
446	0 0 0 0 22 0 0 0 0 0.02
447	99.4 0 0 0 232.44 0 0 0 0 0.16
448	205.96 0 0 0 0 0 0 0 0 0.02
449	6.94 0 0 0 276.06 0 0 0 0 0
450	0 0 0 0 102.98 0 0 0 0 0.02
451	0.04 0 0 392.26 0 0 0 0 61.7 0
452	40.72 0 0 92.24 0 0 0 0 0 0.08
455	0.08 0 0 0 130.06 0 0 255.82 0 0
456	0 0 63.78 22.22 0 0 0 0 0 0
12	125.16 642.02 0 0 160.82 0 0 0 0 0
47	268.54 110.44 0 0 0 0 0 0 0 0.02
64	0.38 604.08 0 0 182.8 197.72 0 0 0 0.04
132	0.96 213.04 0 213.88 0 381.06 0 0 0 0.04
170	0.04 0 0 0 0 56.14 0 0 372.8 0.04
177	0.02 22.06 0 0 246.32 172.52 0 0 0 0.08
185	318.08 124.62 0 0 136.46 219.64 0.04 0 0 0.18
202	47.84 283.6 0 348.28 73.02 84.84 0 0 15.38 0
259	0 0 0 0 0 0 341.26 0 0 26.78
298	0.06 0 0 26.8 0 0 0 541.1 0 0
308	0 0 0 0 0 0 27.58 0 0 44.42
410	0.38 0 0 63.36 48.74 0 0 275.52 0 0
435	0.08 181.54 0 0 86.32 385.06 0 0 0 0
460	0 0 0 0 0 0 0 72 0 0
461	68.78 0 0 0 0 0 0 0.16 142.04 0.02
462	0 0 0 0 0 115.14 0 0 352.86 0
464	18.26 28.4 0 0 0 13.34 0 0 0 0
465	0.02 0 0 197.52 0 48.44 0 0 0.02 0
468	0.28 22.94 0 163.78 0 0 0 0 0 0
472	0 0 0 175.12 0 0 0 215.88 0 0
473	65.98 0 125.34 79.8 0 0 0 54.88 0 0.02
474	175.76 186.46 0 0 0 275.74 0 0 0 0.02
482	132.48 0 0 0 0 270.4 0 0 0 0.12
485	0 0 0 91.48 0 264.5 0 0 0 0.02
489	0.02 0 0 0 0 176.98 0 0 0 0
490	0 0 0 0 0 163 0 0 0 0
491	0.02 0 0 28.54 0 185.38 0 0 0 0.06
493	170 0 0 0 0 0 0 0 0 0
494	0.02 0 0 0 0 176.98 0 0 0 0
495	145.12 19.88 0 0 0 0 0 0 0 0.02
496	0.86 165.96 0 179.5 0 430.66 0 0 0 0
497	0 0 0 0 0 219 0 0 0 0.02
501	0 0 0 245.18 0 88.58 0 0 0.22 0
502	150.26 0 0 0 0 8.74 0 0 0 0
503	106 0 0 0 0 0 0 0 0 0.02
504	151.68 11.14 0 0 0 205.16 0 0 0 0
505	0 0 0 0 0 212.94 0 0 0 0.06
507	124.86 0 0 0 0 153.84 0 0 25.3 0
510	0 0 0 0 72.4 267.9 0 0 56.7 0
512	0.64 0 0 0 0 0 0 0 186.36 0.02
514	316.22 112.14 0 0 0 134.62 0 0 0 0
516	0 37.6 0 0 0 60.82 0 0 74.54 0.06
519	111.82 0 0 0 0 158.16 0 0 0 0.02
520	16.88 0 0 0 51 346.1 0 0 0 0
522	99.96 0 0 0 0 0 0 0 0 0.04
527	0.04 278.96 0 63.38 0 290.62 0 0 0 0
529	97.14 0 0 0 0 0 0 0 215.84 0.04
530	227.98 0 0 0 0 0 0 0 0 0.02
531	0 148.62 0 0 0 0 0 0 265.36 0
533	0 0 0 0 0 24.18 0 26.82 0 0
535	0 0 129.48 0 0 0 0 23.52 0 0
536	0 0 0 0 0 0 0 0 0 29
537	55.16 39 0 0 0 0 0 0.84 0 0
538	0 0 0 0 0 0 193.88 0 0.02 0.1
539	0 0 0 0 0 0 76.82 0 0 14.2
23	397.72 228.92 0 0 0 13.22 0 0 0 0.12
27	0.02 0 0 0 158.98 0 0 0 0 0
31	74.36 0 0.02 173.92 162.36 0 42.34 0 0 0
39	73.84 0 0 0 131.64 0 0 0 8.52 0
51	0 0 0 122.98 80.02 0 0 0 0 0.06
56	89.1 669.28 0 0 366.86 126.7 0 0 0 0
62	0 0 0 0 325.32 0 0 0 0 0.7
69	0.36 440.04 0 338.72 0 223.86 0 0 0 0
73	20.78 0 0 321.82 0.4 0 0 0 0 0
80	0 0 0 0 148 0 0 0 0 0
86	0 0 0 0 0 71.02 0 0 389.98 0
91	77.02 75.48 0 154.82 117.68 0 0 0 0 0.02
96	38.9 429.7 0 99.12 390.18 0 0 0 0 0.08
97	0.4 206.64 0 305.92 0 262.02 0 0 0 0.04
98	9.8 686.3 0.48 0 329.48 259.9 0 0 0 0.04
125	0.02 0 407.46 244.18 0 0 0 53.32 0 0
134	278.54 156.46 0.08 0 0 241.92 0 0 0 0
140	0 0 0 161 0 0 0 0 0 0
143	0 64.74 0 383.44 0 226.8 0 0 0 0.02
157	94.02 153.86 0 0 117.1 0 0 0 0 0.02
164	0 119.12 0 0 287.88 0 0 0 0 0.02
175	314.94 226.5 0 0 43.52 0 0 0 0 0.06
180	74.7 411.74 0 0 0 241.5 0 0 0 0.04
201	131.08 0 0 0 0 0 0 117.9 0 0
213	0 2.52 0 0 0 95.72 0 0 316.72 0.04
214	0 152.66 0 0 82.38 55.96 0 0 0 0
215	0.16 131.98 0 263.2 0 217.66 0 0 0 0
219	0 0 0 0 280 0 0 0 0 0
230	9 0 0 117.14 414.86 0 0 0 0 0
265	0.3 212.42 0 85.76 258.98 103.54 0 0 0 0
318	0.18 669.1 0 106.56 0 247.5 0 0 40.66 0
341	0 0 0 0 0 0 20.72 0.02 0 0.28
356	0 0 0 126.1 124.28 0 0 0 24.56 0.06
357	87.4 484.6 0 0 0 331.98 0 0 0 0
379	0 0 0 0 90 0 0 0 0 0
384	0.3 0 0 59.58 81.12 0 0 0 0 0
391	0 0 0 0 127.94 0 0 0 0 0.08
402	0 0 0 394.12 16.3 0.06 0 0 48.4 0.1
403	0 0 0 123.78 429.22 0 0 0 0 0
417	0 0 0 159.42 0 16.58 0 0 0 0
421	0 134.32 0 154.68 0 0 0 0 0 0
429	113.86 0 0 0 0 192.14 0 0 0 0.02
433	80.12 110.06 0 82.24 53.84 0 0.02 0 151.7 0
436	108.48 0 0 0 152.52 0 0 0 0 0
441	0.02 0 0 0 107.98 0 0 0 0 0
444	0 0 0 0 107 0 0 0 0 0
463	0 6.9 0 0 0 0 0 0 216.08 0.02
470	0 0 0 13.7 308.28 0 0 0 0 0.02
487	0.02 0 0 0 0 227.98 0 0 0 0.02
488	0 0 0 0 0 132.14 0 0 81.82 0.04
499	0.08 0 0 0 0 194.9 0 0 0 0.04
506	155.22 0 0 29.7 0 109 0 0 0 0.08
509	0 64.24 0 0 0 81.06 0 0 217.66 0
513	189.98 0 0 0 0 74.02 0 0 0 0
521	174.34 67.98 0 0 0 132.6 0 0 0 0.1
523	142.04 125.22 0 0 0 259.7 0 0 0 0.02
540	0.02 0 0 0 79.96 0 0 0 0 0.02
544	0 0 38.12 0 0 0 0 144.88 0 0
545	0 0 0 0 17 0 0 0 0 0.02
546	0 0 211.14 0 213.08 0 0 211.76 0 0
547	0.46 0 0 0 0.02 0 0 81.36 0 23.16
549	0 0.06 0 0 184.1 22.6 0 0 69.24 0
551	0 0 0 0 0 15.5 0 16.5 0 0
552	0 0 0 0 90 0 0 0 0 0
556	13.38 0 0 0 0 4.14 0 3.46 0 0.02
557	0 32.94 0 0 0 0 0 0 11.06 0
558	1.34 0 0 0 0 0 0.02 13.9 175.7 0.06
561	0 0.02 0 0 149.96 0 0 0 0 0
565	29.68 0 0 20.32 0 0 0 0 0 0.02
566	0.32 32.34 0 0 370.14 109.12 0.02 0 0 0.04
568	0 112.66 0 210.46 290.18 31.56 0 0 0 0.14
569	0 0 0 0 134 0 0 0 0 0
571	0 0 0 23.32 31.68 0 0 0 0 0
572	0 0 0 0 66 0 0 0 0 0
573	77 0 0 0 0 0 0 0 0 0
574	0 19 0 0 0 0 0 0 0 0
575	0.02 0 0 45.12 41.84 0 0 0 0 0.02
577	0 0 0 0 71 0 0 0 0 0
578	0 0 0 0 228 0 0 0 0 0
583	40.84 36.16 0 0 0 0 0 0 0 0
584	0 0 0 98.68 0 51.64 0 0 80.68 0
585	0 0 0 0 89 0 0 0 0 0
586	0 0 0 0 77 0 0 0 0 0
588	0.02 134.42 0 359.28 0 95.28 0 0 0 0
590	0 0 0 0 34 0 0 0 0 0
591	0.18 147.48 389.34 0 0 0 0 0 0 0
592	21 0 0 0 0 0 0 0 0 0
593	0 0 6.54 0 0 2.86 0 0.4 16.2 0
594	0 0.46 4.5 0 0 0 0 0 4.04 0.02
595	0 0 117.06 0 53.92 0 0 0 0 0
596	0 0 161.42 135 0 24.5 0 0 0 0.1
597	0.06 0 154.82 0 149.64 0 0 218.44 0 0.02
598	0 0 0.32 0 5.46 0 0.12 0.06 0 0.04
600	6 0 0 0 0 0 0 0 0 0
601	0 10.98 0 0 0 0 0 0 62.02 0
602	0 0 0 0 0 145 0 0 0 0.06
603	262.16 174.94 0 0 0 316.84 0 0 0 0
605	0 0 0 0 0 78 0 0 0 0
606	232.98 0 0 0 0 0.02 0 0 0 0
607	3.26 0 0 0 0 218.74 0 0 0 0
609	0.02 0 0 62.44 0 113.54 0 0 0 0
610	0 0 0 0 0 127 0 0 0 0
611	104.58 0 0 0 0 37.42 0 0 0 0
612	0 0 0 0 0 107 0 0 0 0
613	93 0 0 0 0 0 0 0 0 0
615	0 0 0 0 0 206 0 0 0 0
616	98.78 25.72 0 0 0 40.5 0 0 0 0
617	34.88 0 0 0 0 20.12 0 0 0 0
620	0 0 57.12 0 51.88 0 0 0 0 0
625	0 0 0 200.54 0 21.46 0 0 0 0
628	0.1 48.72 235.12 0.02 78.48 0 0 103.54 0 0.04
629	0.02 20.08 0 0 27.3 83.16 0 0 84.42 0
631	0.04 0 0 0 0 108.46 0 0 233.5 0
632	102.92 27.82 0 0 0 0 0 0 47.26 0
634	0 0 0 0 0 0 0 0 58 0
635	0 0 0 0 50.9 0.1 0 0 0 0
638	0 0 0 0 0 0 0 0 130 0
639	0 0 0 0 0 26.08 0 0 103.9 0.04
640	62.16 0 0 0 0 0 0 0 138.82 0
641	118 0 0 0 0 0 0 0 0 0
646	133 0 0 0 0 0 0 0 0 0
649	144 0 0 0 0 0 0 0 0 0
651	0.04 259.46 0 59.82 143.52 110.12 0 0 0 0.04
652	49.98 167.78 0 0.64 39.6 0 0 0 0 0
655	1.4 328.7 0 0 196.52 171.38 0 0 0 0
656	145 0 0 0 0 0 0 0 0 0.02
660	0.1 0 0 220.32 0 64.64 0 0 179.86 0.06
663	288.18 0 0 0 0 81.82 0 0 0 0
664	94.44 0 0 0 0 0 0 0 39.56 0
665	0 0 0 0 212.94 1.06 0 0 0 0
666	0 0 0 0 0 0 0 0 12 0.02
668	11.98 0 0 0 0 0 0 0 0 0
670	43.3 0 0 0 42.7 0 0 0 0 0
671	87.16 0 0 0 0 42.84 0 0 0 0
672	0 0 0 0 129 0 0 0 0 0
677	3 0 0 0 0 0 0 0 0 0
678	0 0 0 0 0 0 440.06 83.94 0 0
679	0.14 0 0 0 248.54 33.32 0 0 0 0
682	0 0 0 0 0 0 183.92 0 0 49.08
82	0.12 101.82 0 376.36 233.64 66.04 0 0 0 0.04
222	15.34 152 224.36 87.12 205.78 62.84 0 321.54 0 0.02
227	0 0 0 65.4 353.54 0 0 0 0 0.04
241	0 39.64 0 0 257.82 28.54 0 0 0 0
243	0 0 0 41.84 0 0 227.16 0 0 0
518	106.92 105.1 0 0 34.98 0 0 0 0 0
684	83.02 104.06 0 0 323.36 0.56 0 0 0 0
688	0.04 0 0 0 0 0 53.56 0 0 16.42
385	0 0 0 154.96 371.32 84.7 0 0 0 0.04
483	0.24 285.02 0 0 0 580.7 0 0 0 0
690	0 0 0 0 0 0 169.98 0 0 281.02
33	0 29.54 0 0 226.4 0 0 0 0 0.06
60	0 1.64 0 0 0 0 0 0 239.36 0
85	0.02 0 0 0 120.74 0 0 0 19.24 0
129	75.3 68.36 235.34 0 0 0 0 0 0 0
161	0.02 38.56 0 200.82 356.6 0 0 0 0 0
221	0 0 110.82 0 0 0 0 0 105.18 0
334	0 0 0 0 0 0 0 32.18 0 142.82
467	49 89 0 0 0 0 0 0 0 0
478	74.42 0 0 0 0 263.58 0 0 0 0
479	185.46 105.04 0 0 0 308.36 0 0 0 0.14
480	0.04 108.72 0 0 0 488.24 0 0 0 0.04
484	136.82 0.04 0 0 0 311.1 0 0 0 0
511	0.62 0 0 0 0 439.76 0 0 110.62 0
525	242.96 0 0 0 0 0 0 0 0 0.06
582	0.02 44.48 0 0 0 97.34 0 0 360.14 0
589	109.1 0.68 0 0 0 11.18 0 0 0.02 13.02
604	0 0 0 0 0 242.98 0 0 0 0.04
654	397.7 0.8 0 0 0 81.44 0 0 0 0.04
686	0 0 0 0 87.7 0 0 0 48.3 0
692	0 75.58 0 260.26 0 59.94 0 0 65.2 0.02
693	0.32 164.46 0 84.22 0 0 0 0 0 0
694	0 0 0 0 0 0 0 0 145 0
697	0 0.22 0 0 75.7 0 0 0 30.08 0
699	0.44 0 0 168.22 0 47.98 0 0 74.36 0
700	30 0 0 0 0 0 0 0 0 0
701	30 0 0 0 0 0 0 0 0 0
707	0 0 0 0 0 40.4 0 0 192.6 0
708	159.12 0 0 0 0 0 0 0 126.88 0
709	47.74 0 0 0 0 0 0 0.04 280.2 0.02
24	0.04 0 0 0 137.66 0 0 324.3 0 0
54	0 0 0 0 244 0 0 0 0 0
107	0 0 95.84 20.14 0 0 0 0 0 0.04
196	5.8 296.2 0 200.68 29.4 226.86 0 0 0 0.04
290	0.26 0 0 0 86.62 2.04 0 144.08 0 0
332	0.06 0 0 0 0 0 230.26 0 0 161.68
370	0 0 59.72 19.28 0 0 0 0 0 0
372	0 0 0 0 0 0 0 0 93 0
382	0 0 0 0 0 0 0 0 319 0.02
393	0 0 0 517.36 0 21.62 0 0 0 0
423	0.14 331.38 0 314.24 0 258.18 0 0 0 0.1
508	0.02 176.64 287.68 0 0 0 0 130.62 0 0
526	0 18.94 0 0 127.94 238.12 0 0 0 0.02
580	0 0 0 0 0 17.88 0 0 68.1 0.02
659	107.04 0 0 0 0 263.92 0 0 0 0.02
662	0 0 0 76.4 0 109.54 0 0 29.06 0
715	0 0 0 0 97.24 0 0 0 138.76 0
716	0 0 0 0 44.48 0 0 0 67.52 0
717	0 0 146.16 0 0 0 0 40.84 0 0
718	0 0 0 0 0 0 0 19.3 34.7 0
719	0 0 0 0 38.04 0 0 0 10.96 0
724	0 40.42 0 31.06 0 0 0 0 140.52 0
727	0 105.78 0 0.02 67.2 0 0 0 0 0
728	0 0 0 115 0 0 0 0 0 0
729	0.06 0 0 143.82 0 0 0 0 83.12 0
731	0 0 0 98.96 0.04 0 0 0 0 0
737	0 0 0 0 0 30.64 0 0.08 118.28 0
738	0 0 0 0 65.9 0 0 0 0.1 0
742	0 0 336.04 232.62 0 0 0 172.28 0 0.06
745	0 0 0 0 0 47 0 0 0 0
747	0 0 0 0 138.92 0 0 0 130.08 0
748	0 0 0 0 0 0 636.66 162.34 0 0
749	0 0 0 0 0 0 65.38 0 0.02 87.6
750	0 0 0 0 0 0.02 0 0 0 391.98
159	0 0 0 0 233.24 0 0 0 20.76 0
17	0 0 0 0 229 0 0 0 0 0.02
49	0.34 0 0 185.34 0 0 0 0 27.3 0
53	0 0 0 0 311.98 0 0 0 0 0.02
67	0 0 0 100.76 136.22 0 0 0 0 0.02
78	0 0 0 66 0 0 0 0 0 0
92	0 146.82 0 0 147.18 0 0 0 0 0
117	0.1 111.88 318.36 144.08 119.18 0 0 419.4 0 0
128	0 0 0 7 171 0 0 0 0 0
155	0 0 0 169.38 23.56 0 0 0 44.04 0.02
160	63.34 0 0 0 39.84 0 0 0 64.58 0.24
184	23.78 0 0 0 290.18 0 0 0 0 0.06
188	93.48 185.86 0 0 211.64 0 0 0 0 0
193	0 101.6 0 0 129.12 261.22 0 0 0 0.06
209	299.46 282.52 0 0 0 0 0 0 0 0.02
218	70.42 17.22 0 0 341.36 0 0 0 0 0
224	0 0 0 0 0 0 0 0 73.04 50.96
225	0.04 0 105.02 155.94 0 0 0 0 0 0
262	0.02 0 0 0 0.12 0 0 38.88 0 165.98
264	0 0 0 0 0 0 201.94 32.06 0 0
279	0 0 30.42 0 0 0 0 0 38.58 0
280	0 0 149.94 82.06 0 0 0 0 0 0
292	0 0 0 0 0 0 160.32 0 0 170.68
299	0.26 0.28 0 0 0 0 0 0 0 165.46
307	0.04 0 0 0 0 0 321.82 0 0 225.2
313	0.02 0 146.78 91.64 0 41.22 417.22 0.64 0 488.44
316	0 0 0 0 0 0 0 0 0 398.98
323	0.2 0 0 35.26 0 0 456.82 104.72 0 0
348	0 0 0 0 0 0 0 0 0 68
350	0 0 0 0 9.76 0 0 0 0 86.24
394	0 0 0 32.98 0 0 0 0.02 0 0
400	0 0 0 45 0 0 0 0 0 0.02
411	0 0 73.26 180.8 0 0 0 115.92 0 0
413	0 0 0 0 90.86 0 23.14 0 0 0
424	0.2 0 6.7 0 9.1 0 0 0 0 0
439	0.02 0 0 0 0 2.96 0 0 0.02 0
445	57 0 0 0 0 0 0 0 0 0
453	0 0 0 0 28 0 0 0 0 0.02
471	0 57.34 462.88 102.76 0 0 0 0 0 0.04
475	0 108.3 177.16 0 0 0 0 328.66 133.84 0
492	0 0 0 0 0 173 0 0 0 0
515	0 0 171.08 0 46.62 254.98 0 133.44 66.6 31.28
541	0 0 0 0 118 0 0 0 0 0
550	0.04 0 0 0 395.96 0 0 0 0 0
553	0 0 0 127.1 0 0 0 0 43.9 0
554	0 0 0 0 208.98 0 0 0 0 0.08
559	0 0 0 0 344.94 0 0 0 0 0
563	0 0 0 0 59 0 0 0 0 0
576	0.02 0 0 0 222.96 0 0 0 0 0.02
619	0 0 88.04 0 0 0 0 76.96 0 0
621	0 0 0 0 23.56 0 0.04 0 0 0.4
630	0 0 0 50.3 0 0 0 0 33.7 0
636	45.56 0 0 0 193.38 0 0 0 0 0.06
637	54.2 0 0 0 46.8 0 0 0 0 0
647	154.68 3.38 0 0 0 0 0 0.04 76.9 0
650	32.32 0 0 0 0 197.54 0 0 0 0.14
657	362.2 0 0 0 0 81.8 0 0 0 0
661	0 0 0 0 0 286 0 0 0 0
667	0 0 0 0 21 0 0 0 0 0
669	14 0 0 0 0 0 0 0 0 0
674	0 0 0 0 115 0 0 0 0 0
675	155 0 0 0 0 0 0 0 0 0
687	0 0 0 0 0 0 0 61.3 0 72.7
689	0 0 0 26.42 0 0 0 0 0 182.58
691	0 0 0 0 0 0 0 0 0 47
706	0.02 0 0 0 0 1.68 3.86 6.44 0 0
712	0 0 0 82.5 0 54.5 0 0 0 0
722	0 0 0 128 0 0 0 0 0 0
732	0 73.2 0 355.22 0 0 0 0 109.56 0.02
733	0 0 0 0 0 0 0 0 39 0
736	0 0 0 0 0 0 0 0 221 0
739	0 0 0 391.92 0 0 0 0 41.08 0
740	0.02 0 0 0 0 0 0 107.38 67.6 0
746	0.06 66.86 0.02 0 266.04 0 0 0 0 0.02
751	0.02 0 0 0 49.68 0 245.72 0 0 206.58
754	0.02 0 0 0 0 0 0 18.74 0 133.26
756	0 0 193.64 118.32 0 0 0 0 0 0.02
757	0 0 0 0 0.06 10.94 0 0 0 0
758	1.1 0 5.18 22.52 0 0 0 0 0 0.2
760	0 0 0 29.56 0 0 78.42 0 0 0.02
761	0 0 0 0 104 0 0 0 0 0
762	0.02 0 202.86 0 78.32 0 0 37.8 0 0
763	0 0 107.22 137.12 0 0 0 200.66 0 0
765	0.06 0 0 0 75.94 0 0 0 0 0
767	9.9 0 0 0 0 0 0.16 6.94 0 0
768	0 0 0 129 0 0 0 0 0 0
769	0 0 0 0 95 0 0 0 0 0.02
770	73.44 0 0 0 53 0 0 0 24.54 0.02
771	0 0 0 0 0 0 56.92 0 29.06 0
773	0 0 0 0 35 0 0 0 0 0
774	0 0.42 0 0 73.58 0 0 0 0 0
775	0 0 0 53 0 0 0 0 0 0
777	4 0 0 0 0 0 0 0 0 0.02
778	0 0 0 0 0 28.22 0 0 164.76 0
779	0 0 0 0 57 0 0 0 0 0
785	0 0 0 84.88 0 0 0 0 0 0.14
789	59.46 0.02 0 0 88.48 0.02 0 0 0 0
790	0 0 0 0 144 0 0 0 0 0
791	0 0 0 0 15 0 0 0 0 0
792	68.8 0 0 0 0 0 0 0 162.2 0
793	0 0 0.06 0 0 0 0 0 27.94 0
795	0 0 0 39.98 0 0 0 0 0 0.02
796	0 0 0 0 73.26 0 0 0 16.74 0
797	0 0 0 10.08 72.92 0 0 0 0 0
798	9.6 0 0.04 9.36 0 0 0 0 0 0
799	16 0 0 0 0 0 0 0 0 0
800	0 0 0 0 61 0 0 0 0 0
801	0 0 0 35 0 0 0 0 0 0
803	0 0 0 0 18 0 0 0 0 0
804	0 0 0 18 0 0 0 0 0 0
806	0 82.24 0 0 38.76 0 0 0 0 0
810	0.02 0 0 0 106.96 0 0 0 0 0.02
811	55 0 0 0 0 0 0 0 0 0
813	40.64 0 125.36 0 0 0 0 0 0 0
815	0.04 0 229.02 56.94 0 0 0 0 0 0
817	3.94 0 0 0 0 0 0 0.06 0 0
818	0 21.22 42.74 0 0 0 0 0 0 0.06
819	0 0 52.04 0.42 26.46 0.06 0 0 0 0
822	0 0 0 0 0 8 0 0 0 0
824	0 0 0 26.46 0 0 0 75.54 0 0
825	0 0 0 0 49.32 0 0 164.68 0 0
826	0 0.04 0 100.92 0 0 0 90.04 0 0
827	0 0 0 0 0 0 0 129 0 0
829	0 0 0 6.28 0 0 0 62.72 0 0
832	7.98 0 37.02 0 0 0 0 0 0 0
833	0 0 0 0 0 0 0.02 131.96 0 0.02
834	0.02 0 0 0 38.9 0 0 0 0.08 0
835	0 0 0 0 0 48 0 0 0 0
837	94 0 0 0 0 0 0 0 0 0
838	0 0 0 0 0 9 0 0 0 0
841	0.06 0 0 0 0 0.02 0 113.92 0 0
843	0 0 0 61 0 0 0 0 0 0
845	0.16 0 323.82 109.56 0 38.34 0 0 0 0.12
846	0.02 0 92.94 9.02 0 0 0.02 0 0 0
849	0.06 0 0 0 98.94 0 0 0 0 0
850	0 0 0 0 0 9 0 0 0 0
851	15 0 0 0 0 0 0 0 0 0
853	0 0 0 0 0 0 34 0 0 0
855	72.46 0 0 0 0 0 0 0 127.54 0
862	0 0 0 35.9 0 0 0 0 0 0.1
863	0.02 0 0 0 0 0 0 0 87.98 0
865	0 0 0 0 0 0 0 0 68 0
867	0 0 0 0.3 0 0 0 0 0 20.7
870	0 0 0 0 0 0 0 20 0 0
871	0 0 71.92 47.38 0 0 0 20.68 0 0.02
872	0 0 0 0 0 0 69.78 0 0 21.22
873	11.32 0 0 0 0 0 202.68 0 0 0
879	0 0 0 0 0 0 363.88 0 0 0.12
880	0 0 0 0 0 0 76.84 0 0 68.16
881	0 0 0 0 0 0 0 0 0 111
882	0 0 0 0 0 0 0 0 0 87
883	0 0 0 0 0 0 0 0 0 37
884	0 0 0 0 0 0 0 0 0 18
886	0 0 0 0 0 0 0 0 0 125
889	0 0 0 0 0 0 0 0 0 31
891	0 0 0 0.02 0 0 0 0 0 13.98
893	0 0 0 0 0 0 0 0 0 27
895	0.02 0 0 0 18.4 0 184.1 0.04 0.06 73.38
896	0 0 0 0 0 0 0 0 0 136
897	0 0 0 0 0 0 0 0 0 3
899	0 0 0 0 0 0 0 0 0 31
900	14.5 0 0 0 0 0 0 0 0.3 112.22
902	0 0 0 0 0 0 0 0 0 135.98
903	0 0 0 0 0 0 0 0 0 44
904	0 0 0 0 0.1 0 0 0.02 0 49.88
905	0 0 0 0 0 0 0 0 0 73
909	0 0 0 0 0 0 0 0 0 44
911	0 0 0 0 0 0 0 0 0.04 9.96
914	0 0 0 0 0 0 0 0 0 27
916	0 0 0 0 0 0 26.06 0 0 20.94
917	0 0 0 0 0 0 0 24 0 0
81	136.14 137.4 0 0 44.88 0 0 0 1.58 0
428	232.5 0 0 0 0 0 0 0 145.5 0
524	45.98 0 0 0 0 105.02 0 0 0 0
820	0 0 84.48 139.5 0 0 0 0 0 0.04
919	60.28 94.48 0 0.02 0 0 0 147.1 0 0.1
920	5.78 0 0.04 0 0 0 0.02 5.16 0 0
921	0.02 0 0 0 0 0 0 0 123.98 0
923	0.12 0.02 0 0 0 34.66 0 0 136.76 12.46
118	0 0 249.74 230.96 0 0 0 298.26 0 0.02
248	0.08 0 104.86 0 0 0 0 375.06 0 0.02
252	0.44 0 0 88.62 0 0 0 280.92 0 0
297	0.02 0 109.5 0 0 0 0 0 46.48 0
676	0 0 111.2 0 0 0 0 47.54 56.26 0
823	3.88 0 51.96 29.44 0 0 0 88.72 0 0
866	0.06 0 213.58 90.36 0 0 0 0 0 0
925	0 0 0 0 33.48 0 0 57.52 0 0
926	0 0 49.58 72.6 0 0 0 103.82 0 0
927	0 0 0 0 0 0 0 0 0 14
928	0.26 0 0 105.8 72.4 0 96.54 0 0 0
930	0 0 0 46.74 0 0 0 121.24 0 0.02
931	0 0 33.18 20.58 46.2 0 0 0 0 0.06
934	0 0 108.24 68.74 0 0 0 0 0 0
935	0 0 0 0 0 0 0 0 0 20
936	0 0 112 0 0 0 0 0 0 0
938	0 0 0 0 0 0 0 0 0 51
469	0 40.3 0 0 0 0 0 0 166.64 0.08
476	0 0 269.14 107.84 0 0 0 0 0 0.02
498	66.3 49.72 0 0 0 373.96 0 0 0 0
642	202.22 32.78 0 0 0 0 0 0 0 0
939	39.94 0 0 125.34 0 0 0 0 19.72 0
941	0.02 0 0 105.12 0 0 0 0 12.86 0
943	0 36.46 0 0 72.54 0 0 0 0 0
945	0 0 0 0 0 139.98 0.02 0 0 0.02
946	0 0 0 157.98 0 0 0 0 0 0
947	0 36.82 0 0 0 0 5.18 0 0 0
948	0.02 9.48 0 0 0 0 53.5 0 0 0
150	0.2 151.34 71.26 0 0 0 0 253.2 0 0
6	9.12 0 41.98 0 0 0 0 16.9 0 0
61	0.02 1.48 0 0 0 0 0 0 186.5 0
65	100.94 87.42 0 146.64 0 0 0 0 0 0
72	54.06 0 0 198.5 86.44 0 0 0 0 0
212	0 0 0 0 0 0 0 0 261 0
236	2.22 0 134.78 0 0 0 0 0 0 0
418	0.02 0 0 268.76 0 64.22 0 0 0 0
486	0 13.32 0 0 0 158.68 0 0 0 0.02
517	269.96 0 0 0 0 0 0 0 0 0.04
528	0 0 0 0 0 285.42 0 0 129.56 0
614	137 0 0 0 0 0 0 0 0 0.02
627	3.72 0 0 196.26 0 0 0 0 0 0
633	0.02 0 0 80.88 0 153.1 0 0 0 0
702	80.34 0 26.54 0 0 0 0 0 15.02 0.1
704	0 0 0 0 0 0 0 0 50.98 0.02
714	0 0 0 0 0 0 0 0 31 0
735	0.02 0 0 206.08 0 71.56 0 0 164.34 0
753	0 0 0 0 0 0 0 0 74 0
781	0 0 0 230 0 0 0 0 0 0
805	78.94 0 0 0 0 0.06 0 0 0 0.02
856	0 0 0 0 0 0 0 0 103.98 0
949	0 0 0 78.04 0 0 0 0 87.94 0.02
951	0.08 0 0 90.92 0 0 0 0 0 0
952	0 0 0 0 0 0 0 71.92 38.08 0
956	0 37.58 0 0 0 0 0 0 116.42 0
957	4 0 0 0 0 0 0 0 0 0
958	0 0 0 0 0 0 0 0 44 0
959	11.16 122.12 0 0 0 0 0 0 44.72 0
962	31.54 22.46 0 0 0 0 0 0 0 0
963	0 150 0 0 0 0 0 0 0 0
967	0 5 0 0 0 0 0 0 21 0
969	0.38 45.44 0 141.3 0 51.88 0 0 0 0
972	0 20.72 0 0 0 47.28 0 0 0 0
973	0 0 0 0 0 14 0 0 0 0
887	0 0 0 0 0 0 0 0 0.02 196.98
148	0 0 114.92 72.04 0.02 0 0 95.02 0 0
281	0.12 0 200.68 0 101.16 0 0 54.04 0 0
330	0 0 0 0 0 0.02 117.98 0 0 0
564	0 0 0 0 33 0 0 0 0 0
567	0 0 0 0 82 0 0 0 0 0
680	0 0 0 12.74 0 0 0 0 0 49.26
854	29.96 0.02 0 0.02 0 0 0 0 0 0
858	0 0 0 0 0 0 1.54 0.44 0.02 0
874	0 0 0 0 0 0 0 0 0 106
876	0 0 0 0 0 0 0 0 0 109
877	0 0.14 0 0 0.02 0 110.32 0 0 3.52
878	0.04 0 0 0 0 0 68.96 0 0 0
975	0 0 90.8 17.16 0 0 0 0 0.04 0
976	0 0 0 0 10.76 0 0.24 0 0 0
978	0 0 0 0 0 0 0 50.98 0.02 0
980	0 0 0 0 0 0.06 0 0.02 37.56 20.36
981	0 0 0 0 0 0 1.26 12.74 0 0
983	0 0 0.02 0 11.62 0 0 16.36 0 0
984	0 0 0 0 0 0 102 0 0 0
986	0 0 0 0 0 0.02 43.98 0 0 0
987	0 0 0 0 0 0 0 10 0 0
988	0 0 52.58 0 0 0 126.42 0 0 0
989	0 0 0 0 0 0 58.36 0 0 24.64
990	0.04 0 0 0 0 0 0 0 0 82.96
991	0 0 0 0 0 0 0 0 0 50
992	0 0 0 0 0.14 0 0 7.86 0 0
993	0 0 0 95.86 0 0 0 107.14 0 0
994	0 0 14.92 0 0 0 0.08 0 0 0
840	0 0 0 0 29.98 0 0 72.02 0 0
932	0.04 0 33.74 62.22 0 0 0 0 0 0
996	0 0 0 29 0 0 0 0 0 0
998	0 0 0 0 23 0 0 0 0 0
1000	0 0 0 0 20 0 0 0 0 0
1002	0 0 0 0 0 0 0 10 0 0
1003	16 0 0 0 0 0 0 0 0 0
102	0 0 0 125 0 0 0 0 0 0
154	184.22 207.58 0 0 86.2 0 0 0 0 0
171	27.94 0 0 0 0 0 0 0 193.02 0.04
713	0 0 96.82 0 43.56 0 0 0 59.62 0
780	0 0 0 0 161 0 0 0 0 0
961	0 0 0 0 0 0 0 0 83 0
1004	0 0 0 0 10.42 0 0 0 9.58 0
1007	0 35.08 0 0 0 0 0 105.92 0 0
929	0 0 42.14 42.86 0 0 0 0 0 0
968	21.8 0 0 33.2 0 0 0 0 0 0
369	0 0 0 39.12 0 0 0 79.88 0 0
458	0.1 0 161.3 0 0 0 0 67.6 0 0
683	0.04 0 0 0 0 0.06 67.74 0 0 20.16
831	0.02 0 83.56 0 91.42 0 0 0 0 0
1010	0 0 27.92 0 0 0 0 76.1 0.98 0
1011	0 0 188.06 0 76.94 0 0 0 0 0
1012	0.18 0 58.26 0 0 0 0 227.56 0 0
1013	0 0 0 0 0 0 0 65 0 0
1014	0 0 73.68 31.86 0 0 0 120.46 0 0
1017	45.88 8.12 52 0 0 0 0 0 0 0
859	0 0 0 0 34 0 0 0 0 0
312	0 0 0 0.08 0 0 0 0 0.02 196.9
1019	77.38 0 0 16.6 0.02 0 0 0 0 0
315	0 0 0 0 0 0 0 0 0 557
892	0 0 0 0 0 0 115 0 0 0
875	15.1 0 0 0 0 0 81.28 21.62 0 0
1020	85.02 0 0 0 0 0 0 0 22.98 0
1021	109 0 0 0 0 0 0 0 0 0
1022	13.78 0 0 0 0 0 0 0 0 74.22
1023	0 0 0 3.88 0.04 0 0 68.08 0 0
898	0 0 0 0 0 0 0 0 0.02 165.98
1024	0 0 0 0 0 0 0 0 0 46
266	0 0 0 0 0 0 73 0 0 0
937	0 0 0 0 0 0 0 0.02 0 107.98
1026	0 0 0 0 0 0 10 0 0 0
1027	0 0 0 0 6.22 0 0 1.78 0 0
84	0 0 0 46 0 0 0 0 0 0
112	0.02 0 8.72 31.26 0 0 0 0 0 0
673	81.3 2.52 0 80.28 0 64.9 0 0 0 0
681	0 0 0 0.02 0 0 0 0 0 59.98
940	0 0 0 0 53 0 0 0 0 0
1016	0 0 0 90.34 0 0 0 285.62 0 0.06
1028	0 0 169.24 162.74 0 0 0 0 0 0
1029	0.14 0 0 25.86 0 0 0 0 0 0
1031	15.98 0 0.02 0 0 0 0 0 0 0
1032	0 0 0 25 0 0 0 0 0 0
1033	0.02 0 25.24 49.74 0 0 0 0 0 0
1035	0 0 0 172 0 0 0 0 0 0
1036	0 0 0 57 0 0 0 0 0 0
1037	0.02 0 0 38.98 0 0 0 0 0 0
337	0 0 0 0 0 0 0 0 0 48.02
343	0 0 0 0 0 0.02 307.86 0 0 25.1
1038	0 0 0 0 0 0 0 0 0 43
1039	0.04 0 0 99.44 0 140.38 0 0 40.14 0
103	0 0 0 0 0 11.58 0 6.42 0 0
658	0.02 0 0 0 170.48 0 0 0 56.5 0
720	0 0 0 127.06 95.94 0 0 0 0 0
755	0.02 0 0 270.98 0 0 0 0 0 0
924	0 0 167.72 76.28 0 0 0 0 0 0
1042	0 0 0 0 69 0 0 0 0 0
1046	0.12 0 0 0 116.86 0 0 0 0 0.02
1047	0.04 0 134.22 92.92 0.42 0 0 70.4 0 0
1048	0 0 150.74 0 0 0 0 28.26 0 0
1050	0.12 0 0 0 0 131.88 0 0 0 0
254	0 0 0 74.64 0 0 0 53.36 0 0.02
354	0 0 0 27.94 0 0 0 0 0 179.04
542	0 0 0 100 0 0 0 0 0 0
581	40.04 0 0 89 0 0 0 0.1 13.86 0
1052	0 0 0 0 0 0 0 42 0 0
1054	0 0 31.28 0 12.72 0 0 0 0 0
1055	0 0 0.04 31.96 0 0 0 0 0 0
1056	0 0 0 0 0 0 0 0 25 0
90	0 0 0 122.96 114.04 0 0 0 0 0
190	0 0 0 0 0 175.32 0 0 229.68 0
764	0 0 54 0 0 0 0 0 0 0
1001	0 0 0 0 0 0 0 24.94 0.06 0
1059	0 0 0 0 0 0 0 79 0 0
1063	0 0 0.02 46.9 0.02 91.06 0 0 0 0
1064	17 0 0 0 0 0 0 0 0 0
1065	99.94 53.06 0 0 0 0 0 0 0 0
477	0 0 108.38 130.02 0 0 0 9.6 0 0
698	0 0.02 0 0 0 0 0 0 21.98 0
725	0 0 0 28 0 0 0 0 0 0
997	0 0 0 26 0 0 0 0 0 0
1018	0 0 0 0 0 0 0 0 85 0
1066	0 0 0 42.98 0 0 0 0 0 0.02
1067	0 43.28 81.72 0 0 0 0 0 0 0
1069	0 0 0 0 0 0 0 0 48 0
1071	0 0 0 0 0 0 0 31 0 0
1072	0 0 0 0 0 2.24 0 0 6.98 4.78
1073	0 55.56 0 0 0 0 0 54.62 89.82 0
1074	0 0 0 0 128.84 0 0 0 63.16 0
1075	20 0 0 0 0 0 0 0 0 0
1077	0 0 0 20.02 0 0 1.98 0 0 0
1079	13.4 0 8.3 44.8 0 0 0 19.5 0 0
1080	0 0.02 0 0 0 0 0 0 0 7.98
1081	0 0 0 0 0 0 0 14 0 0
1083	0 0 0 0 9 0 0 0 0 0
1008	0 0 0 0 0 0 0 58.68 31.28 0.04
705	0.04 0.02 0 0 0 356.16 0 0 32.78 0
741	0 0 0 0 0 0 0 124.56 23.44 0
864	0 0 163.42 52.58 0 0 0 0 0 0
1085	0 0 31 0 0 0 0 0 0 0
1087	0 0 0 0 0 2.54 0 13.46 0 0.02
114	8.9 182.58 0 0 0 4.32 0 0 0.18 0
232	0.04 0 0 0 249.96 0 0 0 0 0
376	0 0 0 54.8 0 0 0 0 0.2 0
794	0 0 0 146 0 0 0 0 0 0
1057	0.04 0 15.8 12.14 0.02 0 0 0 0 0
1091	0.06 0 0 94.94 0 0 0 0 0 0
710	0 103.08 0 0 135.9 0.02 0 0 0 0
1096	0 0 0 0 0 0 0 8 0 0
645	73.82 0.1 0 0 0 0 0.08 0 0 0
730	0 0 0 0 0 0 0 0 71 0
1006	0 0 0 0 0 0.02 0 0 48.98 0
1070	76.3 16.7 0 0 0 0 0 0 0 0
1084	0 0 0 27.92 0 0 0 37.08 0 0
1089	0 0 0 19.9 0 0 0 45.1 0 0
1101	6.16 0 0 0 0 0 0 0 209.84 0
1105	0 0 0 0 0 0 1.64 0 1.38 33.98
44	0 0 0 65.56 0 0 0 0 116.44 0
466	0 75.7 0 0 0 0 0 0 65.3 0
608	90 0 0 0 0 0 0 0 0 0
618	0 0 0 0 0 44 0 0 0 0.02
622	0 0 0 110.98 0 0 0 0 0 0
644	99.52 0 0 0 0 0 0 0.02 7.46 0
953	0 0 51 0 0 0 0 0 0 0
1005	0 74 0 0 0 0 0 0 0 0
1093	15.56 0 0 0 0 0 0 32.44 0 0
1111	0.18 0 0 0 0 0 0 0 23.82 0
1112	0 0 0 0 38 0 0 0 0 0
1114	0 0 28 0 0 0 0 0 0 0
1115	0 0 37.64 0 0 0 0 0 43.36 0
1119	0 0 0 109.02 0 0 13.96 0 48.02 0
1120	0 0 30.3 0 0 0 0 0 13.7 0
1060	0.04 0 0 0 1.58 38.8 55.58 0 0 0
1121	0 0 0 0 0 0 0 0 74 0
1122	0 0 0 0 5 0 0 0 0 0
1125	0 0 0 0 0 13 0 0 0 0
76	0 0 0 0 89.92 47.08 0 0 0 0
723	0 0 0 57.06 0 0 0 0 14.94 0
744	0 0 255.94 0 0 0 0 0 0 0.06
1009	7.96 0 175.04 0 0 0 0 0 0 0
1129	0 23.98 53.02 0 0 0 0 0 0 0
1130	0 0 0 0 4 0 0 0 0 0
1132	0 0 57.62 0 8.38 0 0 0 0 0
1133	0 0 0 0 0 41.7 0 0 14.3 0
1134	22.36 0 0 0 0 17.28 2.26 53.02 0 8.08
1135	0 0 0 0.06 117.94 0 0 0 0 0.02
108	0 0 0 0 51.1 0 0 98.88 0 0
828	0 0 0 16.2 0 0.12 15.68 0 0 0
1138	0 0 4.84 0 0 10.42 1.74 0 0 0
389	0 0 0 30.46 0 42.54 0 0 0 0.02
847	48.1 0 111.86 0 0.02 0 0 0 0 0
1140	0 0 0 0 0 0 0 0 34 0
1041	31.42 0 26.84 0 115.74 0 0 0 0 0
1044	0 0 0 0 94.08 0 0 0 3.92 0
1142	0 0 0 0 0 0 0 142 0 0
1144	0 0 0 0 0 0 0 9.7 0 1.3
1030	0 0 0 38 0 0 0 0 0 0
1145	0 0 0 23.98 0 0.02 0 0 0 0
1146	0 0 0 0 6 0 0 0 0 0
685	0 0 157.5 0 115.02 0 0 126.48 0 0
844	0 0 0 0 0 0 0 121 0 0
1051	0 0 99.78 18.22 0 0 0 0 0 0
1147	0 0 0 0 0 0 0 0 45 0
1148	0 0 0 0 0 0 0 0 25 0
894	0 0 0 0 0 0 25.98 0 0 0.04
331	0.28 0 0 0 0 0 139.94 0 0 192.76
351	0 0 0 0 0 0 39 0 0 0
1152	0 0 91 0 0 0 0 0 0 0
955	0 0 0 0 0 0 0 0 133 0
1153	42.82 0 0 0 0 0 0 0 3.18 0
1154	32 0 0 0 0 0 0 0 0 0
1155	0 0 0 0 0 0 0 0 10 0
1157	0 0 0 0 58 0 0 0 0 0
1159	0 0 0 0.02 0 0 0 0 38.98 0.02
906	0 0 0 0 0 0 0 0 0 50.98
726	0 0 1.08 25.9 0 0 0 0 0 0.02
1078	0 0 0 0 28.08 19.92 0 0 0 0
1128	2.72 10.18 12.1 0 0 0 0 0 0 0
1163	0 0 0 0 0.12 0 0 40.88 16 0
944	0 0 0 115 0 0 0 0 0 0
1049	0 0 47.24 2.76 0 0 0 0 0 0
543	0 36.26 0 22.74 0 0 0 0 0 0
345	0.06 0 0 0 0 0 0 0 0 184.96
481	0 0 0 0 0 192.96 0 0 0 0.02
782	0 0 0 0 0 0 0 0 20 0
1103	0 0 0 0 0 0 0.02 0 56.98 0
1113	0 0 0 0 0 0 0 0 45.98 0.04
1136	0 29.1 0 0 0 0 0 0 47.88 0
1166	0 0 0 0 0 21.74 0 12.26 0 0
1170	48.98 0 0 0 26.02 0 0 0 0 0.02
1171	0.02 0 43.96 0 0 0 0 0 0 0
1172	0 0 0 0 0 38 0 0 0 0
1173	0 0 17.94 0 0 0 0 0 0 0.06
1174	18.9 0 0 0 0 6.1 0 0 0 0
888	0 0 0 0 0 0 48 0 0 0
1176	0.04 0 0 0 0 0 0 0 0 66.96
570	0 0 0 0 121 0 0 0 0 0
648	58.9 0 0 0 0 155.06 0 0 0 0.04
783	0.02 0 0 76.98 0 0 0 0 0 0
802	0 0 0 0 89 0 0 0 0 0
808	0 0 0 0 76 0 0 0 0 0
1118	56.26 0 0 0 73.74 0 0 0 0 0
1177	0 0 0 0 3.54 0 0 8.46 0 0
1178	0 0 0 35 0 0 0 0 0 0
1179	0 0 0 10 0 0 0 0 0 0
1180	0 0 0 14 0 0 0 0 0 0
1181	2.94 0 0 16.06 0 0 0 0 0 0
1185	0 0 0 0 41 0 0 0 0 0
1186	6 0 0 0 0 0 0 0 0 0
1188	0 0 0 0 92 0 0 0 0 0
1191	0 0 0 0 0 0 0 0 0 13
20	0 0 180.78 0 0 0 0 3.18 0 0.04
454	22.24 0 0 0 2.76 0 0 0 0 0
500	0.02 0 0 33 0 64.98 0 0 0 0
703	36.9 0 0 13.72 0 0.38 0 0 0 0
721	0 0 0 0 111.86 0 0 0 28.14 0
836	79 0 0 0 0 0 0 0 0 0
942	0 0 0 41.14 0 0 0 0 71.86 0
954	0 0 0 0 0 28 0 0 0 0
965	0 0 0 0 0 52.78 0 0 1.22 0
1045	69 0 0 0 0 0 0 0 0 0
1097	0 0 0 0 0 0 0 51 0 0
1137	0 0 79 0 0 0 0 0 0 0
1192	34 0 0 0 0 0 0 0 0 0
1195	0 0 0 0 0 0 0 0 33 0
1196	0 0 0 0 0 0 0 0 9 0
1199	0 0 0 0 17.74 0 0 0 0 35.26
1201	5 0 0 0 0 0 0 0 0 0
1202	0 0.02 0 0 0 0 0 0 7.88 12.1
1203	0 0 0 0 0 70 0 0 0 0
1204	0.04 0 0 0 0 64.96 0 0 0 0
1205	0 0 0 0 0 18 0 0 0 0
1126	0 0 0 0 0 84 0 0 0 0
120	0 0 47.48 57.5 0 0 0 0 0 0.04
363	0.04 0 0 51.06 0 0 38.86 0 0 0.02
364	0 0 0 36.54 46.46 0 0 0 0 0
743	0 0 5.22 0 48.78 0 0 0 0 0
922	0 0 0 0 0 0 0 64.7 34.3 0
974	0 0 51.3 28.7 0 0 0 0 0 0
1040	0 0 37.22 14.78 0 0 0 0 0 0
1090	0.08 0 0 0 72.92 0 0 0 0 0
1194	0 0.34 0 0 0 0 0 0 95.66 0
1208	0 0 0 0 45 0 0 0 0 0
1210	0 0 0 70 0 0 0 0 0 0
1211	22.5 0.04 0 0 5 5.44 0 0 0 0.02
1214	12.76 0 0 0 0 0 0 0 3.24 0
1216	0 0 0 0 9.56 0 0 0 0 5.44
587	0 0 0 0 32 0 0 0 0 0
786	0 0 0 0 4.66 0 0 0 23.34 0.02
809	0.04 0 0 0 102.94 0 0 0 0 0
1058	0 0 0 0 42 0 0 0 0 0
1110	54.5 0 0 44.5 0 0 0 0 0 0
1209	0 0 0 0 27 0 0 0 0 0
1218	20.9 47.1 0 0 0 0 0 0 0 0
1219	0 0 0 44 0 0 0 0 0 0
1221	0 0 0 0 0 28.36 0 0 96.64 0
1222	0.02 29.28 0 0 0 0 20.7 0 0 0
1225	0 23.58 0 8.42 0 0 0 0 0 0
532	0 0 0 0 5.56 0 0 59.44 0 0
623	0 0 0 91 0 0 0 0 0 0
960	34.38 0 0 0 0 0 0 0 27.6 0.02
971	0 0 0 0 0 0 0 0 105 0
1116	11.34 19.66 0 0 0 0 0 0 0 0
1227	8.76 0 0 0 0 0 0 0 0 5.24
1228	0 0 0 0 90 0 0 0 0 0
1231	0 0 0 0 45 0 0 0 0 0
349	0.04 0.86 0 0 0 0 0 0 0 74.1
885	0 0 0 0 0 0 23 0 0 0
908	0 0 0 0 0 0 0 0 0 44
1233	0 0 7.94 0 0 0 0 0 0 13.06
1234	0 0 0 0 0 0 0 0 0 19
1235	0 0 0 0 0 0 0 0 0 4
1237	0 0 0 0 0 0 18 0 0 0
979	0.02 0 85.98 0 0 0 0 0 0 0
548	0 0 0 0 8.1 9.9 0 0 0 0
1076	0 0 0 25 0 0 0 0 0 0
1240	0 0 0 0 90 0 0 0 0 0
130	0 0 25.98 0 0 0 0.02 0.06 17.94 0
407	0 0 0 34.16 0.08 0 0 46.76 0 0
534	0 0 0 0 0 0 0 29 0 0
1242	0 0 0 0 0 0 6 0 0 0
1243	0 0 0 0 0 0 26 0 0 0
1139	0 0 0 62 0 0 0 0 0 0
1161	0 0 0.04 7.78 0 0 0 15.18 0 0
1245	0.02 0 0 0 22.24 0 0 0 0 20.74
397	0 0 0 0 24 0 0 0 0 0
1182	0 0 0 21.96 0 0 0 0 0.04 0
1229	0 0 0 18 0 0 0 0 0 0
1247	0 0 0 6 0 0 0 0 0 0
1249	0.02 0 0 0 28.98 0 0 0 0 0
1106	0 0 0 0 0 0 0 0 0 6
1251	0 0 0 0 0 0 0 0 0 33
696	0.06 0 159.98 0 0 0 0 45.96 0 0
772	0 115.98 0 0 0 0 0 0 0 0.02
253	0.18 0 20.58 0 0 0 0 53.24 0 0
1220	0 0 0 0 72 0 0 0 0 0
1226	0 0 58.2 0 0 0 0 0.02 0 25.78
1244	0 0 0 0 7.64 0 0 82.36 0 0
1254	0 0 0 0 0 0 0 18.98 0 0.02
1255	0.06 0 0 0 0 0 0 0 0 17.94
1256	0 0 0 0 0 0 0 0 0 6
1258	0 0 8.84 0 17.76 0 0 0 0 17.4
977	0 0 0 0 39.66 0 0 52.3 0 0.04
1165	0 0 0 0 0.04 0 0 15.96 0 0
459	0 0 42.54 0 0 2.24 0 0 29.22 0
1034	0 0 0 14.08 0 0 0 43.92 0 0
1260	0 0 0 0 0 0 8.98 0.02 0 0
1264	0 0 0 0 0 0 0 0 0 19
1265	0 0 0 0 0 0 0 0 0 49
1266	0 0 0 0 0 0.04 0 0 33.96 0
1168	0 0 0 0 0 0 0 0 58 0
1267	15.68 0 0 0 66.32 0 0 0 0 0
1269	0 0 0 0 0 35 0 0 0 0
388	0 0 0 60 0 0 0 0 0 0
1246	0 0 0 5.98 0 0.02 0 0 0 0
1270	0 0 0 14 0 0 0 0 0 0
1271	15 0 0 0 0 0 0 0 0 0
901	0 0 0 0 0 0 21 0 0 0
869	0 0 24.42 0 27.58 0 0 0 0 0
1053	0.02 0 0 0 65.98 0 0 0 0 0
426	0 0 0.02 0 72.98 0 0 0 0 0
555	0 0 0 5.58 8.42 0 0 0 0 0
752	0 0 0 0 0 0 0 0 0.02 103.98
816	0 0 0 0 33 0 0 0 0 0
982	0 0 0 0 0 0 0 44.98 0 0.02
1088	0 0 0 0 0 0 0 23 0 0
1095	0 0 27.66 20.34 0 0 0 0 0 0
1151	0.02 0 0 0 9.98 0 0 0 0 0
1275	4.02 0 0 0 4.98 0 0 0 0 0
1276	0 0 0 0 0 0 0.02 15.98 0 0
1278	0 0 26.16 0 0 0 0 24.84 0 0
1279	0 0 0 0 0 0 23 0 0 0
1280	0 0 0 0 0 0 0 0 0 43
1217	0 0 0 88.98 0 0 0 0 0 0.02
1117	0 0 0 0 0 0 13.5 0 27.5 0
335	0 0 0 0 12.28 0 0 0 0 40.74
985	0 0 50.46 0 0 0 0 0 6.52 0
1282	8.54 0 0 0 0 0 8.38 0 3.1 7.98
1283	0 0 20.74 18.26 0 0 0 0 0 0
1197	0 0 126.9 0 0 0 0.1 0 0 0
821	0 0 11.84 0 45.16 0 0 0 0 0
890	0 0 0 6.3 0 0.02 66.24 5.44 0 0
1025	0 0 0 0 0 0 104 0 0 0
1215	0 0 0 0 0 0 0 49 0 0
1273	0 0 0 0 37 0 0 0 0 0
1287	0 0 8 0 0 0 0 0 0 0
1288	0.16 0 0 0 0 0 0 0 19.84 0
1289	0 0 0 0 0 0 0 0 0 8
1290	3 0 0 0 0 0 0 0 0 0
1291	0 0 0.02 0.04 14.9 0 0 13.04 0 0
1293	0 0 0 0 0 0 0 0 0 15
1295	0 0 0 0 0 0 0 0 0 16
1296	0 0 0 0 0.02 0 0 0 0 58.98
966	0 0 0 77 0 0 0 0 0 0
1098	62.26 45.46 0.02 0 0 0 0.26 0 0 0
1286	0.28 0 0 0 0 0 0 0 41.72 0
1299	0 0 0 0 0 18 0 0 0 0
1300	0 0 0 0 0 0 0 0 0 16
1301	0 0 0 0 16 0 0 0 0 0
562	0 0 0 0 129 0 0 0 0 0
1303	2.1 34.9 0 0 0 0 0 0 0 0
918	0.04 0 11.76 0 0 0 8.66 0 0.54 0
1092	14.06 0 0 0 0 0 0 6.94 0 0
933	0.02 0 0 0 0 0 0 44.98 0 0
1200	18.96 0 0.02 0 0.02 0 0 0 0 0
1304	0 0 0 0 0 5 0 0 0 0
1308	0 0 0 0 0 0 0 0 2 0
995	0 0 0 0 0 0 0 0 0 72
1086	0 0 52 0 0 0 0 0 0 0
1262	0 0 0 0 0 0 0 0 23 0
1311	0 0 0.02 27.82 0 0 0 0 12.16 0
1313	0 0 0 0 0 0 0 0 0 36
1314	0 0 0 0 12 0 0 0 0 0
1315	0 0 62 0 0 0 0 0 0 0
1127	0 0 0 0 0 0 24 0 0 0
104	0 0 3.1 0 0 1.78 0.1 0 0 0.02
1061	0 0 0 0 0 0 0 43.5 24.4 0.1
1102	0 0 0 0 0 0 8 0 0 0
1150	0 0 14 0 0 0 0 0 0 0
1162	0 0 0 0 0 0 0 4 0 0
1187	20.94 0 12.06 0 0 0 0 0 0 0
1252	18.46 0 0 0 0 0 4.54 0 0 0
1277	0 0 54 0 0 0 0 0 0 0
1281	0 0 0.04 0 0 0 0.04 0 29.92 0
1302	0 0 0 0 0 0 12 0 0 0
1317	0 0 6.98 0 0 0 0 0 0 0.02
1319	0 0 0 0 0 0 0 7 0 0
1321	0 0 0 0 0 0 0 4.98 0.02 0
1323	0 0 8 0 0 0 0 0 0 0
1325	0 0 0.46 0 0 0 0.18 0.16 0.02 0.2
1326	0 0 19.98 0 0 0 0 0 0 0
1328	0 0 0.02 0 0 0 0 14.98 0 0
1329	0 0 0.32 0 0 0 0.22 0.28 0 0.18
1331	0 0.02 7.16 0 0 0 0 0 4.82 0.02
1335	0 0 0 0 0 0 0 28.98 0 0
1337	0 0 0 0 0 0 11.42 9.58 0 0
1338	0 0 8 0 0 0 0 0 0 0
1339	0 0 0.32 0 0 0 0.2 0.32 0.04 0.12
1340	0 0 0.46 0 0.02 0 0.22 0.22 0 0.08
1341	0 0 0.42 0 0 0 0.2 0.26 0.02 0.1
1345	0 0 4 0 0 0 0 0 0 0
1349	0 0 0.4 0 0 0 0.2 0.24 0 0.16
1350	0 0 0.38 0 0 0 0.26 0.18 0 0.18
1352	0 0 0.36 0 0 0 0.2 0.26 0.02 0.16
1353	0 0 0 0 0 0 0 8 0 0
1355	0 0 15.94 0.02 0 0 0 0 0.04 0
1356	0 0 0 0 0 0 0 0 0 8
1358	0 0 0 0 0 0.16 0 0.06 0 5.78
1359	0 0.02 0.06 0.08 0.28 0.02 0.52 0 0.02 1
1363	0 0 0.38 0 0.02 0 0.34 0.2 0.02 0.04
1365	0 0 1.7 0 0 0 1.3 0 0 0
1366	0 0 0.46 0 0 0 0.14 0.24 0 0.16
1368	0 0 0 0 0 0 0 14.98 0 0.02
1372	0 0 5 0 0 0 0 0 0 0
1380	0 0 14 0 0 0 0 0 0 0
1381	0 0 0 0 0 0 0 26 0 0
1382	0 0 0 0 0.02 0 0 7.98 0 0
1389	0 0 0 0 0 0 9 0 0 0
1391	0.02 0 0 0.02 0 0 0.02 0 0 5.94
1394	0 0 0 0 0 0 15.98 0 0 0.02
1160	0 0 65 0 0 0 0 0 0 0
1167	0 0 26.72 0 0 8.28 0 0 0 0
1297	0 0 0 0 33 0 0 0 0 0
1213	0 0 0 0 0 0 0 0 0 6
1336	0 0 0 0 8.66 0 0 4.34 0 0
1385	0 0 0 0 0 0 0 0 0 13
1399	0 0 0 0 0 0 0 4.5 0 12.5
1263	0 0 0 29 0 0 0 0 0 0
1400	0 0 0 0 0 11.36 0 0 13.64 0
1401	0 0 0 0 0 0 0 0 37 0
1402	0 0 0 0 0 0 0 0 10.98 0.02
1404	0 0 0 0 0 0 0 0 32 0
1407	0 0 0 0 38 0 0 0 0 0
624	0 0 0 52 0 0 0 0 0 0
1107	42 0 0 0 0 0 0 0 0 0
1207	0 0 0 0 27 0 0 0 0 0
1408	0 0 0 0 0.44 2.56 0 0 0 0
1410	0 0.02 0 0 10.98 0 0 0 0 0
1411	23.22 0 0 0 25.78 0 0 0 0 0
1412	0 0 0 10 0 0 0 0 0 0.02
1193	0.06 33.92 0 0 0 0 0 0 0 0
1413	0 0 0 0 17 0 0 0 0 0
1414	0 0 0 0 0.94 0 0 0 1.06 0
1415	0 0 0 22 0 0 0 0 0 0
1416	5.48 3.52 0 0 0 0 0 0 0 0
1241	0 0 0 0 0 0 0 8.98 0.02 0
1420	0 0 0 0 0 0 0 0 0 4
1354	0 0 0.54 0 0 0 0.3 0.1 0 0.06
812	0 0 0 42.96 0 0.04 0 0 0 0
1419	0.06 0 0 0.02 30.92 0 0 0 0 0
950	0 0 43.4 0 0 0 0 0 19.6 0
1131	0 0 0 0 0 0 0 0 33 0
1224	16.46 0 0 0 0 0 0 0 8.54 0
1268	0 0 0 0 0 10.52 0 0 20.48 0
1398	0 3 0 0 0 0 0 0 0 1
1421	0 0 0 0 0 0 0 0 30 0
1422	0 9 0 0 0 0 0 0 0 0
1423	0 0 0 0 7.92 0 0 0 1.08 0
1426	0 0 0 0 0 0 0 0 26 0
1428	5.28 26.68 0 9.04 0 0 0 0 0 0
361	0 0 0 0 0 0 0 0 0 23
1062	0 0 0 0 0 0 0 0 0 40
1175	0 0 0 0 0 0 0 0 0 6
1395	0 0 0 0 0 0 1.14 0 0 11.86
1429	0 0 0 0 0 0 0 0 0 11
1431	0 0 0 0 0 0 0 0 0 17
1432	0 0 0 0 0 0 0 0 0 2
1433	0 0 0 0 0 0 0 0 0 4
1434	0 0 0 0 0 0 0 0 0 24
1272	0 0 7 0 0 0 0 0 0 0
1333	0 0 5.28 0 0 0 0 0 7.72 0
1435	0 0 0 0 17 0 0 0 0 0
457	0 0 0 0 0 0 42 0 0 0
1330	0 0 0 0 6.12 2.86 0 0 0.02 0
695	0.06 0 26.94 0 0 0 0 0 0 0
1437	0 0 0 18 0 0 0 0 0 0
377	0 0 0 22 0 0 0 0 0 0
422	0 0.86 0 0 6.08 9.6 46.46 0 0 0
734	0 0 0 0 50 0 0 0 0 0
1206	15.9 0 0 11.1 0 0 0 0 0 0
1250	0 0 0 0 0 0 1.12 1.86 0.02 0
1439	0 18 0 0 0 0 0 0 0 0
1440	0 0 0 15 0 0 0 0 0 0
1284	0 0 63.9 0 0 0 0 0 0 0.1
1068	0 0 0 0 0 0 0 14.7 19.3 0
1143	16.72 0 0 0 0 0 13.96 0 0 15.34
1149	0 31.5 0 0 0 0 0 0 49.48 0
653	109 0 0 0 0 0 0 0 0 0
842	0 0 0 52.02 0 10.96 0 0 0 0.02
964	19.38 1.62 0 0 0 0 0 0 0 0
970	15.8 7.2 0 0 0 0 0 0 0 0
1100	8 0 0 0 0 0 0 0 0 0
1169	14.42 0 0 0.02 1.56 0 0 0 0 0
1285	0 0 0 40.98 0 0 0 0 0 0.02
1369	0 0 0 0 0 6.78 0 3.22 0 0
1445	0 0 0 0 0 0 0 0 11 0
1446	0 0 0 0 0 0 38 0 0 0
1447	0 0 0 0 0 3 0 0 0 0
1448	11 0 0 0 0 0 0 0 0 0
1449	5.6 0 0 0 0 0 0 0 27.4 0
1450	0 0 0 0 0 0 0 0 3 0
1452	3.96 0 0 0 0 0.04 0 0 0 0
1453	0 0 0 0 0 2 0 0 0 0
1460	2.64 0 0 0 0 0 0 0 0.36 0
1461	2 0 0 0 0 0 0 0 0 0
1451	0 0 0 0 0 42 0 0 0 0
1332	0 0 0 0 0 0 0 0 3 0
1465	0 0 0 0 0 0 0 0 7 0
1109	0 0 0 0 24.28 0 0 0 47.72 0
1467	0 0 0 0 10 0 0 0 0 0
1468	0.04 0 0 19.96 0 0 0 0 0 0
1183	0.02 0.02 0 0 31.86 0.02 0 0 0.06 0.02
1443	0.04 0 10.82 0.14 0 0 0 0 0 0
1469	0 0 0 34 0 0 0 0 0 0
1470	0 0 0 8.32 1.68 0 0 0 0 0
36	0.04 0 0 17.96 0 0 0 0 0 0
1424	0 0 0 0 2.98 0 0.02 0 0 0
1471	0 0 0 11 0 0 0 0 0 0
113	0 0 0 0 0 0 0 0 27 0
1472	0 0 0 0 0 0 0 0 7 0
1474	17 0 0 0 0 0 0 0 0 0
1475	0 0 0 0 0 0 0 0 23 0
206	37.28 0 0 0 91.72 0 0 0 0 0
579	0 0 0 39 0 0 0 0 0 0
860	0 0 0 0 27 0 0 0 0 0
1476	0 0 0 0 2 0 0 0 0 0
1361	7 0 0 0 0 0 0 0 0 0
1397	1.64 0 0 0 0 7.36 0 0 0 0
1427	0.44 0 0 0 0 11.56 0 0 0 0
1444	0 0 0.02 1.22 0 36.24 0 0 0.52 0
1478	39 0 0 0 0 0 0 0 0 0
1479	16 0 0 0 0 0 0 0 0 0
759	0 0 0 0 15 0 0 0 0 0
807	0 0 0 0 0 0 0 0 24 0
915	0 41.76 0 0 0 0.24 0 0 0 0
1141	0 0 0 0 0 0 0 0 0 14
1232	0 0 0 0 23 0 0 0 0 0
1481	0 0 0 0 0 0 0 6 0 0
1482	0 0 0 4 0 0 0 0 0 0
1483	0 0 0 0 0 0 41 0 0 0
1274	0 0 0 0 15 0 0 0 0 0
1305	15.98 0 0 0 0 0.02 0 0 0 0
1480	0 0 0 24 0 0 0 0 0 0
1485	0 0 0 0 0 0 0 0 10 0
1486	0.1 0 0.04 0.12 0.2 0.1 0.08 0.18 0.16 0.02
1488	0 0 0 0 0 0 0 0 12 0
1490	0 0 1.2 0 7.8 0 0 0 0 0
1491	0 0 0 0 6 0 0 0 0 0
1494	0.3 0 0 0.12 0.16 0.1 0.02 0.18 0.12 0
1496	0 0 14 0 0 0 0 0 0 0
1499	13 0 0 0 0 0 0 0 0 0
1099	0 31 0 0 0 0 0 0 0 0
1466	0 0 0 0 1.2 1.76 0 0 0 18.04
1473	0 0 0 26.86 0 0 0 0 0 0.16
1239	0 0 0 18.56 16.42 0 0 0 0 0
1375	0 0 35 0 0 0 0 0 0 0
1502	0 0 0 0 3 0 0 0 0 0
1248	0 0 0 0 0 19.18 0 21.82 0 0
1489	0.02 0 0 7.98 0 0 0 0 0 0
1298	0 0 0 0 0 18 0 0 0 0
1223	0 0 0 0 0 0 0 0 6 0
1379	0.02 0 0 0 0 0 0 8.38 10.6 0
1506	0 0 0 5.38 0 0 0 0 5.62 0
1507	0 0 0 0 0 0 0 0 3 0
1094	0 0 0 0 0 0 0 20 0 0
1230	0 0.04 0 0 20.96 0 0 0 0 0
1509	0 0 0 8 0 0 0 0 0 0
1510	0 0 0 3 0 0 0 0 0 0
1511	0 0 0 0 0 0 0 10.04 5.96 0
1015	0.16 0 0 1.66 0 0 0 20.1 0.08 0
1512	0.2 0 0 0 0 0 0 0 23.8 0
1513	0 0 0 0 0 0 0 5.9 0.1 0
1514	0 0 0 0 0 0 0 22 0 0
1456	18 0 0 0 0 0 0 0 0 0
1515	0.18 0 0 0 0 0.02 0 0 3.8 0
1386	0 0 0 0 0 0 0 9.54 0 5.46
1516	0 0 0 0 0 0 0 0 12 0
787	0 0 6.96 0 23.88 0.16 0 0 0 0
1253	0 0 0 7 0 0 0 0 0 0
1519	0 0 0 0 4 0 0 0 0 0
1522	0.04 0 0 14.96 0 0 0 0 0 0
1487	7 0 0 0 0 0 0 0 0 0
1523	6 0 0 0 0 0 0 0 0 0
912	0 0 0 0 0 0 0 0 0 25
1518	0 0.36 0 29.42 0 0.22 0 0 0 0
74	0 0 0 0 12.96 0.04 0 0 0 0
1198	0 13 0 0 0 0 0 0 0 0
1312	0 0 12.96 0 0 0 0 0.02 0 0.02
1504	0 0 0 0 0 0 0 0 0 7
1525	0 4 0 0 0 0 0 0 0 0
1124	0 0 0.12 0 0 3.2 0 0 34.68 0
1526	0 0 0 0 0 0 0 0 4 0
1528	0 0 0 0 0 0 0 7 0 0
1082	0 0 0 0 0 0 0 0 0 13
1392	0 0 0 0 0 0 0 0 0 9
1294	0 0 0 0.02 0 0 0 0 0 16.98
1396	0 7.1 0 0 0.04 0 0 0 9.86 0
1524	0 18.2 0 0 0 0 0 6.8 0 0
1212	0 0 0 0 6 0 0 0 0 0
1530	0 0 0 0.08 0 0 0 0 7.92 0
1322	0 0 10 0 0 0 0 0 0 0
1425	0 0 0 0 20 0 0 0 0 0
1438	0 0 0 5 0 0 0 0 0 0
1531	0 0 0 0 22 0 0 0 0 0
1532	0 0 0 0 0 0 0 0 0 4
1158	0 0 0 0 0 0 0 12 0 0
1462	0 0 0 0 0 0 0 0 18 0
1495	0 9 0 0 0 0 0 0 0 0
1535	0 0.02 0 0 0 0 0 2.06 9.92 0
1537	0 0 0 0 0 0.32 0 15.68 0 0
560	0 0 0 52 0 0 0 0 0 0
999	0 0 0 14 0 0 0 0 0 0
1409	0 0 0 17 0 0 0 0 0 0
1539	0 0 0 0 0 0 0 0 7 0
1371	0 0 0 2 0 0 0 0 0 0
1484	0.02 0 0 0 4.96 0 0 0.02 0 0
1184	0 0 10.8 0 0 9.2 0 0 0 0
1393	0 0 0 0 0 0 14 0 0 0
1540	0 0 0 28 0 0 0 0 0 0
1541	0 0 0 0.3 0 6.7 0 0 0 0
1542	0 0 0 0 6 0 0 0 0 0
1238	0 0 0 0 0 0 7.52 0 0 15.48
626	0 0 0 0 0 4 0 0 0 0
643	0.02 0 0 0 0 0 0 0 4.98 0
776	0 0 0 26.98 0 0.02 0 0 0 0
784	0.24 0.02 0 0.24 0.3 0.04 0.02 0.02 0.08 0.04
788	0 0 0 0 0 0 1.08 0 1.12 1.8
861	3.98 0 0 0.02 0 0 0 0 0 0
1043	0.02 0 0 15.98 0 0 0 0 0 0
1104	0.28 0.04 0 0.2 0.14 0.06 0.02 0 0.26 0
1108	0 0 0 0 0 0 0 0 4 0
1261	0 0 0 0 0 0 0 0 9 0
1306	0.22 0.04 0 0.24 0.2 0.02 0.02 0.04 0.16 0.06
1307	0.2 0.04 0 0.18 0.1 0.1 0.08 0 0.28 0.02
1334	0.2 0.04 0 0.24 0.14 0.12 0.04 0 0.16 0.06
1346	4 0 0 0 0 0 0 0 0 0
1384	0 0 0 0 0.02 0 0 3.62 0 0.36
1387	0 0 0 0 0 0 0 0 0 5
1405	0 0 0 0 0 0.02 0 14.98 0 0
1441	0 0 0 0 12 0 0 0 0 0
1442	0 0 0 9 0 0 0 0 0 0
1464	0.02 0 0 0 0 0 2.98 0 0 0
1517	0 0 0 8 0 0 0 0 0 0
1529	11 0 0 0 0 0 0 0 0 0
1544	0 0 0 8 0 0 0 0 0 0
1545	10 0 0 0 0 0 0 0 0 0
1546	0.24 0.06 0 0.26 0.2 0.08 0 0 0.14 0.02
1547	0 0 0 0 0 0 0 0 6 0
1548	0.24 0.04 0 0.16 0.16 0.14 0.02 0 0.2 0.04
1549	2.98 0 0 0 0 0 0 0 0 0.02
1551	3.36 0 0 0 0 0.64 0 0 0 0
1552	0 0 0 0 6 0 0 0 0 0
1553	11 0 0 0 0 0 0 0 0 0
1556	0 0.06 0 0 2.94 0 0 0 1 0
1558	0.02 0 0 0 0 0 0.06 0.04 24.88 0
1559	0.2 0.08 0 0.36 0.12 0.1 0.02 0 0.12 0
1560	0 0 0 0 0 0 0 0 11 0
1564	0.18 0.04 0 0.24 0.22 0.04 0.02 0 0.1 0.16
1566	0.18 0.04 0 0.16 0.28 0.06 0.02 0 0.22 0.04
1567	0.2 0.02 0 0.3 0.12 0.06 0.04 0 0.26 0
1568	0.2 0.08 0 0.3 0.14 0.04 0 0 0.24 0
1569	0.24 0.04 0 0.26 0.22 0.02 0.02 0 0.14 0.06
1570	0.3 0.04 0 0.16 0.24 0.08 0.02 0 0.12 0.04
1571	0.18 0.06 0 0.32 0.14 0.04 0.02 0.02 0.18 0.04
1572	0.18 0.06 0 0.22 0.14 0.16 0 0.02 0.1 0.12
1573	0 0 0 0 0 5 0 0 0 0
1574	0.24 0.04 0 0.2 0.2 0.04 0.02 0 0.22 0.04
1575	0.24 0.06 0 0.28 0.22 0.08 0.02 0 0.06 0.04
1576	0.14 0.1 0 0.22 0.34 0.02 0 0.04 0.08 0.06
1577	0.3 0.08 0 0.3 0.1 0.02 0 0 0.16 0.04
1579	0.2 0.06 0 0.24 0.26 0.08 0.02 0 0.12 0.02
1580	0.3 0.06 0 0.26 0.12 0 0.02 0.04 0.2 0
1581	0.26 0.02 0 0.22 0.16 0.02 0 0.02 0.26 0.04
1583	0.22 0.02 0 0.18 0.24 0.06 0 0.04 0.16 0.08
1584	0.28 0.04 0 0.18 0.18 0.04 0 0 0.22 0.06
1585	0 0 0 0 0 0 0 0 0 5
1587	0.24 0.08 0 0.22 0.24 0.04 0 0 0.12 0.06
1588	0 0 0 0 0 0 0 0 0 4
1589	0 0 0 0 0.12 0 0 11.88 0 0
1590	0 0.02 0 0.02 0.02 0 3.92 0 0.02 0
1591	0.02 0 0 0 0 0 0 0 0 14.98
1592	0 0 0.02 0 0 0 0 0 0 17.98
1360	0 0 0 0 0 0 0 0 2 0
1593	0 0 0 0 0 4 0 0 0 0
1189	0 0 0 0 10 0 0 0 0 0
1521	0 5.26 0 0 0 0 0.02 0 3.72 0.02
1594	0 0 0 0 0 0 0 0 0 8.98
1550	0 0 0 0 3 0 0 0 0 0
1347	0 0 10 0 0 0 0 0 0 0
267	0 0 0 0 8 0 0 0 0 0
1595	2 0 0 0 0 0 0 0 0 0
1596	2 0 0 0 0 0 0 0 0 0
1597	0 0 0 0 0 0 0 15 0 0
848	20 0 0 0 0 0 0 0 0 0
1418	7 0 0 0 0 0 0 0 0 0
1598	0 0 0 0 0 0 15 0 0 0
1599	0 0 0 0 0.02 0 0 0 4.98 0
1600	0 0 0 0 0 0 0 9.76 5.24 0
1378	0 0 0.02 0 0 0 0 6.98 0 0
1534	0 0 0 0 0 0 9 0 0 0
1601	0.02 0.1 0.34 0 0 0 0.12 0.32 0 0.1
1602	0 0 0 0 0 0 0 0 0 10
1318	0 0 0 0 0 0 0 0 2 0
1367	0 4.54 7.76 0 0 0 0 1.7 0 0
1603	0 0 0 0 0 0 0 0 3 0
1383	0 0 0 0 0 0 0 11 0 0
1403	0 0 0 0 0 0 0 0 0.72 6.28
1190	0 0.02 0 0.24 0 0 0 24.5 0.24 0
1454	0 0 0 0 0 15 0 0 0 0
1324	0 11 0 0 0 0 0 0 0 0
1604	0 4 0 0 0 0 0 0 0 0
1164	0 0 8 0 0 0 0 0 0 0
1377	0 0 0 0 0 0 0 12 0 0
1605	0 0 0 0 5.44 0 0 0 0 6.56
1606	0 0 2 0 0 0 0 0 0 0
868	0 0 0 0 0 0 0 0 10 0
1607	0 0 0 0 0 0 0 0 0 10
1123	4 0 0 0 0 0 0 0 0 0
1608	0 0 0 0 0 0 9 0 0 0
1388	6.48 0 0 0 0 0 12.52 0 0 0
766	0 0 5.18 0 0 0 0 0 0 7.82
1609	0 0 0 0 0 0 0 5 0 0
1610	0 0 0 0 0 0 0 6 0 0
1611	0 0 0 0 0 0 0 6 0 0
1612	0 0 0 0 0 0 0 0 0 15
1613	0 0 0 0 0 0 0 0 0 4
1459	0 0 0 0 10 0 0 0 0 0
1614	0 0 0 0 0 3 0 0 0 0
1555	0 0 0 0 0 0 0 0 12 0
1615	0 0 0 0 0 0 30 0 0 0
1616	0 0 4 0 0 0 0 0 0 0
1316	0.02 0 0 0 0 0 0 0 0 5.98
1508	0 0 0 0 6 0 0 0 0 0
1527	0 0 0 0 0 0 0 0 0 13
1430	0 0 0 0 0 0 0 0 0 6
1617	0 0 0 0 0 0 0 0 0 6
1618	0 0.22 0 0.08 0.08 0.24 0.26 0.12 0 0
1327	0 0 6 0 0 0 0 0 0 0
314	0 0 0 0 0 0 2 0 0 0
1619	3 0 0 0 0 0 0 0 0 0
1620	0 0 0 0 0 0 29 0 0 0
1376	0 0 0 0 0 0 7 0 0 0
1621	0 0.22 0.08 0.06 0.26 0.02 0.06 0.14 0.04 0.12
1362	0 0 3 0 0 0 0 0 0 0
1622	0 3.12 0.02 0 0 0 0 0 3.84 0.02
910	0 0 0 0 0 0 0 0 0 6
1344	0 0 0 0 0 0 0 15 0 0
1501	0 0 0 0 0 0 0 0 14 0
1623	0 0 0 0 0 0 0 0 12 0
1624	0 0 0 0 0 0 0 0 0 2
1625	0 0 0 0 0 0 0 0 0 4
1259	0.02 0 1.72 0.02 0 0 0.02 2.16 0.06 0
1357	0 0 2 0 0 0 0 0 0 0
1503	0 0 0 17.98 0 0 0.02 0 0 0
1406	0 0 0 0 13 0 0 0 0 0
1374	0 0 0.44 0 0 0 0.22 0.34 0 0
1626	0.16 0 0.04 0.24 0.32 0.12 0.02 0.1 0 0
1627	0 0 0 0 0 3 0 0 0 0
913	0 0 0 0 0 0 0 0 4 0
1257	0 0 6 0 0 0 0 0 0 0
1351	0 0 0 0 0 0 0 4.34 0 0.66
1370	0 0 0 0 0 0 0 7 0 0
1436	0 0 0 0 0 0 0 0 2 0
1538	0 0 0 0 0 0 0 0 0 6
1554	0 0 0 0 0 0 0 0 2 0
1578	0 0 0 0 0 0 0 0 3 0
1628	15 0 0 0 0 0 0 0 0 0
1629	0.02 0 0 2.06 0 0 0 0 5.92 0
1630	3 0 0 0 0 0 0 0 0 0
1631	7 0 0 0 0 0 0 0 0 0
1632	0 2.32 0 0.02 0 0 0 0 0 0.66
1633	0 0 0 0.3 0 0 0.66 0 0 2.04
1634	0 0 0 0 0 0 0 0 2 0
1635	0 0 0 0 0 0 0 0 0 3
1636	0 0 0 0 0 0 0 0.02 0 3.98
1637	0 0 0 0 0 0 0 0 0 3
1638	0 0 0 0 0 0 0 0 0 3
1639	13 0 0 0 0 0 0 0 0 0
1640	0 0 0 0 0 0 0 0 0 3
1641	1.44 0 1.56 0 0 0 0 0 0 0
1642	0 0 0 0 0 0 0 0 0 9
1643	0.18 0 0 0 5.92 0 0 0 0 8.9
1644	0 0 0 0 0 0 0 0 0 3
1645	0 0 0 0 2.44 0 0 1.56 0 0
1646	0 0 0 0 0 0 0 0 7 0
1647	0 3 0 0 0 0 0 0 0 0
1648	0 0.18 0 0.48 0 0 0 0 1.34 0
1649	0 0 0 0 0 0 0 2.72 0 0.28
1650	0 0 0 0 0 0 0 0 3.98 0.02
1651	0 0 0 0 0 0 0 0 0 4
1342	0 0 4 0 0 0 0 0 0 0
1652	0 0 4.96 0 0 0 0 0.04 0 0
1653	0 5 0 0 0 0 0 0 0 0
1654	0 0.18 0.06 0 0 0.08 0.34 0.08 0 0.26
1655	0 0 0 0 2 0 0 0 0 0
1455	0 0 0 0 0 3 0 0 0 0
1656	0 0 0 0 0 0 0 0 0 7
1657	0 0 0 0 3 0 0 0 0 0
1658	0 0 9 0 0 0 0 0 0 0
1497	4 0 0 0 0 0 0 0 0 0
1659	0.24 0.12 0.02 0.08 0.04 0.32 0 0 0.08 0.1
1660	2 0 0 0 0 0 0 0 0 0
1661	0 0.08 0 0.24 0.18 0.12 0.02 0.06 0.16 0.14
1463	0 0 0 0 0 0 0 0 0 5
1292	0 0 0 0 0 0 0 0 0 4
1662	0 0 0 0 0 0 0 0 0 5
1500	0 5 0 0 0 0 0 0 0 0
1390	0 0 0 0 0 0 0 0 0 3
1417	0 0 0 0 0 0 0 0 0 2
1477	0 0 0 0 0 0 3 0 0 0
1663	0 0 0 0 0 0 0 0 0 2
1664	0 0 0.02 0 0 0 0 12.98 0 0
1665	0 0 0 0 0 0 2 0 0 0
1666	0 0 0 0 0 0 0.44 0 0 1.56
1667	0 0 0 0 0 0 0 0 0 3
1668	0 0 0 0 0 0 0 3 0 0
1669	0 0 0 0 0 0 0 2 0 0
1670	0 0 0 0 0 0 0 0 0 3
1671	0 0 0 0 0 0 0.3 0 0 0.7
839	0 0 0 8 0 0 0 0 0 0
1672	0 0 0 0 0 0 0 0 4 0
1673	0 0 0 0 0 3 0 0 0 0
1674	0 0 0 0 0 4 0 0 0 0
1675	0 0 0 0 0 0 0 3 0 0
1676	0 0 0 0 0 0 0 0.06 0 1.94
1677	0 0 0.98 0 0 0 0 2.02 0 0
1678	0 0.02 0 0 0 0 0.28 0 0 0.7
1679	0.02 0 0 0 0 0 0 0 0 2.98
1680	0 0 0 0 0 0 0 0 0 2
907	0 0 0 0 0.04 0 2.96 0 0 0
1681	0 3 0 0 0 0 0 0 0 0
1682	0 1.38 0 0 0.92 0 0 0.5 0 4.68
