0 17 20.8 14.8 26 35.8 10.8 0 38.8 26
0 27.2 0 0 0 0 19 7.8 20 0
0 0 0 6.6 0 0 5 38.8 0 0.6
0 0 0 0 0 1.8 0 21.8 0 1.4
2.6 0.2 34.2 6 26.8 35.6 14.4 0 0 10.2
0.8 0 4.2 44.4 74.4 0.2 0 9.4 24 44.6
13.2 1.8 58.2 54.4 77.6 83.4 18.2 0 0.2 39
0 0 0 0 0 49 0 3 0 0
0 0 4 9 0 0 0 4.8 4.2 0
0.2 18.2 0 21.2 63.2 7.8 0.2 12 7.6 46.6
0.6 17.2 26.4 24.8 0 10.8 16.2 16 10 48
0 0 8.4 0 9.4 2.6 0 0 9 16.6
31 12.8 89.2 63.8 100.2 76.8 15.2 81.2 20.8 1
10.6 0 0 0.2 38.6 0.4 0 4.6 14.4 0.2
12 31.8 0 0 0 0 36.2 28.8 10.2 0
16.6 0 18.6 6.8 13.4 27.8 0 0 0.8 62
0.2 0 0 0 0 0 7.4 0 12.4 0
12.8 45.6 67.2 57 90 0 0 0 1.8 4.6
0 0.8 0 0 2.8 1.6 0 16.2 0 2.6
8 0 3.2 0 0 0 0.2 0 0 23.6
3.2 1.2 0 14 0 40.2 26 27.2 6 2.2
1.2 0 27.6 0.2 17 45.2 11.8 0 0 0
0 23.4 44.4 17.8 20.2 9 9 0 10.6 26.6
0 0.6 10.4 0 5.8 21.4 0 2.4 7.4 50
0 4 7.2 11 0.2 0 0 0 0 29.6
3 0 0 0 0 0.4 29.2 16 44.2 0.2
0 0 0 0 0 0 8.2 0 10.8 0
0 0 0 0 0 30 7.2 2.6 0 22.2
0 0.4 0 7.4 0 0 0 10.2 0 6
0 0 0 0 0 11.6 0 27 0 0.4
0 0 0 7.2 10 0 0 19.8 0 0
1.8 0 0 0 0.2 0 14 11 17 0
0 0 0 0 0 0 0 25 0 0
0 0.2 0 0 0 0 0 15.8 0 0
0 0 0 0 0 0 0 24 0 0
0 0 5 0 0 0 0.2 25.8 0 0
0.2 0 0 0 0 43.2 14.4 0 0 0.2
7 0 41.2 2.2 3.4 0.8 24.6 9.2 0 13.6
0 0 0 0 0 0 0 17 0 0
0 0 0 0 0 0 0 26 0 0
0 0 0 13.2 30.6 0 0 0 0 0.2
29.2 0 47.2 0 2.2 25.2 2.4 0 0 39.8
34.6 4 54.2 0.4 0.2 4.2 10.6 13.8 12.4 50.6
0 0 18.2 0 3.6 26.8 31.6 0 2.2 38.6
15.4 0 0 0 0 0 10.8 0 9.8 0
0 0 0 0 0 0 11 0 0 0
0 0 0 0 0 0 0 17 0 0
0 0 0 2 47 0 0.2 0 0 27.8
6.8 6.4 31.8 8.6 8.6 19.8 0 8 6 0
0 1.8 0 0 0.2 0 0.2 1.2 26.6 0
0 0 0.2 0.6 0 0 0 0 0 19.2
20.4 22.4 0 0 9 0 16.8 0.2 0 18.2
0 0 0 0 0 5.8 23 0 0 8.2
0 0 0 0 0 0 42.2 14.8 0 0
0 0 0 0 0 0 14 0 0 0
6 0 56.4 0 0 34.6 11.2 0 0 24.8
43.8 0 0 0 1.6 0 36.4 3 7.4 10.8
1.6 7.4 6.8 6.2 88.6 1.4 0.4 11.2 11.4 0
31.2 5.6 30.8 87.8 77.6 55.2 0 0 48.2 84.6
7.4 18.4 9.8 56 56 37.2 0 3.6 0.6 74
0 0 0 0 0 0 0 17 0 0
5.8 11.2 32.6 1.8 33 47.6 7.2 0 23.6 17.2
0 8.6 0.2 0 0 0 18.8 3.4 19 0
0 0.4 5.6 0 41.4 62.4 0.2 16.2 7.8 65
0.6 0.8 34.4 0 17.6 0.4 13.4 0.2 0 13.6
0 0 0 0 0 0 22 0.2 18.8 0
0 0 0 0 0 0 14.4 0 0.6 0
4.6 16.6 0 0 0 0 3.4 0.2 7.2 0
0 0 0 0 0.2 14.4 20.8 0 35 0.6
4.2 0 7.4 0 0 35.4 5.4 0 0 52.6
6.2 10 0 0 18.4 0 0 0 0 2.4
32.8 0 0 10.8 20.4 3.4 1.2 0 0 52.4
0 15.8 0.4 0.2 46.6 0 0 0 0 0
0 0 0 0 0 0 0 22.2 4.8 0
17.8 4.4 0 0 9.6 0.2 38.4 3 8.2 4.4
3 9.4 1 7.6 19.4 0.4 2.6 4.6 12.6 8.4
1 0.2 0 8.2 0.8 15 0.6 0 15.6 8.6
0.8 7.6 0 0 0 0 1.8 2.8 0 0
0 27.2 0.2 0 0 0 0 12.8 6.8 0
0 10.2 0 0 3.6 0 0.2 1.6 0.4 0
11.8 16.2 3.6 0 0 0 16.6 0 5.2 0.6
19.6 8.2 6.8 0 28.6 0 10.8 0.6 0 37.4
29.6 0 33.8 0 0.2 9.6 25 0.2 0 44.6
10.8 0 0.2 0 5.4 0 45 0 0 15.6
10.2 35.8 8.6 68.2 46.2 13.8 0 5.2 8 84
0 0 0 0 0 0 0 16 0 0
30.6 5.4 38.2 14.8 0.2 56 17.8 0.2 0 47.8
0 0 0 0 0 0 0 23 0 0
0 30.8 5.6 0 11.2 0 9 11 0 4.4
0 35.4 13 89.8 101.8 5.2 0 24.6 23.2 21
0 0 0 11.8 15 0 2.2 0.4 0 60.6
54.6 0.6 54.8 0.2 46.4 117.8 12.6 0 0 0
0.2 0 0 0 0 0 11.8 0 0 0
41.8 5.2 115 15.4 87 79.8 0 3.6 25 0.2
20.6 0 57.8 34.6 64.4 40.2 0 4.4 0.6 64.4
0 0 0 4.8 55.8 10.4 0 0 0 0
0 0 0 0 39.2 0.2 0 0 6.4 32.2
7.8 0 5.4 0 19.6 0 0 0.2 0 0
32.2 0 0.8 0 0 13.4 29 14.6 8.6 12.4
0 0 0 0 0 0 0 39 0 0
16.4 0 0 0 0 0 33.6 0 0 0
2.2 0.4 28.4 5 8.8 57.8 0 16.4 0 2
0.8 5.6 0 0 0 0 14.8 0.2 0.6 3
11.2 2 0 0 0 0 26.6 22.6 35.6 0
0 0 0 0 0 0 0 39 0 0
14.2 0.2 0 2 0.4 2.4 0 0 0 23.8
0 0 0 0 0 0 0.2 16.8 0 0
1.6 0 0 0 0 0.2 20.2 10.8 0 0.2
20.8 0.8 63 0 0 86.4 16.6 3.2 0 28.2
11.8 0 27.4 0 0 56.6 0 34.2 0 0
0 0 0 0 0 0 0 9 0 0
0 4.4 0 0 0 0 0 28.6 0 0
0.6 5.6 0 0 0 0 10.4 13.2 13.2 0
0 0 0 14.6 39.4 0 0 0 0 0
0 0 0.2 0 12.6 28.6 0 0 18.2 17.4
0 17.2 0 10 27.4 0.4 8.4 47.8 4.8 0
0 0 0.2 0 0.2 23.4 27 0 0 12.2
0 0 7.4 32 30.8 54.6 0.2 0 0 0
36.8 12.6 2 0 10 7.8 29.4 23 6.4 27
0 0 0 0 0 0 29 0 0 0
7 5.6 0 13 15.8 0 0 7.8 16 1.8
0 2.6 12.6 6.6 12.6 0 0 2.6 0 11
0 8.4 0 8 37.2 0 0 0 17.2 0.2
0 0 0 0 4.8 0.2 0 0 0 27.8
8.2 0 28.2 14 0 16 21.6 12.2 0 50.8
0 0 0 0 0 0 0 39 0 0
0 0 0 0 0 8 2.4 9.2 0 1.4
12.4 0 38.6 0.2 19.6 15.6 3.8 12.8 0 71
0 0 0 0 0 0 0 15 0 0
63.4 0.4 43.4 6.6 0 102 39.4 52.6 11.6 33.6
0 5.2 0 0 0 0 0 0 21.8 0
0 0 0 0 15 0 0 0 0.2 11.8
0 0 0 0 0 0 0 22 0 0
0 0 0 0 0 0 0 13 0 0
0 0 0 0 0 14.2 0 3.6 0 8.2
0 33.6 0 10 0 0 0 0 5 10.4
0.2 0 0 0 0 13.2 21.2 12.8 0 12.6
0 0 0 1.8 24.4 0 1.2 0 0 41.6
0 11 0 0 0 0 0 4 7 0
0 0.4 0 0 0 0 0 11.4 0.2 0
32.8 2.4 0 0 0 0 35.6 14 20.2 0
0 0 0 0.2 14 0 0.2 7 9.6 0
0 0 0 0 0 0 0.2 16.8 0 0
5.8 27 3 0 55.2 5.4 5.2 23.8 26.8 56.8
44.4 4.8 23.8 0 38.8 85.8 39.8 42 11.4 0.2
0 0.2 0 0 0 0 0 20.8 0 0
0 0.8 0 0 0 0 0 13.2 0 0
0 0 0 1.2 13 0 0 0 0.4 26.4
0 0 0 0 0 0 0 21 0 0
0 0 0 0 0 0 1.6 10.6 3.8 0
8.4 34 36.4 101.8 110 13.8 0 0 14.8 34.8
5.4 0 56.4 0 0 13 14.8 3 0 47.4
0 0 0 0 0 0 6.4 1 0 4.6
0 0 0 13.4 21 0 0 5.4 2.2 0
0 0 0 0 0 0 0 7.8 0.2 0
0 0.2 0 0 21.4 0 0 0 0 2.4
12.8 0 0 0 0 0 34.6 18.4 0.2 0
8 11.2 10.2 13.8 7.4 48.6 21.8 0 20.6 13.4
29.2 0 5.2 0 0 9 13.4 13.6 6 0.6
14 9.2 0 7.8 27.2 22.4 9.8 0 38 4.6
0 0 0.2 0.2 0.4 0 6.2 2 1.8 22.2
3.4 0 0 0 0 0 6.6 0 9.8 8.2
0 0 0 0 0.6 0.4 0 19 0 0
16.6 0 0 0 0 0 41.6 0.6 3.2 0
0 0 0 0 0 0 5.2 0 4.4 11.4
0.2 0 0 0 0 0 0 15.8 0 0
5.4 0 0 0 12 0 3 0 0 22.6
15.8 0 0 0 0 0 23.2 0 0 0
0 1.4 0 0.4 0.2 0 0 16.6 0 27.4
0 0 0 0 0 0 0.6 32.4 0 0
0 0 0 0 0 0 0 22 0 0
0 0 0 3 4 0 0 0 0 0
0 0 0 0 0 0 0 44 0 0
39.6 27.6 74.2 0 0 1.2 4.2 0 24.8 9.4
0 0 0 0 0.4 0 0 0 5.4 32.2
0.2 0 0 0 0 0.2 13.6 16.4 24.6 0
9.2 5 0 0 51.4 40.4 0.4 12.6 0 0
64.4 0.2 38.6 0 18.8 70.4 21.8 23 13 12.8
0 0 0 0 0 0 0 20.4 3.6 0
0 0 15.2 5.4 0.8 29 3.8 0.8 0 0
54 19.4 0 0.4 0 1 23.4 19.6 19.2 0
0.2 8.2 0 4 0 0.2 2.8 0 0.6 13
0 0 12.2 0 9.2 17.6 0 0 0 0
18.4 39.4 46 22.8 65.4 0 1.2 0 0 36.8
0 0 0 9 0 0 11.2 4 6.2 10.6
11.6 0 0 0.2 0 28.4 11.8 19 0 0
0 0 0.2 0 41.8 0 0 0 0 17
9.2 4.2 0 0 0 26.8 0 2 2.2 50.6
0 4 0 24.2 55.6 1.2 2.4 0 13.8 75.8
20.6 0 0 0 0 0 11 25.4 8 0
0 0 0 0 0 0 0.2 17.8 0 0
9 0 0 0 0 0 6 0 0 0
34 0 27.8 0 6.4 13.8 0 23.8 7 5.2
20.8 0.2 64.2 31.4 37.4 14.2 8.8 0 7.6 59.4
6.2 12.4 13 0 20.4 12.4 4.4 13 9.2 1
0.2 14.6 7.4 0 1 0 0 0 9.8 0
1.2 0 0 0 0.4 62.8 0 15.6 0 0
11 0 0.8 0 20.6 30.6 0.2 3.4 17.8 57.6
3 5 0 0 0 0 0 1 16 0
19.6 0 58.6 0 0.2 69.4 56.6 0 0 22.6
0.6 15 30 18.2 72 82.8 1.8 4.4 37.2 18
0 0 0 1.2 0 0 0.2 5 1.8 9.8
0.4 3.6 0 0 0 0 18.6 0.2 14.2 0
0 0 0 0 10 0 0 22.6 0.4 0
0 0 0 0 0 0 0 13.8 0 0.2
0 0 0 0 0 0 0 27 0 0
32.4 11.4 3.6 7.2 55.2 31.2 34.2 0 3.2 9.6
0 0 12 3 0 0 0 4 0 9
0 0 0 0 0 0 0 0 21 0
14.8 0 37.4 2.4 44.2 0 0 7.6 0 41.6
0 5.2 0 4.4 0 0 4.6 0.8 0 12
0 0 0 0 19.6 0 0 0 5 4.4
7.4 0 3.2 11.6 62.8 0 28.6 0 0 39.4
0 5.2 0 16.8 100 0.2 0 3.2 20.4 4.2
0 0 0 0 4.6 17.8 0.2 14.2 0 67.2
21.2 12 7.8 0 0.6 40 0.8 0.4 13.6 18.6
0 0 0 0 0 49.4 10.6 0 0 0
0 0 0 6 16.6 16 0 3.8 0.4 7.2
3 6 0 4.6 8 0 0 10.4 0 1
0 0.2 0 0 0 0 0 22.8 0 0
12.6 2 11.6 0 0 60.8 4.2 7.2 31.4 14.2
36.4 0 73.4 7.2 7.2 107 19.6 1 5.4 18.8
28.2 0 5.8 0 0 0 15.4 10.6 0 0
15.4 0.6 28.8 0 0 8.2 0 27.2 5.8 0
0 0 0 7.8 7.2 4 0 0 0 0
0 14.2 0.2 0 19 0 10 0 4.8 14.8
9.6 15.6 0 0 0 0 0 8.8 20 0
0 1 0 0 0 0 0 3.4 0.6 0
0 0.2 0 0 0.2 0 0 25.6 0 0
12 0.2 39.8 5.4 7.2 0 0 0 2 62.4
0 0.2 0 0 0 0 14.2 0.6 0 0
0.2 7.2 0 11.8 15.4 0 1.2 7.2 12.6 15.4
2 4.4 15.6 8.6 23.4 1.8 4 5 3.4 54.8
9.4 37.8 59 96 102 11.6 0 11.2 0.2 17.8
0 0.2 0.4 10.8 46 0 0 7.8 0 22.8
13.4 4.2 0 3.8 3.6 0 3.6 0 0 82.4
0 0 0.6 19 43.2 0 0.8 0 2.2 0.2
1.4 8.6 0 0 0 0 11 0 0 0
0 12.8 0 63.8 41.2 0 0 0 14.8 16.4
0 0 0 0 0 0 0 11 0 0
0 0 0 0 0 0 0 15 0 0
0 0.6 0 0 0 0 5.6 5 4.4 0.4
0 26 5.6 0 19.4 0 0 0 0.2 20.8
38.6 0.4 53.2 13.8 13.6 24.8 4.4 5 17.8 42.4
11 0 4.6 0.2 0 0 0.2 0 0 0
9.6 0 36.8 7.2 12.4 67.2 6.4 0 15.4 19
0 0 0 0 0 0 3.4 8.4 0.2 0
0 0 0 0 0 0.4 0.6 0 0 19
1.6 0 0 0 52.6 32.2 45.2 3.2 17.8 42.4
0 0 8 9.8 13.6 0 32.2 30.4 6 0
9.2 14.6 0 5.6 0 0 51.8 0 0.2 12.6
0.2 0 0 0 0 0 0.2 0 23.6 0
17.6 0 0.2 6.4 17.2 16.6 0.2 19 0 52.8
5.6 0 51 0 5.6 25.6 7 0 0 55.2
0 0 0 0 0 19.4 26.6 9 0 0
29 0 39.4 7.6 0 101 44.8 0 5 0
0.2 29.2 0 0 5.4 0 6.4 0 20.8 0
0 0 0 0 0 0 0.2 3.8 0 0
0 0 14.2 0.8 10.4 0 4 0 13.6 0
0 0 0 0 0 0 0 17 0 0
0.2 0 0 0 0 0 8.6 17.2 0 0
9.2 0 55.6 0.2 0 10.6 9 0 4.6 32.8
0 0 15.4 27.4 22 0 4.4 18.8 0.2 36.8
0 31 4.4 16.8 45.2 39.8 0.2 5.8 8.2 0.6
0.4 0 0 0 0 0 23 7.6 0 0
0 23 0 0 0 0 0 0 1 0
0.2 0.2 17.2 0 28.2 115 7.6 0 13.6 0
23.6 4 34.8 10.2 23.8 100.4 5.4 0 27.8 0
15.8 0 29.2 40 107.8 29.8 0 0 13.2 0.2
0.4 43.6 24.2 0 0 61.4 19.4 3 0 0
4.4 24.2 9.6 35.2 55.6 27.6 14 0 0.4 86
0 0 0 0 35.4 10.8 0 0 0 24.8
0 0 0 0 0 0 0 15 0 0
35.4 0 0 0 0.2 0.2 7 5 12.2 31
0 0.2 5.6 0 0 5.4 9.6 0 5.2 35
39.4 0 93.6 16.8 49.6 112.2 53.6 28 27.6 0.2
17.8 5 0 0 0 0 12.4 0 22.6 0.2
0 0 0 0 0 0 0 37 0 0
36 22.8 56 45.2 27.4 66.2 19 6.6 25 0.8
31.6 0 105.2 3.6 0 57.6 11.4 12.6 6.2 17.8
0 0 0 0 0 0 0 24 0 0
0 0 0 0 0 0 0 20 0 0
9.2 0 22 0.2 0.8 13.2 0 0 0.2 21.4
0 0 0 0 0 0 0 54 0 0
0 0 0 0 10.6 0 0 6.2 5 0.2
29.6 32.8 50 0 49.2 37.8 11 41.8 0 19.8
0 0 0 0 0 12 30.8 5.6 1.4 0.2
0 0 0 0 11.2 0 0 16.6 11 37.2
0 0 0 0 0 0 8 0 0 0
5.6 0 11.4 9 0 16 15.2 0 0 41.8
30.2 0 60.8 0.2 0.2 106 22.6 0 26.6 13.4
1.8 0 0 10.2 52.2 0 10.6 0.8 19.4 0
24.8 28.6 43.6 42 53.4 59.8 21 7 10.2 2.4
31 0 0 0 0 2.2 35.4 30 0.4 0
0 15.4 82.4 13.6 0 46.4 9.2 0 0 35
9 26.8 0 0 44.2 5.6 10.6 0 4 15.8
0 7.8 0.6 0.4 49.4 34 24.8 5.4 20.6 0
2.4 0 9.8 4.6 46 0 18.8 0 0 59.4
0.2 33 16.2 46.6 62 0.4 0 25.4 32 18.2
4.4 0 0 0 0 0 0 12.6 0 0
29.4 0 49.6 13.2 23.8 104.8 7.8 0 0.4 23
0 0 0 0 0 0 0 8 0 0
27.4 8.6 66 19.6 68.8 83.8 9.4 14.2 86.2 0
7 0.2 0 0 0 0 1.2 19.6 0 0
6.2 18.2 0 18.2 49.6 7.6 0 21 11.4 39.8
6.6 2 0 0 0.2 0 0 5.2 0 0
0 0 18.8 0 6.4 0.4 8 0.2 0 53.2
2 5 69.2 64.4 104.4 56.6 44.8 0 7.4 50.2
0 0 0 0 0 0 0 23 0 0
0 0 0 0 0 0 0 0 1 0
4 0 62.8 34.8 20.2 30.8 0 26.2 0 102.2
0 26.6 8.8 78.6 131.4 1.6 0 0 9.2 30.8
6.8 0 56.6 42.6 47.6 14.4 9.6 13.8 0 63.6
77.2 0.2 95.4 0 1.8 53.6 17.8 0 0 0
0 4.4 0 0 62.2 6 0 3.4 7 0
0 6.2 0 0 39.4 0 0 1 0.2 11.2
0 0 0 0 0 0 0.2 30.8 0 0
25 14 47 0 18.2 1 0 0 8.4 41.4
0 0 0 0 0 0 0 29 0 0
7.6 0 21.6 3 0 87.8 32.2 0 1.8 0
4.6 0 0 26.8 72 0 0.2 0 0 24.4
0 0 0 15 39.6 3.2 0 0 5.2 2
12.8 5.4 0 0 2.4 0 0 11 11 19.4
0 7.4 0 0 0 0 29.6 37.6 16.4 0
0 4.6 24.8 22.2 49 5.4 0 5.8 11.2 0
2.6 0 30.2 38.8 10.6 42.2 0.2 0 0 22.4
0 17 16.2 38.8 95.2 71.2 6.4 10.4 39 3.8
19.8 0 48 11.4 20 71.4 10 42 6.4 0
0 1.8 0 0 23.4 0 15.4 8.2 0 7.2
3 0 56 0 0.2 6.6 39.2 0 0 79
0 15.8 0.4 13 36.2 0 0 5.6 0 0
44 0 1.6 0 9.2 53.2 59.2 8.4 7.4 0
0 0 0 0.2 19.6 0 9.8 0.2 0 0.2
7 39.4 0 41 62.4 17.8 8.2 65.6 18 91.6
0 0 0 0 0 0 0 38 0 0
40.2 3.4 35.6 0 0.2 30.4 11.8 0 0 1.4
0 0 0 4.6 0 13.6 29.8 0 0 0
0 4.6 0 23.2 56.2 0 0 0 0 0
0.6 0.2 13.6 52 141 50.6 7.2 0 28.6 49.2
0 0 25 0 0 0 0 0 0 30
0 0 0 0 0 0 0 12 0 0
12.4 7.8 0 16.8 66.4 11.4 0.2 6.2 35 35.8
0 34 35.8 9 104.2 47.2 8.8 0.2 37.8 0
15.6 30.6 0 0.2 32 0 0 7.2 29.6 44.8
30 9 65.4 3.4 23.8 12.4 4.2 3 20.6 11.2
6.2 0 31.8 0.2 0.8 125.6 31.6 15 0.4 36.4
0.2 0 55.2 0 0.2 62.2 66.6 0 16.6 0
36.2 0 0 0 0 0 40.8 0 0 0
0 0.8 0 0 0 0 15.6 0 21.6 0
0 0 0 12.6 2.6 0.2 7.2 0 0 32.4
0 0 0 0 0 0 0 80 0 0
0 0 0 0 1 30 0 0 17.8 7.2
0 0 0 0 0 0 0 27 0 0
0.6 74.2 18.4 30.4 85.2 0 0.4 9.4 22 12.4
0 0 0 0 0 0 0.2 26.2 5.6 0
0 0 0 0 0 0 0 32 0 0
52.8 8 0 0 0 0 55.4 5.4 0.4 0
0 4.8 0 21.6 22.6 0 0 3.2 3.8 0
0 0 0 0 0 0 23 0 11 0
0 32 0 0.4 43.4 0 7.2 18 20.6 0.4
0.2 43.2 13 37.6 57.4 3.2 0 0 10.4 0
0 0 0 0 0 0 0 24 0 0
0 7 38.8 26 74.8 75.8 36.8 15.6 3.8 0.4
0 0 0 0 0 0 0 22 0 0
0 5.6 0 0 0 0 3.6 36.4 24.4 0
0 0 0 10.8 0 24.2 0 0 0 0
0 0 0 0 0 47.8 10.4 8.6 0 0.2
1.4 0.2 3.2 0 1.4 36.8 0 8.6 0 1.4
0 2.4 0.2 0 0 0.6 0 12.8 8.6 12.4
1.8 5.4 0 20.6 35.8 0 0 9.4 0 18
0 0 0 0 0 17 0 0 0 60
7.4 1.6 0 0.4 0 33 0 10.4 6.6 0.6
6 2.6 97 12.2 37 51.4 10.6 0 0 62.2
48.6 0 10.2 0 9.6 66.4 38.2 4.2 17.8 82
0 0 0 7.8 0 17 0 8.2 0 0
0 7.8 0 0 32.2 0 0.2 0 5.8 0
0 0.2 0 0 0 0 0 14.8 9.8 5.2
63.4 27.6 126 0 52.8 97 37.4 0 0.2 0.6
0 13.8 25.4 7.4 61 65.6 0 0 11.6 42.2
0 10.2 21.2 28.8 69.8 20.6 0 17 0 3.4
13 13.2 16 37.8 28.8 6.4 0.2 14.6 16.2 40.8
0 1.6 0 10.6 23 0 0 6 7.8 0
0 8.4 0 17.4 23.8 0 0.2 18.2 2.6 25.4
0 0 0 0 0 0 0 43 0 0
0 29.8 9.8 121.8 95.4 23 12.8 0.4 54 0
4 0 0 0 0 0.4 27.6 0 0 0
2 17.8 38.2 12.2 75.6 55.8 4.6 4 68 40.8
1 0 0 0 0 5 22 26 0 0
17 0 50.8 89.6 86 6 2.2 0 5.6 45.8
0 17 0 0 0 0 7.8 1 13.2 0
0 9.4 0 29.6 20.8 4.2 12 0 19.8 56.2
1.4 15.4 0 12.6 46.6 0 0 30.8 30 3.2
89.8 0 112.2 15.2 0 123.8 10.2 26.2 8 26.4
12.6 0 43.4 0 0 126 4.6 0 0.2 30.2
0 0 0 0 0 7 18 16.2 0.6 21.2
14 0 0 0 0 0 37.8 8.2 0 0
0.2 0 0.4 11.8 41 0 1 21.4 10.6 29.6
13.8 0 60.2 43 0 14.6 0.4 0 0 30
41.8 8 95.4 3.4 23 116.4 7 13 3.8 23.2
0 0.4 0 0 0 0 0 32.6 0 0
30 7.2 14.2 4.2 13.8 0 2 9 4.6 88
12.2 0.8 0 0 31.8 4.4 20.6 0.2 22 0
9.8 0 0 0 0 0 63.2 0 0 0
0 0 4.4 0 0 1 0 57.6 0 4
21.2 5.6 186.4 47.6 66.2 126 2.2 16.6 7 3.2
24 10 39 81 100.8 51.6 19.4 0 25.4 55.8
0 0.6 61.8 33.8 5.6 76.2 28.6 15.2 6.6 50.6
0 0 0 0 0 0 0 36 0 0
0 21.4 0 46.6 88.6 0 0 13.2 0.2 67
0 0 0 0 0 0 0 34 0 0
0 1 21.6 0 0.2 23.2 1.6 0.8 0 37.6
0 0 0 0 11.4 2.8 0 0 23.8 35
0.4 8 0 0 0 0 13.2 18.2 18.8 0.4
0 0 0 0 0 0 0 30 0 0
0 0 0 8.4 17.2 1.4 0 14.8 0 0.2
99.6 78 214.6 8 38.6 122.4 42 88.2 54.8 80.6
23.8 13 129.2 0.4 79.2 183.6 52.6 2 32.2 0
0 0 0 0 0 0 0 23 0 0
0 17 0 9.8 22.6 0 2.6 0 0 0
0 29 0 0 0.4 0 0 0 16.6 0
0 0 0 9.2 43 46.4 6 9.8 0 0.6
0 5 0 0 0.2 34.2 42.2 7.8 49.6 0
8.8 0 0 0 0 0 3 46.2 16 0
0 9.4 0 0 0 0 5.8 25.8 0.6 8.4
0 0.2 0 20.4 35.6 109 32.2 51.4 6.2 0
0 3.4 0.2 66.6 51.8 3 0 5 0 37
0 0 0 0 0 0 0 57 0 0
0 0.2 0 0 0 0 0 89.8 0 0
48.4 30.8 105.6 60 86.4 127.8 9.2 0 58.6 3.2
0 20.2 3 0.6 11 18.6 5.8 0 53.8 0
0 0 0 0 0 0 0 34 0 0
12.6 0 0 0 0 0.2 40.2 7 22 0
0 0 2.6 9.8 36.2 0 0 28.4 0 1
61.4 4.6 0 0 0 0 0 0 0 0
17.8 0 121.6 26.6 41.6 151.4 69.4 24 13.4 49.2
28.2 0 59.8 7.8 0.2 71.2 0 10.8 15.4 3.6
0 47 85.8 52.8 81.6 52.2 5.4 1.4 25.2 61.6
25.6 16.6 0 0 0 0 20.6 0.2 0 0
6 0 0 0 0 0 19.8 1.2 30 0
0 11.8 0 0 26.2 0 0 28.6 6.4 0
0 0 0 0 0 0 27.2 5.8 0 0
16.6 0 19.6 0 6.4 104.6 0.6 4.2 21 0
0 0.2 0 3 0 0 0.2 21.6 0 0
0 11.2 0 0 0 0 16.8 13 0 0
15 0.2 3.6 0 28 3 13.2 12.6 27.6 3.8
0.2 0 0 0 0 0 0 61.8 0 0
12.8 0 16 0 2 39.2 52.4 0 12 61.6
0 0 0 0 0 0 0 64 0 0
11 42.4 0 11.2 32 0 4 3.4 30 0
59.8 40.6 206.4 151.4 177.4 76.2 31 63.4 7.2 26.6
0 0 0.2 0 0 0 0 97.6 3.2 0
3.4 0 16.6 78.4 48.6 21 22.2 10 0 77.8
13 2.4 23.2 0.2 0 74 0 0 33.8 74.4
10.8 9.8 27.6 43.6 38.2 11.6 18.4 32 0 148
0 51.4 46 0 39.4 20 42.4 17.4 14.4 73
32.4 30.8 26.8 40.8 35.6 115.4 0 0 44.6 54.6
52.8 19 70.4 15.8 106.4 140 29.2 0 3.2 48.2
0.6 37 0 32 98.2 0 28.2 13.2 52 15.8
36.2 3.4 4 0 0.4 0 106.4 9.8 0 31.8
0 44.8 0 0 0 0 0 12.2 43 0
0.6 0 0 5 0 0 7.4 19 0 0
0 0 0 0 0 0 0 43 0 0
11.8 32.2 0 0 0 0 44.4 6.6 58 0
0 17.2 0 0 1.8 0 14.6 45.4 0 15
0 5.8 7.4 12 73.4 0 14 0.4 0.6 29.4
0 0.2 0 0 0 52.2 8.6 64.4 0 20.6
2.6 0 0 0 0 0 10.8 0 72.6 0
1 31.8 4.2 14.2 54.6 8.4 22.6 0 29 68.2
0 0 0 40.8 60 0 0 0 0 0.2
20.2 17 0 0 0 0 0 0 60.8 0
0 0 42 0 0 0 5 0 0 0
41 0 160.8 0 0.4 155.8 60.6 23 8 24.4
0 30.2 0 0 0 0 0 0 34.8 0
0 32.8 22.2 119.2 137 37.6 11.4 12.2 38.8 148.8
0 0 0 0 0 0 0 21.6 9.4 0
4.6 0 44.6 0.4 20.6 40 0 11.4 0 0.4
14.2 12.2 12.8 0 0 0 1.6 0 0.2 0
28.2 0 13.2 0 38.8 33 0.2 5.4 9.8 47.4
11.6 0 3.8 14.6 45.6 49 52.6 16.6 1.2 109
0 12.8 0 17.2 23.4 2 2.2 0.6 0 31.8
3.6 1.2 6.2 26 26 1.8 4.8 1.4 0 35
0 0 0 0 0 0 18.8 17.2 0 0
0 15.8 5 0 8.8 18 15.6 11 5.8 8
1.4 0 36.6 0 0.2 59 71.2 0 0 66.6
0 0 0 0 0 0 0.2 30.8 0 0
39.2 23.8 0 0 0 0 46.6 43.8 61.6 0
34.6 0 81.2 0 23.4 116.4 42.4 0 1.4 49.6
0 0 0 14 19.6 5.2 0 27.8 0 142.4
0 0 0 0 0 0 0 166 0 0
0 6.2 0 0 0 0 9.8 0 31 0
0 20.8 0 0 13.4 0 0 0 17.8 0
0 2.4 0 10.2 35.8 0 0 0 0.2 13.4
14.8 7.8 0 3.8 30 18 52 18 19.2 67.4
6.4 10.4 0 2 10.2 0 17 0 0 33
11.8 0 79 23.2 0 141.4 0 0 0 70.6
0 0.2 28 10.8 18.6 60.6 0 0 12 43.8
30.6 5.4 117.4 0 34.2 167.2 32.6 0 26.6 0
8 17 5.4 33.6 72.8 21.6 0.6 1.2 30.2 5.6
0.2 0 0.2 23.2 38.8 0 0 20 6.4 50.2
44.8 35 34.8 34.2 58.8 27.6 30.6 5.6 37.2 12.4
14.2 0 0 0 0 0 45.6 0.4 31.8 0
0 0 0 0 0 0 0 34 0 0
5.4 21.2 9.2 32.2 27.6 30.4 0 0.2 17 68.8
32.8 0.2 134.6 23 22.2 93 47.2 0 0 31
6.4 0.6 9.4 12.2 0 11.2 1.2 14.2 3.2 74.6
4.8 0 73.6 48.8 32.8 100.2 34 12.6 5.4 5.8
10 0 0 0 0 0 28.4 63.8 0.8 0
0 0 11 12.8 0.4 36 0 0 7.2 73.6
0 0 0 3.6 0 0 10 19.2 0.6 0.6
0 0 0 0 0 0 1 29 0 0
0.2 0 0 0 0 0 0 55.8 0 0
0 0 6 0 18.8 0 0.6 4.4 0.2 22
0 0 0 0 0 5.6 17.4 0 0 0
0 15.4 65.2 0.6 36.6 22.4 10.6 27 7 40.2
0 0 0 0 0 0 0 43 0 0
0 0 0 0 0 0.2 1.4 9 4.4 17
10.8 10 0 0 0 0 19.2 0 0 0
47.2 0.2 0 0 0 1.4 33.2 0 41 0
0 0 0 0 0 0 0 77 0 0
8 9 0 0 0 0 0 22 0 0
3.4 0 21.2 0 0.8 48 14.8 6.6 5 40.2
0 0 0 0.2 0 7 0 0 0 23.8
1 32.4 48.6 7.2 42 5.2 0 0 24.6 2
30 16.8 22.4 45.2 122 32 0 4.8 0 26.8
18.4 0 0 0 0 0 43.2 4.4 0 0
0 14.8 0 0 0.2 0 0 21.4 27.6 0
3 25.2 0 59 47.4 2.6 0 0 0 46.8
0 0 0 0 11.6 0 0 11.8 0 43.6
0 0 0 0 0 0 0 39 0 0
11.4 0.2 0 0 19 0 0 9.4 0 26
0 0 0 0 0 0 1.2 26.8 0 0
44.8 3.4 72 13.6 0.2 72.2 29.2 82.6 13.6 79.4
21.8 40 32.8 16.8 10.6 29.4 69.8 11 0 110.8
37.8 0 0 0 0.2 0 78.2 0.2 5.6 0
15.2 32.6 0 53 131.2 14.4 0.6 0.4 17.8 34.8
0 0 51.6 0 0 72 0 0 0 74.4
1.4 41 13.4 93.8 83.4 49.6 4.4 28.8 35.2 26
2.6 6.2 0 0 0 0 1.6 0 0 91.6
0 7.2 5.8 29.2 25.8 0 0 0.4 0.4 0.2
0 0 0 0 0 0 23.8 0 25.2 0
12.6 0 67.4 0.2 2.8 14.6 29.4 0 0 0
14.6 0 28 3.6 43.8 24.2 0 0.6 15.6 37.6
0 7.8 25.8 19.8 53.8 33.2 11.2 0 6.6 28.8
0 0 0 0 0 0 0 21 0 0
0.2 0.2 40.2 2.8 8 89.8 0.4 6 0 18.4
0.6 0 0 0 0 34.4 21.6 11.4 0 0
0 0 0 0 0 0 0 30 0 0
15.8 0 0 19 0.4 11 34.4 32.4 39 0
0 0 0 0 0 0 22 0 0 0
3.8 0 0 0 0 0 13.8 22.4 0 0
24.8 13.2 32.8 0.2 0 152.4 42.8 45.8 3.8 68.2
17.4 7.8 0 0 0 0 50.6 6 5.2 0
0 0 0.2 64.2 29.4 0 0 4 0 47.2
14 2.2 17 0 0 14 7.8 0 0 53
0 0 0 8.8 1.8 0 17.4 6.8 18.6 7.6
0 0 0 18.8 24.8 0 0 11 0 4.4
0 3.8 0 0 0.4 0 9.4 15.6 6.8 7
0 25.2 0 0 0 0 0 0 6.8 0
0 0 0.2 0 30.6 2.2 0.2 12.4 0 31.4
12.8 19.4 0 0 0 0 25.8 0 11.4 19.6
8.8 17.6 23.8 47.2 79.4 59.2 9.6 15.8 23.6 0
0 0 16 6.4 21.4 6.2 0 0 0 0
0 0 19.6 0 0 6.6 2.6 0 0.2 0
0 0 0 0 0 0 7.8 7.2 0 0
0 11.4 0 0 27.6 0 0 0 0 0
0 0 28.6 23.2 46.2 5.2 13.8 0 0.2 29.8
0 0 0 68.4 15.2 0 3.8 0 31.6 15
0 11 0 18.4 23.8 0 0.4 1.6 5.6 0.2
0 6.8 0 0 0 0 35 0.2 28 0
0 0 0 0 0 0 0 11 0 0
0 0 0 3 0 0 0 0 0 0
0 6 0 0 0 0 0 4 2 0
0 0 0 3.8 26.8 0 0 0 2 25.4
0 0 0 0 0 0 0 26 0 0
0 0 0.2 5.2 0 0 0 3 0 15.6
5.8 5.8 0.4 0 14 0 13.4 0.4 0 0
29.6 0 50.4 0 0.2 60 6.4 0 0 0.4
0 0 0 0 0 3 0.6 2.4 0 0
0.6 3.6 4.6 0 26.8 3.4 21 0 0 5
0 0 0 0 0 0 29.2 4.4 0.4 0
0 0.4 0 0 0 0 0 0 11.6 0
0 0 0 0 0 0 10.4 10.6 6 0
0 0 0.2 0 19 7.6 0 0.4 4.8 0
0 0 0 0 5 0 0.4 2.6 0 0
0 25.4 0 22 35.4 0 0 0 4.2 0
14.2 0 0 0 0 59.8 10.6 0 1.2 1.2
0 0 0 0 0 0 0 48 0 0
21 0.6 45.6 0 0 11.6 0.2 26.2 0 31.8
0 0 0 0 0 0 0 36.8 0.2 0
1.2 0 0 0 0 0 0 3 34.8 0
5 15.8 16.6 0 16 0 0.2 0 4.2 0.2
20.2 46.6 5.6 0 61.4 28.6 0 48.4 67.8 43.4
0 0.2 27 0 0 5.2 7.6 0.2 0 51.8
0 12 0 0 0 0 5 0 0 0
22 0.4 0 0 0 0 7 4.4 18.2 0
0 0 0 0 0 0 15.8 0 0.2 0
7 3 0 0 0 0 7.2 11.4 0.4 0
0 0 0 0 0 0 0 8 0 0
29.8 0 0 0 0 0 9.4 0.8 0 0
2 0 0 0 0.2 72.8 0 0 0 0
0 6.8 0 0 0.2 14.2 23 0 11.2 41.6
0 0 0 0 0 0 5 7 0 0
2 0 5.6 0.2 0.6 0 12.8 0 0 28.8
0 0 0 0 0 15 0 0 0 0
0 11.4 0 5.2 0 0 0.4 3 0 24
20.4 7.8 9 4.8 0 27.8 26.2 0 0 30
0 10.4 0 4 9.6 0 0 0 0 0
0 0 19 28.4 7 4.2 0 4.8 16.4 22.2
0 4.4 0 0 0 0 0 3 0.6 0
0.2 0 15.2 0 14.8 0 0 6.6 0 0.2
0 1 0 0 0 0 0 11 0 0
5.6 0.4 0 0 0 0.2 4.4 3.4 0 6
0 0.8 0 0 0 0 0.2 8 0 0
10.4 12.4 0 0 0 0 3.2 0 0 0
0 0 0 14.8 20.4 0 0.2 6.6 0 10
0 0 0 0 0 0 0 21 0 0
0 0 0 17.2 6 8.8 0.6 0.6 5.8 0
2.8 0 23.2 7.8 0.2 1.6 0 0 13.4 62
0 0 0 0 0 14 9.6 0.4 0 0
0 0 25 1.4 0 17.2 19.4 9 0 0
12.8 0.8 21 0 7.6 39.2 31 7.6 0 0
13.4 7.6 20.6 14.8 7 19 6.4 0 0 6.2
1.2 0.2 0 1.6 0 1.8 6.4 0 0 12.8
8.4 0.6 0 0 0 0 11.6 22.6 9.8 0
0 0 4 0.4 8.8 0 6.2 1.2 0 18.4
0 0 0 0 0 0 0 7 0 0
0 0.6 17.2 11 17.8 11.4 5 2 0 0
0 0 0.2 0 4.4 0 0 14.4 0 0
4.8 5.2 0 0 15.2 0 0 0 0.6 0.2
30.4 0 0 0 4.8 0 9.8 0 0 0
0 0 0 0 0 0 0 11 0 0
0.8 0 19.8 0 0 18 4.2 0 0 2.2
2.2 0 0 0 0 0.2 0 0 0 18.6
4.4 0 0 0 0 0 15.8 0 34.8 0
0 0 0 0 0 0 0 9 0 0
0 0 0 0 0 0 10 0 0 0
6.4 0 0 0 0 0 7.4 5 0.2 0
1.4 0 0 0 0 11.4 7 0 0 7.2
0 16.8 0.2 26 10 0 0 0 0 6
7.4 0 16.8 0 0 16.8 0 0 0 0
8.6 0.4 54.4 0 7.2 0 14 0 0 22.4
0.2 0 10.2 4 16 3.2 2.8 0 0 0.6
0 0 0 0 0 0 29.4 0.2 0 0.4
0 0 0.4 4 5.4 0.2 0.8 0.2 0 3
0 0 0 0 0 4 0 7 0 0
0 0 0 0 0 31.6 0 6.6 5.6 0.2
0 0 0 0 0 0 5 0 0 0
2 0 3.6 0.2 17.4 3.8 0 3 0 0
0 7 0 0 0 0 0 0 0 0
0 0 1.8 0 0 9.8 0.2 3.8 0 5.4
0 0 0 3.2 0 3.8 0 3.2 0 10.8
3 13 3.8 0 11.2 8 0 6 0 0
0 0 0 0 0 0 0 0 4 0
