1	433.68 134.12 0 0 57.74 495.04 72.78 156.64 0 0
2	2.72 0 226.78 0 117.2 0 0.04 0.08 0.18 0.02
3	0 63.12 47.34 0 0.02 66.74 56.74 0 0.02 0
4	98.3 0 105.84 0 93.62 0.04 262.18 0 0 0.02
6	0 53.98 0 0.02 0.02 0 0 0.02 25.96 0.02
7	217.88 407.16 255.96 0 0.02 138.46 17.24 142.24 0 0.02
8	328 0.02 0 53.3 176.66 0 91.6 0.3 65.02 0.14
9	100.82 329.98 0.02 93.36 27.34 289.46 1.46 0 108.5 0.02
10	3.88 100.34 0 90.48 0 0 0.04 31.18 32.08 0.02
12	206.74 0 138.92 74.16 0 0 524.08 0 0 0.1
13	0 306.3 0 114.66 0 0 0 64.94 42.06 0.02
14	0.02 144.4 0 384.38 0 90.1 0.02 0 1.06 0.04
15	135.4 0 0 47.12 0.04 650.34 1.38 50.6 27.1 0
17	0.02 0 198.5 0 0.02 0 39.26 0 0.2 0
18	0.04 0 0.02 25.9 0 0 0.02 0 0 0.02
19	0.02 72.94 0 133 0.02 15.94 0 0 0 0.08
20	0 89.82 0 118.08 0 0.04 0 0.02 0 0.04
21	30.06 1.08 0 0 91.1 14.72 0.24 46.38 0.42 0
22	389.22 0 194.7 0.06 129.66 0 208.3 0 0 25.06
23	0 0 0 0 0.04 0 332.98 0 199.82 0.18
24	1 71.64 95.2 0 0 117.16 95.28 109.7 0 0.02
26	0 0 0 80.52 0 0.18 83.18 0 28.1 0
27	0 0 121.98 0 0 0.02 0 0 0 0.04
28	433.02 0 0 0.08 289.2 0.2 164.22 0.24 0 0
29	0 0.02 160.84 0 63.12 0.02 0 0 0 0
30	0 0 0.02 57.5 0.02 0 0 0 71.46 0
31	136.46 0 121.46 0 67.82 0 75.26 0 0 0
32	0.02 0 0.02 26.8 0 0 213.14 0 0.02 0
33	0.02 0 140.14 0 31.2 0 107.64 0 0 0
34	0.04 0.06 0 0.22 18.22 0.1 0.32 0 0 0.04
36	0.02 0 0 0 19.84 0 0.12 0 0 0.02
37	0 0 3.56 0 0 0 5.42 0 0 0.02
38	0 0 189.42 0 98.56 0 0 0.02 0 0
39	0 0 102.08 0 0 0 141.92 0 0 0
40	0 0 0 0 135.96 0 0 0.04 0 0
42	0.04 0 0 15 0.48 0.22 437.04 0.2 0 0.02
43	0.02 0 0.04 0 99.92 0 0.02 0 0 0
44	0 0 65.84 0 76.48 0 42.02 0 11.66 0
47	0.02 0 0 0.08 49.48 0 275.52 0 61.9 0
49	0 0.08 0.02 0 210.78 0.04 0 0 3.08 0.02
51	20.34 0 1.48 0 200.9 0.16 0.02 0 0.02 0.08
52	0 0 0.04 127.52 0 0 101.38 0 51.04 0.02
53	0 0 279.34 0 0.06 0.02 12.56 0 0 0
54	0.06 0.04 181.88 0 110.78 0 0 0.16 0.06 0.02
55	22.58 0.02 182.4 0 0 0 249.94 0 0.02 0.06
56	369.16 0 291.52 0.06 0 0 525.52 0 95.64 0.14
58	88.3 0 0 0 91.06 0 256.82 0.04 88.72 0
59	0 0 0 171.82 0 0.02 101.86 0 4.3 0
60	0 0 0 132.96 0 0 49.36 0 2.68 0
61	0 0 0 113.18 0 0 86.42 0 1.4 0
62	0.02 0 305.84 0 16.14 0 0 0 0 0
63	0 0 0 0 215.9 0.02 0.06 0 0 0.06
64	433.96 0 0 0 101.08 0 377.3 42.92 62.68 0.04
65	0 0 0 0 86.56 0 142.28 0 51.14 0
67	0 0 63.66 0 192.3 0 0.02 0.02 0 0
68	0 0 297.92 0 0.18 0 59.88 0 0 0.02
69	450.34 0 0.24 0 299.4 0 232.02 0 0 0
70	199.58 0.08 0.06 241.56 268.7 0.02 0 0 0 0
72	0.06 0.02 0 0 262.94 0 61.98 0 0 0
73	5.32 0 0.1 0 338.56 0 0 0 0.02 0
74	0.02 0.1 16.72 0.02 0 0 0 0.04 0.04 0.06
75	0 0 0.08 0.02 10.88 0 0 0 0.02 0
76	19.58 0 2.7 0 0.06 0 123.66 0 0 0
78	0 0 0 0.08 65.9 0.02 0 0 0 0
80	0 0.06 88.02 0 64.86 0 0.06 0 0 0
81	0.1 0 0 0 0.02 0 235.06 0 55.82 0
82	273.4 0 188.2 0 315.38 0.02 0 0 0 0.04
83	183.54 0 0 189.82 109.44 0 105 0.14 0 0.02
84	0 0.02 16.14 0 25.8 0 0.02 0.02 0 0
85	0.08 0.02 0 0 47.02 0 99.86 0 0 0.02
86	0.02 0 0 289.3 109.72 0.02 0 0 79.94 0
88	126.74 0 0.02 0 501.44 0.36 2.38 0.04 0 0.02
89	314.2 0 246.18 0 0.44 0 252.7 0 130.46 0.02
90	0 0 39.64 0 166.86 0 18.48 0.02 0 0.04
91	0.1 0.04 0 0 207.54 0.02 202.74 0 0.52 0
92	0 0 52.16 0 0 0 228.8 0 0.02 0.02
93	0.26 313.62 0 0.02 0 0.08 0 0 0.02 0
94	0.18 0.02 0.1 0.1 331.12 0 0.48 0 0 0.02
95	295.18 0.02 0 0 407.14 0.02 7.72 2.9 0 0
96	403.96 0 354.5 0 0 0 161.04 4.34 1.14 0.06
97	357.62 0 53.76 0 293.32 0.04 2.62 0 71.6 0.02
98	568.52 0.78 299.12 0 0 0 366.9 0 103.64 0.02
99	125.9 0 0.28 0 305.32 0.02 0 0 87.48 0.02
100	218.42 529.12 3.86 152 0.02 347.76 233.28 83.56 133.88 0.08
102	0.02 0 0.36 0 134.62 0 0 0 0 0
103	1.82 0.18 0 0.04 2.04 0 0.02 16.9 0 0
104	0.06 3.14 1.82 0 0.28 0.1 0 1.6 0 0
105	0 0 0.02 0.16 36.5 0 0 121.32 0 0
107	0.02 0.06 0.02 35.14 18.28 51.28 0 8.98 0.22 0
108	0 100.02 32.86 0 36.06 0.04 0.02 0 0 0.02
111	13.8 118.26 0 0 130.58 421.9 0 64.44 0 0
112	0.02 0 0 0 24.54 0.04 0 19.4 0 0
113	0 0 0 37 0 0 0 0 0 0
114	144.4 0 0.02 57.48 0.3 0 69.8 0 0 0
116	0.04 170.2 0 224.72 0 0 0 0.02 0 0.04
117	115.38 109.64 170.88 0 0 510.14 0 241.94 0 0.04
118	50.06 0 103.16 0 0.02 288.46 0 300.26 0 0
119	0 7.38 0.02 0 0 0 1.52 0 9.08 0
120	0.02 0 0.98 0 23.08 0.02 0.02 109.82 0.06 0
121	197.1 0 163.16 0.02 0 516.84 33.84 265 0 0.04
122	0 0 0.02 0 0.52 0 39.18 146.28 0 0
123	0 1.62 73.56 0 0 103.54 0.26 134.96 0 0.06
124	0 385.36 0 116.98 0 0.02 0.72 0 79.92 0.02
125	52.86 0 0.02 0.16 96.24 348.62 0 169.08 0 0
126	0 0 0.08 20.74 0 269.48 0 0.04 0.64 0.02
128	22.18 0.1 174.68 0 0.02 0 0.02 0 0 0
129	0 359.36 0.02 36.78 0 0.04 0 4.78 0 0.02
130	0 30.98 0 0 0 0 0 13.7 0.3 0.02
131	5.8 0 0 0 52.08 0 0 0.06 185.06 0
132	261.72 0 0 0.7 176.72 0 111.64 0 230.2 0.02
133	185.04 0 0.1 0 150.54 0 0.8 0.02 191.5 0
134	173.24 0 0 28.12 0.2 0 136.92 0 335.52 0
135	338.18 0 0 0.04 56.12 0 237.7 0 245.92 0.04
136	80 0.02 0 0.02 71.34 0 0 0 180.6 0.02
138	0 0 0 0 36.98 0 0.02 0 0 0
139	0 0 0 0 111.92 0 0.02 0.02 0.04 0
140	10.72 0 0.08 0 169.06 0 0 0.04 0.04 0.06
141	50.02 0 1.16 0 144.82 0 0 0 0 0
142	0.02 0 0.1 0.02 132.86 0 0 0 0 0
143	207.8 0 0.12 0 361.24 0 7.72 0.02 88.08 0.02
144	268.62 0 228.76 0.02 0 0.08 218.52 0 0 0
145	0.06 0 116.64 0 0.26 0.04 6.96 0 0 0.04
146	0.02 8.98 0 9.96 0.02 0.02 0 0 0 0
147	0.02 65.6 81 0.5 0 148.02 0 230.48 0 0.38
148	0.16 0.02 82.58 0 0 146.72 0 117.52 0 0
149	0 42.12 0 0 0.28 10.38 0 0 0 0.24
150	0 269.86 0 0 0 52.08 149.6 0.38 0 0.06
151	203.82 231.18 0.04 0.2 183.24 261.08 9.98 114.44 0 0.04
152	35.8 0 0 0 0 0 61.58 0.02 129.58 0
154	150.2 0 0 0 103.62 0.02 268.84 0.02 0.1 0.2
155	0 0 0 16.82 240.06 0 0.12 0 0 0
157	72.98 0 0 0.32 62.56 0 195.88 0 30.26 0
158	0.06 0.02 30.62 0 96.28 0 0 0 0.02 0
159	0.02 0 190.26 0 87.7 0 0.02 0 0 0
160	0 0 0 0.02 0 0 149.38 0 37.6 0
161	83.22 0 214.76 0 297.26 0 27.66 0.08 0 0.02
163	86.78 0 45.58 0 0 0 1.48 0 96.16 0
164	107.1 0.1 229.88 0 4.84 0 72.96 0.06 0.06 0
165	0.16 0 0 146.28 0 0 0.02 0 63.54 0
166	0.4 0 0.08 142.88 0 0 0 0 28.64 0
170	0.2 0.02 0 253.16 0.02 0 0 0.02 164.56 0.02
171	0 0 0.04 78.26 0 0 127.78 0.02 0.88 0.04
172	670.28 0.02 174.2 0 168.16 0.04 216.26 0.02 0 0
173	493.38 0 65.1 47.08 257.04 0 212.26 0.14 0 0.04
174	822.78 0 276.96 0.14 0 0 253.68 0 139.32 0.1
175	178.22 0 0.04 0.04 0 0 342.56 0 143.08 0.04
176	449.78 0 344.4 0.92 0 0.16 165.74 0 0 0
177	93.92 0 148.92 0 0 0 36.7 0 119.46 0
179	177.92 0 0.52 96.52 0.02 0 328.38 0 112.64 0
180	174.78 0.02 0 0.02 0.04 0 333 0 203.12 0.02
181	579.18 108.4 186.9 0.02 60.7 580.52 73.14 0 0 1.14
183	367.38 0 300.8 0 0 0 175.8 0 77 0.02
184	0.04 0 236.6 0 0 0 54.36 0 0 0
185	206.72 0.18 186 0 0.02 0 91.2 0 326.78 0.12
186	289.28 0 0.02 0.02 195.62 0 196.04 0 37.98 0.02
187	169.18 0.04 83.74 22.98 0 0.02 190.26 0 235.76 0.04
188	83.24 0 153.2 0 0.02 0 207.2 0 53.28 0.04
189	113.74 0 0.02 10.08 5.26 0 107.9 0 0 0
190	126.02 0.06 0 200.74 0 0 0.06 0 117.08 0.06
191	374.4 0 0 0 106.92 0 156.46 0 240.1 0.1
193	188.2 0 0.76 0.82 95.9 0.04 0.02 0 204.26 0
194	338.78 0 0 0.46 58.78 0 87.68 0 276.04 0.26
196	294.1 0 0 0 304.04 0 187.96 0.2 5.66 0.08
197	253.16 0 0.32 122.48 58.22 0 109.24 0 255.54 0
198	0 0 0 123.14 0 0 237.9 0.06 78.9 0
200	131.28 0.02 194.88 0.02 0.08 0.02 245.86 0 79.82 0.02
201	0.06 0.02 112.26 0 0 0.08 130.26 1.24 0 0.08
202	389.72 0.1 0 0 282.52 0 150.66 0 0 0
203	163.02 0 115.08 0 0.02 0.62 161.08 0.06 111.08 0.06
204	509.22 0.06 0.02 0.16 296.28 0 228 0.02 49.22 0
205	209.28 0 0.02 0 0 0.14 0 0 173.56 0
206	15.28 2.72 62.48 0 0 0 67.5 0 0 0.02
207	39.28 0.06 1.22 114.74 0.02 0 5.94 0 28.74 0.02
208	213.78 0 0 0 182.56 0.02 111.34 0 127.22 0.12
209	153.18 0 0 0 0 0 362.12 0 90.64 0
210	492.26 0 210.24 0.02 243.22 0 115.98 0 0.16 0.14
211	223.12 0 0 0 73.22 0 80.34 0 252.3 0
212	0.16 0 0.38 126.58 0 0 51.6 0 77.26 0.04
213	52 0 0 227.96 34.46 0.02 0 0 113.54 0
214	103.48 0 0.16 0 38.6 0 179.76 0 0 0
215	208.26 0 0 0 295.72 0 31.52 0 59.5 0
216	301.42 0 0 70.04 318.54 0 150.62 0 83.38 0
217	0 0 223.28 0.04 33.44 0 58.24 0 0 0
218	0.02 0 329.52 0.08 0 0 140.22 0 16.16 0
219	0.02 0 237.86 0 0 0 34.04 0.08 0 0
220	0 0.02 0 0.14 0.02 170.88 0.5 2 10.44 0
221	0 131.96 0 88.92 0 0.02 0 0 0.1 0.04
222	304.28 117.68 232.56 0.02 0 290.96 0 127.46 0 0
224	0 21.38 0 103.02 0 0 0.6 0 0 0
225	0.02 0 0 0 108.18 58.08 0 94.7 0 0.04
226	0 0 465.84 0 0 0 0 0 0.14 0.02
227	80.78 0.08 354.02 0 0.04 0 0 0.04 0 0.02
228	409.72 0 332.76 0 0 0 10.3 0 0.14 0.1
229	0 0.02 273.1 0 152.76 0.04 0.04 0 0 0.02
230	211.38 0 340.34 0 2.26 0.02 0 0 0 0
231	0 0 209.42 0 91.22 0 0.3 0 0.06 0
232	0.1 0.06 220.18 0.02 0 0 39.58 0 0 0.08
233	0.02 0 266.36 0 40.54 0 0 0 0.02 0.08
234	258.12 0 257.24 0 64.4 0.04 141.54 0 118.56 0.06
235	0.1 78.46 94.24 0 0.04 102.08 69.22 161.8 0.02 0.04
236	0.06 113.44 0.02 13.36 0 0.08 0 0 0 0.06
237	150.36 118.66 0 72.18 0 689.84 0 151.82 7.92 0.22
239	81.28 0 0 0 213.62 0 101.06 0.02 0 0
240	0.04 90.24 34.48 0 0 0.04 63.38 162.82 0 0
241	0 0 204.12 0 98.68 0 0.12 0 71 0.1
242	0.02 17.44 0.02 164.48 0 0.08 0 0 0 172.96
243	41.4 0 0 0.04 0 68.34 0 0.02 0.04 145.16
244	0 118.44 0 0 0.02 0 0 12.46 0.02 0.04
246	0 352.6 4.36 0 0 25.62 31.12 0.3 0 0
247	0 0.92 0 0.06 7.4 0.2 0.04 0.12 0 0.26
248	0 213.54 30.36 0 0 185.06 0 0 0.04 0
249	0 91.32 55.58 0 0 144.12 65.98 0 0 0
250	36.88 126.52 174.04 0 0 179.56 0 0 0 0
252	1.5 0.46 56.94 0 0.02 171.54 0 135.48 0.02 0.04
253	0 65.74 0.22 0 0 0 0.04 0 0 0
254	0 0 0 0.18 47.3 38.5 0 28.02 0 0
255	0.1 39.14 0 0.02 0 404.72 0 0 0.02 0
256	0 13.5 0 30.38 0 0 0 0.06 0.02 0.06
257	130.26 113 98.72 24.6 12.94 538.32 0 0 0 0.2
258	167.84 0.02 100.86 90.84 0.2 424.18 74.86 0.04 0 676.1
259	0 0 0.06 0.04 14.38 44 0 45.02 0.04 217.46
260	0 0 62.48 0.02 0 24.68 0 28.98 0 161.84
262	0.06 68.66 0 0 0.02 0 0.04 0 0 133.22
263	0.04 0.06 0.08 0.04 0 0.06 0.02 0 0 39.7
264	0 42.1 21.98 0 0 21.22 0.12 0 0.36 137.24
265	287.88 0 212.24 0 106.68 0 114.4 0 0.76 0.02
266	0 0 0.3 0 0.06 0.32 0 0 0 82.32
267	0.14 0 22.34 0.04 0.18 0 0.02 0.02 0 5.28
268	0.02 246.38 0.38 0 0 0 152.9 0.02 0 360.28
269	0 163.54 0.02 282.88 0 0 0 0.06 0 541.5
270	0 57.3 17.88 0 0 0 0 0 0.58 311.26
271	71.64 43.38 81.54 0 0.1 11.12 0 0.88 0 365.32
272	0.06 0 0 64.68 0 0 0 0.02 61.94 538.32
25	0 95.12 0 39.38 171.98 324.1 17.28 161.08 0 0.08
50	814.36 286.14 247.38 0 0 505.36 100.44 0 0.04 0.26
251	0 57.08 0 107.74 0 0.14 0 0 0 0.08
273	0 248.06 90 0 0 90.22 97.34 117.32 0 0
275	0.04 0.26 0 413.06 0 438.56 0 0 38.04 0.08
276	22.02 390.6 0 87.76 0 253.54 80.86 58.76 23.42 0
277	0.04 119.56 0 35.86 1.3 34.24 0 0 0 0.02
278	0 0 0 0 0 151.96 0 0 0.02 0
279	0 0 0 44.22 0.02 0 0 21.76 0 0
280	0.02 0 0 0.02 46.64 154.56 0 22.76 0 0
281	0.04 0 70.4 5.96 0.16 166.36 0.88 149.1 0.1 0
282	1.24 17.98 48.8 0.02 0 405.9 0.1 175.96 0 0
283	0 0.3 0.02 226.36 4.5 266.74 0.02 0 0 0.06
286	87.88 183.64 0 224.58 0 220.56 0 0 61.8 592.54
287	0 80.54 0 60.96 0 76.42 0.08 0 0 0
288	0.5 181.74 228.54 0 0 282.88 78.44 0.06 0.02 570.82
289	30.6 69.06 0.02 60.56 0 149.86 0.02 0 0 310.88
290	0 59.6 0 0.18 0 0 54.36 133.96 3.9 0
291	0.56 7.24 0 0 0.58 82.28 0 246.32 0.02 0
292	0 0 0 29.16 0 47.48 0 0 0 269.36
293	0 255.94 40.32 0 0.08 129.62 0 0.04 0 0
294	106.58 0 81.6 0.02 0 445 0 86.72 0 503.08
295	0 43.68 16.5 0 0 118.28 0.02 24.5 0 0.02
296	0 11.98 0 0 0 0 0 0 0 0.02
297	0 103.74 0.02 56.18 0.02 0.04 0 0 0 0
298	0 136.96 87.64 0.06 0.02 334.3 0.02 0 0 0
299	0.06 0 0 0 0.02 0.02 0 0 0.02 178.88
301	0.04 73.68 0.24 29.44 0.02 111.02 0 0 0.02 368.54
302	0.16 210.94 0 74.48 0 0 0.04 0 28.58 686.8
303	0.08 0 0.04 118.38 0.02 0 0 0 0 255.48
304	47.88 1.24 0.16 44.78 0.02 80.1 0 0.36 0 228.46
305	0 0.06 0 53.52 0 0 0 4.8 0 190.62
306	0 0 0 117.94 0 0 0 0 0 200.08
307	0 36.24 0.02 0 0 0.02 0 0 2.2 468.52
308	0 0 0 0 0 0.04 0 0 0 63.94
309	4.62 0 0.58 0.5 0.04 3.58 0.18 0 1.1 47.44
310	0.22 0 0.1 0 0 0 0.02 51.48 42.86 305.3
312	0.02 0 0 0.1 0.82 0 0 0 0 205.04
313	104.52 0.02 0.02 52.74 69.1 217.96 0.14 0 0 746.5
314	0 0 0 0.06 0 0 0 0 0 3.96
315	0.04 0 0.2 0.5 0.04 0.04 0.58 0 39.2 479.38
316	0.18 0 0 0 0.02 0.02 0 0.02 45.02 314.74
245	0.16 0 0 0 0 171.84 0 73.08 0.16 360.82
300	133.98 0.2 0.12 0.04 0 353.94 0.1 0.06 0 788.5
317	42.6 0.02 0 0.14 36.32 0 190.94 0 70.98 0.02
318	485.36 0 0.24 84.78 117.82 0 294.92 0.02 101.76 0.08
320	0.04 0 34.02 0.02 0 0 0.38 0 17.1 6.44
321	0.4 75.74 0.16 23.3 2.22 34.58 0 0 24.98 243.62
322	0 0 0 0.04 0 98.34 0 92.56 0.04 365.02
323	0.52 0 0.24 0 0.06 117.04 0 93.72 0.02 335.42
324	1.26 118.36 0 0 0.04 0 50.56 0 0 151.76
327	1.48 50.66 0.2 0 0 0.02 0 0 4.46 398.18
328	0.02 0 0 0.02 0 252.88 0.06 25.4 0 537.62
329	0.02 0 0 0 0 0 0 0 0 100.98
330	0.04 8.8 0 0 0.04 0 0 0 0 73.12
331	0.26 0 0 0 0 0 0.02 0 0 311.72
332	0 0 0 0 0 29.34 0 0.08 0.1 325.48
334	0 0 0.02 0 0 0.04 52.14 0 0 136.8
335	0 0 4.8 0.22 0 0 0 0 0 36.98
336	0 0.14 0 0 0 17.6 0 0 0 69.26
337	0 0 0 10.7 0 0 0.18 0 0 19.12
338	0.06 0 0.16 0 18.14 0 18.46 0 0 166.18
339	0 0.02 0 0 0 0 0 0.04 0 120.96
340	0.02 106.84 0 28.86 0 0 0.76 0.04 17.02 377.44
341	0 0 0 0 0.2 0 0 0 0.02 31.78
342	0 0 0 0 0.08 0.02 0.04 0 0.02 117.84
343	0.22 0.02 45.54 0 0 36.42 11 0 0.06 224.74
345	0.04 0 0 41.16 0.02 0 0.02 0 6.58 123.18
346	0.08 8.66 0 0 0.02 0.04 86.88 0.02 0 256.32
347	0 0.12 0.08 27.4 0.02 0.04 35.7 0 0 334.62
348	0 0 0 0.02 1.76 0.08 0 0.02 0.02 74.12
349	0 0 7.7 0 0 0.06 0 0 0 75.22
350	0 0.12 0.92 0 0 0.02 0 0 0 101.94
351	0 0.08 0 0 0 0 0.02 0 0 36.9
353	0 0 0 0 0.04 0 0.04 0.02 0 26.9
354	0.06 0 0 0 0 0 20.48 0 0.02 167.44
355	0.02 0 9.1 0 0.04 0 0 0 0.94 96.9
356	0 0 85.16 0.04 164.78 0 0 0 0 0.02
357	377.66 0.06 0.02 0 0 0 318.52 0 181.74 0
358	0.12 0.06 77.72 0 0.02 54.64 0.2 1.92 0 166.32
359	0 0.02 0 0.02 0 0 0 0 0 51.98
360	0 0 0 0 0 0 0 0 0 28.98
361	0 0 0.02 0.22 0.02 0.02 0 0 0 25.72
362	0.02 0.02 0 0 0 0 0.02 0 0 64.94
66	0.14 0 0.06 26.2 399.86 1.48 0.58 0 14.62 0.1
79	507.28 0 342.9 0.02 36.32 0 213.92 0 38.52 0
101	0.04 0 115.54 0 22.08 0.18 61.12 0.02 0 0.02
109	82.9 104.28 74.3 0 0 0 1.38 89.1 0.04 0
110	0 0.02 0.02 0.22 65.74 0 0 0 0 0
153	258.8 0.02 0 0 153.24 0 244.26 0.08 79.52 0.1
162	0.06 0.02 0 0 147.78 0 0 0 165.12 0
167	0 0 0.02 0 169.92 0 0.06 0 0 0.02
168	457.88 0 0 0 131.62 0 397.96 0 3.44 0.08
363	0 0 49.26 0 0 0 0 64.74 0 0
364	0 0 40.6 0 37.36 0 0 0 0 0.04
366	0.04 0.1 5.98 0 122.8 0 0 0 0.06 0.04
367	0.02 0 0.02 0 264.7 0 140.74 0.42 38 0.08
368	0 0 10.64 0 20.16 15.52 0 6.68 0 0
369	0 0 0 0 0 0 0 107 0 0
370	0 0 0.04 0.2 0.16 0 0 105.58 0.02 0
371	0 0 0 0 106.88 0 0 0 53.12 0
372	0.02 0.04 0 0.02 46.3 0 52.62 0 0 0
373	0.04 0 77.76 0 0.2 0 0 0 0 0
375	0 0.1 0.18 0.02 41.7 0 0 0 0 0
376	0 0 0.04 0 56.86 0.02 0 0.06 0.02 0
377	0 0 0.5 0 6.52 0 0 8.98 0 0
378	8.6 0 0 0 246.02 0.04 0 0.02 45.32 0
379	0.1 0 110.64 0 0.22 0.02 0 0 0 0.04
380	0.14 0 120.68 0 190.8 0 0.34 0.02 0 0
381	0.02 0 0 178.06 75.52 0 40.4 0 0 0
382	0.02 0 0.04 166.38 0.02 0 166.44 0.1 0 0
383	0 0 0.02 0 52.96 0 0.02 0 0 0
384	0 0 38.92 0 112.08 0 0 0 0 0.02
385	113.32 0 308.78 0.02 102.32 0.02 0 0 11.5 0.02
388	0.02 0 0 0 60.92 0 0 0.06 0 0
389	5.48 0 0 0 52.68 0.04 0.08 0 17.72 0
390	0 2.12 0 0 1.78 0.04 22.04 0 0 0.04
391	0.02 0 111.24 0 21.7 0 0 0.02 0 0
392	0.02 0 0 0 193.02 0.14 0.76 0.02 0 0.06
393	0 0 0.04 0 497.28 0.12 2.52 0 0 0.02
394	0 0.02 0 0 34.94 0 0 0.04 0 0.02
395	0.02 0 0 0 111.72 0 0 0.14 0.1 0
397	0 0 21.96 0.02 0.02 0 0 0 0 0
399	0 0 67.16 0.02 148.74 0 0 0 0.08 0
400	0 0 0.06 0 43.94 0 0 0 0 0
401	0 0 0 0 145.16 0 34.82 0 0 0.02
402	0.02 0 4.26 0 450.5 1.22 0 0 0 0
403	0.7 0 254.28 0 222.66 0 66.36 0 0 0
404	0 0 0 0.04 269.94 0 0 0 0 0.02
405	140.22 25.3 125.86 0 0.02 308.74 0 299.86 0 0
406	0 0.02 25.52 0 0 0 0.02 80.44 0 0
407	0.04 0 0 0 17.66 0.04 0 70.26 0 0
408	191.58 170.5 0.02 46.9 0 0 5.96 0 0 0.04
410	0 91.48 50.94 0 0 66.02 0.02 193.46 0.04 0.04
411	6.44 0 0 0.04 29.8 33.88 0 298.84 0 0
412	0.04 38.72 0 0.02 0 0 0 118.9 0.32 0
413	0.04 0 82.52 0.02 0 0 0 39.42 0 0
414	19.9 0 0.04 0 0 0 0 0 163.06 0
415	0 0 0 0 70 0 0 0 0 0
416	20.22 0.04 0 0.02 145.54 0 0 0.12 0.06 0
417	0.22 0 0 0.1 168.44 0 0 0.02 10.22 0
418	144.56 0 0 0 227.44 0 0.18 0.08 0.72 0.04
419	206.3 0 0.02 0 264.54 0 0 0.02 66.1 0
421	37.4 0.02 0.72 0 76.68 23.2 181.98 0 0 0
422	0 0 0 0 57.96 0 0 0.02 0.02 0.02
423	364.48 0 0 0 330.62 0.02 128.6 0 96.24 0.02
424	0 0 10.64 0 0 0 0 11.34 0 0.02
425	0.04 0 0 0.08 0 0 184.4 0 61.48 0
426	0.02 0 71.92 0 0 5.06 0 0 0 0.02
427	333.66 0 0.02 32.98 21.3 0.04 152.24 0 217.74 0
428	0.12 0 0.06 0 58.54 0 157.2 0 179.08 0
429	138.18 0.06 38.64 0.14 0 0 0 0 138.98 0.02
430	44.6 0 0.08 0 0 0 0.04 0 243.22 0.04
432	221.18 0 0.02 0.06 210.74 0.02 32.66 0 73.28 0.04
433	73 0.08 0.02 0 97.06 0 334.84 0 0 0
434	130.62 0.02 30.52 0 8.84 0 0 0 0 0
435	361.46 0.02 55.4 0 0 0 0 0 313.02 0.1
436	56.92 0.12 223.7 0 0 0 8.12 0 0.14 0
437	0 0.02 3.92 0 0 0 0 0 0.04 0.02
439	0 0 2 0 0 0 0 0 0 0
440	0 0 22.96 0 0.04 0 0 0 0 0
441	0 0 120.98 0 0 0 0 0.02 0 0
442	0 0 1.2 0 1.78 0 0 0 0 0.04
443	49.42 0 173.16 0 70.92 0 0 0 192.48 0.02
444	0.1 0 85.88 0 0 0 0 0 0 0
445	0 0 47.72 0 0 0.02 2.78 0 2.48 0
448	0 0.06 189.24 0 0.06 0 0.14 0 35.5 0
449	0 0 244.66 0 53.16 0 0.04 0 0.08 0.06
451	0.26 0 30.96 0.84 435.32 0.06 4.54 0 0.02 0
452	0 0 111.52 0.08 20.4 0 0 0 0 0
453	0 0 25.94 0 0.04 0 0 0.02 0 0
454	0 0 3.54 0 0 0 34.48 0 1.96 0.06
455	53.26 112.72 112.3 0.04 0 0 0.08 116.56 0 0
456	0.1 0 0 0 0.04 0.02 0.02 99.82 0 0
457	0 0 0.04 0 4.28 8.32 0.12 0.94 0 24.32
87	210.08 0 0 0 79.8 0 127.06 0.04 0 0.02
137	0.04 233.68 0 240.18 0 0 58.44 0 23.6 0.08
156	0 0 61.88 0.02 0 0 400.04 0 0.02 0
169	196.82 0 0 0.18 0 0 171.66 0.02 0.32 0
178	71.06 0 0 0 0 11.74 117.82 0 216.34 0.04
182	125.24 0 111.8 0.08 0 0 376.8 0.04 97.04 0.02
195	455.56 0 299.12 0.04 0 0.04 167.28 2.9 0.02 0.02
199	256.28 0.1 0 0 0.32 0.06 0 0 314.12 0.12
223	66.86 0.14 0.02 81.38 0.64 0 279.92 0 0.02 0.02
238	200.52 0 0 0 71 0 388.94 0 92.52 0.02
261	4.12 0 0 6.38 0 0.26 0.04 0.06 0.04 84.14
274	5.42 0.3 0 0.04 157.38 295.64 0 48.72 28.44 0.02
284	32.02 104.84 0.02 0 0 190.84 0 170.14 0.14 0
285	0 248.38 0 247.26 0.06 58.2 0 0 0.08 0.04
458	0.06 143.56 0 0 0 77.3 0 0 0 0.06
459	0 0.04 0 31.62 0 50.34 0 0 0 0
461	0.04 0.04 0.04 0.3 0 0.02 158.22 0 55.34 0
463	0 0 0 135.34 32.3 0 0.08 0 78.28 0
464	0 0 10.84 61.16 0 0 0 0 0 0
465	47.78 0 0 0 175.12 0.02 0.08 0 0 0
466	0.08 0.02 0 0 0 0 136.74 0.08 2.06 0.02
467	0 0 0 0 0.04 0.04 112.8 0.02 26.1 0
468	17.92 0.02 0.3 0 145.68 0.02 0 0 0.04 0.02
469	0 0 0 0 0 0 208.72 0.26 0.02 0
470	0 0 157.16 0.16 133.82 0.02 45.82 0 0.02 0
471	0.02 0 0.02 0 0 427.66 87.4 105.88 0 0.02
473	65.82 106.88 0.42 22.5 0 0 0.08 117.3 0 0
474	234.5 0 0 0.12 0.28 0 177.5 0 264.6 0
475	0.14 463.52 0.02 106 0 0 217.24 0.08 0 0
476	0 0.04 0 0 0 226.8 0 121.16 30.96 0.06
477	0 0.04 0 0 82.38 71.8 0 72.44 0.22 0.14
478	86.74 0 0 0 0 0.02 0.02 0 243.18 0
479	196.96 0 0.02 28.3 0 0 36.62 0 361.1 0
480	260.58 0.04 0 0 0 0 1.74 0 347.64 0
481	0.02 0 0 0 0.02 0 0 0 211.96 0
482	45.7 0 2.28 18.32 0 0 3.36 0 337.3 0.08
483	372.8 0 0 0 0 0.04 14.28 0.3 488.54 0.02
484	123.36 0 0.06 0 0 0 19.58 0.02 347.96 0.02
485	112.76 0 0 0 72.98 0 0 0.02 212.22 0
486	0 0 0 0 40.22 0 0.12 0 148.64 0.04
487	19.16 0.02 0.06 0 21.64 0 0 0.32 165.78 0
488	0 0 0 0 0 0 0 0.02 232.98 0
490	0.02 0.04 0 0.02 0 0 0 0 150.92 0
492	0.04 0 0 0 0 0 0 0 183.96 0
493	0 0 0 1.08 0 0 0 0.02 208.88 0.02
494	0 0 0 0.02 0.02 0 0 0.02 184.94 0
495	62.72 0 0.02 0 0.24 0 0 0.04 117.98 0.02
496	404.76 0.02 0 0 123.06 0 37.18 0 167.9 0.06
497	22.78 0 0 0.04 0.02 0 0.02 0 188.12 0.02
498	187.72 0.08 0.02 0 0.08 0 0.02 0 319.08 0
499	0.28 0 0 0 0.16 0 0 0 181.56 0
500	0 0 0.02 0 41.34 0 0 0.1 50.42 0.12
501	89.82 0 0 0 214.6 0 0 0 54.58 0
503	0 0 0.06 0 0.02 0 19.26 0 91.66 0
504	50.02 0.2 29.64 0 0.14 0 1.52 0 267.48 0
505	0.02 0 0 0.22 0 0 0.04 0 229.72 0
506	29.28 0 0.88 0 9.94 0 59.34 0.02 185.54 0
507	29.44 0 0 32.2 0 0 0.56 0.04 229.76 0
508	0 288.9 2.48 0 0.04 169.74 152.96 0.04 22.78 0.06
509	0 0 1.58 164.12 0 2.06 87.12 6.98 105.14 0
510	118.04 0 64.82 33.98 0 0 0.02 0 136.14 0
511	177.96 0 62.02 50.5 0 0 2.66 0 319.86 0
512	0 0.02 0 168.3 0 0 1.16 0 15.52 0
513	0.02 0 0 0 0.02 0 3.72 0 256.24 0.02
514	0.18 0 0 126.02 0 0 0 0 449.78 0
515	212.78 205.82 54.24 125.98 0 1.06 0 39.14 76.42 0.56
516	0 0 0.06 70.86 0 0.02 12.26 0 137.8 0
517	0 0 0 61.46 0 0 0 0 219.54 0
518	10.7 0 1.38 0 0 0 212.38 0 45.54 0
520	184.62 0 0.02 0 2.36 0 0 24.12 190.88 0
521	58.76 0.02 0.02 0 0.02 0 75.02 0 233.16 0
522	0 0 0 52.3 0 0 2.96 0 59.74 0.02
523	240.84 0.08 0 0 0 0 0 0.06 292.96 0.04
524	21.56 0.08 0 0 0 0 0 0 148.36 0
525	0 0 0 0 0 0 0 0.02 256.98 0
526	167.54 0 78.66 0 0 0 0.06 0 160.72 0.02
528	90.52 0 0 0.2 0 0.04 68.32 0 265.92 0
529	45.3 0.1 0.28 151.86 0.1 0 0.02 0.1 100.22 0.02
530	23.46 0 0 0 0 0 21.48 0 231.04 0.04
531	47.74 0.14 0 150.98 0 0 172.14 31.94 0.04 0
532	0 35.06 15.34 0 0 0 0 1.28 7.32 0
533	0 0.04 0 42.76 0.02 0 0 0 0 1.18
534	0.02 34.96 0 0 0 0 0 0.02 0 0
536	0 0.02 0 25.98 0 0 0 0 0 0
537	0.02 0 0.06 0.14 0.02 0 92.74 0 0 0.02
538	23.6 0 0 0.04 0 0 0 0 0 148.36
539	0.02 0 0 0 5 0.02 0 0 2.62 75.34
11	142.98 0 206.94 0 0 0.04 385.02 0.02 0 0
71	238.48 0 0.18 0 416.62 0 0 2.66 0.04 0.04
77	0 0 149.32 0.02 201.8 0 23.82 0 0 0.02
106	0 21.12 0 0.28 0.12 21.84 0.6 126.98 0.06 0.02
127	329.44 352.2 129.76 36.34 0 342.42 0 0 213.82 0
192	0.02 0.02 0 0 0 0 154.32 0 173.64 0
365	0 0 0 0 133.96 0 0.04 0 0 0
396	0 0 73.5 0 34.5 0 0 0 0 0
420	0 1.74 0 0 248.24 0.02 0 0 0 0
431	94.64 0.02 250.22 0 0.42 0 73.7 0 0 0
446	0 0 11.88 0 0.08 0 0 0 0.04 0.02
447	0.02 0 169.46 0 64.32 0 86.08 0.1 0 0
450	0 0 118.92 0 0.02 0 0.02 0.02 0.02 0
472	2.78 0 110.72 0.08 0 0.02 0.28 269.06 0.04 0.02
489	0 0.02 0 0.08 0 0 0 0 176.9 0
491	34.84 0 1 0 22.16 0 0.02 13.88 119.08 0.02
519	12.66 0 0 0 0 0 0.06 0 243.28 0
527	273 0 0 0 59.76 0.08 132.96 0 178.16 0.04
541	0.02 0 103.96 0 0.02 0 0 0 0 0
542	0.02 0.02 0 0 93.78 0.02 0.04 0 0.12 0
543	0.06 0 0 8.4 10.66 8.36 0.02 0 36.5 0
546	0.08 0 140.66 0.86 0.02 194.56 0 272.74 0.06 0.02
547	0 118.5 0 14.38 0 0 0.02 0 0.08 0.02
548	9.64 0.02 15.34 0 0 0 0 0 0 0
549	0.08 0 0 0 242.2 0 26.56 0.02 0.1 0.06
550	0 0 382.54 0 14.98 0 0.06 0.4 0 0
552	0 0 108.98 0 0 0.02 0 0 0 0
553	0.06 0 0 0.04 171.84 0 0.02 0.04 0 0
554	0 0 190.06 0 39.78 0.02 0.02 0.08 0.04 0
555	0 0 5.14 0 12.82 0 0.02 0 0.02 0
556	0 0 22.32 0 1.68 0 0 0 0 0
557	0 0 0.1 34.08 0 0 0 0 12.8 0.04
558	0 27.14 12.92 57.9 0 0.02 94.64 0.02 38.34 0
559	0.24 0 212.86 0 104.54 0 30.34 0 0 0.02
560	0 0 0 0 53.68 1.32 0 0 0 0
561	0 0 123.82 0 21.9 0 0 0 0.26 0.02
562	0 0 114.76 0 0 0.04 0 0.2 0 0
563	0 0 61 0 0 0 0 0 0 0
564	0 6.7 31.06 0 0 0.02 0 0 0.16 0.06
565	0 0 51.96 0 0 0 0 0 0 0.04
567	0 0.12 90.84 0 0 0.02 0 0 0 0.02
569	0.02 0 140.94 0 0 0.04 0 0 0 0
570	0 0 64.76 0 72.2 0 0 0 0.04 0
571	0.02 0 11.02 0 42.7 0 0.12 10.14 0 0
572	0 0 56.96 0 0 0 0.04 0 0 0
573	0.02 0 49.78 0 0.24 0 0 0 15.96 0
574	0 0.28 22.96 0 0.02 0.08 2.32 0.08 0.26 0
576	0.02 0 178.3 0 23.62 0.02 0.02 0 0 0.02
577	0 0.5 0.02 0 67.5 0 0.98 0 0 0.04
578	0.02 0 207.86 0 0.06 0 0 0.02 0 0
579	0 0 0.24 0 38.66 0 0 0 0.1 0
580	0 0 19.74 0 30.88 0 0.04 0 36.34 0
581	0 0 31 0.02 52.26 0 72.72 0 0 0
582	22.84 0 0.44 180.2 88.64 0 78.76 0.08 88.04 0
583	0 0 86.4 0 0 0 7.6 0 0 0
584	4.7 0 0 58.64 123.22 0 0 0 37.42 0.02
585	0 0 1.08 0.02 75.88 0 0 0.02 0 0
586	0 0 73.98 0 0 0.02 0 0 0 0
587	0 0 0.02 0.04 0 0 44.98 0 0.96 0
588	264.8 0 1.96 0 356.18 0 1.98 0.06 0 0.02
589	0 0 0 0 0 0 37.28 0 98.84 6.88
590	0 0.02 28.92 0 0 0 0 0 0.04 0.02
592	0.02 0 0 0 26.92 0 0 0.06 0 0
593	0 19.94 0 0.48 0 0.02 0 0 17.56 0
595	0 0 0.06 0 0 0 0.02 158.88 0 0.08
596	26.98 34.82 0 0.02 112.22 95.2 0 79.72 0 0.02
597	0.04 0 112.2 0 0 146.1 0 241.6 0 0.04
598	0.02 0.38 0 0 7.9 0.06 0 0.58 0 0.06
599	0 0.04 0.24 0 0.2 0.02 0.18 0 0.26 0.06
600	0 0 0 0 0 0 0 0 6 0
602	0.06 0 0 0 0 0 0 0 139.92 0.04
603	206.64 0 7.82 0.02 7.66 2.62 121.42 0.12 388.68 0
604	0.1 0.02 0 0 0 0 0 0 237.88 0
607	0 0 0 0.16 0 0 0 0 188.84 0
608	0 0 0 0 0.02 0 0 0 102.98 0
609	31.62 0 0 0 67.98 0 0 0 88.4 0
610	0 0 0 0.08 0.66 0 0 0 121.26 0
611	0 0 0 0 0 0 0 0 129.98 0.02
612	25.7 0.02 0 0 0 0 0 0 78.28 0
613	0 0 0.02 0 0 0 0 0 102.98 0
614	0.42 0 0 0 0.02 0 0 0 145.56 0
615	0.06 0 0 0 0 0 0.02 0 148.92 0
616	11.3 0 0.02 0 57.52 0.02 0 0 124.14 0
617	0.04 0 0 0 1.28 0.1 0 0 51.58 0
618	0.02 0 0 0.06 0 0 0.04 0 58.88 0
619	0 0.04 1 0 0 46.18 0.4 103.36 0.02 0.02
620	0.04 0.02 0.02 0 30.96 57.24 0 28.68 0.02 0
621	0 0 0 0 31.02 0 0 0.02 0.06 0.9
622	0 0 0.02 0 95.92 0 0 0 0.06 0
623	0 0 0 0 85.96 0.04 0 0 0 0
624	0 0 12.3 0 17.02 0 0 0 29.68 0
626	0 0 0 0 0 0 0.02 0 11.96 0.02
627	0.36 0 0.72 0 193.92 0 0 0 0 0
628	2.16 115.1 39.16 0 0 119 83.88 97.66 0 0.06
629	48.34 0.02 0 0.02 99.7 0 0.66 0 53.22 0.02
630	0 0 16.64 0 0 0 0 0 68.36 0
632	0.06 0 0 0.08 2.5 1.24 0 0.04 176.08 0
633	91.24 0 0 0 67.42 0 0 0 86.34 0
636	17.92 0 188.04 0 0 0 0 0 0.04 0
637	0.04 0 55.8 0 0 0 0 0 24.16 0.02
639	0 0 0 49.6 0.02 0 0 0.02 77.34 0
642	0.06 0 44.86 0 0 0 103.38 0.04 116.64 0.02
643	0 0 0 3.86 8.12 0 0 0 0.02 0
644	1 0 0 0.46 0 0 0.04 0 93.5 0
645	0 0 0.02 0 0.02 0 85.92 0.02 0 0.02
646	0 0 22.4 0 0.12 0 0 0 104.48 0
647	0 0.02 0.02 0.36 0.02 0 61.94 0 153.64 0.02
648	58.1 0 0 0.02 30.52 0 0.02 0 124.32 0
650	1.92 0 2.2 0 0 0 67 0 154.88 0
651	113.8 0 100.76 0.32 62.46 0 221.02 0 32.62 0.02
653	0 0 0.02 0 0 0 19.82 0 78.16 0
654	0.04 0 11.58 0 0 0 102.96 0 341.42 0
656	0.04 0 0 6.3 0 0 0 0 120.66 0
657	84.56 0.02 30.82 0 0.02 0 55.18 0 288.4 0
658	0 0 55.88 0.02 26.92 0.02 135.16 0 0 0
659	85.32 0 0 0 0.32 0 0.52 0 299.84 0
660	42.46 0 0.02 0 291.98 0 0 0 118.54 0
661	17.52 0 0 0 0 0 0.04 0 272.42 0.02
662	36.46 0 0 0 132.56 0.06 0 0 52.92 0
663	31.72 0.1 0 0 55.7 0 0 0 278.48 0
664	0.02 0.02 0 0.08 0 0 23.1 0 105.78 0
665	0.04 0 215.26 0 0 0.02 0 0 20.54 0.14
667	0 0.02 22.96 0 0 0 0.02 0 0 0
669	0.18 0.02 15.68 0 0.04 0.06 0.02 0 0 0
673	0 0.08 0 0 98.38 0 45.56 0 85.98 0
674	0 0 89.74 0 0 0 16.26 0 0 0
675	0 0 61.58 0 0 0 0 0.02 84.4 0
676	0 85.62 0 37.24 0.12 74.9 0 0.02 0 0.1
677	0 0 0.02 0 0 0 0.02 0 2.96 0
678	13.12 0 0.04 0 27.32 162.38 0 0.06 0 274.08
679	53.42 0 204.48 0 0.04 0 0 0 0 0.06
680	5.02 0 0.02 0 0.12 0.2 0 0.1 0.2 66.34
681	0 0 0 0 0 0 0 1.08 0.02 51.9
682	0.02 0 0 0.12 0 37.08 0 0 0 221.78
683	0 0 0 0 17.26 0 0 0.08 0 74.66
566	74.92 0.02 310.24 0 76.8 0 0 0 43.02 0.02
568	226.66 0 229.86 0 211.26 0 20.14 0.06 0 0
684	15.4 0.06 223.64 0.06 120.18 0 63.38 0 56.26 0.02
685	0 0.02 88.46 0 0 99.38 0.04 250.1 0 0
686	0 0 26.56 0 83.16 0 45.94 0 0.32 0.02
687	0.2 0.02 0.12 0.02 0.02 0 0.22 37.02 0.12 69.26
689	0.12 0 0 0 0.16 0 0 0.3 0 236.42
690	16.98 0.02 0.06 34.22 0 0 0 0 0 357.72
691	0 0.2 0 0.1 0 0 0.02 0 0 40.68
16	0.02 47.22 0 44.52 0 0.04 0.12 0 0.08 0.02
48	0.02 0 0 0.66 59.62 0 200.22 0.04 100.38 0.04
333	0.18 94.92 0.94 0 0.1 36.48 0 73.62 0 505.76
462	0 0.02 0 228.08 0.24 0 129.96 0 70.7 0
502	12.86 0.02 0 0 0 0 0.5 0.04 139.58 0
606	0.1 0 0 0.04 0.2 0 0 0 209.66 0
652	20.32 0 0.1 78.92 0 0 175.44 0 0 0.22
655	115.9 0 0 0 228.88 0 278.1 0 89.12 0.02
692	107.54 0.1 0 0.02 317.54 0.02 0 0 53.76 0
694	0.34 0.04 0 123.22 23.62 0.72 0 0.02 0.02 0.02
695	0 0.02 0.02 0 0 0 37.82 0 0.14 0.02
696	0 106.64 20.48 0 0.12 88.68 0 0.02 0.04 0
697	0 0 0 0 0 0 106.5 1.62 0.88 0
698	0 1.36 5.42 13.48 1.86 0 0.02 0.02 1.84 0
699	26.48 0 0 0 194.58 0 0.1 0 62.8 0.04
700	0 0 0.02 0 0 0 19.08 0 13.88 0.02
702	0 0 0.14 78.96 0.02 0 63.88 0 0 0
703	0 0 0 54.2 13.76 0.02 0.02 0 0 0
704	0 0 0 21.7 26.78 0 16.48 0 0.04 0
705	153.96 0 0 0 0 0 0 0 286.04 0
706	0 0 10.58 0 0.32 0 0.06 0.04 5 0
707	0 0.04 0 166.94 0.2 0 7.56 0.02 40.24 0
709	0.04 0 0 107.62 66.04 0 96.74 0 62.46 0.1
710	0 0 0.04 0.02 0 0.04 204.4 5.48 0 0.02
711	0 0 0 0 0 0 0 0 4 0
712	0 0 0.02 0 9.9 0 60.9 0.02 54.14 0.02
57	0 0 0 98.9 0 0 0 0 30.1 0
386	0.06 0 54.98 0.02 125.94 0 0 0 0 0
544	0 123.32 0 0 0.02 0 0 54.66 0 0
713	0.14 86.98 0.06 20.38 0 46.52 0 47.76 10.16 0
714	0.02 0 0 41.92 0 0 0.04 0 0.02 0
716	0 0 0 39.76 91.06 0 23.18 0 0 0.02
718	2.2 48.42 0 0 0.34 0 0 0.02 0 0
719	0 0 43.72 0 0 0 14.72 0 1.56 0.02
720	0.02 0 57.14 0 162.74 0 0.02 0 0 0.06
721	0.06 0 62.06 0 1.18 0 112.54 0.16 0 0
722	0 0 0 0 120 0 0 0 0 0
723	0 0 0 0 65.5 0 16.5 0 0 0
725	0 0 0.04 0 36.88 0 0 0.04 0.04 0
726	0 0 18.2 0.02 1.4 0 1.06 7.1 0.22 0
727	0.02 0 0.56 0.02 111.18 0 62.2 0 0 0.04
728	0 0 9.7 0.02 87.22 0.04 0 0 0 0
729	0.5 0 0 0.02 155.78 0 49.08 0 29.62 0.02
730	0 0 0 66.94 0.02 0 0 0 0 0.02
731	0 0.02 11.4 0 62.5 0.06 0.02 0 0 0.02
732	0.18 0 0 0.02 412.94 0 112.92 0 0.92 0
733	0 0 0 25.8 0.02 0 12.16 0 0 0.02
734	0 0 0 0 55.94 0 0 0.06 0 0
735	0 0 0 0 166.62 0 161.4 0 72.98 0
736	0.02 0 0 131.1 84.56 0 0.08 0 27.22 0.02
737	0 0 0.02 17.26 0 0 126.68 0 0.04 0.02
739	0.02 0 0 0.1 437.72 0.14 0 0 0 0
740	0 0.02 0 62.14 0 107.72 0.02 0 0 0.1
741	0.02 127.24 27.54 0.02 0 0 0 0.18 0 0.04
742	51.74 5.3 49.34 0.02 2.38 435.38 0 233.68 0 0.12
743	0 0 29.98 0 0.06 0 0 24.92 0.02 0.02
744	0.06 150.92 0 47.02 0 0 0 44 0 0
745	0.02 0 0 0.02 0 0 0.06 0.02 50.86 0.02
746	4.66 0 107.3 0 79.4 0 163.54 0.1 0 0
747	0 0 0 0 163.46 0.02 109.42 0 0.08 0.02
748	0.74 0 0.02 0 0 261.86 0 95.24 0 408.14
749	0.16 0 0 0.02 0 0 0.04 0 0.24 125.54
750	0.04 0 0.14 37.12 0.16 0 0 0 0.04 331.54
751	51.4 0.1 37.26 0.18 0 38.74 0 0 0.18 353.1
752	0.02 0 0 0.24 0.02 0 0 0 0 107.76
591	5.78 107.9 0 0.04 0 259.44 0 143.8 0 0
708	0.02 0 0.02 0.02 46.88 0 104.76 0 124.28 0.02
753	0 0 0 64.96 0 0 0 0 0 0.04
754	0.06 0 0 0 4.96 20 0 1.16 0 136.82
5	0.1 0 152.62 0 32.4 0 33.88 0 0 0
45	17.72 0 2.56 166.86 0.24 0 41.52 0 25.1 0
311	0 0 0 41.3 0.02 0.06 0 0.02 0 168.62
319	0.08 104.44 0 116.62 0 0 0 0 0.02 181.82
326	0 0 0 0.02 0.46 67.12 0.02 0 0 406.38
344	0 0 0.02 24.28 0 0 0 0 0 126.7
387	0 0 0 91.74 66.76 0 1.2 0 25.3 0
409	0 0 0.02 0 0.06 0.18 0 178.66 0.08 0
438	0 0 4 0 0 0 0 0 0 0
540	0 0 85.96 0 0 0 0 0.02 0 0.02
551	0 0 52.98 0 0 0 0.02 0 0 0
601	0.02 0.04 0 0 0 0 0 0 53.94 0
625	42.12 0 27.44 0 146.42 0 0 0 0 0.02
671	0 0 47.64 0 0 0 0 0 87.36 0
672	0 0 136.94 0 0 0 0.4 0 1.52 0.14
688	0 0 0.02 0 0.1 0 0 3.82 0 62.06
755	0 0 0 0 238.98 0 0.02 0 0 0
756	0 0 0 0.02 0 89.86 0.02 199.1 0 0
757	0 0.02 0 0 0.12 0 0 0 10.84 0.02
759	0 0 22.42 0 0.56 0.02 0 0 0 0
760	0 0 42.76 0 0 0 0 65.24 0 0
763	0 3.3 0.5 0.02 7.34 126.18 16.38 244.28 0 0
764	0 0 0 0 0 33.06 6.92 30 0 0.02
765	0 0 2.52 0 70.48 0 0 0 0 0
766	0 26.08 0 0 1.26 0 0.02 0.32 0.18 0.14
767	0.02 0.3 1.02 0 0 0 14.14 3.68 0 0.84
768	0 0 0 0 146 0 0 0 0 0
769	0 0 76.74 0 5.24 0 0 0 0.02 0
770	0 0 69.48 0.46 0 0 99.98 0.06 0 0.02
772	0.02 0 0.02 0 0 0 115.96 0 0 0
773	0 0 35.94 0.02 0 0 0 0 0 0.04
774	0.04 0.02 74.9 0 0 0 0.14 0 0.9 0
776	0 0 0 0 20.96 0.02 0 0.02 0 0
777	0 0.18 0 1.24 0.16 0 0.34 0 0.02 0.06
778	0 0 0 39.14 161.48 0.04 19.32 0 0.02 0
779	0 0 62.98 0 0.02 0 0 0 0 0
780	0 0 73.74 0 95.22 0 0 0 0.04 0
781	0 0 0 0 216.64 0.04 1.26 0.06 0 0
782	0 0 0 16.96 0.04 0 0 0 0 0
783	0 0 0 0 75 0 0 0 0 0
784	0 0.04 0.08 0.14 0.12 0 0.08 0.12 0.3 0.12
785	0 0.02 0.02 0 102.96 0 0 0 0 0
786	0 0 0.04 0 0 0 25.64 0 8.32 0
787	0 0 0 0.02 38.88 0.02 0 0 0.02 0.06
788	0 0 4.98 0 0 0 0 0 0.02 0
790	0 0 0 0 117.52 0 14.48 0 0 0
791	0 0 0 0 24.96 0 0 0 0 0.04
792	0 0 0.96 63.44 0.02 0 88.9 0.04 101.64 0.02
793	0 0 0 0 12.94 0 0 0 22.04 0
794	0 0.02 0 1.04 126.62 0 0.02 0.02 0.24 0.04
795	0 0 0 0 40 0 0 0 0 0
796	10.18 0 52.94 0 0.54 11.24 5.18 0 4.86 0.06
798	0 0 15.98 0 0 0 0 0 0.02 0
799	0.02 0.04 0.12 0 0.04 0 0.22 0.08 11.46 0.02
800	0 0 59.06 0 1.58 0 4.36 0 0 0
801	0.02 0.08 0.54 0.02 39.34 0 0 0 0 0
802	0 0 86.94 0 0 0 0.06 0 0 0
803	0 0 22.78 0.04 0.14 0.02 0 0 0 0.02
804	0 0 16.98 0 0 0 0 0 0 0.02
805	0 0 0.02 0 32.76 0.06 0.26 0 52.9 0
807	0 0 0.08 0 12.92 0 0 0 0 0
808	0 0 66.5 0 0.36 0 0 0.12 0.02 0.02
809	0 0 90.86 0.12 0.12 0 0 0.04 4.82 0.02
810	0.1 0 72.6 0.04 22.18 0 0 0 0.08 0
811	0 0 0.02 0 0 0 0.86 0 54.12 0
812	0.06 0 0 0.3 48.48 0 0 0 0 0.16
813	0.04 119.64 0.02 53.3 0 0 0 0 0 0
814	0 0 0 0 0.12 0 0 0 4.88 0
816	0 0 38.98 0 0 0 0 0.02 0 0
817	0 0 0 0 2.76 0 2.24 0 0 0
819	0 0 10.68 0.1 5.82 71.26 0.06 0.08 0 0
820	0.06 0 15.58 0 1.32 0.02 0 171.02 0 0
821	0.02 0 0 0.08 59.84 0.02 0 0.02 0.02 0
822	0 0.1 0 0 0 0 0 0 6.9 0.02
823	0 34.32 0 0 0 0 0.02 172.16 0.46 0.04
824	0 0.26 0 0 0.02 0 34.76 70.92 0 0.04
825	0 0 42.86 0 0 3.24 0 163.82 0.02 0.04
826	0.12 0 6.84 0 0 0 0 163.02 0.02 0
827	0 0 19.82 0 0 35.4 0 73.48 0 0.3
828	0 0.04 0 0.24 14.62 0 0.06 16.02 0.02 0
829	0 0.02 0 0 0.36 0 0.02 73.6 0 0
830	0 0 0.14 0.14 0.18 0 0.04 0.08 0.3 0.12
831	0 0 46.42 0 0 0.02 0.02 142.52 0.02 0
833	0 0.02 0.8 0 0 0 0 123.18 0 0
834	0 0 4.06 0 0.04 0.06 0 37.82 0.02 0
836	0 0 0 0.12 0.08 0 0 0.04 76.76 0
837	0.16 0 0 0 0 0 0 0 79.84 0
838	0 0 0.52 0 10.48 0 0 0 0 0
839	0 0 0.1 0 0 0 0 5.9 0 0
840	0 0 45.64 0 0 8.96 0 57.36 0 0.04
841	0 0 15.58 0 0 0 0 86.42 0 0
842	0 0 0 0.02 28.6 0.02 0 0 32.36 0
843	0 0 0 0 68.66 0 0.12 0 0.2 0.04
844	0 72.58 15.44 0 0.02 0 0.02 17.86 0.02 0.06
845	0 0.02 0 47.24 95.32 266.88 0 78.52 0 0
846	0 0 0 0.04 0 97.94 0 13 0.02 0
847	0 74.3 0 91.56 0 0 0.02 0.08 0.04 0
848	0 0 0 0 0 0 0 0 29 0
849	0.16 0 110.76 0 2.9 0 0 5.14 0.04 0
850	0 0 0 4.88 0 0 0 0 11.12 0
851	0 0.08 0.1 12.86 0 0 0.96 0 0 0
852	0 0 0.2 0.12 0.16 0 0.02 0.14 0.16 0.2
853	0 0 38.92 0 0.02 0 0.04 0 0.02 0
854	0 0 28.66 0 0 0 14.78 0 0.56 0
855	0.02 0 0 138.14 0.02 0 0 0 62.82 0
856	0 0 0 20.34 0.02 0 95.46 0 0.18 0
857	0 0 0.02 0 0 0 0.02 0.02 2.92 0.02
858	0 0.22 0.84 0 0.02 0 0.02 0 0 0.9
859	0 0 35.78 0 0.22 0 0 0 0 0
860	0 0 32 0 0 0 0 0 0 0
861	0 0 0 0 0.02 0 0.02 0 5.96 0
862	0 0 0 0 22 0 0 0 0 0
863	0 0 0 80.94 0.02 0 0 0.02 0 0.04
864	0 0 0 0 0.04 99.5 0.12 104.32 0 0
866	0.1 0 0.22 0.02 0 157.9 0 186.76 0 0
867	0 6.88 0.78 8.24 0.06 0 0 0 0 0.04
868	0 0 0.02 0 0 0 0 0 18.96 0.02
869	0.08 0 0 0 48.18 15.36 0.36 0 0 0.02
870	0 6.06 0 0.52 0 0.08 0 16.34 0 0
871	0.04 0.02 0 0.04 0 17.76 0.12 115.58 0.44 0
872	0 25.36 0 0 0 0.38 0.06 0 0 90.2
874	0 22.26 0 16.14 0 0 0 0.02 0 68.6
875	0 0.02 0 23.5 0 0.02 0.88 0 0 83.56
876	0 0 0.08 0 0.04 0 0 0.02 0 102.86
877	0.06 0.02 0 0 0.02 11.26 0 0.02 0 102.62
878	0.04 0 0 0 0 0 0 4.94 12.4 53.62
879	5.82 0 22.74 0.06 0 29.28 0 0.02 0 311.1
880	0 0 0 9.82 0 0.02 0.08 0 0 142.06
882	0 0 0 14.06 0.08 0.06 0 0 0.02 71.78
883	0 0.06 0 0 0.02 0 0 0 0 37.92
884	0 0 0.02 5.8 0 0 0 0 0 11.18
885	0 0 0 0.02 0 0.2 0 0 0 25.78
887	0 0.1 0 14.82 0 0.08 0 0 0 163.02
888	0 0 0 0.02 0 0 0 0 0 41.96
889	0 0 0 14.52 0 0 0 0.02 0 26.46
890	0 0 0.38 0 20.62 0 0 0.48 0.02 41.5
892	27.96 0 3.68 0.02 0.76 0 0 7.98 0.02 82.6
893	0 0 0.02 0 0 0 0 0 0 33.96
894	0 0 0 0.08 0 0 0.04 0 0.02 27.86
898	0.02 0.06 0 23.98 0 0 0 0 0 115.94
899	0.02 0 0 0 0 0 0 0 2.86 21.12
900	0 0 0 53.06 0 0 0 0 0 67.94
901	0 0.1 5.2 0 0.02 0 0 0.04 0 12.64
902	0.14 2.6 0 0 0 0 0.06 0 11.22 112.98
903	0 0 0 0 0.02 0 0.04 0 0 39.94
904	0 0 0.1 22.78 0.02 0.02 0.02 0.02 0.04 36
905	0 0 0.04 0.02 0 0 0 0 0 62.94
906	0 0.3 0 4.38 0 0 0.02 0 0 51.3
907	0.52 0.04 1.26 0 0 0 0.04 0.04 0.02 2.08
908	0 0 0 0 0 0 0 0 0 44
909	0 0 0 0 0 0 0 0 0.02 40.98
910	0 0.02 0.02 0 0 0 0 0 0 6.96
911	0 0 0 0.08 0 0.02 0 0 6.88 0.02
912	0 0 0.56 0 0.02 0 0.06 0 0 23.36
913	0 1.04 0.02 3.74 0.02 0 0.14 0.02 0.02 0
914	0 0 0 0.2 0 0 0 0 0.06 22.74
915	0.76 0 0.02 0 0.02 0 0.04 0 0 44.16
916	0 0 0 0 14.46 0 0 0.4 0 34.14
917	0 0 0 0.04 0 0 0 0 0.04 20.92
918	0 0 0 0.14 0 0.02 0.08 0.04 0 20.72
919	0 113.92 0.02 35.46 0 0 127.72 19.72 0 1.16
920	0.04 0 0 0 0.08 0 0 8.54 0.34 0
921	0.06 0 0 132.72 0 0.02 0.02 0 20.18 0
922	0 94 0 2.96 0.02 0 0 0 0 0.04
815	0.06 0 0 0.04 0.22 184.88 0.04 96.74 0 0.02
924	0 14.38 0 0.06 0 147.58 0 65.94 0 0.02
926	0 0.06 1.24 0 0 41.68 0 187.02 0 0
927	0 18.88 0 0 0 0 0.04 0 0.08 0.02
928	0.02 0 14.76 0 0 37.52 0 195.68 0 0
929	0 0.02 0 10.82 1.44 18.74 0 53.84 0.12 0.02
930	0.08 0 24.4 0 0.02 0 0 148.5 0 0
932	0 0 0.1 0 0.72 0.08 0 88.08 0 0.02
933	0 36.6 0 0.26 0 0 0.06 0 0 0.08
935	0 0 0 16 0 0 0 0 0 0
936	0 53.54 0 37.14 0 2.2 0 0.02 0.08 0.02
937	0 0 0 15.62 0.04 0 0 0 0 96.34
938	0.04 0.04 0 0 0 0 0 0.04 0 52.88
693	1.26 0 72.18 0.02 0 0 201.5 0 0 0.04
761	0 0 77.8 0 22.12 0 0 0 0 0.08
939	0 0.02 78.52 0 35.72 0.04 45.7 0 0 0
940	0 0 44.94 0 21.02 0 0.02 0 0.02 0.02
941	0 0 0.08 0 90.22 0 29.56 0.12 0 0
942	0 0.02 0 0 46.62 0 69.26 0.02 15.04 0.04
943	0 0.14 36.5 0 0 0 67.36 0 0 0
944	0.02 0 0 0 86.92 0.02 0 0 0.02 0.02
946	0.04 0 0 0 145.94 0 0 0.02 0 0
947	0 0 26.66 0 0 0 20.32 0.02 0 0
948	0 30.9 16.32 0 0.68 0 0.08 0 0 44.02
649	0 0.02 41.96 0 0 0 0 0 99.02 0
724	0 0.04 0 0.38 177.34 0 0.3 0 25.94 0
762	0.06 45.42 0 0 0 134.94 131.56 0 0 0.02
775	0 0 0 0 47 0 0 0 0 0
923	0.02 0 0 183.86 0 0 0.1 0 10.02 0
949	0 0 0 58.3 139.68 0 0.02 0 0 0
950	0 59.18 0 20.76 0.02 0 0.04 0 0 0
951	0 0 0.02 0.02 87.96 0 0 0 0 0
952	0 109.3 0 0 0.04 0 0 0 0.66 0.02
953	0.02 0 0 0.04 43.52 0 0 0 29.4 0
954	0 0 0 27.08 0 0 0 0 11.92 0
955	0.04 0 0.02 64.64 0.52 0 57.6 0.06 0.12 0
958	0 0 0 45.96 0.04 0 0 0 0 0
959	0.02 0 0.06 0.02 0.1 0 163.8 0 0 0
960	0 0.18 0.02 25.86 0 0 44.92 0 0.02 0
961	0 0.02 0 69.72 1.24 0.02 31.22 0 0.78 0
962	0 0.02 0.06 45.68 0.04 0.02 0.16 0 0.02 0
964	0 0 0 19.94 0.04 0 0.02 0 0 0
965	0.02 0 0 0.16 0 0 0 0 64.82 0
966	0.04 0 0 0.18 60.68 11.52 0 0.12 18.46 0
967	0.04 0 0.04 0 9.32 0 0.02 0.02 17.56 0
968	0.02 0 0 0.14 13.04 0 0.08 0.02 45.7 0.02
969	124.74 0 0 0 102.52 0 0.7 0 0 0.02
970	0.06 0 0 0 0.04 0 0 0 14.9 0
971	0 0 0 84 0.28 0.02 0 0 9.7 0
972	0.06 0 0.04 30.5 4.84 0 23.96 0 19.6 0
973	0 0 0 0 1 0 0 0 13 0
325	0.08 124.02 0.02 0 0 0 0 26.76 0 105.12
931	0.06 0 21.6 0 0 0.08 0.74 89.52 0 0
934	0.26 0 0 0 0 64.84 0 80.88 0 0.02
635	0 0 57 0 0 0 0 0 0 0
668	0 0.02 5.16 0.02 0 0 0 0 0.78 0.02
670	9.48 0 67.5 0 0 0 0.02 0 0 0
717	0 0 0.02 0 0 16.98 0 168.98 0.02 0
758	0 0.02 25.34 0 0.02 0 0 2.48 0 0.14
873	0 0.18 0.02 0 0.02 56.68 0 0.04 0.06 141
925	0 0 0 0.02 0.02 0 0 89.94 0.02 0
974	0 0 0 0 0.02 0 0 76.96 0.02 0
976	0 9.88 7.02 0 0 0 0 0.1 0 0
977	0 0.06 0.02 0.02 0.02 0.1 0.14 101.56 0 0.08
979	0 30.38 6.8 0 0 0 0 53.82 0 0
980	0 32.46 0 0 0 0 21.52 0 0.02 0
981	0.02 0 8.46 0 0.02 4.44 0 0.06 0 0
982	0 0 0 0 0 0 0 49 0 0
984	0 0 20.62 0 0 10.08 0.02 0 0 76.28
985	0.02 46.74 0 0.22 0 0 0 0.02 0 0
986	0 0.02 0.48 0 0.02 0 0 48.46 0 0.02
987	0 0 1.3 0 0 4.64 0 0.06 0 0
988	0.02 0.02 0 0 0 49.18 0 26.94 3.36 86.48
989	0 0 0.42 0 0 14.32 0 0 0.34 51.94
990	0 0.02 0 2 0.04 0 0.04 0 3.6 70.3
991	0.6 5.88 0 0 1.46 0 0 0 2.6 31.44
993	23.78 0 20.94 0 29.12 117.14 0 0 0.02 0
995	0 0.02 0 20.82 0 0 0.1 0 0 55.06
996	0 0 0 0 30.86 0.12 0.02 0 0 0
997	0 0 0.04 0 24.94 0 0 0 0.02 0
998	0 0 0 0 37.66 0 0 0.32 0.02 0
999	0.02 0 0 0 0 0 0 25.96 0.02 0.02
1001	0 0.04 0 0 0 0.02 0 25.92 0 0
1002	0.02 0 0 0 0.02 0.02 0.02 10.92 0 0
1003	0 0 0 0.58 13.3 0 0.12 0 0 0
1004	0 0 28 0 0 0 0 0 0 0
1005	0 0 0 62.96 0 0 0.02 0 0.02 0
1006	0.02 19.54 0.1 28.24 0 0 0.02 0 11.96 0.12
41	0 0 28.6 0 56.4 0 0 0 0 0
1007	0 158 0 0 0 0 0 0 0 0
1008	0 104.96 0 0 0 0.02 0 0 0 0.02
1009	0.02 103.18 0 57.74 0 0 0 1.06 0 0
1010	0 117.92 0 0 0 0.08 0 0 0 0
1011	0 149.06 0 0 0 0 0.06 90.88 0 0
1012	0.14 147.88 0.02 0.04 0 131.68 0 1.24 0 0
1013	0 0 0 0 0 0.04 0.4 59.12 0 11.44
1014	0 89.76 33.12 0 0 101.12 0 0 0 0
1015	0 0 0.02 0 0.02 0 0 22.6 7.34 0.04
1016	0 0 54.22 0 0 175.28 0 160.44 0.04 0
978	0 0.1 0.02 0.18 0 0 0 62.6 0 0.1
1017	0 140.2 0.22 0.52 0.02 0 0.04 0 0 0
895	0 0.02 48.2 0 0 0.02 0 0.2 0.04 230.52
1018	0 0 0 32.06 0.1 0 45.8 0 0 0.04
1019	0.06 0 0.04 0.06 0 0 110.84 0 0 0
886	0 32.14 0 0 0 0 0 0 0 105.86
1021	0 0 0 36.4 0 0 0 0 87.6 0
1022	0 0.32 0.18 37.22 0 0 0 0 0 53.28
1023	0 3.8 0 0 0 5.04 0.16 45.92 0.18 3.9
1024	0 0 0 13.74 0.04 0 0 0 0 31.22
881	0 0 0 0 0 0.04 0 0 0 103.96
1025	0 0 0 0 0 0.06 0 17.28 0 83.66
1026	0 0.02 0 0 0.02 0 0 0 0 9.96
35	0 0 0.02 0 19.96 0.02 0 0 0 0
1028	0.02 0 0 0 64.98 0 0 311 0 0
1029	0 0.12 0.22 0.14 20.46 0 0.04 0 0.02 0
1030	0 0 0 0 42.92 0 0.02 0.04 0.02 0
1032	0 0 0 0 43.98 0 0 0 0 0.02
1033	0.02 0 0 0 7.18 12.34 0 62.4 0 0.06
1034	0 0 0.12 0 0 0 0 55.88 0 0
1035	0 0.04 0 0 175.94 0.02 0 0 0 0
1036	0.08 0.02 1.62 0.44 41.74 0.04 0.04 0.02 0 0
1037	0 0 0 0 40.66 0.26 0 0.06 0 0.02
352	0 0 0 0 0.04 0 0 0.02 0 45.94
896	0 0 0 50.44 0 0 0 0 0 80.56
1038	0 0 0 0.08 0 0 0 0 0 35.92
1040	0 0 0 0 8.68 0 0 40.32 0 0
1041	0.4 0 0 0 177.58 0 0.02 0 0 0
1042	0 0 47.54 0 13.3 0 0.16 0 0 0
1043	0 0 0 0 15.96 0 0 0.02 0 0.02
1044	0.06 0 0 0.02 108.88 0.04 0 0 0 0
1045	0 0.02 0.04 0 22.3 0 0 0 25.64 0.02
1047	0.04 0.02 0 0 0 52.24 0.3 240.38 0 0.02
1048	0.06 74.62 0 0.64 1.68 84.86 0 0.12 0 0
1049	0 0 0 0 0 0 0 47 0 0
1050	45.18 0.02 0 0 0.02 0 0.02 0 67.76 0
1051	0 0 0.04 0 0 0 0 97.92 0 0.04
631	0.08 0 0.06 0 91 0 127.48 0.02 116.32 0.04
956	0 0 0.04 49.38 0.04 0.02 62.52 0 0 0
1052	0 0.04 3.62 0 0 0 0 47.34 0 0
1053	0 0 0 0 60.94 0 0.04 0 0 0.04
1054	0 0.16 0.02 0 0 0.08 0 45.72 0 0
1055	0 0 0 0 25.98 0 0.02 0 0 0
1056	0 0 10.6 20.74 0 0.02 0 0.64 0 0
1057	0 0 0 0 0 0 0 46 0 0
1058	0.04 0 0 0 23.94 0.02 0 0 0 0
1060	31.28 0 0.02 0 0.06 19.4 0.04 52.18 0.02 0
1061	0.04 0 0 0 0.04 62.14 0 1.76 0.02 0
1062	0 0.02 0 0.12 0 0 0.02 0 0 31.84
1063	27.12 0 0 0 46.02 0 0 1.38 54.48 0
1064	0 0 0 0 0 0 0 0 17 0
1065	0.22 0 0.34 24.84 0 0 90.62 0 45.98 0
594	0 2.42 0 0.06 0.46 0 0 1.06 0 0
640	0.3 0.02 0 62.2 0 0 116.06 0 30.4 0.02
715	0.06 0 17.22 0 0.02 0 211.7 0 0 0
738	0 0.02 12.16 0.06 60.76 0 0 0 0 0
789	0.02 0.06 1.26 0 0.02 0 132.64 0 0 0
1066	0 0 0 0 38.92 0.04 0.02 0 1.02 0
1067	0 57.58 0 0 0 0 43.38 0 0 0.04
1068	0 14.22 0 14.76 0 0.02 0 0 0 0
1069	0 0 0 13.86 0 0 33.14 0 0 0
1070	0.08 0 0 18.44 0.1 0 75.38 0 0 0
1071	0 33.84 0 0 0 0.02 0.56 4.58 0 0
1072	0 0 10.96 0 2.98 0 0.02 0 0.02 0.02
1073	0 0 30.06 29.72 0.02 0.02 132.16 0.02 0 0
1076	0 0 0 0 21.92 0 0 0.08 0 0
1077	0 0.04 3.08 0 0 0 14.88 0 0 0
1078	0.7 0 0 0 50.28 0.02 0 0 0 0
1080	0 0 0 8 0 0 0 0 0 0
1082	0 16.54 0 0 0 0.02 0 0 0 0.44
1083	0 2.74 7.4 0.02 0.02 0 3.8 0 0 0.04
1084	14.42 28.74 0 0.64 0.6 17.28 0 0.3 0 0
1085	0 21.34 0.02 0.48 0 1.12 0 0.02 0 0.02
1086	0 40.12 0 0 15.86 0 0 0 0.02 0
1087	6.12 0 0.14 0 0 0 0 10.72 0.02 0
634	0.02 2.18 0 34.72 0 0.04 32.86 0.16 0 0.02
1088	0 0.16 0 0 0 0 0 20.2 0.02 0.62
1089	0 0.04 0 0 24.04 9.2 0 0.82 0 25.9
575	0 0.06 0 0.06 91.6 0.08 0 0 0 0.2
797	0 0 64.04 0 0 0.04 0 0.92 0 0.02
1074	0 0.04 0.02 0 105.3 0.1 59.52 0 0 0
1090	0 0 63.9 0.1 0 0 0 0 0 0
1091	0 0.02 0 0 91.86 0 0 0.12 0 0
1092	0 0 0 0 25.96 0.02 0 0 0.02 0
975	0 6.76 0 0 0 0.1 0.02 88.06 0.04 0.02
1059	0.04 2.34 0 0.02 0 0 0.1 79.44 0 0.06
1093	0 0.8 0 0 11.8 0.04 7.38 44.68 0.28 0.02
1094	0 0.02 0.04 0 0 13.66 0.04 8.24 0 0
1095	0 0 0.02 0 0 0.58 0.1 68.3 0 0
1096	0 0 0 0 0 7.98 0 0 0 0.04
1097	0 52.94 0.02 0.06 0.02 0 1.92 0 0 0.04
1098	0 0.02 0 4.5 0.16 0.08 124.22 0 0 0
1099	0 0.04 0.04 26.02 0.04 0 0.1 0.02 2.74 0
1100	0 0 0 18.94 0 0 0.06 0 0 0
1101	0.04 0 0 0.08 0.08 0 144.9 0.02 92.88 0
1102	0 0.02 0.02 0 0.02 0.02 0.08 12.84 0 0
1103	0 0 0 0.38 0 0 58.6 0.02 0 0
1104	0 0 0 12 0 0 0 0 0 0
1105	0 0 0.04 0.2 0 0 0.14 0 0 38.62
1106	0.06 0 0 2.54 0 0 0.02 0 0 9.38
963	48.22 0.02 0.04 0.34 0.04 0 96.3 0.04 0 0.02
1107	0 0 0 0 0 0.06 37.8 0.02 5.1 0
1108	0 0.02 0 8.98 0 0 0 0 0 0
1109	0 0 30.42 0.02 0 0 53.56 0 0 0
1110	0.02 0 39.02 0 0 0 48.96 0 0 0
1112	0 0.02 11.98 0 0 0 30 0 0 0
1113	0.02 0 0 0 0 0.02 27.92 0 28.04 0
1114	0 6.48 0 0 0 0 0 20.52 0 0
1115	0.1 30.58 0.02 39.62 12.72 0 0 0 2.96 0
1116	0 0 0 0 24.88 0 0 1.74 13.38 0
1117	5.68 37.58 0 0.02 0.02 0 0 0.54 2.14 0.02
1118	0 0 0 0 83.06 0 46.82 0 0.1 0.02
1119	0 0 0.02 0 78.54 0 75.06 0 0.12 0.26
1120	0 0 0 2.42 0 0 0 28.18 11.4 0
605	0 0 0.02 0 0.04 0 0 0 86.94 0
638	0 0 5.08 80.82 0.04 0 0 0 36.06 0
641	0 0 0 0 0 0 0 0.02 119.98 0
835	0 0 0 0 0 0 0 0 47 0
1020	0.02 0 0.02 0.5 0 0 0 0 116.46 0
1121	0 0 0 46.18 0 0 0 0 26.82 0
1122	0 0 0 0 0 0 0 0 5 0
1123	0 0 0 0 0 0 0 0 11 0
1124	0 0.02 0 0.02 0 0 0 0 34.96 0
1126	2.18 0 0 0 0 0.16 0 0.06 87.6 0
1127	0 0 0 0 0 0 0 0 0 26
1128	0.02 25.2 0.58 0.32 0 0 0.28 0.52 0.04 0.04
1131	0 0.16 0.12 36.1 0 0 5.4 0 0.22 0
1132	0 0 0 0 0 16.72 0 51.28 0 0
1133	0 0 0 0 89 0 0 0 0 0
1134	0 82.76 0 0 0.04 0 0 0 14.2 0
1136	0 0 0.1 0.06 77.72 0 0.08 0 0.04 0
1137	0 73.46 0 38.5 0.02 0 0 0 0.02 0
1138	0 6.86 0 1.74 0 0.04 0.02 0 3.34 0
1139	0 0 0 0 76.84 0 0.16 0 0 0
1140	0.02 0 0.46 0 0.14 0.02 24.36 0 0 0
1141	0 0.08 0.04 27.84 0 0.04 0 0 0 0
806	0 0 0 0 0 0 153 0 0 0
1129	0 50.42 0 19.5 0 0 0.02 0 0.06 0
1142	0.12 97.52 0 9.3 0 23.04 0 0.02 0 0
535	0.02 0 0.2 0.02 0.06 129.24 0.24 0 0.08 0.14
1143	0 53 0 0 0 0 0 0 0 0
398	0 0 8.46 0 28.54 0 0 0 0 0
1145	0 0 0 0 19 0 0 0 0 0
1146	0 0 0.08 0 5.92 0 0 0 0 0
1148	0.02 0.02 0 17.2 0.02 0 0.22 0 12.52 0
1149	22.94 0 0.04 39.78 0 0 10.16 0.04 0.04 0
460	0.02 70.54 0.16 0 0 0 0.06 0.22 0 0
1150	0 0.02 0.02 0.02 0 18.88 0 0 0 0.06
1151	0 0 0 0 0.02 0 0 10.98 0 0
1152	0 0 0 0 0 84.68 0 0.3 0.02 0
1154	0 0 0 0 0 0 36.98 0.02 0 0
1155	0 0.04 0 9.94 0 0 0.02 0 0 0
1156	0 1.18 0 1.82 0 0 0 0 0 0
1157	0 0 56.84 0 0 13.16 0 0 0 0
1158	0 0.32 0 12.68 0 0 0 0 0 0
1159	0.06 0 0.32 16.86 0.04 0 16.72 0 0 0
1160	0 73.4 0 0 0 0.02 0.24 0.02 1.32 0
1161	0.02 25.5 0 0 0 1.92 0.08 3.42 0.06 0
1162	0 0.02 0 0 0 0 0 7.98 0 0.02
1163	0 2.3 0 8.7 0 46.58 0 1.4 0 0
1164	0 0.12 0 0 0 0.06 0 12.82 0 0.02
832	0.02 0.04 0 0.34 0 0.34 0.06 39.12 0.02 0.06
1165	0 0 0.02 0 0.6 0 0 18.36 0 0.02
1039	100.12 0 0 7.34 109.02 0 46.5 0 0 0
1075	0 0.02 0 21.14 0 0 0.04 0 0.8 0
1153	0 0 0.06 14.5 0.04 0 36.4 0 0 0
1166	0 23.4 0 9.58 0 0.02 0 0 0 0
1167	0 0 0 0 0 0 35.8 0 0.2 0
1168	0 0 0 0 59.58 0 1.4 0.02 0 0
1169	0.02 0 0 0 5.08 0.26 23.64 0 0 0
1170	0 0 0 0.04 0 0 58.82 0.14 0 0
1172	0.04 3.9 0 0 0 0.02 0 0.02 50.02 0
1173	0 10.96 0.02 0 0 0.02 0 0 0 0
1175	0 0 0 0 0 0 0 0 0 17
1176	0 0 0 0 0 0 0.02 0 0 51.98
1000	0 0.02 0 0 24.98 0 0 0 0 0
1079	0 0 35.74 0 0.16 0 0.18 40.92 4 0
1177	0 0 0 0.02 0.08 0 0 11.88 0.02 0
1178	0 0 0.02 0 31.96 0 0.02 0 0 0
1180	0.02 0 0.06 0 21.92 0 0 0 0 0
1181	0.02 0 0.14 0 0 0 12.22 2.6 0.02 0
1182	0 0 0.02 0 20.96 0 0 0 0 0.02
1183	6.06 0 30.54 0 0.38 0 0 0 0 0.02
1184	0.02 0 0 0 7.24 0.02 11.36 0 5.36 0
1186	0 0.12 0.06 1.54 8.28 0 0 0 0 0
1187	0 34.24 4.34 0.02 0.02 0 0 0.38 0 0
1189	0.02 0 0 0 14.86 0.02 0.02 0.04 0 0.04
1190	0.02 0 0 0 0.06 21.24 0.1 8.58 0 0
1191	0 0 0 0 0 0 0 0 0 13
945	0.02 0.16 0 0.04 0 0 0 0 119.78 0
1125	0 0 0 0.12 0 0 0 0 12.88 0.02
1192	0 0 0 0.18 7.7 0 0 0.02 26.08 0
1193	0 0 0 33 0 0 0 0 0 0
1194	0.06 0.04 0 64.16 0 0 23.34 0.16 14.24 0
1195	0 0.08 0.02 27.9 0 0 0 0 0 0
1197	0 0 0 32.4 0 95.58 0 0 0.02 0
1198	0 15.9 0 2.98 0 0 0.12 0 0 0
1199	0 34.32 0.08 0.1 0 0.02 0.8 18.64 0 0.04
1200	0 0 0 0 0 0 0.02 0 19.98 0
1201	0 0 0 0 0 0 0 0 5 0
1202	0 27.98 0 0 0.02 0 0 0 0 0
1203	0.04 0 0 0 0 0 0 0 61.96 0
1206	0 0 0.02 0 47.92 0 0.06 0 0 0
46	0 0 0 0 0 0 65 0 0 0
115	43.88 0 0 0 0 0 2.12 0 0 0
1046	0 0.04 114.7 0.02 0 0.24 0 0 0 0
1207	0 0 31.96 0 0 0.02 0.02 0 0 0
1208	0 0 40.92 0 0.04 0.04 0 0 0 0
1209	0 0 0.32 0 27.68 0 0 0 0 0
1210	0 0 87.98 0 0 0.02 0 0 0 0
1211	0 0 0 4.08 0 0 24.86 0 0.06 0
1212	0 0.02 16.68 0 0 0.06 0 0.02 0.16 0.06
1213	0 0.02 0 0.02 0.02 0 0 10.94 0 0
1214	0 0.58 0 10.4 0.14 0 2.22 0.08 0.08 0.5
1215	0 0 18.7 0 0 0 0 29.28 0.02 0
1216	0.02 11.02 0.18 0 0 0 0 4.78 0 0
1135	0 0 0 0 65.86 0 46.04 0.06 0.04 0
1147	0 0 0 0 62.8 0 0 0 0.2 0
1217	0 0 0 0 72 0 0 0 0 0
1218	0 0.06 43.22 0 0 0 30.72 0 0 0
1219	0 0 0.9 0 46.1 0 0 0 0 0
1220	0 0.02 0 0 58.4 0 25.58 0 0 0
1221	0 0 0.02 0.02 104.4 0.92 0 0 13.64 0
1222	0.04 0 52.96 0 0 0 0 0 0 0
1223	0 9.34 0.04 0 0 0 1.6 0 0 0.02
1224	0 0 0.44 0 29.48 0 0 0.08 0 0
1226	0 82.82 0 0 0 0 0 0.06 0.02 0.1
1188	0 0 60.8 0 24.2 0 0 0 0 0
1227	0 0 0 13.94 0.06 0 0 0 0 0
1229	0 7.22 18.76 0 0 0 0 0.02 0 0
1230	0.04 0.08 0.04 0 19.22 0 6.56 0.04 0.02 0
1231	0 0 49.96 0 0 0 0.04 0 0 0
1232	0.02 0 0 0.02 0.6 0 29.36 0 0 0
1234	0 0 0 0 0 0 0 0.02 0 13.98
1235	0 0 0 0 0 0 0 0 0 4
1236	0 0 0 0 0 0 0 0 0 3
1237	0 0 0 0 0 0 0 0 0 15
1238	0 0.04 0 0.04 0 0 0 0 0 21.92
771	0.08 0 86.52 0.08 0 0.04 0.12 0 0.16 0
1228	0 0 86.1 0 0.88 0 0 0.02 0 0
1239	0 0 5.82 0 26.18 0 0 0 0 0
1240	0 17.84 55.2 0.02 0.6 0 6.32 0 0.02 0
1241	0 10.92 0 0.02 0 0 0.02 0 0.04 0
1242	0 0 0 12.96 0 0 0 0.04 0 0
1243	0 0 0 0 0 0 0 0 0 21
1244	0.1 0 31.36 0 0 0 0 50.54 0 0
1245	0 21.08 19.6 0 0 0 1.24 0 0.08 0
1179	0 0 0.02 0.02 15.94 0 0.02 0 0 0
1246	1.3 0.02 7.92 0.44 0 0 0.28 1.02 0 0.02
1247	0.02 0 0.04 0 9.9 0 0.04 0 0 0
1248	0 0 49.98 0 0 0 0 0.02 0 0
1249	0 0 0 0 25.8 0 0.06 0.12 0.02 0
1250	0 0 8.98 0 0 0 0 0.02 0 0
1252	0 14.58 0.02 0 0 0 0.38 0 0 0.02
1253	0 0 0 0.02 0.08 0 0.06 16.82 0 0.02
1254	0.14 0 0 0 0 0.02 0 6.82 0 10.02
1256	0 2.88 0 0 0 0 0 0 0 3.12
1257	0 0.3 0 0 0 0 0.08 0 0 4.62
1258	0 22.02 0 0.16 0 2.48 0 22.32 0 0.02
1259	0 4.22 0 0.08 0.36 0.02 0 0.32 0 0
1260	0 3.66 0.06 0.02 0 0 0 7.22 0.04 0
1261	0 10.1 0.04 0.02 1.26 0 0.08 0 0.5 0
1262	0 0.22 0 0 0.02 0.04 23.72 0 0 0
1263	0 0.04 0 0 40.96 0 0 0 0 0
1264	0 15.16 0 0 0.02 0 0.18 0 0.64 0
1265	0 0 0 5.52 0.36 0 0 0 0 39.12
1266	0 0.02 0 23.96 0 0 0 0 0.02 0
1268	0 0 0 0 0.02 0 20.98 0 0 0
1269	0.02 0 0 0 0 0 0 0 25.98 0
1185	0.02 0 10 0 7.92 0 0 12.72 0.34 0
1204	0.14 0 0 0.06 0.02 0 0.42 0 48.36 0
1271	0 0 0 0.02 0.02 0 0 9.96 0 0
1272	0.08 0.96 0 0 0.04 1.44 0 1.4 0.02 2.06
374	0 0 0 0.02 21.76 0 0 0.22 0 0
1267	0 0 0.02 0 0 0 81.88 0 0.1 0
1273	0 0 21.94 0 0 0 0.04 0.02 0 0
1274	0 0.02 16.98 0 0 0 0 0 0 0
1277	0 0.04 0 0 0 0 0 51.92 0 0.06
1278	0 0.18 0 0.02 0 53.58 0.02 0.1 0 0.08
1281	0 0 0 27 0 0 0 0 0 0
1280	0 0 0 0 0.06 0 0 0 0 24.94
1282	0 0 0 0 0 2.04 0 20.96 0 0
1283	0 0 0 0 0 3.24 0 38.7 0 0.06
1284	0.04 0.48 0 0 0.52 64.74 0 0.22 0 0
1285	0 0 0 0.04 32.96 0 0 0 0 0
1286	0 0 0 0 16.98 0 0.18 0.02 31.82 0
983	0 6.22 14.76 0 0 0.02 0 0 0 0
1279	0.02 0.22 3.3 0 0 0.14 0 9.48 0 5.84
1287	0 0 0 0 0 0.06 0 7.94 0 0
1288	0 7.64 7.12 0 0.9 0 0 1.28 0.06 0
1290	0 0 1.82 0 0.08 0 1.1 0 0 0
1291	0 0 0 0 0.02 0 0.02 30.96 0 0
1292	0 0 0 0 0 0 0 0.02 0 4.98
1294	0 0 0 0.06 0 0 0 0 0.02 17.92
1297	0 0 0.12 0 3.96 0.12 0 9.14 17.66 0
1298	0 0 0.02 0 0 0 0 0 27.98 0
1299	0 0 0.02 0 0 0 0 0 21.98 0
1301	0.02 0 0 0 18.92 0 0.02 0 0.04 0
1302	0.12 7.62 0 0 0 0 0 0 1.7 4.56
1303	0 0 31 0 0 0 0 0 0 0
1225	0 0 0 0 28.08 0 0.74 0 0.18 0
1304	0 0 1.3 0 2.98 0 0.04 0 0.68 0
1305	0 0 0.02 0 7.86 0 0.02 0 0.1 0
1306	0 0 0.04 0 0 0 0 0 5.96 0
1307	0 0 0 0.46 2.5 0 0 0 0.04 0
1308	0.02 0 0 0.38 1.24 0 0.02 0 0.34 0
1309	0 0 0.1 0.3 0.16 0 0 0.02 0.42 0
1310	0 0 0 0 0 0 0 0 3 0
1311	0 0 0.18 0 28.72 0 0.04 0 0.04 0.02
1312	0 0 0 0.26 0.04 0 0.04 17.42 0.16 0.08
1313	0 0 0.12 0 0.04 0.02 0 0 0 31.82
1300	0 0.02 0 0.02 0 8 0.36 0 0.08 8.52
1314	0 0 23.82 0 0 0 0 0.06 0 0.12
1315	0 3.28 0 0.08 0 53.02 0 0.62 0 0
1316	0.06 0.04 0.28 1.98 0.02 0 0 0 0 16.62
818	0.04 21.7 0 0.02 0.02 0 0 36 0.22 0
1081	0 17.36 0.4 0 0 0 0 0.22 0.02 0
1171	0 18.8 0 7.18 0.02 0 0 0 0 0
1174	0 0.02 0 22.96 0 0.02 0 0 0 0
1255	0 0 0 11.78 0 0.02 0 0.04 0.02 0.14
1276	0 0 0 0 0.04 0.04 0.02 12.9 0 0
1289	0 0 0 0 0.08 13.92 0 0 0 0
1295	0 0 0 0.08 0 0 0 0 0 14.92
1296	0.02 0 0.06 0.82 0 0 1.52 0.08 0.04 40.46
1317	0 0 0.04 0 0.04 0 0 3.9 0.02 0
1318	0 0 0.02 2.72 0.08 0.02 0.02 1.14 0 0
1320	0 0.2 0 0.06 0 0.16 0 0.52 0 0.06
1322	0.06 0 0 0 0.02 0 1.28 10.28 0.16 0.2
1324	0 9 0 0 0 0 0 0 0 0
1325	0 0.22 0 0.02 0 0.08 0 0.54 0 0.14
1327	0 1.62 0 0 0 0 0 3.38 0 0
1329	0 0.16 0 0.02 0 0.14 0 0.5 0 0.18
1330	0.02 0 0 0.02 0 3.16 0 0.02 0 0.78
1331	0 4.84 0 4.12 0 0 0 0 0.04 0
1332	0 0.32 0 0.04 0 0.14 0.02 0.36 0 0.12
1333	0 0.06 0 0.02 0 0 0 4.82 5.08 0.02
1334	0 0.5 0.1 0.42 0.1 0.02 0.02 0.36 0.04 0.44
1336	0 0 0 0 0.02 0 0 16.98 0 0
1337	0 0 0 0 0.02 0 0 14.98 0 0
1338	0 8.9 0.02 0.04 0 0 0.02 0 0.02 0
1339	0 0.28 0 0.02 0 0.1 0 0.42 0 0.18
1340	0 0.1 0 0.08 0 0.1 0 0.46 0 0.26
1341	0 0.22 0 0.1 0 0.14 0 0.42 0 0.12
1342	0 5 0 0 0 0 0 0 0 0
1343	0 0.16 0 0.02 0 0.14 0 0.46 0 0.22
1344	0 6 0 0 0 0 0 0 0 0
1346	1.12 0.02 0 0.4 0.08 0.56 0 0 1.06 8.76
1347	0 5.68 0 5.3 0 0 0 0 0 0.02
1348	0 0.34 0 0.02 0 0.14 0 0.38 0 0.12
1349	0 0.22 0 0.06 0 0.1 0 0.58 0 0.04
1351	0.06 1.64 0.64 0.04 0 0.02 0.1 0.1 0 0.4
1352	0 0.22 0 0.06 0 0.18 0 0.38 0 0.16
1353	0 12.72 0 0.1 0 0 0 0 0.18 0
1354	0 2 0 0 0 0 0 0 0 0
1355	0 0.04 0 15.82 0.1 0.02 0 0.02 0 0
1356	0 7.8 0 0.18 0 0.02 0 0 0 0
1357	0 0 0 0.02 0 7.98 0 0 0 0
1358	1.64 0.08 0 0.02 0 0.02 0 0.16 0 4.08
1359	0 0.2 0.06 0.38 0.1 0.02 0.06 0.64 0.04 0.5
1360	0 0.36 0 0.02 0 0.16 0 0.32 0 0.14
1361	0 7.32 0.24 0 0 0 0.04 0.02 0.38 0
1362	0 0 0 0 0 3.98 0 0.02 0 0
1363	0 0.32 0 0.06 0 0.04 0 0.54 0 0.04
1364	0 0.3 0 0 0 0.1 0 0.52 0 0.08
1366	0 0.28 0 0.08 0 0.12 0 0.36 0 0.16
1367	0 21 0 0 0 0 0 0 0 0
1368	0 17 0 0 0 0 0 0 0 0
1369	0 0.32 0 0.08 0 0.12 0 0.4 0 0.08
1370	0 5 0 0 0 0 0 0 0 0
1371	0 0.3 2.04 0.1 0 0.18 0 0.28 0 0.1
1372	0.04 0.02 0 8.92 0 0 0 0.02 0 0
1373	0 0.18 0 0.06 0 0.1 0 0.52 0 0.14
1374	0 0.18 0 0.06 0 0.24 0 0.44 0 0.08
1375	0 17.98 0 0 0.02 0 0 0 0 0
1376	0 0 0.2 0 0 0 0 12.8 0 0
1377	0 8.94 0 0 0 0.04 0 0.02 0 0
1378	0 4.28 0 0 0 0 0 3.72 0 0
1379	0 4.88 0 9.08 0 0 0 0 0 0.04
1381	0 19.96 0 0 0 0 0 0 0 0.04
1382	0 7.36 0.02 0.02 0.08 0.04 0 0 0 0.48
1383	0 1.58 0 0 0 0.52 0 5.9 0 0
1384	0 0 0 0.02 0.02 0.02 0 0 0 4.94
1385	0 0 0 0 0 0 0 0.16 0 9.84
1386	0 0.84 0 8.14 0 0.02 0 0 0 0
1387	0 0.06 0 0 0 0 0 0.1 0 3.84
1388	0 0 0 0 0 1.8 0 0 0 14.2
1389	0 0 0 0 0 0 0 6 0 0
1390	0 0.18 0 0 0 0.12 0 0.6 0 0.1
1392	0.02 0.02 0 0.02 0 0.02 0 0 0.02 2.9
1393	0 0 0.08 0 0.2 0 5.4 0 0 10.32
1395	0 0 0 0 0 0 0 0 0 11
1396	0 0 0 8 0.08 0 7.86 0.06 0 0
1397	0 0 0 0 0 0 0 0 15 0
1398	0 0 0 8.98 0.02 0 0 0 0 0
1399	0 0 0.02 0 0 0 0 0.44 0 12.54
1400	2.02 15.18 0.08 13.72 0 0 0 0 0 0
1403	0 0 0 11 0 0 0 0 0 0
1404	0.02 10.94 0.02 17.98 0.04 0 4.92 0 0.04 0.04
891	0 0 0 0.06 0 0 0 0 0 11.94
1405	0 14.84 0 0 0 0.16 0 0 0 0
1406	0.06 0 0 0 13.92 0 0 0 0 0.02
1407	0.02 0 37.22 0.04 6.7 0 0 0 0 0.02
1409	0 0 0 0 20 0 0 0 0 0
1411	2.38 0 0 0.08 26.92 0 2.7 0 30.92 0
1412	0 0 0.02 0 9.98 0 0 0 0 0
1413	0 0 16.92 0 0 0 0.04 0.04 0 0
1415	0 0 0.02 0 20.98 0 0 0 0 0
1416	0 0 9.94 0.02 0 0 0.02 0 0.02 0
1417	0 0 0 0.16 0.06 0 0 0.06 0 4.72
1418	0 0 4.04 0 0.02 0 0.06 2.88 0 0
1419	0 0 31 0 0 0 0 0 0 0
1326	0 5.96 0 0 0 9.04 0 0 0 0
1421	0 0 0.16 0 0.28 0 25.56 0 0 0
1422	0 0 0 0 0 0 9 0 0 0
1424	0 0.04 2.76 0 0 0 1.2 0 0 0
1425	0 0 0 0 19.9 0 0 0.1 0 0
1426	0 16.82 0 0 0 0 0.04 0 0.06 0.08
1427	0 0 0.04 0.1 0.08 0 0.36 0 13.42 0
1428	0 26.02 0 0 0.52 0 1.44 0.02 0 0
1233	0 0.02 0 0.06 0 0 0 0 0.04 7.88
1394	0 0 0 0 0 0 0 0 0 11
1429	0 0 0 0 0 0 0 0 0.02 5.98
1430	0 0 0 0 0 0 0 0 0 4
1431	0.04 0 0 0 0 0 0 0 0 13.96
1433	0 0 0 0 0 0 0 0 0 4
1434	0.02 0 0.02 0 0 0 0 0 0 21.96
1350	0 0 0 0.68 0 0.1 0.04 1.18 0 0
1436	0 0 0 0.02 0 0 0 2.98 0 0
1401	0 0 3.82 8.58 31.7 0 7.88 0.02 0 0
1438	0 0 0 0.02 10.88 0 0 0 0.1 0
1439	0 0 0.04 0 23.92 0.02 0 0 0 0.02
1441	0 0 0.06 0 5.92 0.02 0 0 0 0
1442	0 0 0 0 10.92 0 0 0 0 0.08
1443	7.24 0 0.04 0 2.64 0 0.02 0 0.06 0
1444	0 0 0 0 33 0 0 0 0 0
1205	0 0.02 0.06 0 0.14 0 0 0 11.78 0
1445	0 0 0 0 0.08 0 0.02 0 10.88 0.02
1447	0 0 0 1.14 0 0 0 0 1.86 0
1448	0 0 0 3.06 0 0 0.02 0 7.92 0
1449	0 0 0 0 0 0 0 0 22 0
1450	0 0 0 0.02 0.04 0 0 0 7.94 0
1451	0 0 0 0 0 0 0 0 44 0
1453	0 0.2 0.02 0.34 0 0 0 0 1.44 0
1454	0.02 0 0 0 0 0 0 0.02 11.96 0
1455	0 0 0 0.6 0.02 0 0 0.04 1.34 0
1456	0.06 0.02 0 0 0 0 0.06 0 25.86 0
1457	0 0.14 0 0.14 0 0 0.04 0 2.68 0
1458	0 0 0 0 0.04 0 0 0 3.96 0
1459	0 0 0.06 0 13.54 0 7.12 0 0 0.28
1460	0 0.02 0 0 0 0 0 0 2.98 0
1461	0 0 0.04 0.36 0.58 0.12 0 0.26 0.64 0
1462	0 0 0 22.92 0 0 0 0 0.08 0
1463	0 0 0 0 0 0 0 0 4.38 5.62
701	0.04 0 0 0.06 0 0 0 0.02 32.88 0
1464	0 0 0 6.98 0.02 0 0 0 0 0
1328	8.62 5.28 0 0 0.06 0 0 0 0.04 0
1465	0 0 0 7 0 0 0 0 0 0
1466	0 0 0.02 11.72 5.2 0 0 0.06 0 0
1467	0 0 0.06 0 0 0 9.94 0 0 0
1468	0.02 0 0.08 0 16.72 0.1 0.02 0 0.02 0.04
1469	0 0 0.02 0 18.98 0 0 0 0 0
1470	0.44 0 0 0 12.54 0 0.02 0 0 0
1471	0 0 21.08 0 0.9 0 0.02 0 0 0
1472	0 0 0 7 0 0 0 0 0 0
1473	6.9 0 0 0 3.02 0.02 18.04 0.02 0 0
1270	0 0 4.62 0 7.14 0 0 0 0.24 0
1474	0.1 0 0.02 6.6 0.02 0 0 0.04 6.22 0
1475	0 0 0 11 0 0 0 0 0 0
545	0 0.04 10.94 0 0 0 0.02 0 0 0
1476	0 0.1 0.84 0 0.96 0 0.1 0 0 0
1477	0 0.42 0.54 0 0.5 0 0.54 0 0 0
1478	0.12 0 48.78 0 0 0 0.06 0.02 0.02 0
1479	0.1 0 0 3.2 0.16 0 4.72 0 13.82 0
1480	0 0 0.02 0.02 19.9 0 0 0 0.06 0
1031	0 0 0.04 0 6.96 0 0 0 0 0
1483	0 0 0 0 0.02 0 0.06 0.04 0 24.88
666	0.02 0.02 0.02 6.94 0 0 0 0 0 0
992	0 9.92 0.02 0 0 0.02 0.04 0 0 0
1402	0 0.02 0 1.7 5.28 0 0 0 0 0
1435	0 0.02 0.86 0 8.12 0 0 0 0 0
1437	0 0 0 0 10.88 0 0 0 0.12 0
1481	0 0 0 0.02 0 0 0.02 3.96 0 0
1484	0 0 7.98 0 0 0 0.02 0 0 0
1485	0 0 7.98 0 0 0 0 0.02 0 0
1487	0 0 0 0 0.02 0 9.92 0.06 0 0
1489	0 0 11 0 0 0 0 0 0 0
1492	0 0 0 0 0 0 0.54 3.46 0 0
1493	0 0.04 0.34 0.14 0.2 0 0.04 0.16 0.08 0
1494	0 0.1 0.34 0.08 0.1 0 0.1 0.26 0.02 0
1495	0 0 0 0 0 0.02 17.98 0 0 0
1496	0 0 0 0 0 0 0 13.96 0 0.04
1497	0 0 0 0.12 0 0 2.34 0 3.54 0
1498	0 0 3.26 0.08 0.06 0 0.6 0 0 0
1499	0 0.02 6.92 0 0 0 0 0.04 0.02 0
1500	3.28 0 6.68 0.04 0 0 0 0 0 0
1501	0 0.02 0 8.98 0 0 0 0 0 0
1503	0 0 0 0 28.9 0.02 0 0.06 0 0.02
1504	0 0 0.02 7.98 0 0 0 0 0 0
1505	0 0 4 0 0 0 0 0 0 0
1446	0 0 0.08 0 37.92 0 0 0 0 0
1251	0 0.28 0 20.7 0 0 0 0 0 0.02
1506	0 0 0 8 0 0 0 0 0 0
1507	0 0 0 3 0 0 0 0 0 0
1335	0 15.42 0 0 0 0 0.58 0 0 0
1508	0 0 0.02 0 6.92 0 0.04 0.02 0 0
1510	0 1.4 0 0 1.36 0 0.24 0 0 0
1511	0 9.72 0 0.12 0.14 0.04 0 0 3.98 0
865	0.06 0.58 0.2 27.68 0 0 0 0 25.48 0
1512	0 0 0 18.82 0 0 0 0 0.1 0.08
1513	0 0.02 0.32 0.4 0 0.42 1.42 0.58 0.02 2.82
1516	0 0 0.02 1.54 0.04 1.18 0 0.08 9.12 0.02
1517	0 0 0.02 0 9.98 0 0 0 0 0
1518	0 0.02 5 0 16.34 0 0 0 2.64 0
1519	0 0 0 0 5.96 0 0.04 0 0 0
1520	0 0 0 0 1.32 0 0 1.68 0 0
1521	0 0 0 0 8.94 0.02 0.04 0 0 0
1522	0.02 0 0.02 0 13.8 0 0.02 0.04 0.1 0
1524	0.1 0 0 24.82 0.02 0 0 0 0 0.06
1525	0 3.12 0 0 0 0 0 0 0.88 0
1526	0 0 0 0 0 0 0.08 0 3.92 0
1527	0 0 0 0 0 0 0.02 0 0 15.98
1528	0 7 0 0 0 0 0 0 0 0
1529	0 0.02 0 13.9 0 0 0.08 0 0 0
1420	0 2.08 0 0 0 0 0.02 0 0 0.9
1530	0 0 0 0 6.94 0 0.02 0 0.04 0
1523	0 0 0.1 0 0.62 0.18 0.84 0.26 0 0
1531	0.02 0 0 0.02 19.94 0 0.02 0 0 0
1532	0.58 0.02 0 1.4 0 0 0 0 0 0
1533	0 0 0 3.98 0 0 0 0 0.02 0
1534	0.1 11.54 0.02 0.14 0.02 0 0 0.06 0.12 0
1535	0 0 0 9 0 0 0 0 0 0
1536	0 0.02 0 0 0 0 0 0 4.98 0
1537	0 8.84 0 0 0 0 0 0 2.14 0.02
1538	0 1.48 1.52 0 0 0 0 0 0 0
1440	0 0 0.18 0 5.74 0 0 0.08 0 0
1542	0 0 5.88 0 0.12 0 0 0 0 0
1543	0 0.48 0.16 0 1.7 0.02 0 0.64 0 0
957	0 0 0.2 0.08 0.28 0 0.22 0.02 0.18 0.02
994	0 9.84 0.02 0 0 0 0 0 0.02 0.12
1027	0 0.02 0.26 0.1 0.34 0 0.08 0.02 0.12 0.06
1111	0 3.54 0.02 7.08 0.36 0 0 0 0 0
1275	0 0 0 4.92 0.06 0 0 0 0 0.02
1391	0 0 0 0 0.04 0 0 0 0 4.96
1408	0.02 0 1.06 0.32 0.46 0.02 0.02 0.1 0 0
1423	0 0 5.96 0 0 0 0 0 0.04 0
1432	0 0 0.04 0.08 0.08 0 0.04 0 0.02 1.74
1488	0 0 0 5 0 0 0 0 0 0
1539	0 0 0 0 3 0 0 0 0 0
1540	0 0 0 0 14.08 0 0.02 7.4 1.5 0
1544	0 0 0.02 0 7.92 0.06 0 0 0 0
1545	0 0 0 0 0.04 0 0 0 9.96 0
1546	0 0 0.16 0.08 0.4 0 0.1 0 0.2 0.06
1547	0 0 0.9 0.56 0.54 0 0 0 0 0
1549	0 0.1 0 1.52 0.02 0.02 0 0 0 1.34
1550	0 0 0 0 5.88 0.02 0 0.1 0 0
1551	0 1.04 0.18 0 2.02 0 0.68 0 0.08 0
1552	0 0 0 0 2.66 0 0.76 0.58 0 0
1553	0 0.02 0 0 0.02 0 3.96 0 0 0
1554	0 0 0 0 3.34 0 2.66 0 0 0
1555	0 0 0 0 0.02 0 9.98 0 0 0
1556	0 0 0 0.12 0.66 0 2.42 0 0.8 0
1557	0 0 0.2 0.06 0.52 0 0.04 0 0.16 0.02
1558	0.06 0 0.02 0.02 0 0.06 0 0.08 14.76 0
1559	0 0 0.18 0.18 0.32 0 0.16 0 0.12 0.04
1560	0 0 0.04 8.88 0 0 0.08 0 0 0
1561	0 0.02 0.2 0.2 0.24 0 0.16 0.04 0.08 0.06
1562	0 0.06 0.16 0.22 0.34 0 0.12 0.02 0.06 0.02
1563	0 0 0.24 0.16 0.36 0 0.1 0.02 0.1 0.02
1564	0 0 0.24 0.1 0.32 0 0.16 0 0.1 0.08
1565	0 0 0.24 0.18 0.28 0 0.18 0.02 0.08 0.02
1566	0 0 0.14 0.14 0.44 0 0.12 0.02 0.12 0.02
1567	0 0.04 0.16 0.16 0.34 0 0.16 0.02 0.06 0.06
1568	0 0.04 0.2 0.14 0.36 0 0.08 0.02 0.12 0.04
1569	0 0 0.08 0.2 0.44 0 0.08 0.02 0.14 0.04
1571	0 0 0.22 0.2 0.4 0 0.04 0.04 0.06 0.04
1573	0 0 0 0 0 0 0 0 5 0
1574	0.02 0 0.32 0.14 0.24 0 0.14 0 0.1 0.04
1575	0 0.02 0.18 0.1 0.32 0 0.24 0.02 0.06 0.06
1576	0 0.02 0.18 0.16 0.3 0 0.12 0.04 0.16 0.02
1577	0 0.02 0.2 0.24 0.22 0 0.14 0 0.16 0.02
1578	0 0.08 1.14 0.42 0.04 0 2.28 0 0 0.04
1579	0 0 0.18 0.14 0.28 0 0.2 0.04 0.12 0.04
1580	0 0 0.24 0.14 0.32 0 0.1 0 0.16 0.04
1582	0 0.02 0.2 0.04 0.44 0 0.16 0.02 0.08 0.04
1583	0 0 0.3 0.06 0.34 0 0.22 0 0.06 0.02
1585	0 0 0.24 0.12 0.42 0 0.12 0 0.06 0.04
1586	0 0 0.2 0.1 0.32 0 0.12 0 0.16 0.1
1587	0 0.02 0.26 0.16 0.32 0 0.08 0.02 0.12 0.02
1588	0 0.42 0 0.08 0 0 0.02 0 0 3.48
1589	0 11.88 0 0.02 0.02 0 0.06 0 0.02 0
1590	0 0.04 0.02 0.04 0 0 0 0 0 3.9
1591	0.02 0.1 0 0 0.04 0 0 0.02 0 13.82
1592	0 0 0 0.02 0.02 0 0 0 0 17.96
1541	0 0 0 0.02 0 0 0 0 3.98 0
1593	2.18 0 0 1.02 0 0 0 0 0.8 0
1594	0.04 0 0 0 8.96 0 0 0 0 0
1596	0 0 2 0 0 0 0 0 0 0
1597	0 0 9.52 5.4 0 0 0.04 0 0.04 0
1598	0 0.06 0 0.02 0 0.04 0 0 0 13.88
1600	3.36 5.04 0 0 0.02 0 0.58 0 0 0
1601	0.2 0.48 0 0 0 0 0.06 0.18 0 0.08
1602	0 0 0 0 0 0 0 0 0 7
1490	0 0 0 0 0 0.04 0 0 2.96 0
1603	0 0.02 0 0 1.98 0 0 0 1 0
1410	0.22 0 0.1 0.22 0 0.06 0 0.08 0.32 0
1604	0 0.04 0 0 0 0 3.96 0 0 0
1605	0 0 0.04 0 0.4 7.92 0 0.64 0 0
1606	0 0.74 0 0 0 0.78 0 0.48 0 0
1607	0 0 0.06 0 0 0 0 0 0 6.94
1514	0 12.94 0 0 0 0.04 0 0.02 0 0
1609	0 2.62 0 0 0 0.38 0 0 0 0
1610	0 2.98 0 0 0 0 0 0 0 0.02
1611	0 6 0 0 0 0 0 0 0 0
897	0 0 0 0 0 0 0 0 0 2
1293	0 0 0 0 0 0 0 0 0 5
1615	0 0.02 0 0 0.92 0.02 0 26.02 0.02 0
1616	0 0.02 0.02 1.56 0 0 0 1.16 1.24 0
1608	0.1 0.06 0.16 0 0.04 0 0.18 0 0 6.46
1612	0 0.02 0.08 0.02 0 0 0 0 0.06 9.82
1617	0 0 0 0 0 0 0 0 0 5
1502	0.08 0.1 0.28 0 0.26 0 0.02 0.08 0 0.18
1619	0 0 0 3 0 0 0 0 0 0
1620	0 0 0.06 0 0.14 18.8 0 0 0 0
1622	0.06 0 0 6.92 0 0 0 0 0.02 0
1624	0 0 0 0 0 0 0 0 0 2
1625	0 0 0 0 0 0 0 0 0 4
1319	0.16 0.32 0 0.04 0 0.08 0.26 0.06 0 0.08
1623	0 8 0 0 0 0 0 0 0 0
1626	0.16 0 0.36 0.04 0.08 0.14 0.02 0.2 0 0
1627	0 0 0.12 0 0 0 0 0 2.88 0
1144	0 6 0 0 0 0 0 0 0 0
1380	0 10 0 0 0 0 0 0 0 0
1628	0 0 0 9.94 0 0 0.06 0 0 0
1630	0 1 1.06 0.92 0 0 0.02 0 0 0
1631	0 0 0 2.46 0 0 0.02 0 4.48 0.04
1633	0 0 0.12 2.3 0 0 0.04 0 0.54 0
1634	0 0.22 0.46 0 0.72 0 0 0 0 0.6
1635	0 0.96 0 0 0 0 0.66 0 1.38 0
1636	0 0 0.08 3.88 0 0 0.04 0 0 0
1637	0 2.12 0.06 0.42 0 0 0.38 0.02 0 0
1638	0 0 0 2.14 0.04 0 0.78 0.02 0.02 0
1640	0 0.04 0 2.94 0 0.02 0 0 0 0
1641	0 0 0 2.98 0 0.02 0 0 0 0
1643	0.08 6.5 0 0 6.4 0 0.02 0 0 0
1645	0 2.66 0 0 0 0 0 0 0.02 1.32
1646	0.02 0.98 0 0.66 0 0 0 0 0 1.34
1648	0 2 0 0 0 0 0 0 0 0
1652	0.02 3.54 0 1.32 0.02 0.1 0 0 0 0
1491	0 0 0.8 0 0.04 0.16 0 0 0 0
1642	0 0 0 5 0 0 0 0 0 0
1659	0.04 0.16 0.02 0.2 0.1 0 0.14 0.02 0.3 0.02
1662	0 0.08 0 0 0 0 0 0 0 3.92
1663	0 0 0 0 0 0 0 0 0 2
1664	0 11.8 0 0 0 0 0.12 0.06 0.02 0
1665	0 0 0 0 0 0 0 0 0 2
1666	0 0.86 0 0 0 0.34 0 0 0 0.8
1667	0 0.02 0 0 0 0 0 0 0 2.98
1668	0 0 0 0 0 0 0 0 0 3
1670	0 0 0 0 0 0 0 0 0 3
1671	0 0 0 0 0 0 0 0 0 1
1365	0 2 0 0 0 0 0 0 0 0
1509	0 0 0.04 0 3.94 0 0.02 0 0 0
1629	0 0 3.14 0 0 0 0 1.84 0 0.02
1672	0 0 0.34 3.42 0.16 0.02 0.04 0 0 0.02
1673	0 0 0 0 0 0.04 0 0 2.96 0
1639	0.02 0 0 8.76 0 0 0 0 0.22 0
1674	0 0 0 0 0 0 0 0 4 0
1675	0 0 0 0 0.04 0 0 0.94 0 2.02
1676	0 0 0 0 0.1 0 0 1.9 0 0
1677	0 3 0 0 0 0 0 0 0 0
1678	0 0 0 0 0 0 0 0 0 1
1679	0 0 0 0 0 0 0 0 0 3
1680	0 0 0 0 0 0 0 0 0 2
1345	0 0 0 0 0 0 0 0 0 3
1656	0 0.02 0 4.96 0 0 0.02 0 0 0
1658	0 0 0 4 0 0 0 0 0 0
1681	0 0 3 0 0 0 0 0 0 0
1682	0 0 0 0 0 0 3 0 0 0
1323	0 2.74 0 0 0 0 0 0 0 5.34
