1	124.12 0 291.74 221.16 0 489.34 0 247.64 0 0
2	0 0 0 0 322.96 0 0 0 0 0.04
4	272.5 0 86.1 76.38 166.02 0 0 0 0 0
5	0.06 0 0 0 233.68 0 1.14 0 0 0.14
6	0 74.98 0 0 0 0 0 0 0 0.06
7	124.9 0 286.68 0 95.72 351.62 28.42 322.54 0 0.08
8	190.1 66.38 147.38 260.7 0 0 87.34 0 0 0.08
9	0 64.1 0 14 0 161.68 0 419.22 173.58 0.42
10	1.08 128.02 0 0 0 47.64 0 36.06 45.2 0.02
11	98.1 0 425.28 60.82 153.78 0 0 0 0 0.02
12	263.48 81.98 490.02 24.86 96.54 0 0 0 0 0.1
14	0.02 286.94 0 0 0 0 0 304.04 0 0
16	0 106.78 0 0 0 0 0 0 0 1.24
17	0.02 0 27.32 0 194.64 0 0 0 0 0
20	0 90.92 0 0 0 0 0 113.08 0 0
21	0 0 0 0 84.34 109.66 0 0 0 0
22	0.52 0 460.32 355.08 0 0 184 0 0 0.1
23	253.34 0 92.44 0 0 0 257.2 0 0 0
24	0 0 81.72 0 130.94 213.86 0 61.44 0 0.06
25	111.7 0 0 116.36 0 352.64 0 234.28 0 0
26	0 0 0 0.12 57.9 0 0 0 144.98 0
27	0 0 0 0 147 0 0 0 0 0
30	0 104 0 0 0 0 0 0 0 0
31	0.24 0 187.36 198 68.64 0 22.76 0 0 0
32	265 0 0 0 0 0 0 0 0 0
33	40.96 0 33.48 0 181.56 0 0 0 0 0
34	0 0 0 0 16 0 0 0 0 0
35	0 0 0 0 0 20.96 0 0 0.04 0
36	0 0 0 27 0 0 0 0 0 0
37	0 17.96 0 0 0.04 0 0 0 0 0
38	0.04 0 0 75.72 216.22 0 0 0 0 0.04
39	0.4 0 68.5 0 163.08 0 0 0 0 0
40	0 0 0 70.46 56.54 0 0 0 0 0
41	0 0 0 0 103 0 0 0 0 0
42	278.44 0 0 0 134.34 0 0 37.22 0 0
43	0 0 0 92 0 0 0 0 0 0
44	0 0 0 0 150.3 0 0.06 0 82.64 0
45	0.12 251.88 0 0 0 0 0 0 0 0
46	0 0 0 34.16 0 0 46.84 0 0 0
47	315.2 0 0 0 0 0 0 0 59.8 0.02
48	309.5 30.96 0 85.52 0 0 0 0 0 0
49	0.02 0 0 187.98 0 0 0 0 33 0.02
50	0.06 0 614.4 171.24 0 434.98 371.54 481.46 0 0.32
51	0 0 0 235.98 0 0 0 0 0 0
53	0 0 0 0 315 0 0 0 0 0
54	0 0 0 106.38 187.62 0 0 0 0 0
55	2.5 0 247.68 0 221.76 0 0 0 0 0.06
56	308.4 0 567.3 0 286.94 0 158.32 0 0 0.04
57	0.08 22.34 0 0 0 0 0 8.24 98.34 0
58	176.04 0 73.02 99.72 0 0 0 0 165.2 0.02
60	0 208.48 0 0 0 0 0 0 4.52 0.04
61	0 179.96 0 0 0 0 0 0 0 0
62	0 0 0 0 304 0 0 0 0 0
63	0.02 0 0 201.98 0 0 0 0 0 0.02
64	156.18 43.4 446.54 196.26 0 0 146.58 0 0 0.02
65	131.42 0 0 111.92 0 0 0 0 101.66 0.02
66	0 0 0 0 236.22 0 0 0 218.74 0.02
67	1.1 0 0 249.9 0 0 0 0 0 0
68	0 0 0 0 367 0 0 0 0 0
69	0.02 0 321.3 427.92 0 0 0.02 0 234.72 0.04
70	192.78 102.24 63.6 269.06 0 0 0 0 146.3 0
71	87.36 0 0 557.92 0 0.06 42.66 0 0 0
72	0 0 0 152.98 178 0 0 0 0 0.02
73	3.32 0 0 358.68 0 0 0 0 0 0
74	14 0 0 0 0 0 0 0 0 0
75	0 0 0 14.98 0 0 0 0.02 0 0
76	0 0 0 0 95.44 0 55.56 0 0 0.02
77	1.96 0 0 230.68 164.34 0 0 0 0 0
78	0 0 0 66.98 0 0 0 0 0 0.04
79	0 49.12 518.44 200.72 156.16 0 118.4 0 0 0.14
80	0.02 0 0 0 159.96 0 0 0 0 0.04
81	306.96 0 0 0 0 0 0 0 0 0.04
82	0 0 175.04 469.84 61.64 0 25.46 0 0 0
84	0 0 0 0 50 0 0 0 0 0
85	0 0 0 0 110.64 0 13.28 0 0 0.1
86	0.02 105.08 0 0 25.56 0.04 0 0 336.28 0
87	0.04 0 197.6 0 83.7 0 0 0 177.64 0.02
89	255.72 0 338.74 0 127.42 0 199.02 0 0 0.12
90	0 0 0 33.94 201.04 0 0 0 0 0
91	215.74 0 0 174.26 0 0 0 0 0 0
92	126.92 0 0 0 177.08 0 0 0 0 0
93	74.76 0 0.04 0 0 0 0 257.2 0 0.02
95	81.64 0 104.96 417.34 0 0 0 0 0 0.08
96	0.16 0 522.86 42.56 267.12 0 117.2 0 0 0.06
97	0.1 0 180.24 378.9 0 0 0 0 233.76 0
98	0 0 625.8 0 261.5 0 322.08 0 143.56 0.08
99	0 0 0 384.74 0 0 147.22 0 0 0.04
100	13.08 139.2 372.5 0.04 0 279.84 250.06 605.26 0 0
101	0.1 0 0 0 179.9 0 0 0 0 0
102	0 0 0 151 0 0 0 0 0 0
103	0 0 0 0 0 25 0 0 0 0
104	0 0 0 0 4.06 0.14 2.34 0.44 0 0.02
105	19.84 0 0 0 0 135.14 0 0 0 0.02
106	0 0 0 0 0 150 0 0 0 0
107	0 35.22 0 0 0 61.04 0 24.74 0 0
108	0 0 46.94 0 0 12.24 0 87.82 0 0
109	63.24 0 0 70.58 0.02 143.84 0 73.32 0 0
110	0 0 0 64 0 0 0 0 0 0
112	0 0 0 0 25.4 0 0 9.6 0 0
113	0 20.98 0 0 0 0 0 0.02 0 0
114	202.74 0 56.22 0 0 0 0 0 0 0.04
115	50.98 0 0 0 0 0 0 0 0 0.02
116	49.02 135.24 0 0 0 0 0 186.74 0 0.02
117	0.08 0 322.7 53.16 0 624.54 0 112.5 0 0
118	0 0 0 113.4 0 596.06 24.54 0 0 0
119	0 13 0 0 0 0 0 0 0 0
120	0 0 0 0 37.8 79.2 0 0 0 0.02
121	0.4 0 204.24 145.42 0 689.16 46.3 89.46 0 0
123	0 0 0 0 56.94 199.06 0 66.94 0 0.08
124	98.84 128.36 0 0 0 0 0 386.52 0 0.28
125	0.48 0 0 130.86 0 486.42 0 70.22 0 0.02
127	0.04 0 342.06 0 0 202.52 409.56 395.8 0 0
128	27.1 0 0 0 145.88 0 0 0 0 0.02
129	0 51.2 55.62 0 0 0 0 268.12 0 0.06
130	7.86 0 0 0 0 0 3.72 27.42 0 0
131	28.88 0 0 26.7 0 0 0 0 225.4 0.04
132	132.38 7.24 0 359.2 0 0 345.16 0 0 0
133	0 0 0 156.5 0 0 298.2 0 100.3 0.02
134	176.74 98.84 0 0 0 0 378.4 0 0 0
135	369.68 0 0 124.68 0 0 303.64 0 0 0.02
136	0 0 0 69.66 0 0 272.28 0 0 0.06
137	0 179.46 0 0 0 0 0 260.68 91.8 0.04
138	0 0 0 22.96 0 23.04 0 0 0 0
139	0 0 0 0 103 0 0 0 0 0
140	0.1 0 0 167.9 0 0 0 0 0 0
141	0.02 0 0 125.44 0 0 73.54 0 0 0.02
142	0 0 0 131.96 0 0 0 0 0 0.04
143	7.1 0.02 0 362.88 0 0 118.92 0 153.02 0.06
144	58.02 0 454.32 109.14 138.48 0 0 0 0 0.02
145	0.06 0 0 0 126.94 0 0 0 0 0
146	0 0 0 0 0 7.54 0 0 0 11.46
147	0.02 0 86.14 0 0 394.86 0 41.94 0 0.04
148	0 0 0 0 17.56 302.32 10.1 0.02 0 0
149	0 0 0 0 0 0 0 51.32 14.6 0.1
150	106.18 0 57.74 0 0 50.54 0 310.52 0 0
151	194.4 0 60.68 134.38 0 345.38 0 167.1 0 0.08
153	227.74 0 136.42 202.94 0 0.02 158.86 0 0 0
154	312.06 0 119.74 0 100.68 0 13.4 0 0 0.12
155	0 0 0 0 129.26 11.12 0 0 81.54 0.1
156	172.94 0 247.62 0 88.42 0 0 0 0 0
157	150.1 0 103.72 162.14 0 0 0 0 0 0.04
158	0.02 0 0 138.98 0 0 0 0 0 0.02
159	0 0 0 0 253.98 0 0 0 0 0
160	198 0 0 0 0 0 0 0 0 0.02
161	0.04 0 0 369.4 246.52 0 0 0 0 0.04
162	0 0 0 105.84 0 0 0 0 192.14 0
163	148.46 0 0 0 0 0 125.54 0 0 0
164	0 0 0 114.02 261.2 0 47.78 0 0 0
165	0 216 0 0 0 0 0 0 0 0.06
166	0.12 201.82 0 0 0 0 0 0 0 0
167	0 0 0 150 0 0 0 0 0 0.02
168	369.26 0 300.12 216.98 0 0 169.54 0 0 0.08
169	256.54 0 146.38 0 0 0 0 0 0 0.1
170	79.68 223.3 0 0 0 0 0 0 98.98 0.02
171	0.02 162.04 0 0 54.94 0 0 0 0 0
173	150.54 4.46 411.66 359.32 0 0 133 0 0 0.02
174	0 0 711.26 344.46 0 0 350.28 0 0 0
175	549.5 0 0 0 0.48 0 127 0 0 0.06
176	0.2 0 480.94 0 241.9 0 163.92 0 0 0
177	0 0 0 9.94 143.94 0 270.12 0 0 0.02
178	182.02 0 0 0 0 0 219.92 0 34.04 0
179	420.02 50.08 86.86 0 74.42 0 87.6 0 0 0.04
180	262.84 0 189.36 0 0 0 254.62 0 0 0.2
181	0.22 0 563.4 225.54 0 436.52 189.38 264.9 0 1
182	195.22 0 283.5 0 16.14 0 215.96 0 0 0.2
183	1.62 0 424.04 0 252.42 0 310.86 0 0 0.04
184	0.04 0 0 0 334.94 0 0 0 0 0.04
185	0 0 82.42 0 229.54 0 493.9 0 0 0.16
186	307.08 0 187.56 242.02 0 0 94.24 0 0 0.06
187	178.26 0 206.02 0 0 0 304.7 0.02 0 0
188	50.28 0 161.62 0.02 174.52 0 97.56 0 0 0
189	232 0 0 0 0 0 0 0 0 0
190	69.48 183.18 0 0 0 0 144.34 0 0 0
191	75.04 99.54 191.56 146.44 0 0 200.6 0 213.8 0.02
192	266.24 0 0 0 0 0 106.58 0 4.18 0.02
193	107.94 0 0 115.34 0 0 165.06 0 115.64 0.02
194	118.72 0.08 150.62 0 0 0 378 0 154.5 0.06
195	0 0 417.78 104.42 229.04 0 203.76 0 0 0.04
196	195.78 0 0 405.94 0 0 0 0 174.24 0
197	228.52 99.28 0 0 0 0 233.08 0 232.06 0.06
198	184.98 98.12 103.88 0 0 0 0 0 0 0.04
199	0.02 0 72.44 0 0 0 379.1 0 89.42 0.02
200	145.38 0 140.18 0 220.12 0 89.3 0 0 0
201	53.1 0 36.98 0 153.86 0 0.02 0 0 0.08
202	278.52 0 0 422.36 57.76 0 52.32 0 0 0
203	0 25.96 177.94 0 132.54 0 250.56 0 0 0
205	29.1 0 0 0 0 0 414.9 0 0 0
206	98.56 0 0 33.44 0 0 0 0 0 0
208	340.2 0 0 0 114.18 0 103.8 0 57.82 0
209	544.84 0 88.16 0 0 0 0 0 0 0
210	109.02 0 389.2 439.24 0 0 63.54 0 0 0
211	235.28 0 0 95.6 0 0 258.58 0 63.54 0
212	0.36 0 0 5.26 22.68 0 103.84 0 103.84 0.02
213	0.02 206.22 2.02 0 0 0 14.84 0 209.9 0
214	251.32 0 0.02 0 63.66 0 0 0 0 0
215	0 0 109.34 386.74 0 0 88.92 0 86 0
216	194.5 0 235.34 286.92 0 0 0 0 219.22 0.02
217	159.58 0 0 0 0 102.12 51.3 0 0 0
218	0.92 0 0 0 418.96 0 66.08 0 0 0.04
219	0 0 0 0 266 0 0 0 0 0
220	0 23.26 0 25.94 0 120.8 0 0 0 0
221	0 0 0 0 0 0 30.12 202.98 8.9 0.02
222	0.18 0 325.78 0 153.96 447.34 66.5 116.2 0 0.04
223	194.68 17.74 156.12 0 0 0 0 0 106.44 0
224	0 80.64 0 0 0 0 0 58.36 0 0
225	0.02 0 0 100.5 0 150.46 0 0 0 0.06
226	0 0 0 0 418.96 0 0 0 0 0
227	0.04 0 0 50.66 376.3 0 0 0 0 0
228	0 0 196.06 14.04 370.98 0 138.86 0 0 0.06
229	0 0 0 0 442 0 0 0 0 0
230	0.02 0 0 0 456.68 0 111.2 0 0 0.12
232	0.04 0 0 0 270.94 0 0 0 0 0
233	0 0 106.42 204.58 0 0 0 0 0 0
234	0.04 0 246.98 70.52 248.86 0 292.46 0 0 0.18
235	74.98 0 0 0 108.42 175.56 0 95 0 0
236	0 55.58 0 0 0 57.3 0 0 0 0.16
237	0 59.3 144.52 99.6 0 566.8 0 222.74 0 0
238	467.42 0 132.54 117.22 0 0 104.8 0 0 0.04
239	0.14 0 52.92 291.76 89.16 0 0 0 0 0
240	0 0 0 0 123.32 147.8 0 83.88 0 0
241	0 0 0 277.56 0 0 82.42 0 0 0.06
242	0 113.96 0 0 0 0.02 0 116.72 0 170.26
243	0.18 0 0 23.88 0 80.78 0 0 0 145.16
245	0.08 0 0 0 0 207.52 0 0.02 0 369.38
246	0 0 0 0 0 44.5 0 373.48 0 0.02
247	1.68 0 0 3.88 0 3.18 0 0.02 0 0.24
248	0 0 53.08 0 0 127.36 0 316.54 0 0.02
249	0 0 0 0 0 194.48 0 135.52 0 0.02
250	0.02 0.04 101.92 0 117.26 216.36 0 138.38 0 0
251	64.7 0 0 0 0 0 0 0 0 95.3
252	0.12 0 66.02 24.74 0 272.12 0 0 0 0
253	0 0 0 0 0 0 0 85.98 0 0.04
254	0 0 0 0 96.4 0 0 19.58 0 0
255	0.02 0 0 0 0 277.04 0 159.94 0 0
256	0 38 0 0 0 0 0 0 0 0
257	0.04 0 208.2 46.94 0 395.4 0 244.42 0 0.02
258	0.14 0 381.8 0 0 249.74 0 238.68 0 720.62
259	0.5 0 0 42.96 0.04 38.42 0 0 0 254.08
260	0.02 0 0 0 54.52 31.42 0 0.24 0 141.8
261	0 0 0 0 0 1.84 0 0 13.88 74.28
262	0 0.02 0 0 0 0 0 85 0 111.98
263	0.06 0 0 0 0 0 0 0 0 32.96
264	0 0 17.82 0 0 0 0 39.62 0 158.54
265	0.74 0 278.84 333.26 0 0 79.16 0 0 0
266	0 0 5.76 0 0 0 0 0 0 64.26
267	13.78 0 0 0 0 0 0 0 0 12.2
268	92.4 0.02 1.12 0 0 0 0 329.06 0 341.44
269	0.4 65 43.08 0 0 0 0 218.92 136.56 543
270	0 0 48.1 0 0 0 0 36.98 0 326.94
271	0.08 0 103.4 0 64.28 0 0.1 0.02 0 339.1
272	0 0 9.64 0.18 0 0 0 0 111.14 569.06
13	171.04 0 0 0 0 41.94 0 303 0 0
19	0.02 78.7 0 0 0 0 0 121.22 0 0.1
111	0.14 0 0 0 0 434.98 0 147.52 162.28 0.04
273	0.1 0 219.9 0.02 0 155.74 0 247.24 0 0
274	0.04 0 0 98.6 0 285 0 64.9 71.44 0.02
276	113.06 60.72 97.84 0 0 176.6 0.02 437.54 0 0.22
277	0 0 0 0 0 0 0 113.66 89.34 0
278	0 0 0 17.8 0 146.2 0 0 0 0
279	0.02 0 0 0 0 16.12 0 51.86 0 0
280	0.02 0 0 6.56 0 213.42 0 0 0 0
281	0.08 0 0 1.54 0 324.5 0 0 52.86 0.02
282	0.02 0 55.72 75.56 0 418.54 0 121.16 0 0
283	0 97.22 0 0 0 57.22 0 206.08 151.46 0.02
284	0 0 0 0 0 310.7 0 75.38 66.92 0
285	0 184.66 0 0 0 0 0 321.94 35.38 0.02
287	0.06 39.02 0 0 0 0 0 170.92 0 0
288	0.34 0 122.36 0 148.22 289.9 0 175.24 0 614.96
289	0 0 8.22 0 0 92.1 0.06 120.74 81.34 340.52
290	0 0 0 83.34 0 69.38 0.18 79.98 0 0.14
291	0 0 0 0 144.68 0 0 199.3 0 0.02
292	0 19.14 0 0 0 0 0 9.32 0 282.52
293	0.04 0 0 0 0 127.92 0 319.04 0 0
294	0 0 130.84 87.5 0 339.04 0 75.8 0 540.84
295	0 0 0 0 0 144.98 0 65 0 0
297	0 0 0 0 0 0 0 168 0 0
298	0.04 0 97.38 0 0 298.02 0 208.56 0 0
299	0 0 0 0 0 0 0.02 0 0 177.98
300	0.02 0 124.02 0 0 282.12 0 0 0 805.86
301	0 0 0 0 0 0 0 130.06 78.3 414.64
303	0.06 75.08 0 0 0 0 0 50.48 0 282.38
304	0 30.1 0 0 0 87.74 0 0 0 288.14
305	0.02 0 0 0 0 0 0 0 21.48 222.5
306	0.04 117.4 0 0 0 0 0 0 0 189.56
307	1.4 0 0 0 0 59.1 0 0 0 465.5
308	0 0 0 0 0 0 0 0 0 81
309	11.22 0 0 0 0 0.72 0 0 0 54.06
310	28.5 0 0.22 0 0 0 0 0 0 385.28
311	0 0 0 0 0 0 0 0 34.5 198.5
312	0.02 0 0 0 0 0 0 0 2.74 193.24
313	0 0 104.9 0 0 193.62 0 0 80 829.48
314	0 0 0 0 0 0 0 0 0 5
315	36.02 0 1.32 0 0 0 0 0 1.28 472.38
316	0.04 26.48 0 0 0 0 0 0 0 344.5
302	122.5 0 26.98 0 0 0 0 181.7 0 584.8
317	144.94 0 63.24 0 0 0 0 0 114.64 0.22
318	29.98 0 503.92 160.96 0 0 0 0 398.1 0.02
319	30.12 93.02 0 0 0 0 0 114.64 0 235.2
320	0 0 0 0 0 0 0 60.88 0 2.14
321	0.7 0 0 0 0 0 0 168.66 41.3 213.32
322	0 0 22.04 0 0 169.18 0 0 0 356.8
323	0 0 0 0 0 194.98 0 0 0 359.02
324	31.46 0 16.32 0 0 0 0 122 0 151.2
325	0 0 30.36 0 0 0 0 123.62 0 131.02
326	0.36 0 0 0.64 0 41.34 0 0 0 418.68
327	0 0 62.12 0 0 0 0 58.96 0 368.94
328	0 0 81.04 0.46 0 124.92 0 0 0 570.56
329	0.02 0 0 0 0 0 0 0 0 123.96
330	0 0.02 0 0 0 0 0 0 0 104.98
331	0.04 0 0 0 0 0 0 0 0 319.96
332	0.02 0 0 0 0 24.14 0 0 0 373.84
333	0 0 87.12 0 0 0 0 74.62 0 561.26
334	0 0 0 0 0 0.02 0 57.36 0 109.62
335	0 0 0 0 0 0 0 0 0 52
336	0.42 0 0 0 0 0 0 0 0 92.58
337	0 0 0 0 0 0 0 16.04 0 33.98
338	0 0 30.68 0 0 0 0 0 0 161.3
339	0 0 0 0 0.06 0 0 0 0 119.94
341	0 0 0 0 0 0 0 0 0 33
342	0 0 0 0 0 22.86 0 0 0 89.14
343	0 0 51.12 0 0 0 0 0 0 259.88
344	0.08 0.88 0 0.02 0 0 0 0 0 168.02
345	0 0 0 0 0 0 0 0 0.08 157.92
347	42.84 0 0 0 0 0 0 0 0 341.16
348	0 0 0 0 0 0 0 0 0 67
349	0 0 0 0 0 0 0 0 0 76
350	0 0 0 0 0 0 0 0 0 102
351	0 0 0 0 0 0 0 0 0 45
352	0 0 0 0 0 0 0 0 0 45
354	0 0 0 36.12 0 0 0 0 0 167.88
355	0 0 0 0.02 0 0 0 0 0 97.98
356	0 0 0 260 0 0 0 0 0 0
357	216.66 0.38 327.08 58.44 0 0 307.42 0 0 0.04
358	0.02 0 60.6 0 0 74.26 0 0 0 154.1
359	0 0 0 0 0 0 0 0 0 43
361	0 0 0 0 0 0 0 0 0 32
362	0 32.02 0 0 0 20.2 0 0 0 10.78
29	0 0 0 0 256 0 0 0 0 0
94	0 0 0 335 0 0 0 0 0 0.04
172	95.98 0 568.1 324.74 0 0 193.12 0 0 0.02
204	188.78 0 267.88 469.18 0 0 150.16 0 0 0
231	0 0 0 0 312.94 0 0 0 0 0.06
363	0 0.02 0 0 44.34 60.64 0 0 0 0
364	0 0 0 0 88 0 0 0 0 0
365	0.02 0 0 0 103.34 0 0 0 18.64 0
366	0 0 0 131 0 0 0 0 0 0
367	151.24 0 0 0 235.34 0 0 0 67.42 0
369	0 0 0 0 0 114 0 0 0 0
370	0 0 0 0 0 96 0 0 0 0
371	0.02 0 0 47.56 0 0 0 0 122.4 0.02
372	0 29.76 0 0 64.24 0 0 0 0 0
374	0 0 0 0 19 0 0 0 0 0
376	0 0 0 0 60 0 0 0 0 0
377	0 0 0 0.12 20.88 0 0 0 0 0
378	0 0 0 177.78 0 0 0 0 95.22 0
379	0 0 0 0 108.94 0 0 0 0 0.08
381	135.1 101.76 0 65.1 0 0 0 0 0 0.02
382	173.38 0 0 0 0 0 0 0 145.62 0
384	15.88 0 0 0 143.12 0 0 0 0 0
385	0.02 0 136.92 206.34 241.72 0 0 0 0 0.02
386	0 0.04 0 51.2 146.74 0 0 0 0 0
387	14.28 0 0 0 0 0 0 0 168.72 0
388	0 0 0 49 0 0 0 0 0 0
389	0 0 0 27.68 32.08 0 0 0 19.24 0
390	29 0 0 0 0 0 0 0 0 0
391	0 0 0 0 122 0 0 0 0 0.02
392	0 0 0 189.96 0 0 0 0 0 0.04
393	2.94 0 0.06 492.98 0 0 0 0 0 0
394	0 0 0 0 30 0 0 0 0 0
395	0 0 0 128.94 0 0 0 0 0 0.06
396	0 0 0 0 135 0 0 0 0 0
397	0 0 0 0 31 0 0 0 0 0
398	0 0 0 46.98 0.02 0 0 0 0 0
399	0.06 0 0 0 227.94 0 0 0 0 0
400	0 0 0 0 31 0 0 0 0 0
401	0 0 0 0 183 0 0 0 0 0
402	0.24 0 0 463.76 0 0 0 0 0 0
403	0.04 0 53.76 144.24 370.94 0 0 0 0 0.02
404	18.26 0 0 322.38 0 0 0 0 0.36 0
405	0 0 176.02 138.76 0 526.18 0 54.02 0 0.02
406	0 0 0 0 8.52 71.48 0 0 0 0
407	0 0 0 0 43.8 49.2 0 0 0 0.02
408	246.88 0.52 0 0 0 0 0 108.58 0 0
409	0 0 0 0 0 181 0 0 0 0
410	11.38 0 0 0 82.86 244.12 0 68.62 0 0.02
411	61.76 0 0 0 0 319.24 0 0 0 0
412	32.24 0 0 0 0 153.76 0 0 0 0
413	0 0 0 0 0 95.1 31.9 0 0 0
414	0 0 0 0 0 0 134.74 0 52.26 0
415	0 0 0 0 57 0 0 0 0 0
416	0 0 0 164.22 0 0 32.78 0 0 0
417	0 0 0 184.88 0 0 0 0 7.06 0.06
418	0 0 0 340.42 0 0 0 0 35.58 0
420	0 0 0 215 0 0 0 0 0 0
421	47.8 0 55.74 14.5 117.18 0 0 0 65.78 0
422	0.06 0 0 0 53.94 0 0 0 0 0
423	0.14 0 202.18 414.6 0.02 0 157.08 0 177.98 0.02
424	5.38 0 0 0 0 0 0 0 0 12.6
425	243.96 0 0 0.04 0 0 0 0 0 0
426	0 0 0 0 59.96 0 0 0 0 0.06
427	55.3 0 123.46 75.96 0 0.2 260.72 0 210.34 0.02
428	310.88 0 0 0 0 0 0 0 44.1 0
429	6.26 0 0.02 0 0 0 266.72 0 0 0
430	74 0.02 0 0 0 0 202.96 0 0 0.02
431	0 0 118.54 0 292.46 0 0 0 0 0
432	61.38 0 0 281.88 0 0 155.74 0 0 0
433	306.82 0 0 0 140.02 0 37.16 0 0 0
434	0.06 0 0 0 0 0 215.94 0 0 0
435	107.44 0 0 111.3 0 0 350.5 0 109.4 0.38
436	0.08 0 0 0 232.34 0 51.54 0 0 0.02
437	0 0 0 0 5 0 0 0 0 0
438	0 0 0 0 0 0 7 0 0 0
439	0 0 0 0 4.98 0.02 0 0 0 0
440	0 0 0 0 10.4 0 3.6 0 0 0
441	0 0 0 0 85 0 0 0 0 0
442	5 0 0 0 0 0 0 0 0 0
443	21.46 0 0 0 227.52 0 278.02 0 0 0
444	0 0 0 0 0 26.12 69.88 0 0 0
445	0 0 0 0.04 0 0 64.96 0 0 0
446	0.02 0 0 0 15.98 0 0 0 0 0
447	119.38 0 0 0 208.62 0 0 0 0 0
449	0.06 0 0 0 293.94 0 0 0 0 0
450	0 0 0 0 131 0 0 0 0 0.02
451	20.2 0 0 270.5 65.22 0 0 0 94.06 0
452	0.04 0 0 0 149.96 0 0 0 0 0
453	0 0 0 0 25 0 0 0 0 0
454	0 0 0 0 0 0 19.12 18.88 0 0
455	0.2 0 63.32 0 120.04 137.04 0 60.4 0 0.02
456	0.02 0 0 0.3 0 90.66 0 0 0 0
457	0 0 0 0 0.08 0 0 0 0 38.94
15	0.04 0 0 257.88 0 441.56 0 215.48 0 0.02
28	163.86 0 261.8 374.54 0 0 27.8 0 0 0
59	35.4 208.6 0 0 0 0 0 0 0 0
275	0.04 154.42 0 0 0 135.14 0 265 284.38 0.04
286	0.12 150.46 104.58 0 0 0 0 365.3 167.86 587.66
340	93.9 15.62 0 0 0 0 0 89.74 0 333.76
419	0 0 0 340.84 0 0 97.52 0 53.6 0.02
458	1.96 0 0 12.48 0 73.48 0 140.08 0 0
459	3.38 0 0 0 0 45.74 12.88 0 0 0
460	0 0 0 0 0 0.5 0 73.5 0 0
461	242.96 0 0.04 0 0 0 0 0 0 0
462	105.5 215.16 0 0 0 0 42.5 0 70.84 0
463	0 86.88 0 0 0.02 0 0 0 132.1 0.02
464	0 93.98 0 0 0 0 0 0 0 0
465	0 0 0 239.84 0 0 6.16 0 0 0
466	0 93.68 56.32 0 0 0 0 0 0 0
467	122.14 0 0 0 0 0 36.84 0 0 0.02
468	0.28 0 0 154.24 0 0 12.48 0 0 0.02
469	195.14 0 0 0 16.78 0 0 0 0.06 0
470	0.1 0 0 118.1 177.06 0 8.72 0 0 0.04
471	0 23.9 63.54 71.54 0 483 0 0 0 0
472	0.04 0 0 0 122.9 288.06 0 0 0 0
473	80.66 0 0 0 0 154.94 0 48.4 0 0
474	229.4 0 68.6 0 0 0 385.96 0 0 0.04
475	100.32 37.52 105.86 0 0 0 0 562.3 0 0
476	42.54 0 0 0 0 322.92 0 13.54 0 0
477	0.02 0 0 60.82 0 146.22 0 33.94 0 0.02
478	0 0 0 0 0 0 192.32 0.06 151.6 0
479	66.86 87.2 0 0 0 0.06 442.86 0 0 0.04
480	82.22 46.82 0 0 0 0 497.94 0 0 0.02
481	0 0 0 0 0 0 188.12 0 12.84 0.04
482	0 48.24 0 0 0 0 331.26 0 15.46 0.04
483	74.06 85.6 176.48 0 0 0 479.98 0 58.86 0
484	66.22 0 0 0 0 0 389.72 0 0 0.08
485	0 0 0 124.6 0.26 0 196.36 0 87.74 0.02
486	0.02 0 15.98 0 0.02 0 0 0 194.98 0
487	0 1.24 0 0 0 0 0 0 217.76 0
488	0.04 0 0.04 0 0 0 141.68 0 88.24 0
489	0 0 0 0 0 0 165.98 0 0 0.04
491	0 0 0 0 0 0 199.52 0 22.46 0
492	51.94 0 0 0 0 0 0 0 142.06 0
493	0 0 0 0 0 0 201 0 0 0
494	0 0 0 0 0 0 112.2 0 66.8 0
495	0 0 0 0 0 0 123.48 0 34.52 0
497	0 0 0 0 0 0 125.64 0 88.36 0
498	69.16 0 0 0 0 0 306.44 0 90.36 0.06
499	0 0 0 0 0 0 87 0 117.98 0
500	0 0 0 50.32 0 0 0 0 58.68 0
501	0 0 0 305.78 0 0 52.18 0 0 0.04
502	0 0 0 0 0 0 183 0 0 0
503	0 0 0 0 0 0 102 0 0 0
504	0.18 0 0 0 0 0 335.98 0 41.84 0
505	0 16.54 0 0 0 0 223.46 0 0 0.04
506	117.18 0 0 0 0 0 0 0 161.78 0.02
507	5.76 7.5 0 0 0 0 193.3 0 81.36 0.06
508	71.92 0 90.6 0 0 91.6 0 383.88 0 0
509	98.94 119.64 0 0 0 0 0 0 138.4 0.02
510	0 0 0 49.22 0 0 345.7 0 0 0.08
511	0.04 76.62 0 0 0.26 0 470.62 0 65.46 0
512	0 178 0 0 0 0 0 0 0 0
513	0 102.38 0 0 0 0 151.62 0 0 0
514	322.22 73.64 0 0 0 0 30.02 0 135.1 0.04
515	0.02 71.7 76.2 0 0.02 54.28 245.1 208.66 0 0
516	192.96 0 0 0 0 0 0 0 0 0.06
517	162.94 64.22 0 0 0 0 0 0 59.82 0
518	219.2 0 0 0 0 0 41.8 0 0 0
519	0.02 0 0 0 0 0 243.98 0 0 0
520	0 0 0 55.48 0 0 335.52 0 0 0
521	121.9 0 0 0 0 0 219.1 0 0 0
522	0 69.76 0 0 0 0 29.24 0 0 0
523	141.42 0 0 0.22 0 0 336.34 0 0 0.02
524	35.58 0 0 0 0 0 0 0 114.42 0
525	0.04 0 0 0 0 0 229.96 0 0 0.02
526	0.04 0 0 81.02 0 0 217.88 0 64.02 0.02
527	24.44 0 176.6 124.74 0 0 143.34 0 181.88 0
528	0 51.36 0 0 0 0 183.84 0 137.8 0.02
529	76.86 177.34 0 0 0 0 41.78 0 0 0
530	43.42 0 0 0 0 0 224.58 0 0 0
531	107.62 216.18 0 84.2 0 0 0 0 0 0
532	0 0 0 0 18.38 0 0 41.6 0.02 0
534	0.02 0 0 0 0 0.04 0 30.94 0 0
535	0 0 0 0.06 0 96.58 0 28.36 0 0
536	0 21 0 0 0 0 0 0 0 0
538	0 0 0 0 0 19.3 0 0 0 167.7
52	98.84 48.52 0 0 0 0 0.12 0 137.52 0
126	0.06 0 0 0 0 119.44 0 133.48 54.02 0
207	0 114.28 0 0 0 0 98.72 0 0 0
380	0.36 0 0 74.72 231.92 0 0 0 0 0
448	0 0 0 0 190.64 0 46.36 0 0 0
496	2.52 0 0 337.36 0.46 0 432.62 0 0 0.04
537	0 0 0 24.32 0 0 0 0 56.68 0
540	0 0 0 0 90.98 0 0 0 0 0.02
541	0 0 0 0 99 0 0 0 0 0
542	0 0 0 109.36 0.64 0 0 0 0 0
543	20.46 0 0 0 0 0 0.06 0 46.48 0
544	0 0 0 0.2 0 0 0 173.8 0 0
545	0 0 0 22 0 0 0 0 0 0
546	0 0 49.92 0.06 144.76 432.16 0 0 0 0.12
547	0.02 0 0 0 0 0 0 101.94 0.02 0
548	0 0 0.02 0.64 4.08 0.08 14.18 0 0 0.02
549	5.44 0 0 247.48 0 0 0 0 0 0.06
550	0 0 0 0 404.14 0.86 0 0 0 0
551	0 0 0 0 0 0.12 9.88 42.98 0 0.02
552	0 0 0 0 117.98 0 0 0 0 0.02
553	0 0 0 157 0 0 0 0 0 0
554	0 0 0 0 249 0 0 0 0 0
555	0 0 0 0 18 0 0 0 0 0
556	0 0 0 0 20 0 0 0 0 0
557	0 0 0 0 0 0 0 0 33 0
558	144.1 0 0 0 0 0 0 60.88 0.02 0
559	0 0 0 0 358 0 0 0 0 0
560	0 0 0 50 0 0 0 0 0 0
562	0.26 0 0 0 107.74 0 0 0 0 0
563	0 0 0 0 56 0 0 0 0 0
564	0 0 0 0 54 0 0 0 0 0
565	0 0 0 0 48 0 0 0 0 0
566	0 0 0 213.24 268.96 0 32.78 0 0 0.02
567	0 0 0 0 81 0 0 0 0 0
568	0 0 207.44 312.76 151.7 0 0 0 0 0.1
570	0 0 0 0 109.08 0 26.92 0 0 0
571	0 0 0 0 50 0 0 0 0 0
572	0 0 0 70 0 0 0 0 0 0
573	0 0 0 0 0 0 77 0 0 0
574	0 0 0 12.02 0 0 0 14.98 0 0
575	0 0 0 92 0 0 0 0 0 0
576	0 0 0 0 196 0 0 0 0 0
577	45.84 0 0 0 0 25.16 0 0 0 0
578	0 0 0 0 240 0 0 0 0 0
579	0 0 0 0 37 0 0 0 0 0
580	0 0 0 40.72 0 0 37.28 0 0 0
581	0 0 0 6.6 150.32 0 2.08 0 0 0
582	42.76 188.98 0 63.44 0 0 0 0 192.82 0
583	0.04 0 0 0 82.96 0 0 0 0 0
584	0 0 0 107.46 0.04 0 0 0 107.46 0.04
585	0 0 0 65.74 2.26 0 0 0 0 0
586	0 0 0 73 0 0 0 0 0 0
587	0 0 26.08 0 0.06 0 20.86 0 0 0.02
588	93.96 0 70.76 459.26 0 0 0 0 0 0
589	134 0 0 0 0 0 0 0 0 0
590	0 0 0 0 29 0 0 0 0 0
591	0.08 0 63.7 85.02 0 255.08 0 97.12 0 0
592	0 0 0 10.98 0 12.02 0 0 0 0
593	32.36 0 0 0 0 0 0 1.62 0.02 0
594	0 0 0 0 11.98 0 0 0 0 0.02
595	0 0 0 0 0 164 0 0 0 0
596	0 0 0 107.14 0 192.06 0 0 40.8 0
597	0 0.18 0 0 74.46 448.28 0 0 0 0.08
599	0.06 0 0 0.14 0.24 0.08 0.28 0.02 0.14 0.04
600	0 0 0 0 0 0.02 0 0 3.98 0
601	0 0 0 0 0 0 57 0 0 0
602	0 30.34 0 0 0 0 112.66 0 0 0
603	56.36 0 94.18 0 0 0 559.46 0 0 0
604	0.02 0 0 0 0 0 225.9 0 31.08 0
605	0 0 0 0 0 0 0 0 88.98 0.02
606	0 0 0 0 0 0 100.14 0 122.82 0.04
608	0 0 0 0 0 0 90 0 0 0
609	0.02 0 0 0.04 36.74 0 41.86 0 84.34 0
610	0 0 0 0 0 0 0 0 119 0
611	0 0 0 0 0 0 112.7 0 22.3 0
612	0 0 0 0 0 0 0 0 108 0
613	0 0 0 0 0 0 0 0 81 0
614	0.12 0 0 0 0 0 98.26 0 58.62 0
615	0.1 0 0 0 0 0 207.9 0 0 0
616	49.28 0 0 0 39.92 0 83.8 0 0 0
617	0 0 0 0 0 0.02 0 0 60.96 0.02
618	0 0.1 0 0 0 0 60.9 0 0 0
619	0 0 0.02 0 0 173.44 0 1.52 0 0.02
620	0 0 0 0 0 115 0 0 0 0
621	0 0 0 0 23.84 0 0 0.02 0 0.14
622	0 0 0 115 0 0 0 0 0 0
623	0 0 0 93.98 0 0 0 0 0 0.02
624	0 0 0 65 0 0 0 0 0 0
625	4.82 0 0 211.18 0 0 0 0 0 0
626	0 0 0 0 9.92 0 0.08 0 0 0
627	0 0 0 180 0 0 0 0 0 0.04
628	0.12 0 99.52 0 0 270.82 0 98.5 0 0
629	135.24 0 0 0 0 0 0 0 67.76 0
630	0 0 0 0 0 0 71.76 0 6.24 0
631	117.54 0 0 0 40.36 0 0 0 186.1 0
632	141 0 0 46 0 0 0 0 0 0
633	0.02 0 0 74.84 0.02 0 0 0 119.12 0
634	65.36 17.62 0 0 0 0.02 0 0 0 0
635	0 0 0 0 0 15.9 32.1 0 0 0
636	0 0 0 0 203.62 0 40.38 0 0 0
637	0 0 0 0 95 0 0 0 0 0
638	0.04 123.46 0 0 0 0 22.44 0.06 0 0.02
640	189.8 0 0.3 0 0 0.18 17.7 0 0 0
641	0 0 0 0 0 0 105 0 0 0
642	122.76 0 0 0 67.98 0 67.26 0 0 0
643	0 0 0 0 0 0 0 0 12 0
644	53.6 0 0 0 0 0 28.98 0 20.42 0
645	91.92 0.08 0 0 0 0 0 0 0 0
646	0 0 0 0 0 0 107 0 0 0
647	0 120.96 0 0 0 0 108.04 0 0 0
648	0 0 0 0 0 0.02 147.48 0 81.5 0
649	0 0 0 0 0 0 139.98 0 0 0.04
650	9.72 0 0 0 0 0 131.14 0 42.12 0
651	0.1 0 278.62 181.96 0 0 0 0 104.32 0
652	155.68 68.1 0 0 30.22 0 0 0 0 0
653	0 0 0 0 0 0 99 0 0 0
654	113.92 0 0 0 0 0 384.08 0 0 0
655	214.38 0 166.44 253.9 0 0 0 0.02 73.26 0
656	0.82 0 0 0 0 0 159.02 0 0 0.16
657	62.76 0 0 0 0 0 399.24 0 0 0
658	83.06 0 0 0 138.94 0 0 0 0 0
659	25.7 0 0 0 0 0 274 0 64.3 0
660	11.68 0 0 185.84 0 0 0 0 253.44 0.04
661	0 0 0 0 0 0 303 0 0 0
662	60.44 0 0 0 52.94 0 104.62 0 0 0
663	188.06 0 0 0 0 0 130.22 0 36.72 0
664	103.44 0 0 0 0 0 27.56 0 0 0
665	0 0.06 0 0 224.88 0 14.06 0 0 0
666	0 0 0 0 0 0 0 0 10 0
667	0 0 0 0 17 0 0 0 0 0
668	0 0 0 0.02 7.98 0 0 0 0 0
669	0 0 0 10.96 0 0 6.04 0 0 0
670	0 0 0 0 0 0 91 0 0 0
671	0 0 0 0 0 0 126.98 0 0 0.02
672	0 0 0 14.94 0 60.94 75.12 0 0 0
673	0.2 0 0 128.84 0 0 127.94 0 0 0.02
674	0 0 0 0 109 0 0 0 0 0
675	0 0 0 0 0 0 161.98 0 0 0.02
676	0.02 0 0 0 0 57.58 0 91.26 50.14 0
677	0 0 0 0 0 0 3 0 0 0
678	0.06 0 53.18 0 0 173.62 0 0 0 271.14
679	0.1 0 0 0 237.06 0 42.84 0 0 0
680	0 0 2.26 0 0 0 0 0 0 78.74
681	0 0 0 0 0 7.4 0 0 0 48.6
682	0 0 0 0 0 6.32 0 0 0 254.68
683	0 0 0 19.04 0 0 0 0 0 73.98
684	0.02 0 106.88 121.36 207.24 0 79.48 0 0 0.02
685	0 0 70.4 0 0 344.54 0 0 0 0.04
686	0 0 72.36 0.04 0 0 0 0.04 69.56 0.02
687	0.02 0 0 0 0.02 51.54 0 0 0.04 89.38
688	0 0 0 0 0 0 0.02 0 0 67.96
689	0 0 0.02 0 0 3.24 0 0.1 0 226.66
690	0.34 0 0 0 0 0 0 0 0 409.66
691	0 0 0 0 0 0 0 0 0 47.98
692	5.6 0 0 331.62 0 0 0.32 0 152.46 0
693	164.2 0 0 0.04 86.7 0 0 0 0 0.06
694	0 0 0 0 0 0 0 0 136 0
695	16.4 0 10.6 0 0 0 0 0 0 0
696	0 0 0 0 0 113.58 0 65.42 0 0
697	36.7 0 0 0 70.26 0 0 0 0 0.06
698	0 0 0 12.92 0 0 13.06 0 0 0
699	0.34 0 0 153.3 0 0 0 0 156.36 0
701	0 0 0 0 0 0 29 0 0 0
702	0.02 0 0 0 0 0.02 0 0 142.94 0.02
703	0 0 0 0 0 0 0 0 47 0
704	0 0 0 0 0 0 0 0 61 0
705	0.16 0 0 0 0 0 367.2 0 55.64 0
706	0 0 0 0.02 0 8.94 0 7.04 0 0
708	141.08 0 0.02 0 0 0 0 0 140.9 0
709	137.26 109.64 0 0 0 0 0 0 102.1 0
710	109.02 0 0 0 115.98 0 0 0 0 0
711	0 4 0 0 0 0 0 0 0 0
712	82.1 0 0 0 0 0 0 0 33.86 0.06
83	70.12 152.48 0 0 102.72 0 47.8 0 169.86 0
88	6.7 0 0 415.44 0 0 0 0 150.86 0
383	0 0 0 45.34 3.48 0 0.12 0 0 0.08
561	0.08 0 0 0 132.9 0 0 0 0 0
707	0 80.86 0 0 0 0 0 0 142.14 0
713	0.04 57 0 0 0 41.88 28.24 68.8 0 0.04
714	0 0 0 0 0 0 0 0 36 0
715	131.92 0 0 0 85.08 0 0 0 0 0
716	0 0 0 52.96 0 0 0 0 104.04 0.02
717	0.02 0 0 0 0 178.92 0.02 0 0 0.02
718	6.14 0 0 0 0 16.84 19.02 0 0 0
719	0 0 0 0 66 0 0 0 0 0
720	0 0 0 213 0 0 0 0 0 0
721	0.04 0 0 141.78 0 0 4.16 0 0 0.02
722	0.04 0 0 109.9 37.06 0 0 0 0 0
723	19.48 0 0 0.08 75.28 0.6 0 0 3.56 0
724	0 0 0 68.5 0 0 0 0 153.5 0
725	0 0 0 0 33 0 0 0 0 0
726	0 0 0.02 28.98 0 0 0 0 0 0
727	0 57.26 0 128.74 0 0 0 0 0 0
728	0 0 0 0 112 0 0 0 0 0
729	0 0 0 128.02 0 0 0 0 119.98 0
730	0 66 0 0 0 0 0 0 0 0
731	0 0 0 82.96 0 0 0 0 13.04 0
732	84.22 0 0 246.22 60.26 0 0 0 100.3 0
733	0 0 0 0 0 0 0 0 37 0
734	0 0 0 0 55 0 0 0 0 0
735	60.6 0 0 174.5 0 0 0 0 174.9 0
736	0.12 5.54 0 0 0 0 0 0 259.34 0
737	94.28 0 0.12 0 0 0 0 0 35.6 0
738	0 0 0 49.52 16.48 0 0 0 0 0
739	0.16 0 0 332.74 0 0 0 0 69.1 0
740	0 0 0 0 0 0 0 100.96 56.04 0
741	0 0 0 0 0 0 0 181.98 0 0.04
742	0.02 0 64.38 122.52 0 531.1 0 80.92 0 0.06
743	0 0 0 0 43.82 19.16 0 0 0 0
744	0.2 0 0 32.96 0 0.18 0 217.66 0 0
745	43 0 0 0 0 0 0 0 0 0.02
746	90.7 0 0 0 288.28 0 0 0 0 0.02
748	0 0 49.82 0 0 280.06 0 0 0 433.1
749	0 0 0 0 0 0 0 0 0 121
750	0 0 41.74 0 0 0 0 0 0 341.26
751	0.02 0 66.82 0 57.18 0 0 0 0 361.98
752	0 0 0 0 0 0 0.02 0 0 89.98
753	0 0 0 0 0 0 0 0 85 0
754	0.24 0 16.46 0 0 0 0 0 0 145.3
152	242 0 0 0 0 0 0 0 0 0
346	62.4 0 0 0 0 0 0 8.7 0 310.9
353	0 0 0 0 0 0 0 0 0 33
360	0 0 0 0 0 0 0 0 0 19
539	0 0 0 0 0 0 0 0 0 93
569	0 0 0 0 139 0 0 0 0 0
639	0 72.78 0 0 0 0.12 39.1 0 0 0
747	55.02 0 0 188.68 0 0 0 0 66.3 0
755	0.02 0 0 240.98 0 0 0 0 0 0
757	0 0 0 0 3 0 0 0 0 0
758	0 0 0 4.68 26.3 0 0.02 0 0 0
759	0 0 0 14 0 0 0 0 0 0
760	0 0 0 0 0 89.96 0 0 0 0.06
761	0 0 0 0 108.98 0 0 0 0 0
762	67.76 0 0 0 13 99.8 0 116.44 0 0
763	0.14 0 0 56.46 0 345.4 0 0 0 0
764	0 0 0 0 0 59 0 0 0 0
765	0 0 0 0 71 0 0 0 0 0
766	0 0 0 0 0 0 0 19.1 5.9 0
767	0 0 0 0 15.96 0.04 0 0 0 0
768	0 0 0 125 0 0 0 0 0 0
769	0 0 0 0 86.98 0 0 0 0 0.04
770	77.66 0 0 0 94.32 0 0 0 0 0
771	0 0 0 0 92 0 0 0 0 0
772	85.24 0 37.08 1.68 0 0 0 0 0 0
773	0 0 0 15.6 0 0.02 0 33.38 0 0
774	45.44 0 0 0 0 0 29.52 0 0 0.06
775	0 0 0 59.98 0 0 0 0 0 0
776	0 0 0 0 0.52 0 0 0 21.48 0
777	0 0 0 0 0 0 0 0 0.02 4.98
779	0 0 0 64 0 0 0 0 0 0
780	0.02 0 0 2.64 181.34 0 0 0 0 0
781	0 0 0 181.16 55.82 0 0 0 0 0.02
782	0 0 0 0 0 0 0 0 26 0
783	0 0 0 0 92.98 0 0 0 0 0.02
784	0 0 0 0 2 0 0 0 0 0
785	0 0 0 102 0 0 0 0 0 0
786	0 0 0 0 22.18 0 0.04 0 13.78 0
787	0 0 0 32.96 0 0 0 0 0.04 0
788	0 0 0 0 0 0 1.64 0 0 0.38
789	108.82 0 0.04 0 20.12 0 0 0 0 0
790	0 0 0 51.74 121.26 0 0 0 0 0
791	0 0 0 0 25 0 0 0 0 0
792	139.56 0.02 0 0 0 0 0 0 129.38 0.04
794	0 0 0 134.48 0 0 0 0 0.48 0.04
795	0 0 0 0 37 0 0 0 0 0
796	0 0.02 0 0.02 81.62 0 0.02 0 0.32 0
797	0 0 0 76 0 0 0 0 0 0
799	0 0 0 0 0 0 0 0 12 0
800	0 0 0 0 62 0 0 0 0 0
801	0.02 0 0 0 36.98 0 0 0 0 0
802	0.04 0 0 0 88.96 0 0 0 0 0
804	0 0 0 8.04 0 0 0 0 7.96 0
805	71 0 0 0 0 0 0 0 0 0
806	0 0.44 65.6 0 58.96 0 0 0 0 0
807	0 0 0 23 0 0 0 0 0 0
808	0 0 0 0 86 0 0 0 0 0
809	0 0 0 0 108 0 0 0 0 0.02
810	0 0 0 0 106.98 0 0 0 0 0
812	0 0 0 0 0 0 0 0 42.98 0.02
814	0 0 0 0 5 0 0 0 0 0.02
815	0 0 0 0 0 260.28 0.04 25.64 0 0.02
816	0 0 0 0 43 0 0 0 0 0
817	0.06 0 0 0 0 7.94 0 0 0 0
818	29.96 0 0 0 0 0 0 24.04 0 0
819	0 0 0 0 0 75 0 0 0 0
820	0 0 0 0 36.84 162.16 0 0 0 0
821	0 0 0 0 0 44.14 0 0 13.86 0
823	0 0 0 55.78 0 0 0 113.22 0 0
824	0 0 0 0 77.02 0 0 35.98 0 0.02
826	0.04 0 0 0 0 153.94 0 0 0 0
827	0.04 0 0 0 0 125.96 0 0 0 0
828	0 0 0 11.06 0 16.94 0 0 0 0
829	0 0 0 0 0 73 0 0 0 0
830	0.16 0.06 0 0.04 0.2 0.1 0.14 0.02 0.22 0.06
831	0 0 0 0 45.2 130.8 0 0 0 0
832	0.02 0 0 0 0 46.98 0 0 0 0
833	0 0 0 0 0 101.96 0 0 0 0.04
835	34.22 0 0 0 0 0 5.78 0 0 0
836	0 0 0 0 0 0 0 0 66 0
838	0 0 0 0 0 10.98 0 0 0 0.02
839	0 0 0 0 10 0 0 0 0 0
840	0 0 0 0 24.66 79.32 0.02 0 0 0
842	0 0 0 54.98 0 0 0 0 27.02 0
843	1.28 0 0 79.72 0 0 0 0 0 0
844	0 0 0 0 0 0 0 111 0 0
845	0 0 0 71.38 0 261.6 0 96.94 66.08 0
846	0 0 0 0 0 118 0 0 0 0
847	0 0 0 0 0 0 0 112.88 52.12 0
848	29 0 0 0 0 0 0 0 0 0
849	0 0 0 0 112 0 0 0 0 0
850	0 16 0 0 0 0 0 0 0 0
851	11 0 0 0 0 0 0 0 0 0
852	0.1 0.08 0.02 0.12 0.08 0.04 0.14 0.04 0.26 0.12
853	30.82 0 0 0 0 0 23.18 0 0 0
854	0 0 0 0 0 0 0 44 0 0.02
855	0.24 142.58 0 0 0 0 46.16 0 0 0
856	118 0 0 0 0 0 0 0 0 0
857	0 0 0 0 0 0 2.98 0 0 0.02
858	0 0.38 0 0 0.48 0 1.14 0 0 0
859	0.04 0 0 0 39.92 0 0 0 0 0.04
860	0 0 0 0 31 0 0 0 0 0
861	4 0 0 0 0 0 0 0 0 0
862	0 0 0 0 36.76 0 0 0 0 0.24
863	0.02 71.98 0 0 0 0 0 0 0 0
864	0 0 0 0 0 213.96 0 0 0 0.04
865	29.34 0 0 0 0 0 0 0 16.66 0
866	0 0 0 0 0 321 0 0 0 0
867	18.48 0 0 0 0 0 0 5.52 0 0
868	13 0 0 0 0 0 0 0 0 0
869	0 0 0 0 44 0 0 0 0 0
871	0.04 0 0 0 0 147.96 0 0 0 0
872	0 0 0 0 0 0 0 23.56 0 86.44
873	0 0 0 0 0 0 0 0 0 198
874	0 0 0 0 0 0 0 25.52 0 75.48
875	0 0.38 8.72 0 0 0 0 0 0 104.9
876	0 0 0 0 0 0 0 85 0 0
877	0 0 0 0 0 13.9 0 0 0 81.1
878	0 0 0 0 0 13.68 0 30.68 16.7 3.94
879	0.02 0 54.12 0 0 0 0 0 0 291.86
880	0 0 0 0 0 0 0 15.22 0.02 136.76
881	0 0 0 0 0 0 0 0 0 87
883	0 0 0 0 0 0 0 0 0 36
884	0 4.24 0 0 0 0 0 8.3 0 10.46
885	0 0 0 0 0 0 0 0 0 20
886	0 0 0 0 0 0 0 11.06 0 116.94
887	0 0 0 0 0 0 0 0 0 168
888	0 0 0 0 0 0 0 0 0 40
889	0 3.34 0 0 0 0.02 0 0 0 23.64
890	0 0 0 24.54 0 0 0 0 0 49.46
891	0 0 0 0 0 0 0 0 0 16
892	0.04 0.02 0 0 0 27.08 0 0 0 88.86
894	0.02 0 0 0 0 0 0 0 0 27.98
895	0 0 7.86 0 0 49.42 0 0 0 192.72
896	0 0 0 0 0 0 0 0 39.4 81.6
897	0 0 0 0 0 0 0 0 0 3.02
898	0.02 0 0 0 0 0 0 0 0 153.96
900	0 0 0 0 0 0 0 22.9 20.5 85.6
901	0 0 0 0 0 0 0 0 0 13.02
902	0 0 0 0 0 0 0 0 0 125.98
903	0 0 0 0 0 0 0 0 0 52
906	0 0 0 0 0 0 0 0 0 51
907	0.06 0.14 0.02 0.24 0.12 0.06 0.1 0.06 0.1 0.1
908	0 0 0 0 0 0 0 0 0 44
909	0 0 0 0 0 0 0 10.44 19.56 0
910	0 0 0 0 0 0 0 0 0 8
911	0 0 0 0.02 5.06 0 0 0 2.92 0
912	1.18 0 16.04 0.72 2.06 0 0 0 0 0
913	0.06 0.08 0 0.1 0.26 0.06 0.12 0.02 0.14 0.16
914	0 0 0 0 0 0 2.04 0 0 25.96
915	0 0 0 0 0 0 0 0 0 47
916	20.64 22.34 0.02 0 0 0 0 0 0 0
917	0 0 0 0 0 0 0 0 0 20
918	0.02 1.1 0 0 22.88 0 0 0 0 0
18	0 0 0 0 0 0.08 0 7.94 13.98 0
813	0 0 0 0 0 0 0 145.48 38.46 0.08
919	117.62 0 0 0 0 0 0 147.36 0 0
920	0 0 0 0 0 0 0 7.92 0.08 0
921	0.16 0 0 12.06 0 0 0 0 139.78 0
922	0 0 0 0 0 0 0 94 0 0
923	0 205.24 0 0 0 0 0 0 10.76 0
244	0 0 0 0 0 0 0 114 0 0
924	9 0 0 0 0.18 204.82 0 0 0 0
925	0 0 0 0 0 99 0 0 0 0
926	0 0 0 0 17.96 190.04 0 0 0 0
927	0 0 0 0 0 16 0 0 0 0
928	0.06 0 0 0 0 232.94 0 0 0 0
929	3.58 0 0 0 0 76.84 0 17.5 0 0.1
930	0.08 0 0 0 0 154.9 0 0 0 0
931	0 0 0 0 0 99 0 0 0 0
932	0 0 0 0.06 0 93.94 0 0 0 0
933	0 0 0 0 0 0 0 46 0 0
934	0.02 0 0 0 0 167.96 0 0 0 0.02
935	0 0 0 0 0 0 0 20 0 0
936	0 0 0 0 0 0 0 78.96 0 0.06
937	0 0 0 0 0 0 0 0 0 106
939	0 0 0 0 124.32 0 0 0 55.66 0
940	4.22 0 0 53.78 0 0 0 0 0 0
941	0 0 9 81 0 0 0 0 0 0
942	84.56 0 0 0 47.34 0 0 0 0 0.1
944	0 0 0 98.92 0.08 0 0 0 0 0
945	0.02 0 0 0 0 0 112.98 0 0 0
946	0 0 0 160 0 0 0 0 0 0
947	19.74 0 0.02 17.58 6.66 0 0 0 0 0
948	0 0 0 0 20.1 0 0 21.84 0 48.06
607	0 0 0 0 0 0 100.54 0 101.42 0.04
778	5.78 0 0 80.38 0 0 0 0 132.82 0.02
949	0 43.12 0 129.22 0 0 0 0 34.66 0
950	40.02 0 0 0 0 0 0 0 0 26.98
951	0 0 0 96 0 0 0 0 0 0
953	14.18 0 0 0 0 0 0 0 39.82 0
954	0.1 0 0 0 0 0 0 0 29.9 0
955	133.68 0 0 0 0.4 0.02 0 0 0 4.94
956	44.38 0 0 0 0 0 0 0 98.58 0
957	0 4 0 0 0 0 0 0 0 0
958	0 0 0 0 0 0 44 0 0 0
960	0 40.64 20.36 0 0 0 0 0 0 0
961	93 0 0 0 0 0 0 0 0 0
963	0 50.12 106.88 0 0 0 0 0 0 0
964	0 25.98 0 0 0.02 0 0 0 0 0
965	69 0 0 0 0 0 0 0 0 0
966	0 0 0 55.16 0 0 0 0 32.84 0
968	0 0 0 0 0 0 0 0 59 0
969	65.3 0 0 166.7 0 0 0 0 0 0
970	0 22 0 0 0 0 0 0 0 0
971	0 96 0 0 0 0 0 0 0 0
972	71 0 0 0 0 0 0 0 0 0
973	0 0 0 0 0 0 0 0 5 0
834	0 0 0 0 0 47 0 0 0 0
974	0 0 0 0 0 72 0 0 0 0
975	0 0 0 0 0 101.88 0.12 0 0 0
976	0 0 0 0 10.42 0 0 8.58 0 0
977	0.02 0 0 0 0 121.98 0 0 0 0
978	0 0 0 0 0 49 0 0 0 0
979	0 0 0 0 0 49.88 0 43.12 0 0
980	0 56 0 0 0 0 0 0 0 0
981	0 0 0 0 0 11 0 0 0 0
982	0 0 0 0 0 40 0 0 0 0
983	0 0 0 0 0 34 0 0 0 0
984	0 0 0 0 0 32.58 0 0 0 57.42
985	0 0 0 0 0 9.72 0 35.28 0 0
986	0 0 0 0.02 0 50.98 0 0 0 0.02
988	0.02 0 0 0 0 67.92 0 0 0 89.04
989	0 0 0 0 0 5.14 0 0 0 65.86
990	0.02 0 0 0 0 0 0 0 0 78.98
992	0 0 0 0 0 0 0 8 0 0
993	0.18 0 0 68.24 0 111.58 0 0 0 0
994	1.12 0 0 0 0 0 0 0 0 11.88
995	0 0 0 0 0 0 0 0 17.68 58.32
996	0 0 0 0 25.8 0 0 0 9.18 0.02
997	0 0 0 0 24.36 0 0 0 5.64 0
999	0 0 0 0 26 0 0 0 0 0
1000	0 0 0 29.98 0 0 0 0 0 0.02
1001	0.18 0 0.1 0 0 27.56 0.02 0 0.02 0.12
1002	0 0 0 0 0 14 0 0 0 0
1003	0 0 0 0 8.78 0 4.22 0 0 0
1004	0 0 0 0 22 0 0 0 0 0
1005	0 57 0 0 0 0 0 0 0 0
1006	61.18 0 0 0 0 0 0 2.82 0 0
837	0 0 0 0 0 0 0 0 68 0
841	0 0 0 0 0 93 0 0 0 0
1008	0 0 0 0 0 0 0 108 0 0
1009	0.1 36.56 0 0 0 29.42 0 89.92 0 0
1011	0 0.02 0 0 42.56 68.14 0 119.28 0 0.02
1012	27.76 0 0 0 0 108.32 0 135.86 0 0.04
1014	0 0 0 0 0 152.68 0 98.32 0 0
1015	16.52 0 0 0 0 0 0 13.48 0 0.02
1016	0 0 60.06 0 0 308.02 0 8.9 0 0
1018	90 0 0 0 0 0 0 0 0 0
1019	70.32 0 0 0 23.64 0 0 0 0 0.06
1007	0 0 0 0 0 0 0 158.98 0 0
1013	0 0 0 0 0 63 0 0 0 0
490	0 0 0 0 0 0 169 0 0 0
811	48 0 0 0 0 0 0 0 0 0
1020	13.68 0 0 0 0.02 0 0 0 101.92 2.4
1021	52.18 0 0 0 0 0 69.8 0 0 0
1022	31.06 0 0.02 0 0 0 0 0 0 63.92
122	0 0 0 0 56.88 149.12 0 0 0 0
1023	0 0 0 0 0 66 0 0 0 0
1024	0 0 0 0 0 0 0 0 0 44
1025	0 0 0 0 0 0.02 0 0 0 102.98
882	0 0 0 0.02 0 0 0 0 0 96.98
1026	0 0 0 0 0 0 0 0 0 7
825	0.02 0 0 0 42.4 133.58 0 0 0 0.02
1027	0 0 0 0 6.98 0 0 0 0 0
1028	0.86 0 0 74.68 0 277.44 0 0 0 0.02
1030	0 0 0 0 29 0 0 0 0 0
1031	0 0 0 12 0 0 0 0 0 0
1033	0 0 0 0 0 81 0 0 0 0
1034	0 0 0 0 0 53.98 0 0 0 0.04
1035	0 0 0 0 173.98 0 0 0 0 0
1036	0 0 0 0 51 0 0 0 0 0
1038	0 0 0 0 0 0 0 0 0 35
1039	109.26 43.96 0 137.78 0 0 0 0 0 0
756	0 0 0 27.62 0 251.36 0 0 0 0.02
1040	0 0 0 0 0 43 0 0 0 0
1041	0 0 0 150 0 0 0 0 0 0
1042	0 0 0 0 69 0 0 0 0 0
1043	0 0 0 0 20 0 0 0 0 0
1044	0 0 0 105.96 0 0 0.04 0 0 0
1045	0 0 0 37.18 0 0 32.82 0 0 0
1046	0.02 0 0 0 117.96 0 0 0 0 0.02
1047	13.06 0 0 0 15.48 281.46 0 0 0 0
1048	0 0 0 0 0 83.78 0 69.42 27.76 0.04
1049	0 0 0 36.14 0 0 0 13.86 0 0.02
1050	0 0 0 0 0 0 117.98 0 0 0
1051	0 0 0 0 0 98 0 0 0 0.02
3	0 0 0 0 111.8 24.9 0 81.28 0 0
1052	0 0 0 0 0 50.96 0 0 0.04 0
1053	0 0 0 79 0 0 0 0 0 0
1054	0 0 0 0 0 43 0 0 0 0
1056	0 0 0.2 0 0 0 27.8 0 0 0
1057	0 0 0.04 0 0 42.96 0 0 0 0
1058	0 0 0 0 40 0 0 0 0 0
952	29.2 0 0 0 0 0 0 92.8 0 0
1059	0 0 0 0 26.74 47.26 0 0 0 0
1060	0.08 0 0 0 0 84.62 5.16 0 0.14 0.02
1061	0 0 0 0 0 56.94 0 11.04 0 0
1062	0 0 0 0 0 0 0 0 0 36
1063	0 20.16 0 0 0 32.04 57.8 0 0 0
1064	0 0 0 0 0 0 12 0 0 0
1065	117.96 0 0 0 0 0 0.04 0 0 0
959	102.2 0 0 0 85.8 0 0 0 0 0
998	0 0 0 0 0 26.96 0 0 0 0.06
1017	0 0 0 0 0 0 0 145.98 0 0
1066	0.02 0 0 0 0 18.34 0 0 21.64 0.02
1067	0 0 0 0 0 0 0 131.98 0 0
1068	0 0 0 0 0 0 0 0 11.24 18.76
1070	87.96 0 0 0 0 0 0 0 0 0.04
1071	42 0 0 0 0 0 0 0 0 0
1072	0 0 0 0 13.98 0.02 0 0 0 0
1074	0 0 0.02 0 198.98 0 0 0 0 0
1075	21 0 0 0 0 0 0 0 0 0
1076	0 0 0 0 18 0 0 0 0 0
1077	0.02 0 0 0 0 12.88 0 9.1 0 0
1078	0 0 0 45 0 0 0 0 0 0
1079	12.64 0 0 63.16 0 0 0 12.2 0 0
1080	0 0 0 0 0 0 0 0 0.06 7.94
1081	0 0 0 0 7.74 0 0 14.24 0 0.04
1082	0 0 0 0 0 11.98 0 0 0 0
1083	0 0 5.38 0 3.14 6.48 0 0 0 0
1010	0 0 0 0 0 0 0.02 87.98 0 0
1084	0 0 0 33.14 0 0 0 38.86 0 0
1085	0 0 0 0 0 0 0 33 0 0
1086	0 0 0 0 1.84 0 0 0 55.16 0
1087	0 0 0 0 0 13.98 0 0 0 0.02
1088	0 0 1.82 0 1.62 19.56 0 0 0 0
1089	0.06 0 0 36.42 0 0 0 15.36 0.02 19.14
368	0 0 0 0 0 41 0 0 0 0
373	0 0 0 0 91 0 0 0 0 0
1090	0 0 0 0 74 0 0 0 0 0
1092	24 0 0 0 0 0 0 0 0 0
1073	0 0 87.94 0 0 0 20.92 105.14 0 0
1093	0 0 0 0 37.32 2.36 0 18.4 4.92 0
1094	0 0 0 0 0 29 0 0 0 0
1095	0 0 0 0 0 68 0 0 0 0
1096	0 0 0 0 0 8 0 0 0 0
1069	0 0 0 0 23.94 0 0 19.06 0 0
1097	0 0.64 0 0 0 0 0 50.22 0.14 0
1098	83.66 0 0 0 21.16 7.18 0 0 0 0
1099	0 0 0 0 0 0 41 0 0 0
1100	18 0 0 0 0 0 0 0 0 0
1101	156.92 0 0.02 0 0 0 0.16 0 74.88 0.02
1102	0 0.08 0 0 0 12.92 0 0 0 0
1103	64 0 0 0 0 0 0 0 0 0
1104	0 0 11.98 0 0 0 0.02 0 0 0
1105	0.02 0 0 0 0 0 0 0 0 43.98
1106	0 0 0 0 0 0 0 0.34 0 11.66
1107	0 0 0 0 0 0 0 0.02 47.98 0
1108	0 0 0 0 0 0 0 0 11.98 0.02
1109	0 0 0 37.74 0 0 34.26 0 0 0
1110	42.32 0 0 0 57.64 0 0.04 0 0 0.02
1111	23.98 0 0 0 0 0 0 0 0 0
1112	0 0 0 0 26 0 0 0 0 0
1113	68 0 0 0 0 0 0 0 0 0
1115	0 0 0 0 0 0 0 28.04 56.96 0
1116	0 0.02 0 0 0 0 0 0 31.98 0
1117	0 0 0 0 0 53.6 0.4 0 0 0
1118	0 0 0 0.02 97.4 0 13.58 0 0 0
1119	0 0 0 0 66.14 0 0 0 115.86 0
1121	0 52.92 0 0 0 0 0.08 0 0 0
1122	0 0 0 0 0 0 5 0 0 0
1123	0 0 0 0 0 0 11 0 0 0
1124	33.54 0.46 0 0 0 0 0 0 0 0
1125	0 0 0 0 0 0 0 0 8 0
1126	0 0 0 0.02 0.04 0 87.94 0 0 0
1127	0 0 0 0 0 0 0 0 0 23
1091	0 0 0 0 91.98 0 0.02 0 0 0
1128	0 0 0 0 0 0 0 34 0 0
1129	28.88 0 0.08 0 0 8.8 0 46.24 0 0
1130	0 0 0 0 4 0 0 0 0 0
1131	0 0.08 0 0 0 0 0 23.9 23.02 0
1132	0 0 0 0 0 65 0 0 0 0
1133	0 0 0 61.94 0 0 0 0 0 0.06
1134	0 23.94 0 0 0 0 0 83.06 0 0
1135	0 0 0 0 121 0 0 0 0 0
1136	0 0 0 54.5 0 0 0 0 21.5 0
1137	0 0 0 0 0 0 0 85 0 0
1138	0 0 0 0 0 0 0 5.74 11.26 0
1139	0 0 0 0 69 0 0 0 0 0
1140	0 0 0 0 33 0 0 0 0 0
1141	0 0 0 0 0 0 0 0 30 0
1142	0.02 0 24.22 0 0 0 0 115.74 0 0.04
1143	0 42.98 0 0 0 0 0 0 0 0
1144	0 0 0 0 0 0 0 8 0 0
1145	0 0 0 21 0 0 0 0 0 0
1146	0.02 0 0 5.98 0 0 0 0 0 0
1147	0 0.24 0 61.44 0 0 0.32 0 0 0
1148	0 0 0 0 0 0 0 0 30 0
1149	31.42 33.58 0 0 0 0 0 0 0 0
1150	0 0 0 0 0 24 0 0 0 0
1151	0 0 0 0.02 0 14.98 0 0 0 0
1152	0 0 0 0 0.12 66.88 0 0 0 0
1153	0 0 0 0 0.26 0 0 0 50.72 0.02
1154	0 0.34 0.98 0 0 0 29.68 0 0 0
1155	0 1.88 0 0 0 0 0 0 5.12 0
1156	0 0 3 0 0 0 0 0 0 0
1157	0 0 0 0 49 0 0 0 0 0
1158	0 16 0 0 0 0 0 0 0 0.02
1160	0 0 0 0.02 0 0 0 87.96 0 0
1161	0 19.94 0 4.92 0.02 4.12 0 0 0 0
822	0 0 0 0 0 0 9 0 0 0
1162	0 0 0 0 0 7 0 0 0 0
1163	0.06 0 0 0 0 28.16 0 0 20.78 0
1164	0 0 0 0 0 9 0 0 0 0
1165	0 0 0 0 0 17.96 0 0.02 0 0.02
1167	0 0 0 0 0 0 17 0 0 0
1168	38.76 0 0 0 27.24 0 0 0 0 0
1169	30.64 0 0 0 10.36 0 0 0 0 0
1170	0 0 0 0 37.76 0 0 0.02 31.2 0.02
1171	0 22.6 0 0 0 0 0 8.4 0 0
1172	0 0 0 0 0.04 0 0 0 44.94 0.02
1173	0 0 0 0 0 0 0 11 0 0
1174	0 0 0 0 0 0 0 26 0 0.02
1175	0 0 0 0 0 0 0 0 0 16.98
1177	0 0 0 0 4 0 0 0 0 0
1179	0 0 0 18 0 0 0 0 0 0
1181	0 0 0 21 0 0 0 0 0 0
1182	0 0 0 0 28 0 0 0 0 0
1183	0 0 0 0 0 23.04 12.78 0 0.18 0
1184	18.66 0 0 0 0.34 0 0 0 0 0
1185	0 0 0 0 27 0 0 0 0 0
1187	0 0 0 0 0 0 0 34 0 0
1188	0.02 0 0 0 91.96 0.02 0 0 0 0
1189	0 0 0.02 0 14.98 0 0 0 0 0
1190	0 0 0 0 0 0 0 27 0 0
904	0 23.14 0 0 0 0 0 0 0 29.86
1191	0 0 0 0 0 0 0 0 0 13
905	0 0 1.24 0 0 0 0 62.76 0 0
962	0 61 0 0 0 0 0 0 0 0
1192	0 28.14 0 14.86 0 0 0 0 0 0
1193	0 38 0 0 0 0 0 0 0 0
1194	0 91.58 0 0 0 0 0 0 5.42 0
1195	0 0 0 0 0 0 0 0 29 0
1196	0 9 0 0 0 0 0 0 0 0
1197	0 28.88 0 0 0 64.94 0 41.18 0 0
1198	16.42 2.5 0 0 0 0.06 0 0.02 0 0
1199	0 0 0 0 0.44 0 11.92 38.64 0 0
1200	0 23 0 0 0 0 0 0 0 0
1201	0 0 0 0 0 0 0 0 5 0
1202	0 24 0 0 0 0 0 0 0 0.02
1203	0 0 0 0 0 0 79.98 0 0 0
1204	0 0 0 0 0 0 0 0 49 0
1205	0 0 0 18 0 0 0 0 0 0
1206	0 0.24 0 38.76 0 0 0 0 0 0
1207	0 0 0 0 31 0 0 0 0 0
1208	0.02 0 0 0 41.88 0.04 0 0 0.06 0
1209	0 0 0 32 0 0 0 0 0 0.02
1211	0 40.98 0 0 0 0 0 0 0 0
1212	0 0 2.66 0 0 0 0 0 10.32 0.02
1213	0 0 0 13 0 0 0 0 0 0
1214	14.84 0 0 0 0 0 0 0 0 0.18
1215	0 0 0 0 25.08 21.9 0 0 0 0
1216	0 0 0 0 0 10.94 0 0.06 0 0
700	0 0 0 0 20.32 0.08 0 0 9.6 0
943	0 0 24.24 0 87.72 0 0 0 0 0.04
1032	0 0 0 0.12 31.88 0 0 0 0 0
1210	0 0 0 0 89 0 0 0 0 0
1217	0.06 0 0 0 95.94 0 0 0 0 0
1218	0 0 0 0 81 0 0 0 0 0.02
1220	0 0 0 71.98 0 0 0 0 0 0
1221	0 0 0 0 42.14 0 0 0 56.86 0
1222	0 0 0 57 0 0 0 0 0 0
1223	0 0 0 0 0 0 0 14 0 0
1224	0 0.06 0 0 28.94 0 0 0 0 0
1225	0 0 0 32 0 0 0 0 0 0
1226	0 0 0 0 0 0 0 98 0 0
1219	0 0 0 39.98 0 0 0 0 0 0.02
1227	0 11.98 0 0 4.02 0 0 0 0 0
1228	0 0 0 0 99.98 0 0 0 0 0.02
1229	0 0 0.02 0 15.58 0 7.4 0 0 0
1230	0 0 0 0 28 0 0 0 0 0
1231	0 0 0 47 0 0 0 0 0 0
1232	0 0 2.9 27.38 0 0 8.72 0 0 0
938	0 0 0 0 0 0 0 0 0 59
1233	0 0 0.92 0 0 0 0 0 0 16.08
1234	0 0 0 0 0 0 0 0 0 11
1235	0 0 0 0 0 0 0 0 0 4
1236	0 0 0 0 0 0 0 0 0 3
1237	0 0 0 0 0 0 0 0 0 21
1238	0 0 0 0 0 0 0 0 0 21
1239	0 0 0 0 40 0 0 0 0 0
1240	23.8 0 0 0 38.2 0 0 0 0 0
1241	0 0 0 0 0 0 0 0 0 12
1242	0.02 11.98 0 0 0 0 0 0 0 0
1244	0 0 15.56 0 0 68.44 0 0 0 0
1245	18.68 0 0 0 0 35.3 0.02 0 0 0
1055	0 0 0 18.98 0 0.02 0 0 0 0
1246	0 0 9 0 0 0 0 0 0 0
1247	0 0 0 0 10.94 0 0 0 0 0.08
1248	0 0 0 47.94 0 0 0 0 0 0.04
1249	0 0 0 0 29 0 0 0 0 0
1250	0 0 0 0 6 0 0 0 0 0
1251	0 0 0 0 0 0 0 24 0 0
1252	0 0 0 0 0 0 0 23 0 0
1253	0 0 0 0 17 0 0 0 0 0
1254	0 0 7.78 2.04 0 0 0 0.18 0 0
1255	0 0 0 0 0 0 0 0 0 9
1256	0 0.02 0 0 0 0 0 0 0 5.98
1257	0 0 0 0 0 0 0 6 0 0
1258	0 0 0 0 0 25.42 0 16.58 0 0
1166	0 25 0 0 0 0 0 0 0 0
1259	0 0 0 0 0.02 0 0 0 0 6.98
1260	0 0 0 0 0 0 0 0.02 6.98 0
1261	0 0 0 0 0 0 0 0 13 0
1262	0 0 0 26 0 0 0 0 0 0
1263	0 0 0 31 0 0 0 0 0 0
1265	0 0 0 0 0 0 0 11.74 0 42.26
1266	0 0 0 0 0 0 0 0 33 0
1267	0 0 0 0 70.2 0 0 0 15.8 0
1268	7.92 20.08 0 0 0 0 0 0 0 0
1180	0 0 0 0 20 0 0 0 0 0
1270	0 0 0 0 16 0 0 0 0 0
1271	0 0 0 0 19 0 0 0 0 0
1272	0.06 0 0 0 0 8.86 0 0.08 0 0
1176	0 0.12 0 0.02 0.04 0.02 0.08 0 0 50.72
798	0 0 6.74 11.26 0 0 0 0 0 0
1273	0.04 0 38.3 0.66 0 0 0 0 0 0
1274	0 0.02 0 8.98 0 0 0 0 0 0
1275	0 0.02 0 2.08 0 0.7 0 6.2 0 0
1276	0 0 0 7.74 0 8.26 0 0 0 0
1277	0 0 0 0 0 51 0 0 0 0
1279	0 0 0 0 11.96 0 0 7.04 0 0
1280	0 0 0 0 0 0 0 0 0 38
1281	0 0 0 0 0 0 0 31 0 0
296	0 0 0 0 0 0 0 17 0 0
1282	0 26.98 0 0 0 0 0.02 0 0 0
1283	0 0 0 0 0 37 0 0 0 0
533	8.88 0 0 0 0 0 0 31.6 0.52 0
1284	0.58 0 0 0 0 21.38 0 23.04 0 0
1285	0 0 0 35 0 0 0 0 0 0
1286	5.84 0 0 0.24 0 0 19.66 0 25.26 0
1287	0 0 0 0 0 0 0 0 0 2
1288	0 0 0 0 1.76 0 0 15.24 0 0
1289	0 0 0 0 0 13 0 0 0 0
1290	0 0 0 3 0 0 0 0 0 0
1291	0 0 0 0 0 27 0 0 0 0
1292	0.02 0 0.1 0.1 0.3 0.24 0.06 0.04 0 0.14
1293	0.02 0 0 0 0 0 0 0 0 14.98
1294	0 0 0 0 0 0 0 0 0 16
1295	0 0 0 0 0 0 0 0 7.86 2.14
1296	0 0 0.04 0.24 0 0 0.02 0 0 57.7
1264	0 0 0 0 0 13 0 0 0 0
1269	0 0 0 0 0 0 0 0 28 0
1297	0 0 0 20.98 0 0.02 0 0 0 0
1298	22.98 0 0 0 0 0 0.02 0 0 0
1299	0 0 0 0 0 0 0 0 17 0
1300	0.04 0 0 0 0 20.96 0 0 0 0
1301	17.38 0 0 0 0 1.62 0 0 0 0
1302	0 2.06 0 0 0 0 1.08 13.86 0 0
803	14 0 0 0 0 0 0 0 0 0
1037	2.44 0 0 31.54 0 0 0 0 0.02 0
1278	0 0 0 0 0 39 0 0 0 0
1304	0 0 0 5 0 0 0 0 0 0
1305	0 0 0 16.88 0 0 0 0 0.12 0
1306	0 5 0 0 0 0 0 0 0 0
1307	0 0 0 0.76 2.24 0 0 0 0 0
1308	0 0 0 2 0 0 0 0 0 0
1309	0 0.36 0 0.18 0.1 0.06 0.18 0 0.12 0
1310	0 0 0 3 0 0 0 0 0 0
1311	0 0 0 23.64 0 0 0 0 8.36 0
1312	0 0 0 0 0 0.36 0 20.64 0 0
1314	0 0.02 0.02 26.96 0 0 0 0 0 0
1315	0 0 0 0 10.66 0 0 0 0 51.34
893	0 0 0 0 0 0 0 0 0 18
1316	0 0 0 0 0 0.02 0.02 0.24 0.06 13.66
598	0 0 0 0 0 0.02 0 0.02 3.96 0
870	0.1 0 0 0 0 12.9 0 0 0 0
991	6.76 0 0 0 0 0 0 0 0 35.24
1114	0 0 0 0 0 24 0 0 0 0
1120	0 0 0 0.24 0 0 0 29.76 0 0
1318	0 2.5 0 0 0.02 0 0 1.48 0 0
1319	0 7 0 0 0 0 0 0 0 0
1320	0 0.1 0 0 0 0.38 0 0.28 0.04 0.2
1321	0 0 0 0 0 5 0 0 0 0
1322	0 0 0.02 0 0 0 0 11.98 0 0
1323	0 0 0 0 0 0 0 0 4 0
1324	0.08 0.22 0 2.26 0 9.44 0 0 0 0
1326	2.84 3.9 0 0 0 0 0 5.26 0 0
1327	0 0 0 0 0 2.98 0 0 0 0.02
1328	0 0 0 0 0 16.98 0 0 0.02 0
1329	0 0.08 0 0 0 0.42 0 0.34 0.02 0.14
1330	0 0 0 0 0 0 0 0 7 0
1331	0 8 0 0 0 0 0 0 0 0
1332	3.86 0.02 0 0 0 0.08 0 0.02 0 0.02
1333	0 0 0 0 0 2.84 11.08 0 0.06 0.02
1334	0 0 0 0 0 0 0 0.5 0.02 1.48
1335	4.34 0 0 0 0 15.66 0 0 0 0
1336	0 0 0 0 0 15 0 0 0 0
1337	3.48 0 0 0 0 7.52 0 0 0 0
1338	0 0.02 0 0 0.02 0 0 4.96 0 0
1339	0 0.14 0 0 0 0.36 0 0.18 0.06 0.26
1340	0 0.08 0 0 0 0.38 0 0.26 0 0.28
1342	0.04 0.08 0 0 0 0.4 0 0.24 0.02 0.22
1343	0.02 0.26 0 0 0 0.14 0 0.32 0 0.26
1344	0 0 0 0 0 7.28 0 0 8.72 0
1345	0 0 0 0 0 0 0 0 3.92 0.08
1346	0 0 0 0 0 0 0 0 12 0
1347	0 11 0 0 0 0 0 0 0 0
1348	0 0.12 0 0 0 0.34 0 0.32 0 0.22
1349	0 0.04 0 0 0 0.54 0 0.24 0.02 0.16
1350	0 3 0 0 0 0 0 0 0 0
1351	0 0 0 0 0 0 0 4 0 0
1354	0.02 0.14 0 0 0.02 0.3 0 0.34 0 0.18
1355	4.3 0 0 0 0 5.52 0 0 0.18 0
1356	0 0 0 0 0 0 0 8 0 0
1357	0 0 0 0 0 8 0 0 0 0
1359	0.56 0 0 0 0.28 0.82 0.02 0 0 0.32
1360	0 2.2 0 0 0 0 0 0 0.78 0.02
1361	0 0 0 0 0 4 0 0 0 0
1362	0 0.1 0 0 0 0.4 0 0.28 0.04 0.18
1363	0 0.08 0 0 0.02 0.24 0 0.38 0.04 0.24
1364	0 0.14 0 0 0 0.3 0 0.28 0.04 0.24
1365	0 0 0 0 0 3 0 0 0 0
1367	0 0 0 0 0 0 0 16 0 0
1369	0 0 0 0 0 0 0 0 9.18 1.82
1370	0.04 0 0 0 0 0 0 0 0 3.96
1371	0 0 0 0 0 3 0 0 0 0
1372	0 7.9 0 0 0 0 0 0 1.1 0
1373	0.02 0.04 0 0 0 0.4 0 0.44 0 0.1
1374	0 0 0 0 0 0 0 2 0 0
1375	0 0 0 0 0 0 0 27.98 0.02 0
1376	0 0 0 3.16 0 7.82 0 0 0 0.02
1377	0 0 0 0 0 0 0 8 0 0
1378	4.46 0 0 0 0 0 0 2.54 0 0
1379	0 0 0 0 0 0 0 17 0 0
1380	0 0 0 0 0 0 0 12 0 0
1382	0 0 0 0 0 0 0 7 0 0
1383	0 0 0 0 0 8 0 0 0 0
1384	0.02 0.04 0 0.04 0.36 0.74 0 0 0 0.8
1385	0 0.04 0 0 0 0 0 11.96 0 0
1386	0 0 0 0 0 0 0 9 0 0
1387	0 2.98 0 0 0 0 0 0.02 0 0
1388	0 0 0 0 0 0 0 14 0 0
1389	0 0.02 0 0 0 0 0 3.98 0 0
1390	0 0 0 0 0 0 0 0.02 0 3.98
1391	0.02 0 0 0 0 0 0 5.98 0 0
1392	0 0 0 0 0 0 0 8.94 0 1.06
1393	2.56 0 0 0 0 0 1.12 0 0 10.32
1394	0 0 0 0 0 0 0 0 0 17
1395	0 0 0 0 0 0 0 0 0 6
375	11.74 0 0 0 20.26 0 0 0 0 0.02
1159	0 16.6 0 0 5.36 0 0 0.02 0 0
1396	0 16.98 0 0 0 0 0 0 0.02 0
1397	0 0 0 0 0 0 0.02 0 15.98 0
1398	9 0 0 0 0 0 0 0 0 0
1399	0 0 0 0 0.02 16.98 0 0 0 0
1400	0 26 0 0 0 0 0 0 0 0
1401	34.68 0 0 0 0 0 17.32 0 0 0
1402	7 0 0 0 0 0 0 0 0 0
1403	0 2.86 0 0 0 0 5.14 0 0 0
1404	0 31 0 0 0 0 0 0 0 0
1313	0 0 0 0.04 0.04 0 0 0 0 36.92
1405	0 1.74 0 0.02 0 11.5 1.7 0 0.04 0
1406	0 0 0 0 10 0 0 0 0 0
1407	0 0 0 0 42.98 0 0.02 0 0 0
1408	0 0 0 0 3 0 0 0 0 0
1409	0 0 0 6 0 0 0 0 0 0
1410	0 0 10 0 0 0 0 0 0 0.02
1411	25.04 0 0 0 29.94 0 0 0 0 0
1412	0 0 0 4 0 0 0 0 0 0
1413	0 0 0 18 0 0 0 0 0 0
1414	1.98 0.02 0 0 0 0 0 0 0 0
1415	0 0 0 15 0 0 0 0 0 0
1416	0 0 8.74 1.04 0.22 0 0 0 0 0
1417	0 0 0 0 0 0 0 4.92 0 0.08
1418	0 0 0 0 0 0 0 11 0 0
1419	0 0 18.02 0 2.96 0 0 0 0 0.02
1420	0 0 0 0 0 0 0 0 0 3
1421	0 0 0 0 0 0 26 0 0 0
1422	0 0 0 0 0 0 9 0 0 0
1423	5.48 0 0 0 0 2.52 0 0 0 0
1424	0 0 0 0 6.96 0.04 0 0 0 0
1425	0 0 0 0 21.98 0.02 0 0 0 0
1426	0 0 0 0 26 0 0 0 0 0
1427	0 0 0 0.02 0 0 0 0 8.98 0
1428	0 34 0 0 0 0 0 0 0 0
1429	0 0 0 0 0 0 0 0 0 6
1430	0 0 0 0 0 0 0 0 0 4
1431	0 0 0 0 0 0 0 0 0 9
1432	0 0.56 0 0.02 0 0.02 0 0 0 1.4
1434	0 0 0 0 0 0 0 0 0 16
1435	0 0 0 0 0 0 16 0 0 0
1436	5 0 0 0 0 0 0 0 0 0
1303	0 0 0 29 0 0 0 0 0 0
1437	0 0 0 0 15 0 0 0 0 0
1029	0 0 0 0 16 0 0 0 0 0
1178	0 0 0 39.98 0 0 0 0 0 0.02
1438	0 0 0 11 0 0 0 0 0 0
1439	0 0.02 0 0 21.98 0 0 0 0 0
1440	0 0 0 12 0 0 0 0 0 0
1381	0 0 0 0.02 0 0 0 16.98 0 0
1441	0 0 0 0 18 0 0 0 0 0
1442	0 0 0 8 0 0 0 0 0 0
1443	0 0 0 15 0 0 0 0 0 0
1444	0 0 0 0 0 0 38 0 0 0
1186	0 6.94 0 0 0 0 0 0 0.06 0
1445	6.7 0.28 0 0 0.02 0 0 0 0 0
1446	0 0 0 0 34.78 0 0 0 1.22 0
1447	0 0 0 0 0 0 0 0 3 0
1450	0 0 0 0 0 0 0 0 8 0
1451	0 0 0 0 0 0 0 0 47 0
1452	3.66 0 0 0 0 0 0.34 0 0 0
1453	0 0 0 0 0 0 0 0 2 0
1454	0 0 0 0 0 0 0 0 14 0
1455	0 0 0 0 0 0.02 4.98 0 0 0
1456	0 22 0 0 0 0 0 0 0 0
1457	0 0 0 0 0 0 0 0 3 0
1458	0 0 0 0 0 0 0 0 4 0
1459	11.5 0 11.5 0 0 0 0 0 0 0
1461	0 0 0 0 0 0 2 0 0 0
1462	7.86 0 0 0 0 0 0 0 0 10.14
1463	0 3.54 0 0 0 0 0 0 2.42 0.04
1464	0 0 0.02 0 0 0 5.98 0 0 0
1368	12 0 0 0 0 0 0 0 0 0
1465	0 0 0 0 0 0 0 0 5 0
1466	0 0 0 0 0 0 0 0 24 0
1467	0 0 0 5 0 0 0 0 0 0
1468	0 0 0 16 0 0 0 0 0 0
967	0 0 0 18.76 0 0 0 0.02 16.22 0
1469	0 0 0 0 38 0 0 0 0 0
1470	0 0 0.06 0 12.94 0 0 0 0 0
1471	0 0 0 19 0 0 0 0 0 0
1472	0 0 0 0 0 0 0 2 0 0
1243	0 0 0 0 0 0 0 0 0 13
1473	0 0 12.68 0 0 12.94 6.38 0 0 0
1474	0 0 0 0 0 0 17 0 0 0
1475	0 22 0 0 0 0 0 0 0 0
1476	0 0 0 0 2 0 0 0 0 0
1477	0 0 0 0 0 0 0 5 0 0
793	0 0 8.62 0 0 0 0 0 10.38 0
1479	0 0 0 0 0 0 0 0 19 0.02
1480	1.4 0 0 4.86 0 4.72 0 0 0 0
1478	0 0 0 40 0 0 0 0 0 0
1481	0 0 0 0 2 0 0 0 0 0
1482	0 0 0 0 4 0 0 0 0 0
1483	0 0 5.76 0 0 0 0 0 0 26.24
1484	3.42 0 0 0.58 0 0 0 0 0 0
1485	0 3.8 0 0 0.04 0 0.02 10.14 0 0
1486	0.12 0.26 0 0.14 0.14 0.2 0.06 0.02 0.06 0
1487	0 0 0 4 0 0 0 0 0 0
1488	0.12 2.6 0 0 5.28 0 0 0 3 0
1489	0 0 0 0 0 5.9 2.1 0 0 0
1490	0 0 0 0 6 0 0 0 0 0
1491	0 0 0 6 0 0 0 0 0 0
1492	0 4 0 0 0 0 0 0 0 0
1493	0.14 0.16 0 0.16 0.2 0.16 0.1 0.06 0.02 0
1494	0.08 0.2 0 0.12 0.36 0.16 0 0.06 0.02 0
1495	0 0 0 0 15 0 0 0 0 0
1497	0 5.48 0 0 0.06 0 0 0 0.46 0
1498	0 4 0 0 0 0 0 0 0 0
1499	0 0 0 0 0 0 0 13 0 0
1500	0 0 0 0 5 0 0 0 0 0
1501	0 11 0 0 0 0 0 0 0 0
1502	0 0 0 3 0 0 0 0 0 0
1503	0 0 0 28 0 0 0 0 0 0
1504	0 0 0 0 0 0 0 0 0 11
1358	4.98 0 0 0 0 0 0.02 0 0 0
1505	0 0 0 0 0 0 0 4 0 0
1506	0 7 0 0 0 0 0 0 0 0
1507	0 2.98 0 0 0 0 0 0 0 0.02
1508	0.56 0 0 6.44 0 0 0 0 0 0
1509	0 0 0 4 0 0 0 0 0 0
1510	0 0 0 0 3 0 0 0 0 0.02
1511	0 0 0 0 0 0 0 8.98 0 0
1512	0 24 0 0 0 0 0 0 0 0
1513	0 0 4 0 0 0 0 0 0 0
1514	0 0 0 0 0 0 0 20 0 0
1515	0 0 0 0 0 0 3.96 0 0.04 0.02
1516	11.94 0 0 0 0 0 0 0 0 0.06
1517	0 0 0 0 0 13.98 0 0 0 0
1518	0 0 0 0 0 19.62 12.38 0 0 0
1519	0 0 0 6 0 0 0 0 0 0
1520	0 0 0 0 0 3 0 0 0 0
1521	0 0 0.02 11.98 0 0 0 0 0 0
1522	0 0 0 0 0 14.42 0 0 2.58 0
1523	0 6 0 0 0 0 0 0 0 0
899	5.08 0 0 0 0 0 0 0 0 16.92
1524	0 34 0 0 0 0 0 0 0 0
1525	4 0 0 0 0 0 0 0 0 0
1496	0 0 0 0 3 0 0 0 0 0
1526	3.96 0 0 0 0 0 0 0 0.04 0
1527	0 0 0 0 0 0 0 0 0 12
1528	0 0 0 0 0 7 0 0 0 0
1529	0.04 5.4 2.56 0 0 0 0 0 0 0
1530	0 0 0 0 0 0 0 0 8 0
1531	0 0 0 19 0 0 0 0 0 0
1449	0 28 0 0 0 0 0 0 0 0
1532	0 0 0 0 0 0 0 0 4 0
1533	3.98 0 0 0 0.02 0 0 0 0 0
1534	0 0 0 0 0 12 0 0 0 0
1353	0 5 0 0 0 0 0 0 0 0
1536	0.02 4.98 0 0 0 0 0 0 0 0
1537	0 0.04 0 0 0 0 0 15.96 0 0
1538	3.06 0 0 0 0 0 0 5.94 0 0
1539	0 0 0 7 0 0 0 0 0 0
1540	0.02 0 0 23.98 0 0 0 0 0 0
1541	0 5.34 0 1.26 0 0 0.4 0 0 0
1543	0 0 0 0 2.98 0 0 0.02 0 0
1317	0 0 0 5 0 0 0 0 0 0
1546	0.18 0.1 0 0.2 0.28 0 0.08 0 0.12 0.04
1547	6 0 0 0 0 0 0 0 0 0
1548	0.24 0.12 0 0.26 0.12 0 0.04 0 0.18 0.04
1549	0.14 0.12 0 0.26 0.26 0 0.06 0.02 0.12 0.02
1550	6 0 0 0 0 0 0 0 0 0
1551	0.16 0.12 0 0.32 0.24 0 0.02 0.02 0.06 0.06
1553	8 0 0 0 0 0 0 0 0 0
1554	0 0 0 4 0 0 0 0 0 0
1555	9 0 0 0 0 0 0 0 0 0
1556	0.06 0.1 0 0.32 0.26 0 0.1 0 0.16 0
1557	0.12 0.12 0 0.24 0.3 0 0.04 0.02 0.16 0
1558	0 19 0 0 0 0 0 0 0 0
1559	0.14 0.06 0.02 0.24 0.22 0 0.08 0.04 0.18 0.02
1560	0 5.22 0 0 0 0 0 5.78 0 0
1561	0.2 0.08 0.02 0.34 0.18 0 0.08 0 0.06 0.04
1562	0.1 0.08 0 0.3 0.26 0 0.08 0.04 0.1 0.04
1563	0.18 0.1 0 0.24 0.2 0 0.12 0 0.12 0.04
1565	0.16 0.18 0 0.24 0.2 0 0.1 0 0.08 0.04
1566	0.16 0.08 0 0.32 0.18 0 0.16 0 0.08 0.02
1567	0.18 0.16 0 0.26 0.22 0 0.08 0.02 0.06 0.02
1568	0.16 0.08 0 0.3 0.26 0 0.06 0.02 0.1 0.02
1569	0.06 0.08 0 0.3 0.38 0 0.02 0.02 0.12 0.02
1570	0.1 0.06 0 0.28 0.32 0 0.04 0 0.2 0
1571	0.16 0.1 0 0.28 0.16 0 0.18 0 0.12 0
1572	0.14 0.14 0 0.2 0.3 0 0.1 0 0.1 0.02
1575	0.08 0.08 0.02 0.34 0.2 0 0.12 0 0.14 0.02
1576	0.14 0 0 0.2 0.32 0 0.08 0.04 0.18 0.04
1577	0.16 0.14 0 0.16 0.18 0 0.14 0.04 0.16 0.02
1578	0.14 0.1 0 0.26 0.24 0 0.14 0.02 0.1 0
1579	0.12 0.04 0 0.24 0.4 0 0.04 0 0.14 0.02
1580	0.06 0.12 0 0.16 0.34 0.02 0.12 0 0.16 0.02
1581	0.1 0.12 0 0.3 0.24 0 0.1 0 0.12 0.02
1582	0.1 0.14 0 0.12 0.3 0 0.2 0.02 0.1 0.02
1583	0.1 0.08 0 0.32 0.2 0 0.08 0.02 0.12 0.08
1584	0.08 0.12 0 0.24 0.22 0 0.12 0.06 0.14 0.02
1585	0 0 0 0 0 0 0 0 5 0
1586	0.22 0.12 0.02 0.26 0.14 0 0.16 0 0.06 0.02
1587	0.12 0.06 0.02 0.32 0.26 0 0.08 0 0.14 0
1588	0 0.02 0 0 0 0 0 3.98 0 0
1589	0 0 0 0 0 0 0 9 0 0
1590	0.24 0.1 0 0.16 0.28 0 0.06 0.06 0.1 0
1591	0 18 0 0 0 0 0 0 0 0
1592	0 0 0 0 0 0 0 0 9 0
1593	0 0 0 0 0 0 4 0 0 0
1595	0 0 2 0 0 0 0 0 0 0
1596	0 0 2 0 0 0 0 0 0 0
1597	0 0 11.12 0 0 0 0 0 0.88 0
1545	4 0 0 0 0 0 0 0 0 0
1598	0 0 0 0 0 0 0 0 0 10
1552	0 0 0.02 0 0.02 4.96 0 0 0 0
1599	0 4.98 0 0 0 0 0 0 0 0.02
1601	0.08 0.08 0.22 0 0 0.16 0.04 0.34 0 0.08
1602	0 0 0 0 0 0 0 0 0 10
1603	1.04 0 0 0 0 0 0 0 1.96 0
1605	0 0 0 0 0 0 0 7 0 0
1606	0 0 0 0 0 0 0 2 0 0
1607	0 0 0 0 0 0 0 0 0 10
1608	0 0 5.96 0 0 0 0.04 0 0 0
1609	0 0 0 0 0 0 0 0.02 0 4.98
1612	0 0 0 0 0 0 0 0 0.94 13.06
1613	0 0 0 0 0 0 0 0 0 4
1542	0 0 0 0 4 0 0 0 0 0
1614	0 3 0 0 0 0 0 0 0 0
1616	0 4 0 0 0 0 0 0 0 0
1600	0 0.08 0 0 0 0 0 9.86 0.06 0
1617	0 0 0 0 0 0 0 0 0 6
1618	0.02 0.02 0.22 0.26 0.06 0 0.36 0 0 0.06
1619	0 0 3 0 0 0 0 0 0 0
1620	0 0 0 0 0 22 0 0 0 0
1621	0.1 0 0.1 0.22 0.28 0.1 0.04 0.04 0 0.12
1622	0 5 0 0 0 0 0 0 0 0
1535	0 7 0 0 0 0 0 0 0 0
1623	0 0 0 0 0 0 0 0 12 0
1624	0 0 0 0 0 0 0 0 0 2
1615	0 0 0 0 0 15.44 2.08 0 0 0.48
1610	0 0 0 0 0 1.48 0 0 0 1.52
1627	0 0 0 0 0 0 3 0 0 0
1629	2.96 0 0 0 0 0 0.04 0 0 0
1632	0.02 0 0 0 0 0 0 2.96 0.02 0
1633	0 0 0 0 0 0 0 3 0 0
1634	0 2 0 0 0 0 0 0 0 0
1635	0 3 0 0 0 0 0 0 0 0
1639	0 0 0 0 0 0 0 0.06 3.92 0.02
1642	0 0 0 0 0 0 0 0 0 9
1644	0 0 0 0 0 0 0 0 0 3
1646	0 0 0 0 0 0 7 0 0 0
1647	0 0 0 0 0 0 0 2.94 0.06 0
1648	0 2 0 0 0 0 0 0 0 0
1649	0 3 0 0 0 0 0 0 0 0
1650	0 0 0 0 0.46 0 0 0 0 3.54
1651	0 4 0 0 0 0 0 0 0 0
1652	0 0 0 0 0 0 0 4 0 0
1628	0.04 0 0 0 0 0 0 0 9.96 0
1653	0 5 0 0 0 0 0 0 0 0
1654	0.02 0.08 0.26 0 0 0.08 0.06 0 0 0.5
1655	0 0 0 2 0 0 0 0 0 0
1544	0 0 0 0 0 7 0 0 0 0
1656	0 0 0 0 0 0 0 0 0 2
1657	0 0 0 0 0 0 3 0 0 0.02
1658	0 0 0 0 0 6.76 0 0 0 2.22
1631	0 3 0 0 0 0 0 0 0 0
1660	2 0 0 0 0 0 0 0 0 0
1661	0.14 0 0.04 0.2 0.2 0 0.06 0.06 0.22 0.08
1662	0 0 0 0 0 0 0 5 0 0
987	0 0 0 0 0 0 0 4 0 0
1643	0 0 0 0 0 0 0 2 0 0
1663	0 0 0 0 0 0 0 0 0 2
1666	0 0 0 0 0 0 0 0.36 0 1.64
1669	0 0 0 0 0 0 0 0 0 2
1433	0 0 0 0 0 0 0 0 0 3
1672	0 0 0 0 0 0 4 0 0 0
1673	0 0 0 0 0 0 0 0 3 0
1664	0 0 0 0 0 5 0 0 0 0
1677	0 0 0 0 0 3 0 0 0 0
1678	0 0 0 0 0 0 0 0 0 1
1679	0 0 0 0 0 0 0 0 0 3
1573	0 0 0 0 0 0 3.98 0 0 4.3
