3	125.6 0 0 0 0 0 0 0 70.4 0
4	0.36 0 0 103.86 0 360.92 0 0 0 142.86
5	20.58 0 0 0 0 195.42 0 0 0 0
6	0 0 0 0 48.16 0 0 30.84 0 0.02
7	0.34 0 0 0 58.46 292.6 353.44 0 345.92 161.22
10	0.02 105.32 0 97.54 0 0 0 0 73.76 4.38
11	241.16 0 90.46 0 199.2 0 0 0 0 130.16
12	6.72 0 0 0 398.5 259.64 0 0 91.3 144.86
13	0.44 207.24 0 21.2 0 0 0 0 218.34 52.78
14	0 420.18 0 0 54.9 0 0 0 109.84 0.08
15	1 74.38 0 0 0 0 442.38 0 107.32 242.9
16	0 107.98 0 0 0 0 0 0 0 0.04
17	0 0 0 0 0 236.96 0 0 0 0.02
18	0.02 18.98 0 0 0 0 0 0 0 0
19	0 208 0 0 0 0 0 0 0 0
20	18.14 0 0 0 24.96 0 0 0 134.84 0.1
23	0 0 0 33.52 480.04 83.4 0 0 0 0
24	0.56 0 0 0 0 193.18 158.96 0 115.3 0
25	198.14 177.28 49.6 0 0 0 282.28 0 22.9 71.8
27	0.02 0 0 0 0 137.98 0 0 0 0
28	0.02 0 203.04 0 122.3 152.28 0 0 0 413.36
29	0 0 84.8 0 0 154.2 0 0 0 0
31	0.02 0 0 0 0 224.02 0 0 0 216.96
33	0 17.08 0 0 0 244.92 0 0 0 0
35	0 0 0 0 0 21.98 0 0 0 0.02
36	5.02 1.62 0 14.36 0 0 0 0 0 0
39	0 0 0 33.92 0 192.06 0 0 0 0.02
41	0 0 48.6 0 0 35.4 0 0 0 0
42	26.8 97.2 0 0 0 301 0 0 0 0
43	17.12 0 0 0 0 74.88 0 0 0 0
44	0.06 0 113.16 0 47.34 61.44 0 0 0 0
45	0 53.48 0 0 215.52 0 0 0 0 0
46	0 0.02 0 92.96 0 0 0 0 0 0.02
47	0 0 144.02 0 254.64 0 0 0 0 0.34
48	0.02 0 0 0 222.42 61.38 0 0 0 120.18
49	0 0 222.96 0 0 0 0 0 0 0.08
50	0.08 0 0 0 218.94 185.94 698.9 0 264.96 643.14
51	0 0 173.66 0 0 26.56 0 0 0 40.78
52	0 0 65.88 0 222.12 0 0 0 0 0
53	0 0 0 0 0 287.98 0 0 0 0.06
54	0 0 92.58 0 0 154.38 0 0 0 0.02
55	0 0 0 9.38 0 419.86 0 0.02 0.14 43.6
56	1.36 0 0 0 349.36 452.42 0 0 29.56 407.28
57	0 0 0 64.88 0 0 0 0 69.12 0.04
58	0.04 0 155.9 0 227.96 0 0 0 0 97.06
59	0 152.54 0 107.46 0 0 0 0 0 0
60	0 77.28 0 0 116.7 0 0 0 0 0.04
61	0 94.74 0 66.24 0 0 0 0 0 0
62	0 0 0 0 0 328 0 0 0 0
64	72.66 0 0 0 290.48 174.68 0 0 0 467.18
65	0 0 219.66 0 120.98 0 0 0 0 0.38
66	0.02 0 327.48 0 0 0 0 0 0 133.48
67	0 0 266 0 0 0 0 0 0 0
69	0.04 0 139.24 0 61.86 197.92 0 0 0 578.96
70	0.02 106.1 208.06 0 197.88 0 0 0 0 204.94
71	0 0 344.76 0 0 0 0 0 0 334.24
72	0 0 295.74 22.24 0 0 0 0 0 0
73	0.02 0 261.08 0 0 0 0 0 0 107.9
74	0 0 0 0 0 19 0 0 0 0
76	0 0 0 41.06 0 110.94 0 0 0 0
77	45.32 0 250.1 0 0 0 0 0 0 96.58
78	0 0.02 0 0 0 62.66 0 0 0 0.36
79	0.28 0 0 0 139.14 413.6 0 0 0 545.96
80	30.7 0 0 0 0 115.28 0 0 0 0
81	0 0 0 0 211.82 93.14 0 0 0 0.08
82	0 0 185.76 0 0 336.1 0 0.02 0 277.08
83	0 114.1 217.26 17.74 101.64 0 0 0 0 125.26
84	0 0 35 0 0 0 0 0 0 0
85	0 0 133.98 0 0 0 0 0.02 0 0
86	0.02 181.42 47.26 0 198.68 0 0 0 0 78.62
87	0.18 0 154.34 0 125.9 0 0 0 0 145.6
88	0.02 0 412.8 0 0 0 0 0 0 193.16
90	0 0 226 0 0 0 0 0 0 0.02
91	0.02 0 267.46 0 111.62 35.78 0 0 0 1.12
92	0.18 0 0 0 0 242.92 0 0 59.8 0.08
94	0 0 342.98 0 0 0 0 0 0 0.02
95	0 0 348.82 0 0 0 0 0 0 303.18
96	0.1 0 0 0 148.06 530.56 0.02 0 0 333.3
97	0.04 0 267.48 0 5.36 57.5 0 0 0 427.58
98	0 0 0 0 331.32 359.22 0 0 0 648.48
100	0 209.04 0 0 309 86.42 347.62 0 548.18 224.72
101	0 0 0 0 0 175.14 12.86 0 0 0
102	0 0 147 0 0 0 0 0 0 0
103	11.1 0 12.9 0 0 0 0 0 0 0
104	5.06 0.68 0.14 0 0.12 0 0 0 0 0
106	107.34 16.5 0 0 0 0 61.16 0 0 0
107	37.96 79.04 0 0 0 0 0 0 0 0
108	46.38 0 0 0 23.68 0 0 0 96.94 0
109	0.28 0 0 0 0 140.26 125.76 0 88.7 0
110	0 0 57.96 0 0 0 0 0 0 0.08
111	252.4 146.56 0 0 0 0 229.48 0 0 107.52
112	0 0 0 0 0 0 31.78 0 0 11.22
113	0 30 0 0 0 0 0 0 0 0
114	0.04 0 69.66 0 166.3 0 0 0 0 0
115	0 0 19.44 0 21.56 0 0 0 0 0
116	0 395.44 0 0 0 0 0.02 0 0 0.56
117	122.2 0 0 0 0 36.3 621.6 0 132.94 175.94
118	181.42 0 0 1.24 0 0 513.64 0 0 63.7
120	0 0 0 0 0 43.68 74 0 0 0.36
121	115.8 0 0 0 0 172.06 675.26 0 49.14 195.7
122	172.56 0 0 0 0 0 40.34 0 0 0.12
123	0.12 0 0 0 0 0 197.44 0 57.42 0
124	0.12 139.6 0 91.34 0 0 0 0 362.9 1.08
125	264.56 0.02 0.02 0 0 0 289.78 0 47.44 127.14
126	103.2 73.88 0 0 0 0 4.42 0 59.88 25.64
127	0.42 0 0 0 320.12 71.22 351.98 0 380.56 303.7
128	0 0 39.76 0 0 145.92 0 0 0 0.3
129	34.86 0 0 0.06 0 0 0 0 384.08 0
130	0 15.2 0 0 14.06 0 16.74 0 0 0
132	0 0 97.48 196.72 40.12 0 0 0 0 439.68
134	0.38 0 0.24 76.1 489.44 0 0 0 0 146.84
137	0.02 269.42 0 0 101.04 0 0 0 145.52 0
139	0 0 107 0 0 0 0 0 0 0
140	0 0 109.74 0 0 0 0 0 0 30.26
142	0 0 159 0 0 0 0 0 0 0
143	0.06 0 269.6 0 53.92 0 0 0 0 342.42
145	0.02 0 96.18 9.1 0 0 19.7 0 0 0
148	115.22 2.44 0 0 0 0 199.68 0 0 31.66
149	0.08 0.02 0.18 0 0 0 0 0 55.72 0
150	1.08 0 0 0 0 52.88 0 0 426.94 0.1
151	0.14 1.66 0 0 0 74.84 396.6 0 204.46 261.3
152	0 0 0 161.48 97.52 0 0 0 0 0
153	0 0 230.44 0 256.68 61.92 0 0 0 223.96
154	0 0 120.04 0 187.4 145.4 0 0 0 70.16
155	0.04 0 248.96 0 0 0 0 0 0 0
156	0.04 0 0 0 237.24 205.72 0 0 0 0
157	0 0 0 36 0 177.24 0 0 0 158.76
159	0 0 60.6 0 0 201.4 0 0 0 0
160	0 0 0 0 133.58 72.42 0 0 0 0.02
161	0.84 0 106.24 0 0 357.38 0 0 0 141.52
162	0.04 0 108.24 68.58 0 0 0 0.1 0 135.06
163	0 0 99.38 88.04 46.28 0 0 0 0 49.28
164	0 0 0 0 0 320.2 0 0 0 132.8
165	0 82.84 0 0 119.16 0 0 0 0 0
167	0.04 0 156.96 0 0 0 0 0 0 0.02
168	0 0 120.12 0 348.36 187.7 0 0 0.02 356.78
169	0 0 142.52 0.04 286.5 0 0 0 28.92 0.02
170	0 67.26 0 12.34 303.4 0 0 0 0 0
171	0 0 0 0 167 0 0 0 0 0.02
172	0.36 0.1 0 0 176.08 483.54 0 0 0 640.92
174	0.24 0 0 0 273.2 432.3 0 0 0 726.28
175	0.02 0 0 41.7 404.64 156.6 0 0 0 0
177	0.16 0 0 100 0 230.78 0.04 0 0 93.02
178	0.02 0 58.78 0 262.02 0 0 0 0 143.24
180	0.02 0 0 0 480.14 90.32 0 0 0 156.46
182	0.3 0 0 0 337.06 307.22 0 0 0 84.42
183	0.04 0 0 0.08 242.1 416.26 0 0 0 298.52
184	0.08 0 0 0 0 333.9 0 0 0 0.04
185	0.38 0 0 196.28 156.28 191.46 0 0 0 209.58
186	0 0 0 0 234.86 277.06 0 0 0 262.08
188	0 0 0 0 234.92 288.46 0 0 0 3.64
189	0.06 0 79.12 0 136.8 0 0 0 0 0
190	0.3 0 10.18 57.1 232.18 0.02 0 0.06 0 97.16
191	0.2 0 205.78 0 349.6 0 0 0 0 344.42
192	1.3 0 0 0 374.48 19.2 0 0 0 0.02
193	0 0 0 0 152.64 117.28 0 0 0.02 229.08
195	0.04 0 0 0 175.5 458.42 0 0 0 326.04
196	0.02 0 220.36 0.04 194.88 67.76 0 0 0 324.92
198	0.06 0 0 28.92 303.04 28.12 0 0 0 31.88
199	0 0 0 192.92 96.88 0 0 0 0 258.22
200	0 0 0 0 158.44 313.98 0 0 0 178.54
201	0.02 0 0 0 0 227.96 0 0 0 4.06
202	0.32 0 330.7 0 57.2 112.64 0 0 0 375.1
203	0.08 0 0 146.92 0 218.48 0 0 0 181.56
204	0.04 0 228.76 0 96.22 204.84 0 0 0 549.1
206	1.44 0 0 0 29.6 104.82 0.14 0 0 0
207	0.1 7.86 0 29.88 103.68 0 0 0 0 48.48
208	0.1 0 186.56 45.66 190.24 49.32 0 0 0 179.12
209	0.02 0 0 48.56 290.94 152.78 0 0 0 89.72
210	0.16 0 138.02 0 108.16 332.8 0 0 0 430.86
212	0 0 29.68 0 236.3 0 0 0 0 0
213	0.02 197.88 0 0.08 159.3 0 0 0 0 76.74
214	0 0 0 0 100.94 165.1 0 0 0 40.96
215	0 0 254.28 0 0 0 0 0 0 388.74
216	0.3 0 345.4 0 205.38 0 0 0 0 355.88
217	0.04 0 0 0 0.02 297.94 0 0 0 0
218	0.48 0 0 49.92 0.08 398.94 0 0 0 48.58
219	0 0 0 0 0 296.98 0 0 0 0.04
221	0 149.6 0 0 0 0 0 0 47.38 0
222	0 0 0 0 36.06 148.46 533.08 0 106.86 253.54
223	0.64 68.8 100.48 6.28 160.84 0 0 0 0 142.96
224	0 127.98 0 0 0.02 0 0 0 0 0
225	0.18 0 107.8 0.02 0 0 142 0 0 0
226	0.04 0 0.02 0 0 452.32 0.04 0 0 0.6
227	0 0 0 0 0 351.78 0 0 0 86.22
228	0.16 0 0 0 1.62 428.16 0 0 0 340.04
229	0.16 0 60.34 0 0 353.5 0 0 0 0
230	0.18 0 0 0 0 396.6 0.02 0 0 142.2
231	0 0 80.02 0.02 0 217.86 0 0 0 3.1
232	0 0 52.36 0.04 0 211.6 0 0 0 0
233	0.14 0 0 0 0 348.82 0 0 0 0.08
235	0.06 0 142.98 0 0 0 221.24 0 134.66 0.02
236	0 39.36 0 0 0 0 0 0 87.64 0
238	1.02 0 171.42 0 405.1 60.24 0 0 0 160.22
240	137.76 0 0 0 0.04 111.96 99.24 0 0 0
241	0.08 0 110.62 30.68 0 183.24 0 0 0 36.38
242	0 0 0 29.7 0 0 0 188.08 148.22 0
243	0.06 0 21.96 0 0.02 0 115.54 119.42 0 0
244	0 31.74 0 0 0 0 0 0 77.26 0.02
245	71.44 0 0 0 0 0 154.34 371.84 0 11.42
248	107.72 0 0 0 0 0 78.44 0 290.78 0
250	0 0 0 0 0 115.22 294.52 0 135.26 0
251	0 131 0 0 0 0 0 0 0 0
252	0 0 58.1 0 0 0 318.9 0 0 0
253	0.02 88.98 0 0 0 0 0 0 0 0
254	0 0 56.9 0 0 0.18 68.92 0 0 0
255	140.04 80.64 0 0 0 0 197.92 0 46.34 0.08
258	0 101.56 0 0 131.98 0 479.12 691.56 59.46 77.3
259	0 0 54.6 0 0 0 72.26 232.14 0 0
260	0 0 0 0 0.02 37.36 69.9 147.72 0 0
261	0 0 0 0.02 0 0.34 0 89.64 0 0
262	0 59.24 0 0.06 0 21.22 0 112.48 0 0
263	0 0 0 0 0 0 0 24 0 0
264	0.02 0 0 15.82 0 0 0 161.72 27.44 0.02
265	0 0 0 0 0 380.74 0 0 0 311.26
266	0 0 0 0.1 0 0 0 76.88 0 0
267	0.02 0 0 0 0 0 0 0 30.98 0.02
272	0.14 58.08 0 0 67.02 0 0 547.6 0 25.2
237	258.68 187.16 0 0 0 0 384.22 0 82.92 197.96
257	0.24 122.66 0 0 0 0 681.8 0 88.3 0.02
269	0.02 193.88 0 0 114.2 0 0 563.34 127.52 0.02
274	234.9 73.98 0 0 0 0 112.64 0 0 115.48
275	0.02 559.36 0 0 0 0 133.68 0 0 183.94
278	156.58 0.42 0 0 0 0 0 0 0 0
279	0 83 0 0 0 0 0 0 0 0
280	178.22 19.74 0 0 0 0 0 0 0 0.04
281	175.68 0 0 0 0 0 184.32 0 0 0
284	268.62 0 0 0 0 0 79.76 0 62.94 75.68
285	0 336.62 0 42.56 0 0 0 0 168.82 0.02
286	0.76 321.68 0 0 162 0 78.66 663.08 130.52 101.34
288	104.14 0 0 0.02 0 124.84 269.22 529.58 127.24 58.92
289	0.66 168.68 0 0 31.44 0 124.12 297.22 0 10.88
290	70.12 37.4 43.42 0 0 0 79 0 0 0.06
292	12.12 60.7 0 0 0 0 0 277.08 0 0.08
296	0 16 0 0 0 0 0 0 0 0
297	0.02 156.98 0 0 0 0 0 0 0 0
298	0 0 0 0 0 0 416.4 0 158.6 0
299	0.02 0 0 0 0 0 0 188.98 0 0.02
300	0.04 0 0 0 0 0 374.68 702.88 0 158.38
301	9.72 187.68 0 0 0.02 0 0 424.56 0 0.04
302	0.04 1.48 0.04 0 152.86 0 0 652.64 197.92 0
303	0.06 144.08 0 0 0 0 0.02 258.84 0 0
304	25.9 59.98 0 0 0 0 0 310.08 0 50.08
307	0 0 0 0 0 0 93.1 492.86 0 0
308	0 0 0 0 0 0 0 62 0 0
311	0 59.58 0 0 0 0 0 163.4 0.02 0
312	0.6 0 0 0 0 0 0 201.4 0 0.02
313	2.06 119.08 0 0 7.36 0 196.76 756.38 0 107.34
314	0 0 0 0 0 0 0 5 0 0
315	0.08 0 55.92 0 0 0 0 446 0 0
316	0 0 0 0 0 0 0 361 0 0
271	0.26 0 0 0 26.28 78.56 95.36 333.54 0 0
294	162.4 0 0 0 0 0 375.2 534.88 45.8 166.72
318	8.88 0 0 0 346.14 83.72 0 0 0 617.26
319	0 175.28 0 0 0 0.06 0.08 215.26 21.18 0.16
323	0 0 0 0 0 0 261.1 298.88 0 0
324	0 0 0 0 37.98 0 0 149.86 107.12 0.04
325	1.12 56.9 0 0 0 0 47.8 151.18 0 0
326	0 0 0 0 0 0 75.68 411.3 0 0.02
327	0 0 0 0 0 0 0 401.24 84.76 0
328	35.86 0 0 0 0 0 236.72 523.32 0.02 38.08
330	0 0 0 0 0 0 0 104 0 0
331	0 0 0 0 0 0 0 312.58 0 0.44
332	0 0 0 0 0 0 0 417.98 0 0
333	0.04 0 0 0 0 0 100.82 515.08 105.04 0.02
334	0.04 0 0 0 0 0 0 129.86 32.1 0
335	0.02 0 0 0 0 0 0 41.98 0 0
336	0 0 0 0 0 0 0 88 0 0
337	0 0 0 24.02 0 0 0 21.98 0 0.04
340	0 0 0 0 80.24 0 0 386.16 71.56 0
341	0 0 0 0 0 0.02 0 23.98 0 0
343	0 0 0 0 0 31.52 52.98 209.5 0 0
344	0 0 0 0 0 0 0 161 0 0
345	0 33.88 0 3.46 0 0 0 137.64 0 0.06
346	0 0 0 0 0 0 0 286.16 65.8 0.02
347	0 37.94 0 0 0.02 0 0 345.02 0 0
348	0 0 0 0 0 0 0 72 0 0
349	0 0 0.34 0 0 0 0 65.66 0 0
350	0 0 0 0 0 0 0 107 0 0
351	0 0 0 0 0 0 0 26.76 22.24 0.02
352	0 0 0 0 0 0 0 47.98 0 0
353	0 0 0 0 0 0 0 32 0 0
354	0 0 0 0 0.96 0 0 191.04 0 0
356	0.02 0 125.14 0 0 62.18 0 0 0 69.68
357	0.02 0 0 0 443.58 7.12 0 0 0 437.26
358	0 0 0 0.02 0 0 149.26 147.72 0 0
359	0 0 0 0 0 0 0 54 0 0
360	0 0 0 0 0 0 0 0 24 0
361	0 0 0 0 0 0 0 34 0 0
362	0 0 0 0 0 0 0 68 0 0
1	48.22 0 104.78 0 77.46 0 577.46 0 218.2 365.88
2	0 0 0.1 0 0 312.88 0 0 0 38.02
40	0.08 0 130.92 0 0 0 0 0 0 0
63	0 0 198 0 0 0 0 0 0 0
89	0.06 0 0 0 397.58 335.82 0 0 0 140.54
105	0 0 0 0 0 48.48 78.52 0 0 0
144	0 0 0 0 0 425.6 0 0 0 361.46
173	1.3 0 311.64 0 187.12 124.86 0 0 0 531.02
176	0.34 0 0 0 117.92 431.22 0 0 0 304.54
181	0.04 0 0 0 135.16 237.82 635.18 0 177.44 432.38
211	0 0 0 138.84 197.86 78.3 0 0 0 208.98
234	0.02 0 0 70.42 81.52 378.78 0 0 0 322.26
239	0.02 0 207.04 0 0 154.52 0 0 0 72.4
363	53.62 0 0 0 0 44.94 15.44 0 0 0
364	0 0 70 0 0 0 0 0 0 0
365	0 0 111 0 0 0 0 0 0 0
366	34.08 0 0 0 0 98.92 0 0 0 0
367	4.32 0 253.98 93.06 0 131.64 0 0 0 0
368	49 0 0 0 0 0 0 0 0 0
369	109 0 0 0 0 0 0 0 0 0
370	0 0 0 0 0 0 53.6 0 18.4 0
372	18.06 81.94 0 0 0 0 0 0 0 0
373	0 0 0 0 0 90 0 0 0 0
374	1.38 0 20.62 0 0 0 0 0 0 0
375	0 0 39 0 0 0 0 0 0 0
376	44 0 0 0 0 0 0 0 0 0
377	0 0 27.98 0 0 0 0 0 0 0.02
379	0.02 0 0 0 0 102.98 0 0 0 0
380	0 0 178.9 0 0 120.08 0.02 0 0 0
382	0 72.98 86.02 0 136.94 0 0 0.06 0 0
383	40.1 0 0 0 11.9 0 0 0 0 0
384	0.02 0 167.98 0 0 0 0 0 0 0
385	0 0 0 0 0 447.06 0 0 0 161.94
386	0 0 210 0 0 0 0 0 0 0
387	0.02 0 125.98 58.96 0 0 0 0 0 0.04
388	0 0 47 0 0 0 0 0 0 0
389	0 0 44.82 0 0 0 0 0 0 30.18
391	0 0 0 0 0 126 0 0 0 0.02
393	0.02 0 496.96 0 0 0 0 0 0 51
394	0 0 29 0 0 0 0 0 0 0
396	0 0 58.86 62.14 0 0 0 0 0 0
397	22 0 0 0 0 0 0 0 0 0
398	37.08 0 0 0 0 0 0 0 0 10.92
400	0 0 33 0 0 0 0 0 0 0
402	0.02 0 380.3 0 0 0 0 0 0 100.7
403	0.02 0 199.72 0 0 323.82 0 0 0 0.42
404	0.02 0 235.14 0 29.84 0 0 0 0 0
406	0 0 8.74 0 0 0 98.26 0 0 0
407	86.32 0 0 0 0 0 0 0 0.68 0
409	185 0 0 0 0 0 0 0 0 0.02
410	195.24 0 0 0 0 54.46 87.54 0 68.74 0
411	307.04 0 0 0 0 0 82.88 0 0 0.08
412	171.68 0 0 0.02 0 0 0 0 8.3 0
413	17.62 0 0 0 0 75.38 0 0 0 0
417	0 0 177.84 0 0 0 0 0 0 0.18
418	0.04 0 261.44 0 0 0 0 0 0 135.52
419	0.2 0 232.06 0 12.4 0 0 0 0 295.32
420	0 0 242 0 0 0 0 0 0 0
421	39.96 88.98 0 5.52 0 157.54 0 0 0 0
422	0.02 0 0 0 0 40.54 0 0 0 21.48
423	0.34 0 192.32 0 121.56 116.36 0 0 0 451.38
424	0 0 0 0 0 13.62 8.38 0 0 0.02
425	0 0 94.96 0 172.02 0 0 0 0 0
426	0 0 0 0 0 80.96 0.04 0 0 0
428	0.02 0 93.28 0 260.62 0 0 0 0 0.08
429	0 0 0 130.36 63.1 36.42 0 0 0 96.12
431	0 0 0 0.46 0 399.6 0 0 0 80.94
433	0 0 145.92 0 230.36 154.08 0 0 0 0.64
434	0 0 0 128.14 0 82.76 0 0 0 0.1
435	0 0 0 0 286.56 87.56 0 0 0 300.9
436	0 0 0 73.14 0 197.84 0 0 0 0
438	0 0 0 6 0 0 0 0 0 0
439	0 0 0 5 0 0 0 0 0 0
441	0 0 0 0 0 121 0 0 0 0
444	0 0 0 0 0 102 0 0 0 0
445	0 0 0 60 0 0 0 0 0 0
446	0 0 0 0 0 20 0 0 0 0.02
447	0.04 0 59.34 89.38 0 204.22 0 0 0 0
448	0 0 0 59.32 0 176.68 0 0 0 0
450	0.02 0 0 0 0 121.98 0 0 0 0
453	0 0 0 0 0 21 0 0 0 0
454	0 0 17.44 0 7.5 13.06 0 0 0 0
455	0 0 0 0 0 128.14 188.32 0 56.54 0
457	0 0 0 0 0 4.88 27.06 1.02 0.02 0.04
8	0.04 0 253.06 0 184.52 0 0 0 0 257.36
9	70.02 125.9 0 0 41.16 0 126.48 0 450.4 160.04
32	0 0 0 0 227 0 0 0 0 0
131	0.02 0 0 176.52 0 0 0 0 0 108.46
133	0 0 36.38 219.5 0 0 0 0 0 262.12
135	0.02 0 0 0 422.36 112.06 0 0 0 297.56
136	0.36 0 0 179.16 0 0 0 0 0 175.48
187	0.06 0 0 0 396.3 149.38 0 0 0 177.26
197	0.02 0 0 0 500.88 0 0 0 0 269.1
205	0.04 0 0 0 174.14 5.24 0 0 0 271.58
268	0.12 50.04 0.46 0 0 1.28 0 378.34 381.72 0.04
276	0.02 0 0 0 0 0 155.08 0 580 138.9
306	0.1 130.74 0 0 0 0 0 169.16 0 0
309	0.04 0 0 7.72 0 0 0.04 63.2 0 0
317	0 0 60.8 128.02 0 0 0 0 0 118.18
432	0 0 272.56 107.86 0 0 0 0 0 160.58
458	0 61.88 0 0.02 0 0 79.04 0 78.06 0
459	0 47.76 0 0 0 0 0 0 0 27.24
460	0 0 0 0 0 0 0 0.02 53.98 0.02
462	0.6 119.66 51.74 0 279.98 0 0 0 0 0
463	0 0 31.06 0 150.94 0 0 0 0 0
464	0 0 0 84 0 0 0 0 0 0
466	0 0 0 0 130.52 0 0 0 31.48 0
467	18.82 0 18.08 0 109.1 0 0 0 0 0
468	0 0 129.32 0 0 0 0 0 0 38.7
469	0 0 0 0 141.06 32.9 0.02 0 0 0
470	0 0 52.94 0 0.2 193.08 0 0 0 58.78
471	176.88 63.82 0 0 0 0 323.48 0 0 112.82
472	80.06 0 0 0 0 110.6 241.34 0 0 0.04
474	0.02 0 0 87.96 430.44 8.22 0 0 0 128.32
475	0 18.32 0 0 126.44 0.48 0 0 622.76 0
476	318.52 34.08 0 0 0 0 61.4 0 0 0
477	70.22 0 34.02 0 0 0 137.74 0 0 22.04
478	0.04 0 0 0 175.68 0 0 0 0 158.26
479	0.28 0 0 235.98 226.36 0 0 0 0 137.4
480	0.02 0 0 207.9 185.94 0 0 0 0 230.12
481	0 0 0 206.86 0 0 0 0 0 0.16
483	0 0 0 221.06 264.74 0 0 0 0 341.18
484	0 0 0 248.94 74.2 0 0 0 0 150.86
486	0.18 0 26.96 0 118.88 0 0 0 0 66
487	6.94 0 0.1 133.44 0 0 0 0 0 89.5
488	0.02 0 0 163.42 36.56 0 0 0 0 0
489	0 0 0 158 0 0 0 0 0 0
490	0 0 0 147.52 0 0 0 0 0 15.48
491	0 0 77.98 109.72 0 0 0 0 0 0.3
492	0 0 0 131.68 59.18 0 0 0 0 0.14
496	0.46 0 145.88 231.06 10.06 0 0 0 0 408.54
497	0 0 0 170.96 0 0 0 0 0 33.04
498	0.02 0 0 270.58 9.36 0 0 0 0 250.06
499	0 0 0 0 197.98 0 0 0 0 0
500	0 0 33.1 0 0 0.02 0 0 0 50.88
502	0.02 0 0 141.98 0 0 0 0 0 0
506	0 0 57.08 187.42 0 19.5 0 0 0 0
508	68.66 0 0 0 0 0.14 91.92 0 386.6 49.68
509	0.04 25.04 0 0 338.42 0 0 0 0 32.52
511	0.12 0 0 199.4 226.92 65.78 0 0 0 126.78
513	0.02 0 0 124.98 97.98 0 0 0 0 0
515	0 0 0 0 361.38 6.42 126.68 0 183.44 0.08
517	0 0 0 168.64 84.36 0 0 0 0 0
518	0.06 0 0 0 224.2 41.74 0 0 0 0
519	0 0 0 206.8 75.18 0 0 0 0 0.04
521	0.1 0 0 125.5 186.28 0 0 0 0 62.1
523	0.02 0 0 0 282.12 0 0 0.04 0 232.84
524	0 0 0 0.02 147.96 0 0 0 0 0
525	0 0 0 211 0 0 0 0 0 0
526	0.02 0 0 0 80.26 62.72 0 0 0 255
527	0.1 0 71.04 0 284.32 0 0 0 0 210.54
528	0 0 0 0 288.3 0 0.02 0.02 0 86.68
531	15.76 137.18 0.08 0 156.64 0 0 0 0 97.32
532	8.96 0 0 0 0 0 0 0 35.8 0.24
533	0 0 0 0 23.5 0 0 0 23.5 0
534	0 0 0 0 0 0 0 0 37 0
535	101.34 0 0 0 0 0 0 0 43.66 0
537	18.54 0 0 57.46 0 0 0 0 0 0
539	0 0 0 0 0.02 0 0 87.98 0 0
22	0.04 0 0 0 111.32 431.36 0 0 0 492.28
68	0.12 0 0 0 0 381.86 0 0 0 0.02
93	0 0 0 0 29.62 0 0 0 310.32 0.08
141	0 0 0 83.34 0 68.42 0 0 0 58.22
166	0 105.88 1.48 0 0 0 0 0 0 42.66
179	0 0 0 0 458.96 134.2 0 0 0 80.82
273	100.42 0 0 0 0 165.08 98.72 0 245.78 0
378	0 0 135.64 43.44 0 0 0 0 0 126.92
399	0 0 149.28 0 0 89.7 0 0 0 0.02
401	0 0 159 0 0 0 0 0 0 0
415	33.46 0 2.8 0 0.02 0 0 0 0 12.76
427	0.06 0 0 121.42 220.24 46.1 0 0 0 368.14
430	0.02 0 0 207.16 71.38 0 0 0 0 1.44
443	0 0 0 193.52 0 185.36 0 0.04 0 130.08
451	0.02 0 411.78 0 0 0 0 0 0 63.2
452	0 0 0 0 0 136 0 0 0 0
461	0 0 0 0 159.48 27.52 0 0 0 0
482	0 0 0 0 283.56 0 0 0 0 129.48
485	0 0 58.02 160.88 0 0 0 0 0 168.06
495	0 0 0 0 48.88 0 0 0 0 127.14
501	0 0 209.66 0 23.34 0 0 0 0 95.98
503	0 0 0 124 0 0 0 0 0 0.02
504	0 0 0 233.2 33.96 0 0 0 0 105.82
505	0.02 0 0 225.98 0 0 0 0 0 0
510	0.64 0 38.28 0 154.26 0 0 0 0 183.82
514	0.04 0 0 201.3 335.66 0 0 0 0 0.02
520	0.02 0 0 200.26 0 39.88 0 0 0 173.82
530	0.02 0 0 157.78 104.2 0 0 0 0 0
540	0.12 0 0 0 0 85.88 0 0 0 0
541	0 0 0 0 0 118 0 0 0 0
542	0 0 116.96 0 0 0 0 0 0 0.04
543	0 0 17.6 0 33.4 0 0 0 0 0
544	76.62 0 0 0 0 0 0 0 94.38 0
545	0 0 0 0 0 20 0 0 0 0
546	239.64 0 0 0 0 94.7 262.66 0 0 0
548	0 0 16 0 0 0 0 0 0 0
549	0.02 0 154.82 23.44 0 0 0 0 0 72.72
550	0.14 0 0 0 0 401.8 0 0 0 0.06
551	0 0 27.48 0 0 0 18.52 0 0 0
553	98.48 0 0 21.14 0 0 0 0 0 32.38
554	0 0 0 0 0 216.98 0 0 0 0.02
555	0 0 13.98 0 0 0 0 0 0 0.02
559	0.02 0 97.7 12.6 0 221.68 0 0 0 0
560	0 0 0 0 0 36.34 0 0 0 9.66
561	0 0 0 0 0 127 0 0 0 0
562	0 0 0 0 0.02 123.98 0 0 0 0
563	0 0 0 0 0 47 0 0 0 0
564	0 0 25.62 0 0.04 0 22.24 0 0 1.12
566	0.08 0 0 0 0 382.76 0 0 0 156.14
567	0 0 0.06 0 0 76.94 0 0 0 0.04
568	0 0 174.54 0 0 306.3 0 0 0 182.12
569	0.08 0 0 0 0 147.92 0 0 0 0
570	0.02 0 56.84 0 0 69.14 0 0 0 0
573	0 0 0 22.12 0 66.88 0 0 0 0
575	19.16 0 0 0 0 66.84 0 0 0 0
576	0.02 0 0 0 0 249.98 0 0 0 0
577	0 0 81.92 0 0 0 0 0 0 0.08
579	18.3 0 0 16.96 0 7.74 0 0 0 0
580	0 0 0 76.22 0 0 7.8 0 0 6
581	0.16 0 0 0 0 137.02 0 0 0.8 0.02
582	0.38 97.02 68.16 56.88 153.36 0 0 0 0 101.18
586	0 0 0 0 0 62 0 0 0 0
587	0 0 0 44 0 0 0 0 0 0
589	0 0 0 96.54 52.38 0 0 0 0 0.1
591	215 0 0 0 0 0 66.62 0 143.44 65.92
592	0.08 0 0 9.98 0 16.94 0 0 0 0
594	0 0 0 0 11 0 0 0 0 0
598	9 0 0 0 0 0 0 0 0 0
599	0.04 0.02 0.06 0.44 0.04 0.24 0 0.02 0 0.14
601	0 0 0 65 0 0 0 0 0 0.02
602	0 0 0 120.28 0 0 0 0 0 27.7
604	0 0 0 192.32 34.4 0 0.02 0 0 52.26
605	0 0 0 0 74 0 0 0 0 0
606	0 0 12.46 191.54 0 0 0 0 0 0
607	0 0 0 171.98 0 0 0 0 0 31.02
608	0 0 0 86 0 0 0 0 0 0
610	0 0 0 115 0 0 0 0 0 0
614	0 0 1.8 160.2 0 0 0 0 0 0
615	0 0 0 199.92 0 0 0 0 0 0.1
618	0 0 0 49.94 0.04 0 0 0 0 0
619	172 0 0 0 0 0 0 0 0 0
621	0.02 0 0 21.96 0 0 0 0.02 0 0
622	0 0 96 0 0 0 0 0 0 0
623	31.62 0 0 0 0 62.38 0 0 0 0
624	0 0 49.06 0 1.88 0 0 0 0 0.06
625	0.02 0 172.88 0.02 0 0 0 0 0 52.08
626	0 0 4.5 6.62 0 0 0 1.88 0 0
627	0.02 0 155.66 0 0 48.32 0 0 0 0
629	0 0 87.28 0 57.14 0 0 0 0 51.58
630	0 0 33.26 0 44.72 0.02 0 0 0 0
631	0.02 0 143.48 102.38 112.12 0 0 0 0 0
632	0 0 0 30.08 88.7 0 0 0 0 56.22
633	0 0 0 0 23.48 0.06 0 0 0 199.46
634	0 0 0 0 66.92 0 0.06 0 0.02 0
635	0 0 0 25.34 0 24.64 0 0 0 0.02
636	0 0 0 15.06 0 234.94 0 0 0 0
637	0 0 0 12.78 0 81.22 0 0 0 0
638	0.06 0 0 43.9 102.04 0 0 0 0 0
639	0 0 0 101 0 0 0 0 0 0
640	0.02 0 27.54 64.22 100.22 0 0 0 0 0
641	0 0 0 95.96 0 0 0 0 0 0.04
642	0 0 0 125.04 0 101.96 0 0 0 0
643	0 0 4.22 6.78 0 0 0 0 0 0
644	0 0 0 105.06 0 0 0 0 1.94 0
645	0.02 0 0 0 78.94 0 0 0 0 0.06
647	0.04 0 0 90.66 142.28 0 0 0 0 0
648	0.02 0 0 152.66 0 0 0 0 0 70.32
649	0 0 0 87.58 0 27.42 0 0 0 0
650	0 0 0 54.5 94.14 0 0 0 0 21.36
651	0.1 0 0 0 124.12 230.54 0 0 0.02 178.26
652	0 0 92.3 0 189.64 0 0 0 0 0.06
653	0 0 0 102.96 0 0 0 0 0 0
654	0.02 0 0 149.9 360 0 0 0 0 0.1
655	0.02 0 281.4 0 230.96 0 0 0 0 192.6
657	0.04 0 0 250.42 201.54 0 0 0 0 0
658	0.02 0 29.9 0 29.98 132.1 0 0 0 0
659	0.06 0 0 241.7 0 0 0 0 0 122.26
661	0.02 0 0 215.8 0 0 0 0 0 66.2
662	0.04 0 112.84 0 0 0 0 0 0 117.08
663	0.26 0 59.58 153.14 118.4 0.04 0 0 0 28.58
664	0 0 0 131.98 0 0 0 0 0 0.02
666	0 0 0 6.48 0.52 0 0 0 0 0
667	0 0 0 0 0 20 0 0 0 0
668	0 0 0 13 0 0 0 0 0 0
669	0 0 0 0 0 16 0 0 0 0
670	0 0 0 0 0 86 0 0 0 0
671	0.04 0 0 133.96 0 0 0 0 0 0
672	0 0 0 0 0 146.98 0 0 0 0.04
673	0 0 102.58 0 84.72 0 0 0 0 56.68
674	0.04 0 0 0 0 105.96 0 0 0 0
675	0 0 0 152 0 0 0 0 0 0.04
676	68.56 96.86 0 12 0 0 39.54 0 0 0
680	0 0 0 0 0 0 0 68 0 0
681	0 0 0.02 0 0 0 0 46.98 0 0
683	0 0 0 14.5 0 0 0 81.5 0 0
338	37.98 0 0 0 0 0 0 153.84 0 0.2
685	188.5 0 0 0 0 87.52 157.92 0 0 0.04
686	97.46 0 0 0 55.54 0 0 0 0 0
687	0 0 0 0 0 0 55.76 63.24 0 0
688	0 0 0 0 0 0 0 61 0 0
689	30.88 0.02 0 0 0 0 0 163.1 0 0
371	0.12 0 109.12 0 0.06 0 0 0 0 64.7
507	0.14 0 0 223.42 72.44 0 0 0 0 0
691	0 0 0 0 0 0 0 51 0 0.02
99	0 0 292.82 0 33.06 0 0 0 0 144.16
194	0.16 0 0 0 302.14 48.56 0 0 0 411.1
283	0 360.48 0 0 0 0 79.44 0 0 76.06
321	5.6 117.36 0 0 0 0 0 232.92 67.16 1.98
414	0 0 0 167.34 0.02 0 0 0 0 7.62
493	0.12 0 0 0 166.36 0 0 0 0 48.52
558	0 37.08 0 108.66 0 43.22 0 0 0 0.06
588	1 0 320.68 0 0 0 0 0 0 299.32
603	0.06 0 31.5 266.2 264.48 0 0 0 0 174.74
611	0 0 0 143 0 0 0 0 0 0
617	0 0 0 50.98 0 0 0 0 0 0.06
656	0 0 0 90.98 51.98 0 0 0 0 0
693	32.68 0 0 68.38 0 175.62 0 0 0 0.32
695	0 0 0 0 0 0 0 0 24 0
696	159.64 0 0 0 0 0 0 0 29.46 15.9
698	0 18.88 0 0 0.12 0 0 0 0 0.02
699	0.26 36.1 138.4 0 0 0 0 0 0 128.22
700	0 0 0.02 0 19.86 11.12 0 0 0 0
701	0 0 0 0 32 0 0 0 0 0
702	0 0 0 0 117 0 0 0 0 0
703	0.02 48.98 0 0 0 0 0 0 0 0
704	0 0 34.2 0 28.8 0 0 0 0 0
705	0 0 0 286.18 1.76 0 0 0.02 0 169.04
706	0 0 0 0 0 0 0 0 0 10
707	0 138.64 0 0 68.34 0 0 0 0 0.04
708	0 0 100.14 8.54 173.3 0 0 0 0 0
709	0 112.02 118.34 118.64 0 0 0 0 0 0
710	19.58 0 142.72 0 0 15.4 0 0 0 39.3
711	0 0 0 0 4 0 0 0 0 0
712	0 0 0 52.72 0 50.28 0 0 0 0
38	0.02 0 105 0 0.02 163.96 0 0 0 0
277	0 206 0 0 0 0 0 0 0 0
291	142.68 0 0 0 0 0 206.32 0 0 0
395	0 0 107 0 0 0 0 0 0 0
449	0 0 0 0 0 280 0 0 0 0
597	159.16 0 0 0 0 0 371.8 0 0 0.04
646	0.08 0 0 94.92 0 0 0 0 0 0
660	0.08 0 195.4 0 77.28 0 0 0 0 188.24
690	0.02 24.18 0 0 0 0 0 427.8 0 0
713	0.04 115.42 0 0 0 0 54.58 0 62.96 0
714	0 30.6 0 0 0.4 0 0 0 0 0
715	0 40.22 128.68 0 0 50.04 0 0 0 0.06
717	103.7 0 0 0 0 0 89.3 0 0 0
718	0 0 0 31.1 0 2.06 18.84 0 0 0
720	0 0 114.74 0 0 75.26 0 0 0 0
721	0 0 0 0 0 132 0 0 0 0
722	0.18 0 141.8 0 0 0 0 0 0 0.02
723	64.9 19.06 0 0 0 0 0 0 0 0.04
724	0 34.44 125.84 0.02 0 0 0 0 0 52.7
725	0 0 0 0 0 41 0 0 0 0
726	0 0 21.62 0.94 0 0 0 0 0 5.44
729	0 0 137.74 49.56 10.7 0 0 0 0 0
730	0 65 0 0 0 0 0 0 0 0
732	0 0 377.18 0 0 0 0 0 0 142.82
733	0 0 0.08 37.92 0 0 0 0 0 0
734	0 0 57 0 0 0 0 0 0 0
735	0 0 207.54 0 60.12 0 0 0 0 150.34
736	0 0 123.82 0 121.16 0 0 0 0 0.02
737	0 0 60.82 8.24 45.68 26.26 0 0 0 0
738	0 0 69 0 0 0 0 0 0 0
739	0 0 429.94 0 0 0 0 0 0 0.08
740	0 173.88 21.08 0 0 0 0 0 0 5.02
741	0 0 0.02 0 0 0 0 0 146.98 0
743	0 0 34.84 0 0 0 30.16 0 0 0
744	54.9 71.62 0 0 0 0 20.14 0 121.34 0
746	0.04 0 0 0 0 248.8 0 0 0 58.18
747	0.26 40.44 228.46 0 0 0.02 0 0 0 26.8
748	0 0 0 0 0 0 373.36 433.64 0 0
751	0.1 0 0 0 0 0 81.66 390.18 0 52.06
752	0.1 0 0 0 0 0 0 101.9 0 0
282	275.82 0.04 0.02 0 0 0 306.64 0 21.76 74.72
381	0.08 0 87.76 4 134.66 0 0 0 26.28 19.24
416	0.06 0 82.88 0 0 0 0 0 0 80.06
684	0 0 0 0.32 0 345.7 0 0 0 166.96
753	0 57 0 0 0 0 0 0 0 0
754	0 0 0 0 0 0 0 142 0 0
21	0 0 91.8 0 0 0 83.2 0 0 0
37	0 0 9.34 6.66 0 0 0 0 0 0
147	163.36 0 0 0 0 0 217.38 0 119.24 0.02
158	0 0 116.98 0.02 0 0 0 0 0 0
270	0.06 0 0 0 0 0 0 306.16 62.42 4.38
287	0 146.64 0 0 0 0 0 0 80.32 0.02
305	0 69.14 0 0 0 0 0 200.86 0 0
310	57.98 0 0 0 0 0.04 0 369.98 0 0
320	0.1 0 0 66.9 0 0 0 0 0 0
322	94.12 0 0.34 0 0 0 87.58 371.88 0 0.1
405	181.7 0 0 0 0 118.7 526.62 0 0 85.96
437	0 0 0 0 0 4 0 0 0 0
440	0 0 0 0 0 21 0 0 0 0
473	0 0.06 43.9 0 0 0.02 130.94 0 104.7 50.38
516	0 0 0 190.02 6.98 0 0 0 0 0
522	0.02 0 0 30.9 77.08 0 0 0 0 0
572	0 0 0 0 0 56 0 0 0 0
590	0.04 0 0 14.18 0 0 10.74 0.04 0 0
596	0 0 94.14 0 0 0 229.36 0 0 50.5
612	0 0 28.74 0 72.26 0 0 0 0 0
665	0.02 0 0 0 0 217.98 0 0 0 0
678	0 0 0 0 0 0 234.9 247.92 0 0.18
682	23.02 0 0 0 0 0 0 195.96 0 0.04
692	0.02 0 257.92 0 0 0 0 0 0 207.04
694	0.02 113.24 0 0 0 0 0 0 0 20.74
716	0.04 62.94 101.02 0 0 0 0 0 0 0
749	0.02 0 0 0 0 0 0 127.88 0 0.1
750	0 30.06 0 0 0 0 0 355.8 0 1.14
755	0 0 271.62 0 0 0 0 0 0 0.42
756	223.58 0 0 0 0 0 63.38 0 0 10
758	0 0.06 0 0.06 0 17.34 9.54 0 0 0
759	2.38 0 0 0 0 21.52 0 0.1 0 0
761	0 0 0 0 0 105 0 0 0 0
762	136.74 0 45.24 0 0 0 0 0 125.02 0
764	35.06 0 0 0 0 0 0 0 25.94 0
765	58.78 0 0 0 0.12 0 0 0 0 0.1
766	0 0 0 0 0 0 0 0 24 0
767	0 0 0 0 0 20 0 0 0 0
771	0.02 0 0 0 0 87.98 0 0 0 0
772	32.82 0 0.02 0 67.1 0 0 0 15.06 0
774	0 0 0 0 0 69 0 0 0 0
775	0 0 64 0 0 0 0 0 0 0
776	25.26 0 0 0 0 0 0 0 0 2.74
777	0 0 0 5 0 0 0 0 0 0.04
778	0 0 165.2 0 0 0 0 0 0 38.76
779	0 0 0 0 0 70 0 0 0 0
780	0.52 0 152.48 0 0 0 0 0 0 0
781	24.86 0 187.14 0 0 0 0 0 0 0
782	0 0 20 0 0 0 0 0 0 0
783	29.52 0 0 0 0 42.48 0 0 0 0
784	2 0 0 0 0 0 0 0 0 0
786	0 0 24.96 0 0.04 0 0 0 0 0
787	0 0 28 0 0 0 0 0 0 0
788	0 0 0 0.02 0 0 0 3.98 0 0
789	0 0 0 0 0 127 0 0 0 0
793	0 0 0 4.7 0 0 0 0 24.3 0
794	0.04 0 123.86 0 0 0.1 0 0 0 0
797	0 0 0 0 0 70 0 0 0 0
798	0 0 9 0 0 0 0 0 0 0
799	0.02 9.92 1.76 0.26 0 0.04 0 0 0 0
802	0 0 0 0 0 86.96 0 0 0 0.04
803	0 0 3.5 0 0 17.5 0 0 0 0
805	0 0 0 59.76 0 17.24 0 0 0 0
806	0 0 0 0 102.96 36.02 0 0 0 0.02
807	16.26 0 0.74 0 0 0 0 0 0 0
808	0 0 0 0 0 64 0 0 0 0
809	0.02 0 0 0 0 99.98 0 0 0 0
810	0 0 0 8.94 0 101.06 0 0 0 0
811	0 0 0 59 0 0 0 0 0 0
812	51 0 0 0 0 0 0 0 0 0
813	0 118.96 0 0 0 0.02 0 0 46.02 0
814	0 0 0 2.88 0 0 0 2.12 0 0
815	231.12 3.8 0 0 0 0 67.08 0 0 0.02
816	0 0 0 0 0 40.98 0 0 0 0
817	0 0 0 0 0 0 0 0 8 0
818	0 0 0 0 19.84 0 30.16 0 0 0
819	100 0 0 0 0 0 0 0 0 0
820	166.18 0 43.62 0 0 0 2.14 0 0 0.06
821	43.44 0 0 0 0 0 0 0 0 8.56
822	0 11.94 0 0 0 0 0 0 0 0.06
823	102.78 0 0 0 0 0 38.58 0 43.64 0
825	0 0 0 0 0 48.88 138.12 0 0 0
826	82.96 0 0 0 0 0 77.04 0 0 0
828	0 0 0 0 0 0 27 0 0 0
830	0.14 0.06 0.1 0.22 0.04 0.18 0.04 0.16 0.06 0
831	0 0 0 0 0 64.7 120.3 0 0 0
832	0 0 29.44 0 0 0 0 0 16.56 0
834	0 0 25.52 0 0 0 16.48 0 0 0
835	0 42 0 0 0 0 0 0 0 0
836	0 0 0 21.46 61.54 0 0 0 0 0
837	0 0 66.62 0 0 0 0 0 0.38 0
839	10 0 0 0 0 0 0 0 0 0
840	0 0 0 0 0 50.88 79.12 0 0 0
841	24.2 0 0 0 0 0.14 92.66 0 0 0
842	0 0 64 0 0 0 0 0 0 0
844	56.82 17.2 0 27.98 0 0 0 0 0 0
847	0 86.32 0 0 0 0 0 0 63.62 0.08
848	0 0 0 23.96 0 0 0 0 0 0.02
852	0.08 0.06 0.2 0.26 0.08 0.12 0.02 0.1 0.08 0
853	0 0 0 45 0 0 0 0 0 0
854	0 0 0 49 0 0 0 0 0 0
856	0 0 0 102.96 0 0 0 0 0 0.04
857	0 0 0 3 0 0 0 0 0 0
858	0 0 0 3 0 0 0 0 0 0
859	0 0 0 0 0 27.98 0 0 0 0.04
860	0 0 0 0 0 25.98 0 0 0 0
861	7 0 0 0 0 0 0 0 0 0
862	0 0 0 0 0 31 0 0 0 0
863	0 0 0 0 64 0 0 0 0 0.02
864	119.48 0 0 0 0 0 94.5 0 0 0
865	0 0 0 54.98 0 0 0 0 0 0.02
866	240.6 0 0 0 0 0 70.4 0 0 0
868	0 0 0 15 0 0 0 0 0 0
869	0 0 65 0 0 0 0 0 0 0
870	0 0 0 0 0 0 0 0 22 0
873	29.72 0 0 0 0 0 0 159.28 0 0
874	0 0 0.04 0 0 0 0 96.96 0 0
875	0 0 0 0 0 0 0 72.2 41.8 0
876	0 0 0.1 0 0 0 0 105.9 0 0
877	0 0 0.02 0 0 0 0 100.98 0 0
878	0 0 0 0 0.02 13.14 0 42.84 0 0
881	0 0 0 0 0.02 0 0 118.98 0 0
882	0 0 0 0 0 0 0 95 0 0
885	0 0.04 0 0 0 0 0 28.96 0 0.02
886	0 0 0 0 0.04 0 0 109.9 25.02 0.04
887	0 0 0 0 0.1 0 0 199.88 0 0
888	0 0 0 0 0 0 0 38 0 0
890	0 0 0 0.28 0 0 24.22 41.5 0 0
891	0 0 0 0 0 0 0 8 0 0
892	0.1 0 22.9 0 0 0 0 88 0 0
893	0 0 0 0 0 0 0 29 0 0
894	0 0 0 0 0 0 0 32 0 0
895	40.26 0 0 0 0 0 0 230.74 0 0
896	0.02 0 0 0 0 0 0 113.44 27.54 0
897	0 0 0 0 0 0 0 3 0 0
898	0.02 0 0 0 0 0 0 168.98 0 0
899	0 0 0 0 4.82 0 0 21.18 0 0
901	0 0 0 4.76 0 0 0 15.24 0 0
902	0 0 0 0 0 0 0 129 0 0
903	0 0 0 0 0 0 0 0 56 0
904	0 0 0 0 0 0 0 0 59 0
905	0 0 0 0 0 0 0 63 0 0
906	0 0 0 0 0 0 0 31.9 22.1 0
907	0 0 0 0 0 4 0 0 0 0
908	0 0 0 0 0 0 0 30 0 0
910	0 0 0 0.04 0 0 0 7.96 0 0
911	0 0 0 0 0 0 0 10 0 0
912	0 0 0 0 0 0 17 0 0 0
913	0 4.96 0 0 0 0 0 0 0.04 0
915	0 0 0 0 0 0 0 0 38 0
916	0 0 19.48 0 0 0 0 26.52 0 0
917	0 0 0 0 0 0 0 0 13 0
918	0 0 0 0 0 0 0 13 0 0
408	0.06 0 57.62 0 145.9 0 0 0 193.42 0
792	0 0 0 134.26 126.74 0 0 0 0 2.02
845	216.86 0 0.02 0 0 0 109.88 0 73.8 87.42
919	0 0 0 36.34 0 60.38 0 0 197.26 0.02
922	0 0 0 3.36 0 0 0 0 113.64 0
923	0 0 0 0 188.92 0 0 0 0 0.1
220	124.6 40.02 0 0 0 0 14.3 0 0 0.08
249	70.72 0 0 0 0 39.3 113.42 0 122.54 0
620	65.1 0 0 0 0 0 31.9 0 0 0
742	224.6 0 0 0 0 0 418.94 0 57.76 99.7
889	0 0 0 0 0 0 0 33 0 0
924	96.36 18.92 0 0 0 0 114.72 0 0 0
925	0 0 29.26 0 0 0 60.74 0 0 0
929	0 0 26.44 0 0 0 56.56 0 0 0
931	65.3 0 0 0 0 0 29.7 0 0 0
932	105 0 0 0 0 0 0 0 0 0
933	0 31.4 0 0 0 5.54 0 0 0 0.06
934	146 0 0 0 0 0 0 0 0 0
937	0 0 0 0 0 0 0 80 0 0
938	0 0 0 0 0 0 0 65 0 0
583	0 0 0.04 0 0 88.96 0 0 0 0
939	3.72 0 77.74 0 0 56.66 0 0 0 38.88
940	0 0 59 0 0 0 0 0 0 0
942	0 0 66.28 0 62.72 0 0 0 0 0
943	0 0 0 0 0 109 0 0 0 0
944	0.4 0 105.6 0 0 0 0 0 0 0
945	0 0 0 104.4 0 0.02 0 0 0 21.58
628	160.4 0 0 0 10.94 0 179.36 0 140.48 8.82
26	0 46.06 92.12 0 63.82 0 0 0 0 0
392	0 0 142.52 0 0 0 0 0 0 33.48
494	0 0 0 174.58 0.42 0 0 0 0 0
512	0 0 0 107.28 60.7 0 0 0 0 0.02
529	0 0 0 0 272 0 0 0 0 0
609	0 0 54.66 42.8 0 0.02 0 0 0 62.52
921	0.02 48.52 0 0 99.44 0 0.02 0 0 0
950	0 71 0 0 0 0 0 0 0 0
952	0 0 0 0 0 0 0 0 118 0
953	25.02 26.98 0 0 0 0 0 0 0 0
954	5.2 0 0 0 0 0 0 0 23.74 0.08
955	0 114.58 0.02 0 0 27.38 0 0 0 0
956	0.02 23.44 0 33.94 50.6 0 0 0 0 0
957	0 0 0 0 2.98 0 0 0 0 0.02
958	0.02 0 0 0 43.98 0 0 0 0 0
959	0 0 98.14 10.66 0 62.2 0 0 0 0.02
960	0 0 0 0 64.98 0 0 0 0 0
961	0 0 69.72 0 0 0 0 0 31.28 0
962	0 64 0 0 0 0 0 0 0 0
963	0 65 0 0 0 0 0 0 0 58
964	0 0 0 0 30 0 0 0 0 0
965	0 0 0 52 0 0 0 0 0 0
966	0 0 89.96 0 0.04 0 0 0 0 0
967	0 0 0 0 0 14.28 0 0 0 18.72
968	0.04 0 19.68 36.28 0 0 0 0 0 0
970	0 0 0 0 22 0 0 0 0 0
971	0 0 0 48.7 52.3 0 0 0 0 0
295	0.36 0 0 0 0 0 122.74 0 92.9 0
565	0.02 0 0 18.66 0 16.32 0 0 0 0.02
595	135.98 0 0 0 0 0 0 0 0 0
769	10.22 0 0 0 0 0 55.78 0 0 0
773	0 0 0 0 0 45 0 0 0 0
800	0.02 0.02 0 0 0 42.96 0 0 0 0
928	168.56 0 0 0 0 0 104.44 0 0 0
930	0 0 0 0 0 0 179 0 0 0
948	39.1 0 0 0 0 0 0 50.9 0 0
974	74 0 0 0 0 0 0 0 0 0
975	119.96 0 0 0 0 0 0 0 0 0.06
977	0 0 33.18 0 0 0 81.8 0 0 0
978	57 0 0 0 0 0 0 0 0 0
979	37.78 0 0 0 0 0 0 0 55.22 0
980	30.3 0 0 0 26.68 0 0 0 0 0.02
982	0 0 0 0 0 0 41 0 0 0
983	30 0 0 0 0 0 0 0 0 0
985	41.88 0 0 0 0 0 0 7.12 0 0
986	3 0 0 0 0 0 46 0 0 0
987	0 0 0 0 0 0 0 10 0 0
990	0 0 0 0 0.04 0 0.02 89.94 0 0
991	0 0 0.76 0.54 0 0 0 32.82 12.58 0.3
992	11.98 0 0 0.02 0 0 0 0 0 0
994	0 0 0 0 0 0 13 0 0 0
995	0 0 0 0 13.64 0 0 68.36 0 0
456	77.98 0 0 0.02 0 0 0 0 0 0
731	0 0 116 0 0 0 0 0 0 0
791	0 0 17 0 0 0 0 0 0 0.02
871	87.32 0 0 0 0 0 61.66 0 0 0
926	107.32 0 0 0 0 0 109.68 0 0 0
997	2.22 0.18 0.02 21.58 0 0 0 0 0 0
998	0 0 39 0 0 0 0 0 0 0
999	0 0 20 0 0 0 0 0 0 0
1000	0 0 21 0 0 0 0 0 0 0
1001	0 0 0 0 0.02 0 0 9.98 24 0
679	0.06 0 0 22.62 0 214.32 0 0 0 0
1004	0 0 0 20 0 0 0 0 0 0
1005	0 31.9 0.02 0 33.08 0 0 0 0 0
1006	0 0 0 35.98 0.02 0 0 0 0 0
763	244.98 0 0 0 0 0 86.82 0 28.2 0
1007	0.08 162.92 0 0 0 0 0 0 0 0
969	0.06 0 84.76 0 0 0.26 0 0 0.02 159.9
293	0 3.84 0 0 0.2 0 130.48 0.02 300.46 0
760	0 0 0 0 0.04 0 87.96 0 0 0
936	0 98 0 0 0 0 0 0 0 0
1008	0 0 0 0 0 0 0 0 87 0
1009	57.3 115.64 0 0 0 0 0 0 0 0.06
1010	0 0 0 0 0.04 0 0 0 129.96 0
1013	0 0 0.04 0 0 0 75.96 0 0 0
1015	32.94 0 0 0 0 0 0 0 0.06 0
1016	123.8 0 0 0 0 0 265.18 0 0 0.02
246	0.02 0 0 0 0 0 0 0 392.84 0.14
1017	0.02 0 0 0 0 0 0 0 121.98 0
1018	0 0 0 0 80 0 0 0 0 0
1019	0 0 0 29.16 32.04 40.8 0 0 0 0
538	28.48 0 0 0 0 0 0 151.52 0 0
1020	0 0 0 107 0 0 0 0 0 0
1022	0 30.62 0 0.34 0 0 0 62.04 0 0
1012	38.38 0 0.02 0 0 0 86.98 0 147.62 0
329	0 0 0 0 0 0 0 116 0 0
339	0 0 0 0 0 0 0 130 0 0
872	0 0.24 0 0 0 0 7.2 84.56 0 0
880	0 0 0 0 0 0 0 158 0 0
1025	0 0 0 0 0 0 0 95 0 0
883	0 0 0 0 0 0 0 27 0 0.02
578	0.02 0 0 0 0 233.96 0 0 0 0
827	52.88 0 0 0 0 0 74.12 0 0 0
833	130 0 0 0 0 0 0 0 0 0
1027	8 0 0 0 0 0 0 0 0 0.02
465	0.02 0 145.92 0 0 0 0 0 0 94.04
616	0 0 0 104.62 11.42 52.96 0 0 0 0
768	0 0 120 0 0 0 0 0 0 0
838	0 0 0 0 0 5 0 0 0 0
1014	97.48 0 0 0 0 0 79.94 0 68.58 0
1028	265.08 0 0 0 0 0 92.06 0 0.02 30.84
1029	0 0 0 0 0 28 0 0 0 0
1030	0 0 37 0 0 0 0 0 0 0
1031	0 0 0 0 0 0 13 0 0 0
1032	0 0 0 0 0 35.44 0 0 0 6.56
1034	0 0 0 0 0 0 48 0 0 0
1037	0 0 41.98 0 0.02 0 0 0 0 0
900	0 37.36 0 0 0 0 0 80.64 0 0
1038	0 0 0 0 0 0 0 38 0 0
1039	0.02 0 81.84 0 101.14 0 0 0 0 127
785	0 0 99 0 0 0 0 0 0 0
941	111.88 0 0 0 0 0 0 0 0 3.12
1040	51.94 0 0 0 0 0.06 0 0 0 0
1041	0.04 0 125.82 0 0 0 0 0 0 22.14
1043	0 0 19.92 0 0 0.08 0 0 0 0
1044	0.08 0 94.92 0 0 0 0 0 0 0
1045	0 30.52 38.72 0 0.76 0 0 0 0 0
1046	32.7 0 0 0 0 79.3 0 0 0 0
1048	139.84 0 0 0 0 0 0 0 48.1 0.06
1049	49.98 0 0 0 0 0 0 0 0.02 0
1050	0 0 0 63.8 0 0 0 0 0 67.2
1051	104 0 0 0 0 0 0 0 0 0
879	0.4 0 0 0 0 0.08 54.16 284.36 0 0
946	0 0 155.94 0 0 0 0 0 0 0.06
951	0 0 80 0 0 0 0 0 0 0
993	0 0 32.62 0 0 0 143.54 0 0 0.86
1053	0 0 65.98 0 0 0 0 0 0 0
1055	0 0 28 0 0 0 0 0 0 0
1057	0 0 0 8.32 0 0 35.68 0 0 0
1058	0 0 41.18 0 0 0 4.82 0 0 0
1059	54.36 0 0 0 0 0 0 0 19.64 0
1060	0 0 0 0 0 0 59.8 0 0 40.2
1061	79 0 0 0 0 0 0 0 0 0
909	0 0.06 0 0 0 0 0 38.94 0 0
1024	0.02 0 0 0 0 0 0 40.98 0 0
1062	0 0 0 0 0 0 0 37 0 0
988	0 0 0 0 0 0 93.14 64.46 0.12 0.3
1063	0 0 34.2 0 0 0 0 0 0 74.78
256	0 0 0 0.02 0 0 0 0 48.98 0
547	0 0 0 4.74 0 0 0 0 106.26 0
1003	0 0 11.98 0 0 0.02 0 0 0 0
1036	0 0 57.78 0 0 0.02 0 0 0 0.2
1068	0 0 0 0 0 0 0 0 34.94 0.06
1069	0 0 14.5 0 0 30.5 0 0 0 0
1070	0 0 0 33.6 0 0 0 0 41.4 0
1073	0 0 0 0 52.58 36.86 0 0 88.56 0
1074	0.18 41 0 5.16 0 124.66 0 0 0 0
1075	0.04 0 0 0 14.94 0 0 0 0.02 0
1076	0 0 27 0 0 0 0 0 0 0
1077	0 0 0 0 0 0 21 0 0 0
1078	0 0 55 0 0 0 0 0 0 0
1079	0 7.4 0 0 0 62.6 0 0 0 0
1081	18.96 0 0 0 0 0 0 0.04 0 0
1082	0 0 0 0 0 0 0 0 21 0
1084	0.04 0 0 0 0 0 0 0 43.3 32.66
1085	0 24.96 0.02 0 0 0 0.02 0 0 0
1086	18.78 47.2 0 0 0 0 0 0.02 0 0
1088	0 0 0 0 0 16.26 0 11.74 0 0
1089	44.52 0 0 0 0 0 0 0 18.48 0
585	0.06 0 76.94 0 0 0 0 0 0 0.02
728	25.08 0 83.9 0 0 0 0 0 0 0
849	0 0 0 0 0 135 0 0 0 0
1047	209.36 0 0 0 0 0.02 97.62 0 0 0
1090	0 0 0 0 0 73 0 0 0 0
1091	0 0 85 0 0 0 0 0 0 0
1092	0 0.02 23.98 0 0 0 0 0 0 0
1011	97.2 0 0 0 0 0 0 0 137.8 0
1071	2.84 0 0 39.16 0 0 0 0 0 0
1093	61.24 1.76 0 0 0 0 0 0 0 0
1094	0 0 0 0 0 0 0 0 22 0
1095	53 0 0 0 0 0 0 0 0 0
584	46.44 40.32 0 53.04 0 0 0 0 0 82.2
850	0 0 0 0 0 0 0 0 7 0
1097	0 47.98 0 0 0 0 0.02 0 0 0
1098	0.38 0 50.06 84.56 0 0 0 0 0 0
1099	0 0 0 0 39 0 0 0 0 0
1100	0 0 0 0 0 0 0 0 21 0
1102	0 0 0 0 0 0 17 0 0 0
1103	0 0 0 0 43 0 0 0 0 0
1104	0 0 0 11 0 0 0 0 0 0
1106	0 6.4 0 0 0 1.6 0 0 0 0
30	0 0 0 115 0 0 0 0 0 0
727	0 20.64 0 0 49.44 79.92 0 0 0 0
846	109 0 0 0 0 0 0 0 0 0
855	0 0 0 19.96 181.04 0 0 0 0 0.02
972	0 0 17.74 0 48.24 0 0 0 0 0
1065	0 0 0 0 153.96 0 0 0 0 0.04
1107	0 0 0 0 0 51 0 0 0 0
1108	0 0 0 0 0 11 0 0 0 0
1109	0 31.74 0 0 0 46.26 0 0 0 0
1110	0 0 0 0 0 90.88 0.02 0.08 0 0.02
1111	0 0 0 16 0 0 0 0 0 0
1112	0 0 0 0 0 32 0 0 0 0
1113	0 0 0 64 0 0 0 0 0 0
1114	25.82 0.18 0 0 0 0 0 0 0 0
1116	13.74 0 0 33.26 0 0 0 0 0 0
1117	23.66 0 0 0 0 0 0 0 0 22.34
1118	0 0 7.96 0 0 113.04 0 0 0 0
1120	34.06 0 0 0 0 0 0 0 6.94 0
138	0.08 0 42.92 0 0 0 0 0 0 0
613	0 0 17.58 0 46.42 0 0 0 0 0
745	0 0 0 45 0 0 0 0 0 0
1021	0.02 0 0 107.96 0 0.02 0 0 0 0.02
1122	0 0 0 4.98 0 0 0 0 0 0
1123	0 0 0 7 0 0 0 0 0 0
1124	0 0 0 38 0 0 0 0 0 0
1125	0 14.16 0 0 0 0 0 0 0 2.84
1126	0 0 0 85.98 0 0.02 0 0 0 0
342	19.3 0 0 0 0 0 0 95.7 0 0
1127	0 0 0 0 0 0 0 31 0 0
697	1.4 0 0 38.22 0 77.38 0 0 0 0
949	0 56.38 158.6 0 0 0 0 0 0 0.02
1128	0 0.02 0 0.12 0.04 0 0 0 18.82 0
1129	0.04 73.42 0 0 0 14.54 0 0 0 0
1130	0 3.96 0 0 0 0 0.04 0 0 0
1131	0 0 0 0 0.02 14.96 0 0 27.02 0
1133	0 0 69 0 0 0 0 0 0 0
1135	0 0 100 0 0 0 0 0 0 0
1136	0.02 38.28 0 0 0 54.7 0 0 0 0
1067	0 0 0 0 0 0 0 0 137 0
1137	0.04 93.96 0 0 0 0 0 0 0 0
1138	0 4.18 0 0 8.82 0 0 0 0 0
1139	21.1 0 0 0 0 45.9 0 0 0 0
1141	0 0 0 22.08 0 0 0 0 0 1.94
1142	0 39.54 0 0 0.14 0 0 0 102.3 0
1052	48.02 0 0 0.38 0 0.6 0 0 0 0
1134	0.04 0 0.04 0 22.98 0 0 0 75.92 0.02
1143	0 0 0 11.4 0 0 0 44.6 0 0
1144	0 0 0 0 0 0 0 4.7 6.3 0
1035	0.02 0 149.5 0 0 5.48 0 0 0 0
1145	0 0 22 0 0 0 0 0 0 0
770	0 0 0 23.16 0 114.84 0 0 0 0
1147	0 0 46.5 0 22.5 0 0 0 0 0
1148	0 6.12 0 0 0 8.88 0 0 0 0
1149	0 0 0 0 93 0 0 0 0 0.02
824	103.98 0 0 0 0 0 0 0 0 0
1150	0 0 0 0 0 0 27 0 0 0
1151	0 0 0 0 0 0 12 0 0 0
1152	62 0 0 0 0 0 0 0 0 0
851	0 0 0 0 0 0 0 0 5 0
1153	0 0 0 0.02 52.96 0.02 0 0 0 0
1154	0 0 0 10.26 18.72 0 0 0 0 3.02
1156	0 0 0 0 3 0 0 0 0 0
1158	0 0 0 0 0 0 0 0 7 0
1159	0 0 0 0 31 0 0 0 0 0
1160	0 72 0 0 0 0 0 0 0 0
1161	0.04 0 0 0 0 0 0 0 33.96 0
1033	54 0 0 0 0 0 0 0 0 0
1101	0.02 0.46 51.72 0 180.8 0 0 0 0 0
1162	0 6.98 0 0 0 0 0.02 0 0 0
1164	12 0 0 0 0 0 0 0 0 0
795	0 0 44 0 0 0 0 0 0 0
1165	26 0 0 0 0 0 0 0 0 0
984	0.06 0 0 0 0 0 49.96 49.98 0 0
1166	0 28 0 0 0 0 0 0 0 0
1167	0 29 0 0 0 0 0 0 0 0
1168	0.02 0 55.94 0 0 0 0 0 0 0.04
1169	14.6 0 0 0 22.32 0.02 0 0 0 0.06
1171	0 38 0 0 0 0 0 0 0 0
1174	0 23 0 0 0 0 0 0 0 0
1175	0 0 0 0 0 0 0 17 0 0
1176	0 0 0.18 0 0 0 0.02 67.78 0 0.02
790	0 0 157 0 0 0 0 0 0 0
796	0 0 91.96 0 0 0 0 0 0 0.04
801	0 0 37.98 0 0 0 0 0 0.02 0
804	21 0 0 0 0 0 0 0 0 0
996	0 0 19.98 0 0 0 0.02 0 0 0
1072	0.02 0 0 0 0 15.84 0 0 0.14 0
1178	0 0 0 0 0 36 0 0 0 0
1179	0 0 18 0 0 0 0 0 0 0
1180	0 0 25 0 0 0 0 0 0 0
1182	0 0 23 0 0 0 0 0 0 0
1183	0 0 0 0 0 27 0 0 0 0
1184	0 0 0 0 19.98 0 0 0.02 0 0
1185	0 0 0 0 0 29 0 0 0 0
1186	5.8 0 0 0 0 4.2 0 0 0 0
1187	0 0 0 0 0 16.42 0 0 14.58 0
1188	0 0 0 0 0 106 0 0 0 0
1189	0 0 0 0 0 15 0 0 0 0
1190	34 0 0 0 0 0 0 0 0 0
1119	9.24 0 125.16 0 0 0 0 0 0 33.6
1192	0 0 0 0 29.98 0.02 0 0 0 0
1193	0 0 0 0 20 0 0 0 0 0
1194	0 19.86 0 0 69.14 0 0 0 0 0
1196	0 0 0 8.36 0 0 0 0 0.64 0
1197	39.84 48.6 0 0 0 0 40.54 0 0 0.02
1198	0 4.68 0 14.3 0 0 0 0.02 0 0
1200	0 19 0 0 0 0 0 0 0 0
1201	0 5 0 0 0 0 0 0 0 0
1202	0 20.96 0 0 0 0 0 0 0 0.04
1203	0 0 0 0 59 0 0 0 0 0
1204	0 0 0 18.92 0 0 0 0 0 24.08
1205	0 0 0 16.96 0 0.04 0 0 0 0
1206	0 0 0 0 0 45 0 0 0 0
552	0 0 0 0 0 101 0 0 0 0
947	0 0 0 0 21.1 28.9 0 0 0 0.02
1023	37.38 0 9.64 0 0 0 0 19.44 2.52 0
1042	74 0 0 0 0 0 0 0 0 0
1207	29.72 0 0.28 0 0 0 0 0 0 0
1209	0 0 35 0 0 0 0 0 0 0
1210	0 0 0 0 0 76 0 0 0 0
1212	0 0 0 0 0 17 0 0 0 0
1213	0 0 0 0 0 13 0 0 0 0
1215	0 0 0 0 0 0 47 0 0 0
1216	0 0 0 0 0 0 0 0 18 0
34	0 0 17 0 0 0 0 0 0 0
355	0.26 0 0.04 5.98 0 0 0 79.72 0 0
390	0 0 0 0 22 0 0 0 0 0
556	0 0 0 0 0 25 0 0 0 0
829	0 0 0 0 0 0 60 0 0 0
1140	0 15.28 0 0 18.7 0 0 0.02 0 0
1199	0 0 0 0 13.24 0 36.76 0 0 0
1211	0 25.88 0 0 1.12 0 0 0 0 0
1217	0.02 0 0 0 0 99.94 0 0 0 0.04
1219	0 0 0 0 0 49.98 0 0 0 0.04
1220	88.98 0 0 0 0 0 0 0 0 0
1221	16.96 0 57.7 0 0 0 0 0 0 20.34
1223	0 0 0 11 0 0 0 0 0 0
1224	0 0 26 0 0 0 0 0 0 0
1225	23.58 0 0 6.42 0 0 0 0 0 0
1226	0 21.46 0 0 0 0 0 0 60.54 0
843	32.14 0 0 0 0 0 0 0 0 38.86
976	0 0.02 0 0 0 12 0 8.98 0 0
1222	50.24 1.54 0 0 0.22 0 0 0 0 0
1227	0 0 0 0 19 0 0 0 0 0
1228	0 0 0 0 0 92 0 0 0 0
1229	0 0 0 0 7.38 15.62 0 0 0 0
1230	0.02 0 25.98 0 0 0 0 0 0 0
1232	0 0 34 0 0 0 0 0 0 0
1132	40.3 0 0 0 0 0 0 0 21.7 0
1233	0 0 0 0 0 0 0 8.84 12.16 0
1236	0 0 0 0 0 0 0 3 0 0
1238	0 0 0 0 0 0 0 18 0 0
1239	0 0 0 0 0 37 0 0 0 0
1241	0 16 0 0 0 0 0 0 0 0
1115	0 0 0 0 0 0 0 0 39.26 42.74
1243	0 0 0 0 0 0 0 22 0 0
1157	28.24 0 27.76 0 0 0 0 0 0 0
1244	43.28 0 0 0 0 0 33.72 0 0 0
1245	20.66 0 0 0 0 0 0.08 0 32.26 0
1246	0 0 7.98 0 0 0 0 0 0.02 0
1248	0 0 0.38 0 0 44.62 0 0 0 0
1250	0 0 0 0 0 8.96 0 0 0.04 0
1251	0 33 0 0 0 0 0 0 0 0
1252	0 0 0 0 13.46 0 0 9.54 0 0
914	0 0 0 0 0 0 0 19 0 0
1253	16 0 0 0 0 0 0 0 0 0
1255	0 0 0 0 0 0 0 0 17 0
1256	0 0 0 0 0 0 0 6 0 0
1257	0 7 0 0 0 0 0 0 0 0
1258	52.96 1.04 0 0 0 0 0 0 0 0
1170	0 0 36.42 0 28.58 0 0 0 0 0
1259	7.94 0 0.04 0 0 0 0 0 0.02 0
1261	0 0 0 0.02 0 0 4.98 0 0 0
1262	0 22 0 0 0 0 0 0 0 0
1263	0 0 0 0 0 36 0 0 0 0
1264	0.02 0 0 0 10.6 0 0 10.38 0 0
1265	0 0.02 0.04 0 0.1 0 0 43.84 0 0
1267	0 0 0 21.92 0 61.08 0 0 0 0
1268	0 0 14.12 0 0 0 0 0 10.88 0
1269	0 0 0 32.98 0 0.02 0 0 0 0
571	0 0 60 0 0 0 0 0 0 0
1249	0 0 30 0 0 0 0 0 0 0
1270	0 0 15 0 0 0 0 0 0 0
1271	0 0 0 0 0 0 11.52 0.02 0 7.46
1272	6 0 0 0 0 0 0 0 0 0
884	0 0 0 0 0 0 6.86 10.14 0 0
1208	0 0 50 0 0 0 0 0 0 0
1273	33 0 0 0 0 0 0 0 0 0
1274	0 0 0 0 0.02 17.98 0 0 0 0
1275	0 0.26 0 0.06 0 0.04 0 0 9.5 0.14
1276	20 0 0 0 0 0 0 0 0 0
1277	47 0 0 0 0 0 0 0 0 0
1278	47 0 0 0 0 0 0 0 0 0
1279	11.18 0 0 0 0 0 0 0 10.82 0
1280	0 0 0 0 0 0 0 29 0 0
536	0 0 0 0 0.08 0 0 0 27.92 0
1281	0.02 37.98 0 0 0 0 0 0 0 0
1282	0 0 5.68 0 0 0 0 13.62 0 1.7
1284	70 0 0 0 0 0 0 0 0 0
1285	25.06 0.12 0 12.82 0 0 0 0 0 0
1286	0 0 48.72 0.28 0 0 0 0 0 0
574	0 9.98 0 5.76 0 0 2.9 0 8.36 0
1002	0 0 0 0 0 0 13 0 0 0
1054	0 0 0 0 0 1.2 39.8 0 0 0
1283	32.48 0 0 0 0 0 9.52 0 0 0
1289	13 0 0 0 0 0 0 0 0 0
1292	0 0 0 0 0 0 0 5 0 0
1293	0 0 0 0 0 0 0 10 0 0
1294	0 0 0 0 0 0.02 0 17.98 0 0
1295	0 0 0 0.02 0 0 0 17.98 0 0
1296	0 0 0 0 0 1.62 1.02 47.36 0 0
1297	0 0 30 0 0 0 0 0 0 0
1298	0 0 0 29.94 0.06 0 0 0 0 0
1300	15.98 0 0 0 0.02 0 0 0 0 0
1302	0 0 0 0 0 0 0 0 11 0
593	0 16.7 0 0 7.28 0 0 0.02 0 0
1303	0.28 0 38.72 0 0 0 0 0 0 0
1254	0 0 0.08 0 0 0 17.9 0 0.02 0
719	0 0 0 0 0 61 0 0 0 0
1266	0 0 0 29.98 0 0 0 0.02 0 0
1305	0 0 0 6.04 0 0 0 0 6.96 0
1306	0 0 0 6 0 0 0 0 0 0
1307	0 2 0 0 0 0 0 0 0 0
1309	0 0.18 0.26 0.24 0.12 0.06 0.04 0 0 0.1
1310	0 0 0 3 0 0 0 0 0 0
1172	0.1 0 0 18.86 18.04 0 0 0 0 0
1311	0.02 0 31.96 0.02 0 0 0 0 0 0
1312	0 0 0 0 0 0 0 0 17 0
1313	0 0 0 0 0 0 0 33 0 0
1234	0 0 0 0 0 0 0 18 0 0
1316	10.02 0 0 0 0 0 0 7.98 0 0
146	0 14 0 0 0 0 0 0 0 0
927	0 0 0 0 0 0 0 0 12 0
981	8 0 0 0 0 0 0 0 0 0
1087	0 0.02 0 0.08 0.04 0 6.7 0 0 0.16
1163	0 57.96 0 0 0 0 3.04 0 0 0
1173	0 14 0 0 0 0 0 0 0 0
1242	2.78 0.04 0 0 4.92 0 0.04 0.08 0.14 0
1287	0 0 0 0 0 0 5.98 0 0.02 0
1288	0.02 12.96 0 0 0 0.02 0 0 0 0
1291	24 0 0 0 0 0 0 0 0 0
1317	2.46 5.16 0.38 0 0 0 0 0 0 0
1318	0 2 0 0 0 0 0 0 0 0
1319	0 6 0 0 0 0 0 0 0 0
1320	0.34 0.14 0 0 0 0 0.14 0.14 0.24 0
1321	0 0 0 0 0 0 5 0 0 0
1322	0 0 0 0 0 0 0 0 14 0
1323	0 8 0 0 0 0 0 0 0 0
1324	6 0 0 0 0 0 0 0 0 0
1325	0.3 0.28 0 0 0 0 0.12 0.14 0.16 0
1326	13 0 0 0 0 0 0 0 0 0
1327	7 0 0 0 0 0 0 0 0 0
1328	0 15 0 0 0 0 0 0 0 0
1329	0.4 0.22 0 0 0 0 0.18 0.12 0.08 0
1330	0 0 0 0 0 0.18 0.34 0 9.48 0
1332	0 0 0 0 0 0 0 0 4 0
1333	5 0 0 0 0 0 0 0 0 0
1334	1.06 0.4 0.02 0 0.02 0 0.22 0 0.28 0
1335	24.64 0 0 0 0 0 0 0 4.36 0
1336	0 0 1.08 0 0 0 10.92 0 0 0
1341	0.26 0.2 0 0 0 0 0.18 0.16 0.2 0
1342	0 5 0 0 0 0 0 0 0 0
1343	0.32 0.22 0 0 0 0 0.16 0.14 0.16 0
1344	0 16 0 0 0 0 0 0 0 0
1345	0 4 0 0 0 0 0 0 0 0
1346	0 0 0 0 0 0 0 11 0 0
1347	0 4 0 0 0 0 0 0 0 0
1348	0.24 0.2 0 0 0 0 0.26 0.06 0.24 0
1350	0 0 0 0 0 0 0 0.4 2.6 0
1351	0 0 0 0 0 0 0.02 0 5.98 0
1352	0.5 0.14 0 0 0 0 0.16 0 0.2 0
1353	0 12.98 0 0 0 0.02 0 0 0 0
1354	0 0 0 0 0 0 0 0 2 0
1356	0 0 0 0 0 0 0 8 0 0
1357	2.08 0 0 0 0 0 0 5.9 0 0.02
1358	0.34 0.24 0 0 0 0 0.12 0.08 0.22 0
1360	0 3 0 0 0 0 0 0 0 0
1361	0 0 0 0 0 0 0 0 5 0
1362	0 0 0 0 0 0 4 0 0 0
1364	0.3 0.36 0 0 0 0 0.12 0.06 0.16 0
1365	0 0 0 0 0 0 0 0 3 0
1366	0.14 0.3 0 0 0 0 0.2 0.24 0.12 0
1367	0 17 0 0 0 0 0 0 0 0
1368	0 0 0 11.52 0 0 10.48 0 0 0
1369	0 11 0 0 0 0 0 0 0 0
1370	0.02 7.98 0 0 0 0 0 0 0 0
1371	0.32 0.18 0 0 0 0 0.18 0.16 0.16 0
1373	0.36 0.16 0 0.02 0 0 0.2 0.18 0.08 0
1374	2 0 0 0 0 0 0 0 0 0
1375	0 31 0 0 0 0 0 0 0 0
1376	0 0 9.02 0 0 0.04 0 4.94 0 0
1377	0.04 9.96 0 0 0 0 0 0 0 0
1378	0 10.98 0 0 0 0 0 0.02 0 0
1379	0 17 0 0 0 0 0 0 0 0
1380	0 13.98 0 0 0 0 0.02 0 0 0
1381	0 0 0 5.68 0 0 0 15.26 2.06 0
1382	5.2 0 0 0 0 0 0 0 2.8 0
1383	0 0 0 0 0 0 0 0 5.18 4.82
1384	0 0 0 0 0 0 0 4 0 0
1385	0 0 0 0 0 0 0 0 14 0
1386	0 0 0 0 0 0 0 0 15 0
1387	0 5.98 0 0 0 0.02 0 0 0 0
1388	0 20 0 0 0 0 0 0 0 0
1390	0 0 0 0 0 0 0 0 4 0
1391	0 0 0 0 0 0 0 5 0 0
1392	0 0 0 0 0 0 0 9 0 0
1393	0 0 0 0 0 0 0 13 0 0
1394	0 0 0 0 0 0 0 16 0 0
1395	0 0 0.02 0 0.02 0 0 12.94 0 0.02
1121	0 8.8 0 0 51.2 0 0 0 0 0
1195	0 0 0 0 25 0 0 0 0 0
1396	4.08 0 0 0 12.92 0 0 0 0 0
1397	0 0 0 0 12 0 0 0 0 0
1398	0 9 0 0 0 0 0 0 0 0
1083	7 0 0 0 0 0 0 0 0 0
1056	0 0 0 0 0 5.94 0 0 15.06 0
1315	0 0 0 0 0 0 0 0 60 0
1372	0 0 0 4 0 0 0 0 0 0
1401	11.22 0 0 27.78 0 0 0 0 0 0
1402	0 8 0 0 0 0 0 0 0 0
1403	0 2.56 0 4.44 0 0 0 0 0 0
1404	0 0 0 0 34 0 0 0 0 0
1405	0 0 0 0 0 0 0 0 17 0
1406	0 0 0 0 0 12.28 4.72 0 0 0
1407	24.94 0 0 0.04 0 0 0 0 0 0.02
1408	0 0 0 0 0 1.7 0 0 0 0.3
1409	0 0 20 0 0 0 0 0 0 0
1410	0 0 11 0 0 0 0 0 0 0
1414	0 2 0 0 0 0 0 0 0 0
1417	0 0 0 0 0 0 0 0 5 0
1418	0 0 0.04 7.9 0 0 0.06 0 0 0
1419	0 0 0 0 0 21 0 0 0 0
1420	0 0 0 0 0 0 0 2 0 0
989	0 14.82 0 0 0 0 0 53.18 0 0
1411	0 0 0 0 0 61 0 0 0 0
1355	0 10.96 0.04 0 0 0 0 0 0 0
1423	0 0 0 0 0 0 0 0 9 0
1424	0 0 0 0 0 7 0 0 0 0
1425	0 0 21 0 0 0 0 0 0 0
1426	0 13 0 0 0 0 0 0 0 0
1427	0 0 0 9 0 0 0 0 0 0
1429	0 0 0 0 0 0 0 0 11 0
1430	0 0 0 0 0 0 0 7 0 0
1432	0 0 0 0 0 0 0 3 0 0
1433	0 0 0 0 0 0 0 4 0 0
1331	7 0 0 0 0 0 0 0 0 0
1435	0 0 15 0 0 0 0 0 0 0
1436	0 0 0 0 5 0 0 0 0 0
1105	0.04 0 0 0 0 0 0 42.96 0 0
935	0 0 0 0 0 0 0 0 14.98 0.02
1218	65 0 0 0 0 0 0 0 0 0
1314	20 0 0 0 0 0 0 0 0 0
1437	0 0 0 0 0 13 0 0 0 0
247	0 0 0 0 0 0 2 0 0 0
1066	0 0.02 2.44 0 6.66 0 24.88 0 0 0
1438	0 0 12 0 0 0 0 0 0 0
1439	0 0 16 0 0 0 0 0 0 0
1440	0 0 0 0 0 12 0 0 0 0
1441	0 0.02 0 0 0 17.98 0 0 0 0
1442	0 0.04 7.96 0 0 0 0 0 0 0
1443	0 0 0 0 9 0 0 0 0 0
1444	0 0 18.22 0 0 0 0 0 0 20.78
119	0 0 0 12.84 0 0 0 0 0.14 0.02
557	0 0 0 0.04 40.96 0 0 0 0 0
867	0 19 0 0 0 0 0 0 0 0
1400	0 0 0 0 20 0 0 0 0 0
1446	0 0 37 0 0 0 0 0 0 0
1448	0 0 0 0 0 0 0 0 11 0
1449	0 0 0 37 0 0 0 0 0 0
1451	0 0 0 0 50 0 0 0 0 0
1452	0 0 0 0 0 0 0 0 0 4
1454	0 0 0.12 0 15.86 0 0 0 0 0.02
1455	0 0 0 5 0 0 0 0 0 0
1456	0 0 0 0 19 0 0 0 0 0
1457	0 0 0 1.46 1.54 0 0 0 0 0
1458	0 0 0 0 0 0 0 0 0 4
1459	0 0 21 0 0 0 0 0 0 0
1460	0 0 0 3 0 0 0 0 0 0.02
1462	0 21.98 0 0 0 0 0 0 0 0
1463	0 0 0 0 0 0 0 0 10 0
1464	0 0 0 0 5 0 0 0 0 0
1466	0 0 11.62 0 0 0 0 7.38 0 0
1428	0 0 0 0 0 36 0 0 0 0
1467	0 0 0 0 0 0 0 0 10 0
75	0.34 0 0 0 0 4.1 0 0 0 0.56
1231	0 0 0 0 0 35 0 0 0 0
1471	4.38 0 0 0 0 12.62 0 0 0 0
1260	0 0 0.12 0 0 0 5.88 0 0 0
1237	0 0 0 0 0 0 0 18 0 0
1473	0 0 12.64 0 0 0 0 0 0 5.36
1240	0 0 83.92 0 0 0 0 0 0 0.1
1413	19.94 0 0 0 0 0 0 0 0 0.04
1477	0 0 0 0 0 2 0 3 0 0
1478	16.66 0 0 0 20.34 0 0 0 0 0
1480	0 0 0 0 0 22 0 0 0 0
1416	0 0 0 0 10 0 0 0 0 0
1481	0 0 0 0 0 0.02 5.98 0 0 0
1482	0 0 0 0 0 4 0 0 0 0
1483	0 0 12.92 0 0 0 0 22.06 0 0.04
1181	0 0 0 0 0 19.98 0 0 0 0
1247	0.04 0 0 0 0 5.96 0 0 0 0
1484	0 0 0 0 0 0 7 0 0 0
1486	0.18 0.04 0.16 0.16 0.1 0.1 0.16 0 0.1 0
1487	0 0 0.02 9.94 0 0 0 0 0 0.04
1488	0 0 0 8 0 0 0 0 0 0
1489	0 0 0 0 0 11 0 0 0 0
1490	9 0 0 0 0 0 0 0 0 0
1491	6 0 0 0 0 0 0 0 0 0
1492	0 0 3.14 0.86 0 0 0 0 0 0
1493	0.26 0.14 0.2 0.12 0.06 0.12 0.04 0 0.06 0
1494	0.2 0.08 0.2 0.18 0.06 0.16 0.06 0 0.06 0
1495	0 0.02 8.28 6.7 0 0 0 0 0 0
1496	11 0 0 0 0 0 0 0 0 0
1497	0 0 0 0 6 0 0 0 0 0
1498	0 0 4 0 0 0 0 0 0 0
1500	0 0 4.4 0 0 0 0.56 0 0 5.04
1501	0 15 0 0 0 0 0 0 0 0
1479	0.02 6.34 0.02 0 0 9.62 0 0 0 0
1502	0 0 0 0 0 0 0 2 0 0
1503	0 11.08 19.92 0 0 0 0 0 0 0
1504	0 0 0 0 0 0 0 0 7 0
1505	0 0 0 0.02 0 3.98 0 0 0 0
1421	0 0 0 0 0 27.66 0 0 0.34 0
1214	0 0 0 0 12 0 0 0 0 0
1337	17 0 0 0 0 0 0 0 0 0
1508	0.16 0.1 0.18 0.1 0.06 0.12 0.14 0.02 0.12 0
1509	0 0 7.96 0 0 0 0 0 0 0.04
1485	0 0 0.02 9.96 0.02 0 0 0 0 0
1514	0 0 0 0 0 0 0 0 18 0
1515	0 0 0 4 0 0 0 0 0 0
1299	0 0 0 20 0 0 0 0 0 0
1470	0 0 0 0 0 0 0 0 0 4
1469	6.54 0 20.46 0 0 0 0 0 0 0
1517	0 0 13 0 0 0 0 0 0 0
1518	0 0 0 0 0 26.98 0 0.02 0 0
1520	2.98 0 0.02 0 0 0 0 0 0 0
1521	0 0 0 0 6 0 0 0 0 0
1523	0 0 0 0 4 0 0 0 0 0
1524	0 0 0 13.52 0 4.48 0 0 0 0
1301	0 0 0 0 0 10 0 0 0 0
1527	0 0 0 0 0 0 0 17 0 0
1529	0 0 0 0 11 0 0 0 0 0
1530	0 0 0 0 9 0 0 0 0 0
1533	0 4 0 0 0 0 0 0 0 0
1534	0 0 0 0.04 0 0 7.9 0.06 0 0
1499	0 0 0 0 0 0 0 0 9 0
1506	0 0 0 0 7 0 0 0 0 0
1535	0 3.28 0 0 4.72 0 0 0 0 0
1536	0 0 0 0 0 0 0 0 5 0
1538	0 0 0 0 0 4.26 0 4.74 0 0
1531	15 0 0 0 0 0 0 0 0 0
1539	0 0 0 0 0 5.98 0.02 0 0 0
1450	0 0 0 0 0 0 0 0 0 5
1540	0 0 22.38 0 0 0 0 1.62 0 0
1541	0.02 0 0 0 3.9 3.08 0 0 0 0
1542	6 0 0 0 0 0 0 0 0 0
1543	0 0 0 0 0 2.66 0.34 0 0 0
442	0 0 0.02 0 0 2.98 0 0 0 0
757	0 0 0 0 0 0 8 0 0 0
920	6 0 0 0 0 0 0 0 0 0
1177	0 0 0 0 0 0 11 0 0 0
1308	0.06 0.06 0.32 0.14 0.2 0.16 0 0.04 0.02 0
1338	0 5 0 0 0 0 0 0 0 0
1412	8 0 0 0 0 0 0 0 0 0
1415	12 0 0 0 0 0 0 0 0 0
1434	0 0 0 0 0 0.02 0 19.98 0 0
1445	0 5.76 0 0 1.22 0 0 0 0 0.02
1475	0 21 0 0 0 0 0 0 0 0
1519	0 0 0 0 1.1 0.9 0 0 0 0
1544	0 0 8 0 0 0 0 0 0 0
1545	0 0 0 0 8 0 0 0 0 0
1546	0.1 0.02 0.28 0.18 0.3 0.12 0 0 0 0
1548	0.04 0.04 0.38 0.12 0.12 0.18 0 0.04 0.08 0
1550	0 0 0 0 3 0 0 0 0 0
1551	0 0 0 3.86 0.14 0 0 0 0 0
1552	0 0 0 0 0.16 0 0 0.26 5.58 0
1554	0 5.9 0 0 0.1 0 0 0 0 0
1555	0 0 10.84 0 0.16 0 0 0 0 0
1556	0 0.02 0 0.02 0 0 0 3.96 0 0
1557	0.08 0.02 0.3 0.14 0.22 0.18 0 0 0.06 0
1561	0.06 0.06 0.28 0.14 0.16 0.26 0 0.02 0.02 0
1562	0.08 0.02 0.28 0.2 0.12 0.2 0.02 0.02 0.06 0
1563	0.04 0.06 0.32 0.14 0.16 0.22 0.02 0.02 0.02 0
1564	0.14 0.1 0.24 0.16 0.14 0.16 0.04 0.02 0 0
1565	0.06 0.12 0.28 0.18 0.12 0.08 0.02 0.04 0.1 0
1567	0.1 0.06 0.3 0.24 0.14 0.1 0 0.02 0.04 0
1570	0.08 0.08 0.28 0.18 0.06 0.22 0.02 0 0.08 0
1572	0.02 0.08 0.34 0.2 0.1 0.16 0.02 0.06 0.02 0
1573	0 0 0 0.04 4.96 0 0 0 0 0
1574	0.02 0.08 0.32 0.14 0.16 0.18 0.02 0.04 0.04 0
1577	0.04 0.14 0.18 0.16 0.2 0.22 0.02 0 0.04 0
1578	0 4 0 0 0 0 0 0 0 0
1581	0.14 0.1 0.24 0.12 0.1 0.2 0.04 0.06 0 0
1582	0.08 0.02 0.28 0.12 0.24 0.14 0.04 0.04 0.04 0
1584	0.12 0.08 0.32 0.16 0.06 0.22 0 0.02 0.02 0
1586	0.06 0.06 0.26 0.1 0.28 0.12 0 0.04 0.08 0
1591	0 0 0 0 0 0 0 14 0 0
1512	0 0 0 15 0 0 0 0 0 0
1558	0 0 0 0 15.98 0 0.02 0 0 0
1594	0 0 9 0 0 0 0 0 0 0
1595	2 0 0 0 0 0 0 0 0 0
1522	0 0 0 10 0 0 0 0 0 0
1599	0 0 0 5 0 0 0 0 0 0
1600	0 14.9 0 0 0 0 0.02 0.08 0 0
1598	0 0 0 0 0 0 0 11 0 0
1547	0 0 0 0 4 0 0 0 0 0
1604	1.58 0 0 0 0 2.42 0 0 0 0
1606	0 0 0 0 0 0 0 2 0 0
1607	0 0 0 0 0 0 0 10 0 0
1608	0 0 0 0 0 0 0 7 0 0
1609	0 0 0 0 0 0 0 5 0 0
1610	0 0 0 0 0 0 1.46 0 4.54 0
1611	0 0 0 0 0 0 0 0 6 0
1612	0 0 0 0 0 0 0 15 0 0
1613	0 0 0 0 0 0 0 4 0 0
1614	0 0 0 0 0 3 0 0 0 0
1615	0 0 0 0 0 0 26 0 0 0
973	0 0 0 11 0 0 0 0 0 0
1399	0 0 0 0 0 0 0 9 0 0
1472	0 5 0 0 0 0 0 0 0 0
1553	0 0.68 0 0 0 0 0 9.32 0 0
1618	0 0 0 0.24 0 0.02 0.28 0 0 0.46
1474	0 0 0 0 11 0 0 0 0 0
1620	0 0 0 0 0 0 26 0 0 0
1304	0.3 0.02 0.22 0.06 0.06 0.18 0 0.08 0.08 0
1621	0.16 0 0.3 0.04 0.06 0.22 0 0.06 0.16 0
1622	0 0.02 0 6.98 0 0 0 0 0 0
1155	0 8 0 0 0 0 0 0 0 0
1623	0 0 0 5.44 2.56 0 0 0 0 0
1625	0 0 0 0 0 0 0 4 0 0
1468	0 0 0 0 0 7 0 0 0 0
1465	0 4 0 0 0 0 0 0 0 0
1146	0.44 0.02 0.28 0 0 0.2 0.04 0 0 0.02
1626	0.1 0.04 0.16 0.18 0 0.18 0.18 0 0.02 0.14
1627	0 0 1.36 0 0 0 0 0 0 1.64
1516	0.84 2.16 0 0 0 0 0 0 0 0
1532	0 0 0.6 0 0 0.82 0 0 0.58 0
1549	0 0.66 0 0 0 0 0 0 1.34 0
1560	0 0 0 0 6 0 0 0 0 0
1585	0 0 0.02 0 0 0 0 0 3.98 0
1602	0 0 0 0 0 0 0 6 0 0
1605	0 10 0 0 0 0 0 0 0 0
1628	0 15 0 0 0 0 0 0 0 0
1629	0 0.02 7.98 0 0 0 0 0 0 0
1630	0 3 0 0 0 0 0 0 0 0
1631	0 7 0 0 0 0 0 0 0 0
1632	0 0 0 0 3 0 0 0 0 0
1633	0 0 0 3 0 0 0 0 0 0
1634	0 2 0 0 0 0 0 0 0 0
1635	0 3 0 0 0 0 0 0 0 0
1636	0 4 0 0 0 0 0 0 0 0
1637	0 0 0 0 0 0 0 3 0 0
1638	0 0 0 0 0 0 0 0 3 0
1639	0 0 0 0 13 0 0 0 0 0
1640	0 3 0 0 0 0 0 0 0 0
1641	0 3 0 0 0 0 0 0 0 0
1642	0 0 0 0 9 0 0 0 0 0
1643	0 15 0 0 0 0 0 0 0 0
1644	0 0 0 0 0 0 0 0 3 0
1645	0 3.96 0 0 0 0 0 0.04 0 0
1646	0 7 0 0 0 0 0 0 0 0
1647	0 2.76 0 0 0 0 0 0.24 0 0
1648	0 0 1.96 0.04 0 0 0 0 0 0
1649	0 0 0 3 0 0 0 0 0 0
1650	0 3.98 0 0.02 0 0 0 0 0 0
1651	0 0 0.04 3.96 0 0 0 0 0 0
1064	0 0 3.14 0 0 0.04 0 0 0 1.82
1511	0 0 0 0 0 0 0 9 0 0
1652	0 0 0 0 0 0 0 0 5 0
1597	0 0 0 11.78 0 0.22 0 0 0 0
1653	0 0 0 0 0 0 0 5 0 0
1654	0 0.08 0 0 0.04 0 0.26 0.46 0 0.16
1655	2 0 0 0 0 0 0 0 0 0
1431	0 0 0 0 0 0 0 16 0 0
1656	0 0 0 0 0 0 0 7 0 0
1026	0 0 3 0 0 0 0 0 0 0
1617	0 0 0 0 0 0 0 1 0 0
1657	0 0 0 0 0 3 0 0 0 0
1658	0 9 0 0 0 0 0 0 0 0
1659	0.02 0.1 0.22 0.28 0.16 0.02 0 0.04 0.12 0.04
1660	0 0 0 2 0 0 0 0 0 0
1661	0 0.08 0.2 0.26 0 0.14 0.08 0.04 0.04 0.16
1662	0 0 0 0 0 0 0 0 5 0
1096	0 0 0 0 0 0 0 2 0 0
1191	0 0 0 0 0 0 0 3 0 0
1389	0 0 0 0 0 0 0 3.22 0 4.78
1513	0 0 0 0 0 0 0 2 0 0
1528	0 0 0 0 0 0 0 0 2 0
1537	0 0 0 0 0 0 0 8 0 0
1588	0 0 0 0 0 0 0 3 0 0
1589	0 0 0 0 0 0 0 0.14 7.86 0
1590	0 0 0 0 0 0 0 3 0 0
1663	0 0 0 0 0 0 0 2 0 0
1664	0 0 0 0 0 0 0 0 13 0
1665	0 0 0 0 0 0 0 2 0 0
1666	0 0 0 0 0 0 0 2 0 0
1667	0 0 0 0 0 0 0 3 0 0
1668	0 0 0 0 0 0 0 3 0 0
1669	0 0 0 0 0 0 0 0 2 0
1670	0 0 0 0 0 0 0 0.86 2.14 0
1671	0 0 0 0 0 0 0 0.94 0.06 0
1672	0 0 0 0 0 0 0 3.96 0 0.04
1673	3 0 0 0 0 0 0 0 0 0
1674	0 0 0 4 0 0 0 0 0 0
1592	0 0 0 0 0 0 0 12 0 0
1675	3 0 0 0 0 0 0 0 0 0
1676	2 0 0 0 0 0 0 0 0 0
1677	0 0 0 0 3 0 0 0 0 0
1678	0 0 0 0 0 0 0 0.96 0.04 0
1679	0 0 0 0 0 0 0 3 0 0
1680	0 0 0 0 0 0 0 2 0 0
1422	0 0 0 0 3 0 0 0 0 0
1080	0 0 0 0 0 0 0 3.98 0.02 0
1681	0 0 0 0 0 3 0 0 0 0
1682	0 0 0 0 3 0 0 0 0 0
600	0 0 0 0 0 0 0 0 0 6.42
